64.21224489795918	64.38224489795918	49	DH	21
64.38224489795918	64.41224489795918	6	AH0	21
64.41224489795918	64.57224489795918	67	W	21
64.57224489795918	64.68124489795917	10	AO1	21
64.68124489795917	64.73124489795919	64	T	21
64.73124489795919	64.85124489795919	21	ER0	21
64.85124489795919	64.95124489795919	54	K	21
64.95124489795919	65.00124489795918	6	AH0	21
65.00124489795918	65.07124489795919	58	N	21
65.07124489795919	65.19024489795919	64	T	21
65.19024489795919	65.37024489795918	25	EY1	21
65.37024489795918	65.48024489795918	58	N	21
65.48024489795918	65.51024489795918	48	D	21
65.51024489795918	65.63924489795917	64	T	21
65.63924489795917	65.76924489795918	44	UW1	21
65.76924489795918	65.84924489795918	57	M	21
65.84924489795918	65.94924489795918	7	AH1	21
65.94924489795918	66.10824489795918	47	CH	21
66.10824489795918	66.25824489795917	54	K	21
66.25824489795917	66.28824489795917	56	L	21
66.28824489795917	66.40824489795918	10	AO1	21
66.40824489795918	66.50724489795918	61	R	21
66.50724489795918	66.65724489795917	31	IY0	21
66.65724489795917	66.75724489795918	58	N	21
66.75724489795918	66.85624489795919	4	AE1	21
66.85624489795919	66.91624489795919	58	N	21
66.91624489795919	66.94624489795919	48	D	21
66.94624489795919	67.05624489795917	62	S	21
67.05624489795917	67.09624489795918	64	T	21
67.09624489795918	67.20624489795918	7	AH1	21
67.20624489795918	67.29524489795918	59	NG	21
67.29524489795918	67.38524489795918	52	HH	21
67.38524489795918	67.41524489795918	6	AH0	21
67.41524489795918	67.48524489795918	69	Z	21
67.48524489795918	67.84424489795919	16	AY1	21
67.84424489795919	68.00424489795918	69	Z	21
76.96195011337869	76.98195011337869	74	sp	22
76.98195011337869	77.11195011337868	53	JH	22
77.11195011337868	77.3109501133787	1	AA1	22
77.3109501133787	77.38095011337869	58	N	22
77.38095011337869	77.44095011337869	69	Z	22
77.44095011337869	77.50095011337869	46	B	22
77.50095011337869	77.54095011337868	61	R	22
77.54095011337868	77.63995011337869	7	AH1	22
77.63995011337869	77.71995011337869	49	DH	22
77.71995011337869	77.83995011337869	21	ER0	22
77.83995011337869	77.91995011337869	61	R	22
77.91995011337869	78.03895011337869	31	IY0	22
78.03895011337869	78.16895011337868	60	P	22
78.16895011337868	78.2689501133787	25	EY1	22
78.2689501133787	78.34895011337869	58	N	22
78.34895011337869	78.45895011337869	64	T	22
78.45895011337869	78.54795011337869	6	AH0	22
78.54795011337869	78.5879501133787	48	D	22
78.5879501133787	78.65795011337869	49	DH	22
78.65795011337869	78.6979501133787	6	AH0	22
78.6979501133787	78.78795011337868	51	G	22
78.78795011337868	78.91695011337869	21	ER0	22
78.91695011337869	79.08695011337869	1	AA1	22
79.08695011337869	79.21695011337869	70	ZH	22
79.21695011337869	79.27695011337869	48	D	22
79.27695011337869	79.4059501133787	10	AO1	22
79.4059501133787	79.50595011337869	61	R	22
89.6249433106576	89.7649433106576	47	CH	23
89.7649433106576	89.89494331065761	4	AE1	23
89.89494331065761	89.9449433106576	56	L	23
89.9449433106576	90.00494331065761	6	AH0	23
90.00494331065761	90.09394331065761	58	N	23
90.09394331065761	90.1739433106576	53	JH	23
90.1739433106576	90.3139433106576	32	IY1	23
90.3139433106576	90.49294331065761	47	CH	23
90.49294331065761	90.5929433106576	53	JH	23
90.5929433106576	90.6529433106576	19	EH1	23
90.6529433106576	90.71294331065761	58	N	23
90.71294331065761	90.74294331065761	21	ER0	23
90.74294331065761	90.77294331065761	6	AH0	23
90.77294331065761	90.8929433106576	56	L	23
90.8929433106576	90.9419433106576	69	Z	23
90.9419433106576	90.97194331065761	29	IH2	23
90.97194331065761	91.0519433106576	58	N	23
91.0519433106576	91.1319433106576	64	T	23
91.1319433106576	91.17194331065761	19	EH1	23
91.17194331065761	91.2919433106576	56	L	23
91.2919433106576	91.3319433106576	6	AH0	23
91.3319433106576	91.4409433106576	53	JH	23
91.4409433106576	91.51094331065761	6	AH0	23
91.51094331065761	91.6409433106576	58	N	23
91.6409433106576	91.8399433106576	62	S	23
102.73514739229024	102.90414739229024	5	AE2	24
102.90414739229024	103.01414739229024	57	M	24
103.01414739229024	103.05414739229023	46	B	24
103.05414739229023	103.14414739229024	6	AH0	24
103.14414739229024	103.18414739229024	48	D	24
103.18414739229024	103.29314739229024	19	EH1	24
103.29314739229024	103.36314739229024	54	K	24
103.36314739229024	103.45314739229023	62	S	24
103.45314739229023	103.48314739229023	64	T	24
103.48314739229023	103.54314739229024	61	R	24
103.54314739229024	103.59314739229023	6	AH0	24
103.59314739229023	103.79214739229023	62	S	24
103.79214739229023	103.82214739229023	74	sp	24
103.82214739229023	103.94214739229024	60	P	24
103.94214739229024	104.02214739229024	28	IH1	24
104.02214739229024	104.19114739229023	54	K	24
104.19114739229023	104.22114739229023	60	P	24
104.22114739229023	104.34114739229024	2	AA2	24
104.34114739229024	104.45114739229024	54	K	24
104.45114739229024	104.53114739229024	6	AH0	24
104.53114739229024	104.58114739229023	64	T	24
104.58114739229023	104.66014739229024	62	S	24
104.66014739229024	104.71014739229024	6	AH0	24
104.71014739229024	104.84014739229023	54	K	24
104.84014739229023	104.98014739229023	1	AA1	24
104.98014739229023	105.01014739229024	57	M	24
105.01014739229024	105.07914739229024	60	P	24
105.07914739229024	105.13914739229024	56	L	24
105.13914739229024	105.16914739229024	27	IH0	24
105.16914739229024	105.29914739229024	63	SH	24
105.29914739229024	105.39914739229023	57	M	24
105.39914739229023	105.51814739229023	10	AO1	24
105.51814739229023	105.63814739229024	61	R	24
114.58700680272109	114.63700680272109	74	sp	25
114.63700680272109	114.7070068027211	6	AH0	25
114.7070068027211	114.8970068027211	57	M	25
114.8970068027211	114.9870068027211	7	AH1	25
114.9870068027211	115.1260068027211	62	S	25
115.1260068027211	115.1660068027211	54	K	25
115.1660068027211	115.2160068027211	68	Y	25
115.2160068027211	115.25600680272109	6	AH0	25
115.25600680272109	115.28600680272109	56	L	25
115.28600680272109	115.4360068027211	21	ER0	25
115.4360068027211	115.65500680272109	4	AE1	25
115.65500680272109	115.7350068027211	46	B	25
115.7350068027211	115.7750068027211	48	D	25
115.7750068027211	115.82500680272109	6	AH0	25
115.82500680272109	115.91400680272109	57	M	25
115.91400680272109	116.0640068027211	6	AH0	25
116.0640068027211	116.16400680272109	58	N	25
116.16400680272109	116.3140068027211	28	IH1	25
116.3140068027211	116.4130068027211	69	Z	25
116.4130068027211	116.53300680272109	51	G	25
116.53300680272109	116.6030068027211	41	UH1	25
116.6030068027211	116.64300680272109	48	D	25
116.64300680272109	116.7430068027211	50	F	25
116.7430068027211	116.82200680272109	21	ER0	25
116.82200680272109	116.85200680272109	68	Y	25
116.85200680272109	116.9120068027211	41	UH1	25
116.9120068027211	116.9420068027211	61	R	25
116.9420068027211	117.0020068027211	46	B	25
117.0020068027211	117.2510068027211	4	AE1	25
117.2510068027211	117.30100680272109	54	K	25
127.42521541950113	127.58421541950113	49	DH	26
127.58421541950113	127.86421541950114	25	EY1	26
127.86421541950114	127.89421541950114	35	OW1	26
127.89421541950114	127.92421541950112	58	N	26
127.92421541950112	128.00321541950115	6	AH0	26
128.00321541950115	128.11321541950113	46	B	26
128.11321541950113	128.25321541950115	28	IH1	26
128.25321541950115	128.32321541950114	51	G	26
128.32321541950114	128.42221541950113	52	HH	26
128.42221541950113	128.59221541950114	13	AW1	26
128.59221541950114	128.72221541950114	62	S	26
128.72221541950114	128.76221541950113	6	AH0	26
128.76221541950113	128.82121541950113	58	N	26
128.82121541950113	128.86121541950115	49	DH	26
128.86121541950115	128.89121541950112	7	AH1	26
128.89121541950112	128.96121541950112	61	R	26
128.96121541950112	128.99121541950115	6	AH0	26
128.99121541950115	129.10121541950113	57	M	26
129.10121541950113	129.25121541950114	35	OW1	26
129.25121541950114	129.30021541950111	64	T	26
129.30021541950111	129.40021541950114	54	K	26
129.40021541950114	129.48021541950112	7	AH1	26
129.48021541950112	129.53021541950113	58	N	26
129.53021541950113	129.57021541950112	64	T	26
129.57021541950112	129.67021541950112	61	R	26
129.67021541950112	129.69921541950112	31	IY0	26
129.69921541950112	129.84921541950115	62	S	26
129.84921541950115	130.03921541950115	17	AY2	26
130.03921541950115	130.17821541950113	48	D	26
139.46539682539682	139.62539682539682	49	DH	27
139.62539682539682	139.67539682539683	6	AH0	27
139.67539682539683	139.99439682539682	61	R	27
139.99439682539682	140.02439682539682	35	OW1	27
140.02439682539682	140.20439682539683	69	Z	27
140.20439682539683	140.40339682539684	54	K	27
140.40339682539684	140.47339682539683	9	AO0	27
140.47339682539683	140.52339682539682	61	R	27
140.52339682539682	140.76239682539682	62	S	27
140.76239682539682	140.82239682539682	1	AA1	27
140.82239682539682	140.93239682539684	70	ZH	27
140.93239682539684	141.46139682539683	62	S	27
141.46139682539683	141.53139682539683	57	M	27
141.53139682539683	141.56139682539683	19	EH1	27
141.56139682539683	141.69039682539682	56	L	27
141.69039682539682	141.72039682539682	48	D	27
141.72039682539682	141.89039682539683	62	S	27
141.89039682539683	141.96039682539683	67	W	27
141.96039682539683	142.18939682539684	32	IY1	27
142.18939682539684	142.22939682539683	64	T	27
152.117641723356	152.247641723356	49	DH	28
152.247641723356	152.40764172335602	4	AE1	28
152.40764172335602	152.476641723356	64	T	28
152.476641723356	152.62664172335602	60	P	28
152.62664172335602	152.71664172335602	28	IH1	28
152.71664172335602	152.886641723356	54	K	28
152.886641723356	152.915641723356	60	P	28
152.915641723356	153.005641723356	2	AA2	28
153.005641723356	153.135641723356	54	K	28
153.135641723356	153.225641723356	6	AH0	28
153.225641723356	153.255641723356	64	T	28
153.255641723356	153.30564172335602	67	W	28
153.30564172335602	153.33464172335601	6	AH0	28
153.33464172335601	153.42464172335602	69	Z	28
153.42464172335602	153.57464172335602	54	K	28
153.57464172335602	153.783641723356	1	AA1	28
153.783641723356	153.813641723356	64	T	28
153.813641723356	153.95364172335601	61	R	28
153.95364172335601	154.07364172335602	19	EH1	28
154.07364172335602	154.10364172335602	48	D	28
154.10364172335602	154.173641723356	52	HH	28
154.173641723356	154.302641723356	4	AE1	28
154.302641723356	154.372641723356	58	N	28
154.372641723356	154.41264172335602	48	D	28
154.41264172335602	154.522641723356	6	AH0	28
154.522641723356	154.65164172335602	48	D	28
166.14857142857142	166.35757142857142	4	AE1	29
166.35757142857142	166.38757142857142	58	N	29
166.38757142857142	166.41757142857142	6	AH0	29
166.41757142857142	166.4975714285714	48	D	29
166.4975714285714	166.53757142857143	7	AH1	29
166.53757142857143	166.69757142857142	56	L	29
166.69757142857142	166.72757142857142	64	T	29
166.72757142857142	166.83657142857143	57	M	29
166.83657142857143	166.96657142857143	25	EY1	29
166.96657142857143	167.19657142857142	56	L	29
167.19657142857142	167.7845714285714	74	sp	29
167.7845714285714	167.82457142857143	46	B	29
167.82457142857143	167.98457142857143	3	AE0	29
167.98457142857143	168.0945714285714	46	B	29
168.0945714285714	168.23357142857142	44	UW1	29
168.23357142857142	168.33357142857142	58	N	29
168.33357142857142	168.5335714285714	69	Z	29
168.5335714285714	168.56257142857143	64	T	29
168.56257142857143	168.73257142857142	32	IY1	29
168.73257142857142	168.81257142857143	65	TH	29
168.81257142857143	168.88257142857142	1	AA1	29
168.88257142857142	168.95257142857142	61	R	29
168.95257142857142	169.07157142857142	58	N	29
169.07157142857142	169.2315714285714	1	AA1	29
169.2315714285714	169.26157142857141	64	T	29
169.26157142857141	169.3915714285714	62	S	29
169.3915714285714	169.49057142857143	44	UW1	29
169.49057142857143	169.52057142857143	64	T	29
169.52057142857143	169.5705714285714	6	AH0	29
169.5705714285714	169.6105714285714	46	B	29
169.6105714285714	169.6405714285714	6	AH0	29
169.6405714285714	169.74057142857143	56	L	29
169.74057142857143	169.8505714285714	50	F	29
169.8505714285714	169.91957142857143	21	ER0	29
169.91957142857143	170.05957142857142	32	IY1	29
170.05957142857142	170.08957142857142	64	T	29
170.08957142857142	170.11957142857142	27	IH0	29
170.11957142857142	170.2195714285714	59	NG	29
170.2195714285714	170.35857142857142	63	SH	29
170.35857142857142	170.42857142857142	19	EH1	29
170.42857142857142	170.51857142857142	56	L	29
170.51857142857142	170.64857142857142	50	F	29
170.64857142857142	170.78757142857143	29	IH2	29
170.78757142857143	171.04757142857142	63	SH	29
180.74530612244897	180.84430612244896	52	HH	30
180.84430612244896	180.90430612244896	22	ER1	30
180.90430612244896	180.93430612244896	67	W	30
180.93430612244896	181.15430612244896	10	AO1	30
181.15430612244896	181.19430612244898	61	R	30
181.19430612244898	181.34330612244898	48	D	30
181.34330612244898	181.44330612244897	61	R	30
181.44330612244897	181.50330612244898	36	OW2	30
181.50330612244898	181.55330612244896	46	B	30
181.55330612244896	181.63330612244897	54	K	30
181.63330612244897	181.67230612244896	6	AH0	30
181.67230612244896	181.72230612244897	58	N	30
181.72230612244897	181.88230612244897	62	S	30
181.88230612244897	181.97230612244897	28	IH1	30
181.97230612244897	182.16130612244896	62	S	30
182.16130612244896	182.24130612244898	7	AH1	30
182.24130612244898	182.38130612244896	66	V	30
182.38130612244896	182.53130612244897	35	OW1	30
182.53130612244897	182.56030612244896	58	N	30
182.56030612244896	182.61030612244897	56	L	30
182.61030612244897	182.66030612244896	31	IY0	30
182.66030612244896	182.83030612244897	62	S	30
182.83030612244897	182.88030612244896	54	K	30
182.88030612244896	183.08930612244896	22	ER1	30
183.08930612244896	183.12930612244898	64	T	30
183.12930612244898	183.25930612244898	62	S	30
183.25930612244898	183.30930612244896	4	AE1	30
183.30930612244896	183.43830612244898	58	N	30
183.43830612244898	183.46830612244898	48	D	30
183.46830612244898	183.49830612244898	46	B	30
183.49830612244898	183.52830612244898	56	L	30
183.52830612244898	183.69830612244897	13	AW1	30
183.69830612244897	183.84830612244897	62	S	30
183.84830612244897	183.90730612244897	6	AH0	30
183.90730612244897	184.16730612244896	69	Z	30
193.51038548752834	193.65938548752834	49	DH	31
193.65938548752834	193.69938548752833	6	AH0	31
193.69938548752833	193.90938548752834	64	T	31
193.90938548752834	194.04838548752832	44	UW1	31
194.04838548752832	194.25838548752833	1	AA1	31
194.25838548752833	194.29838548752832	61	R	31
194.29838548752832	194.33838548752834	64	T	31
194.33838548752834	194.39838548752834	6	AH0	31
194.39838548752834	194.51738548752834	62	S	31
194.51738548752834	194.55738548752834	27	IH0	31
194.55738548752834	194.61738548752834	54	K	31
194.61738548752834	194.82738548752835	62	S	31
194.82738548752835	194.88638548752834	47	CH	31
194.88638548752834	195.06638548752832	25	EY1	31
195.06638548752832	195.14638548752833	58	N	31
195.14638548752833	195.26638548752834	53	JH	31
195.26638548752834	195.29638548752834	48	D	31
195.29638548752834	195.45538548752833	10	AO1	31
195.45538548752833	195.49538548752832	64	T	31
195.49538548752832	195.52538548752833	6	AH0	31
195.52538548752833	195.55538548752833	51	G	31
195.55538548752833	195.80438548752832	61	R	31
195.80438548752832	195.83438548752832	5	AE2	31
195.83438548752832	195.88438548752833	50	F	31
195.88438548752833	196.05438548752832	62	S	31
205.97659863945577	206.06659863945578	46	B	32
206.06659863945578	206.16659863945577	7	AH1	32
206.16659863945577	206.19659863945577	64	T	32
206.19659863945577	206.27559863945575	21	ER0	32
206.27559863945575	206.39559863945576	62	S	32
206.39559863945576	206.44559863945577	54	K	32
206.44559863945577	206.62559863945577	2	AA2	32
206.62559863945577	206.74459863945577	47	CH	32
206.74459863945577	206.93459863945577	50	F	32
206.93459863945577	207.11359863945577	7	AH1	32
207.11359863945577	207.32359863945575	53	JH	32
207.32359863945575	207.42359863945578	51	G	32
207.42359863945578	207.53259863945576	35	OW1	32
207.53259863945576	207.64259863945577	69	Z	32
207.64259863945577	207.76259863945577	67	W	32
207.76259863945577	207.84259863945576	19	EH1	32
207.84259863945576	207.99159863945576	56	L	32
207.99159863945576	208.02159863945576	67	W	32
208.02159863945576	208.06159863945575	28	IH1	32
208.06159863945575	208.14159863945576	65	TH	32
208.14159863945576	208.19159863945578	66	V	32
208.19159863945578	208.22159863945575	6	AH0	32
208.22159863945575	208.30159863945576	58	N	32
208.30159863945576	208.34159863945575	28	IH1	32
208.34159863945575	208.38159863945577	56	L	32
208.38159863945577	208.43059863945575	6	AH0	32
208.43059863945575	208.72059863945577	16	AY1	32
208.72059863945577	208.83959863945577	62	S	32
208.83959863945577	208.88959863945576	54	K	32
208.88959863945576	208.98959863945575	61	R	32
208.98959863945575	209.01959863945575	32	IY1	32
209.01959863945575	209.17959863945578	57	M	32
220.51258315083993	220.53258315083994	74	sp	33
220.53258315083994	220.73158315083992	61	R	33
220.73158315083992	220.77158315083994	28	IH1	33
220.77158315083994	220.98158315083992	47	CH	33
220.98158315083992	221.12158315083994	60	P	33
221.12158315083994	221.26058315083992	22	ER1	33
221.26058315083992	221.44058315083993	47	CH	33
221.44058315083993	221.51058315083992	6	AH0	33
221.51058315083992	221.80958315083993	62	S	33
221.80958315083993	221.83958315083993	64	T	33
221.83958315083993	221.94958315083994	74	sp	33
221.94958315083994	222.13858315083993	62	S	33
222.13858315083993	222.24858315083992	19	EH1	33
222.24858315083992	222.30858315083992	66	V	33
222.30858315083992	222.34858315083994	61	R	33
222.34858315083994	222.37858315083994	6	AH0	33
222.37858315083994	222.54758315083993	56	L	33
222.54758315083993	222.74758315083994	62	S	33
222.74758315083994	223.03658315083993	16	AY1	33
223.03658315083993	223.20658315083992	58	N	33
223.20658315083992	223.26658315083992	48	D	33
223.26658315083992	223.30658315083994	74	sp	33
223.30658315083994	223.61558315083994	7	AH1	33
223.61558315083994	223.84458315083992	57	M	33
223.84458315083992	224.46358315083992	74	sp	33
224.46358315083992	224.54358315083994	56	L	33
224.54358315083994	224.58358315083993	28	IH1	33
224.58358315083993	224.71258315083992	65	TH	33
224.71258315083992	224.83258315083992	6	AH0	33
224.83258315083992	224.86258315083992	51	G	33
224.86258315083992	224.95258315083993	61	R	33
224.95258315083993	225.11158315083992	5	AE2	33
225.11158315083992	225.21158315083994	50	F	33
225.21158315083994	225.41158315083993	62	S	33
277.0615873015873	277.1015873015873	74	sp	34
277.1015873015873	277.2115873015873	19	EH1	34
277.2115873015873	277.2415873015873	58	N	34
277.2415873015873	277.3505873015873	31	IY0	34
277.3505873015873	277.4905873015873	54	K	34
277.4905873015873	277.59058730158733	2	AA2	34
277.59058730158733	277.6205873015873	58	N	34
277.6205873015873	277.6705873015873	64	T	34
277.6705873015873	277.7095873015873	61	R	34
277.7095873015873	277.7495873015873	6	AH0	34
277.7495873015873	277.8095873015873	46	B	34
277.8095873015873	277.8395873015873	68	Y	34
277.8395873015873	277.9395873015873	44	UW1	34
277.9395873015873	278.0895873015873	63	SH	34
278.0895873015873	278.1485873015873	6	AH0	34
278.1485873015873	278.2285873015873	58	N	34
278.2285873015873	278.2885873015873	69	Z	34
278.2885873015873	278.3185873015873	67	W	34
278.3185873015873	278.3485873015873	6	AH0	34
278.3485873015873	278.4485873015873	56	L	34
278.4485873015873	278.4885873015873	46	B	34
278.4885873015873	278.6375873015873	31	IY0	34
278.6375873015873	278.7175873015873	51	G	34
278.7175873015873	278.8075873015873	61	R	34
278.8075873015873	278.8975873015873	25	EY1	34
278.8975873015873	278.9275873015873	64	T	34
278.9275873015873	279.0165873015873	56	L	34
279.0165873015873	279.1065873015873	31	IY0	34
279.1065873015873	279.1465873015873	6	AH0	34
279.1465873015873	279.25658730158733	60	P	34
279.25658730158733	279.2965873015873	61	R	34
279.2965873015873	279.3765873015873	32	IY1	34
279.3765873015873	279.5155873015873	63	SH	34
279.5155873015873	279.5555873015873	31	IY0	34
279.5555873015873	279.6655873015873	26	EY2	34
279.6655873015873	279.6955873015873	64	T	34
279.6955873015873	279.8155873015873	6	AH0	34
279.8155873015873	279.9045873015873	48	D	34
290.9332426303855	290.9822426303855	49	DH	35
290.9822426303855	291.0122426303855	6	AH0	35
291.0122426303855	291.1622426303855	54	K	35
291.1622426303855	291.1922426303855	61	R	35
291.1922426303855	291.3522426303855	4	AE1	35
291.3522426303855	291.4112426303855	58	N	35
291.4112426303855	291.4412426303855	46	B	35
291.4412426303855	291.5312426303855	20	EH2	35
291.5312426303855	291.6412426303855	61	R	35
291.6412426303855	291.8902426303855	31	IY0	35
291.8902426303855	292.3992426303855	74	sp	35
292.3992426303855	292.5892426303855	46	B	35
292.5892426303855	292.9182426303855	1	AA1	35
292.9182426303855	293.1082426303855	51	G	35
293.1082426303855	293.2472426303855	51	G	35
293.2472426303855	293.3672426303855	28	IH1	35
293.3672426303855	293.4172426303855	64	T	35
293.4172426303855	293.5372426303855	62	S	35
293.5372426303855	293.5962426303855	66	V	35
293.5962426303855	293.7462426303855	19	EH1	35
293.7462426303855	293.7862426303855	61	R	35
293.7862426303855	293.8862426303855	31	IY0	35
293.8862426303855	294.0352426303855	60	P	35
294.0352426303855	294.1352426303855	61	R	35
294.1352426303855	294.1652426303855	28	IH1	35
294.1652426303855	294.1952426303855	64	T	35
294.1952426303855	294.2852426303855	31	IY0	35
294.2852426303855	294.3452426303855	28	IH1	35
294.3452426303855	294.4152426303855	58	N	35
294.4152426303855	294.5842426303855	10	AO1	35
294.5842426303855	294.6342426303855	64	T	35
294.6342426303855	294.6842426303855	6	AH0	35
294.6842426303855	294.8542426303855	57	M	35
304.6936054421769	304.7836054421769	52	HH	36
304.7836054421769	304.8826054421769	13	AW1	36
304.8826054421769	304.9326054421769	48	D	36
304.9326054421769	305.0226054421769	44	UW1	36
305.0226054421769	305.1826054421769	38	OY1	36
305.1826054421769	305.3226054421769	62	S	36
305.3226054421769	305.3516054421769	64	T	36
305.3516054421769	305.4116054421769	21	ER0	36
305.4116054421769	305.51160544217686	69	Z	36
305.51160544217686	305.5916054421769	57	M	36
305.5916054421769	305.7116054421769	25	EY1	36
305.7116054421769	305.7416054421769	54	K	36
305.7416054421769	305.8706054421769	60	P	36
305.8706054421769	306.0206054421769	22	ER1	36
306.0206054421769	306.1906054421769	56	L	36
306.1906054421769	306.3496054421769	69	Z	36
315.25090702947847	315.28090702947844	74	sp	37
315.28090702947844	315.35090702947844	57	M	37
315.35090702947844	315.4309070294785	25	EY1	37
315.4309070294785	315.56990702947843	16	AY1	37
315.56990702947843	315.7599070294784	10	AO1	37
315.7599070294784	315.80990702947844	61	R	37
315.80990702947844	315.83990702947847	48	D	37
315.83990702947847	316.04890702947847	21	ER0	37
316.04890702947847	316.21890702947843	25	EY1	37
316.21890702947843	316.3489070294784	60	P	37
316.3489070294784	316.48790702947844	1	AA1	37
316.48790702947844	316.53790702947845	61	R	37
316.53790702947845	316.6979070294785	50	F	37
316.6979070294785	316.9069070294785	25	EY1	37
316.9069070294785	317.0969070294785	4	AE1	37
317.0969070294785	317.16690702947847	50	F	37
317.16690702947847	317.26690702947843	64	T	37
317.26690702947843	317.33590702947845	21	ER0	37
317.33590702947845	317.40590702947844	16	AY1	37
317.40590702947844	317.5459070294784	32	IY1	37
317.5459070294784	317.57590702947846	64	T	37
317.57590702947846	317.6159070294785	48	D	37
317.6159070294785	317.70590702947845	28	IH1	37
317.70590702947845	317.73490702947845	58	N	37
317.73490702947845	317.8949070294785	21	ER0	37
326.1196371882086	326.22963718820864	28	IH1	38
326.22963718820864	326.2596371882086	69	Z	38
326.2596371882086	326.4186371882086	63	SH	38
326.4186371882086	326.5286371882086	32	IY1	38
326.5286371882086	326.6486371882086	51	G	38
326.6486371882086	326.68863718820865	35	OW1	38
326.68863718820865	326.78763718820863	6	AH0	38
326.78763718820863	326.83763718820865	58	N	38
326.83763718820865	326.8676371882086	67	W	38
326.8676371882086	326.8976371882086	28	IH1	38
326.8976371882086	327.0176371882086	65	TH	38
327.0176371882086	327.1476371882086	68	Y	38
327.1476371882086	327.2766371882086	44	UW1	38
336.9102947845805	337.02029478458047	54	K	39
337.02029478458047	337.0802947845805	4	AE1	39
337.0802947845805	337.1202947845805	58	N	39
337.1202947845805	337.1592947845805	49	DH	39
337.1592947845805	337.2092947845805	6	AH0	39
337.2092947845805	337.3992947845805	25	EY1	39
337.3992947845805	337.42929478458046	53	JH	39
337.42929478458046	337.4592947845805	6	AH0	39
337.4592947845805	337.5192947845805	58	N	39
337.5192947845805	337.6482947845805	62	S	39
337.6482947845805	337.82829478458046	31	IY0	39
337.82829478458046	337.9282947845805	35	OW1	39
337.9282947845805	338.01829478458046	66	V	39
338.01829478458046	338.1272947845805	21	ER0	39
338.1272947845805	338.2772947845805	65	TH	39
338.2772947845805	338.4372947845805	61	R	39
338.4372947845805	338.4662947845805	36	OW2	39
338.4662947845805	338.6162947845805	25	EY1	39
338.6162947845805	338.68629478458047	56	L	39
338.68629478458047	338.7862947845805	31	IY0	39
338.7862947845805	338.8362947845805	6	AH0	39
338.8362947845805	338.8862947845805	58	N	39
338.8862947845805	339.0152947845805	50	F	39
339.0152947845805	339.1252947845805	10	AO1	39
339.1252947845805	339.1752947845805	61	R	39
339.1752947845805	339.2952947845805	62	S	39
339.2952947845805	339.3742947845805	6	AH0	39
339.3742947845805	339.6442947845805	69	Z	39
