46.606	46.796	48	D	20
46.796	46.826	61	R	20
46.826	47.085	10	AO1	20
47.085	47.245	19	EH1	20
47.245	47.314	66	V	20
47.314	47.394	61	R	20
47.394	47.524	31	IY0	20
47.524	47.773	13	AW1	20
47.773	47.803	64	T	20
47.803	47.843	21	ER0	20
47.843	47.933	56	L	20
47.933	48.113	16	AY1	20
48.113	48.192	58	N	20
48.192	48.322	50	F	20
48.322	48.532	22	ER1	20
48.532	48.691	62	S	20
48.691	48.721	64	T	20
48.721	48.751	49	DH	20
48.751	48.801	19	EH1	20
48.801	48.871	58	N	20
48.871	49.06	50	F	20
49.06	49.1	28	IH1	20
49.1	49.24	56	L	20
49.24	49.34	28	IH1	20
49.34	49.37	64	T	20
49.37	49.47	28	IH1	20
49.47	49.549	58	N	20
49.549	49.579	49	DH	20
49.579	49.689	31	IY0	20
49.689	49.739	29	IH2	20
49.739	49.799	58	N	20
49.799	49.909	64	T	20
49.909	49.974	28	IH1	20
49.974	50.025	61	R	20
50.025	50.176	31	IY0	20
50.176	50.297	21	ER0	20
57.86	58.03	49	DH	21
58.03	58.06	6	AH0	21
58.06	58.22	67	W	21
58.22	58.329	10	AO1	21
58.329	58.379	64	T	21
58.379	58.499	21	ER0	21
58.499	58.599	54	K	21
58.599	58.649	6	AH0	21
58.649	58.719	58	N	21
58.719	58.838	64	T	21
58.838	59.018	25	EY1	21
59.018	59.128	58	N	21
59.128	59.158	48	D	21
59.158	59.287	64	T	21
59.287	59.417	44	UW1	21
59.417	59.497	57	M	21
59.497	59.597	7	AH1	21
59.597	59.756	47	CH	21
59.756	59.906	54	K	21
59.906	59.936	56	L	21
59.936	60.056	10	AO1	21
60.056	60.155	61	R	21
60.155	60.305	31	IY0	21
60.305	60.405	58	N	21
60.405	60.504	4	AE1	21
60.504	60.564	58	N	21
60.564	60.594	48	D	21
60.594	60.704	62	S	21
60.704	60.744	64	T	21
60.744	60.854	7	AH1	21
60.854	60.943	59	NG	21
60.943	61.033	52	HH	21
61.033	61.063	6	AH0	21
61.063	61.133	69	Z	21
61.133	61.492	16	AY1	21
61.492	61.652	69	Z	21
71.31	71.33	74	sp	22
71.33	71.46	53	JH	22
71.46	71.659	1	AA1	22
71.659	71.729	58	N	22
71.729	71.789	69	Z	22
71.789	71.849	46	B	22
71.849	71.889	61	R	22
71.889	71.988	7	AH1	22
71.988	72.068	49	DH	22
72.068	72.188	21	ER0	22
72.188	72.268	61	R	22
72.268	72.387	31	IY0	22
72.387	72.517	60	P	22
72.517	72.617	25	EY1	22
72.617	72.697	58	N	22
72.697	72.807	64	T	22
72.807	72.896	6	AH0	22
72.896	72.936	48	D	22
72.936	73.006	49	DH	22
73.006	73.046	6	AH0	22
73.046	73.136	51	G	22
73.136	73.265	21	ER0	22
73.265	73.435	1	AA1	22
73.435	73.565	70	ZH	22
73.565	73.625	48	D	22
73.625	73.754	10	AO1	22
73.754	73.854	61	R	22
83.871	84.011	47	CH	23
84.011	84.141	4	AE1	23
84.141	84.191	56	L	23
84.191	84.251	6	AH0	23
84.251	84.34	58	N	23
84.34	84.42	53	JH	23
84.42	84.56	32	IY1	23
84.56	84.739	47	CH	23
84.739	84.839	53	JH	23
84.839	84.899	19	EH1	23
84.899	84.959	58	N	23
84.959	84.989	21	ER0	23
84.989	85.019	6	AH0	23
85.019	85.139	56	L	23
85.139	85.188	69	Z	23
85.188	85.218	29	IH2	23
85.218	85.298	58	N	23
85.298	85.378	64	T	23
85.378	85.418	19	EH1	23
85.418	85.538	56	L	23
85.538	85.578	6	AH0	23
85.578	85.687	53	JH	23
85.687	85.757	6	AH0	23
85.757	85.887	58	N	23
85.887	86.086	62	S	23
95.924	96.034	74	sp	24
96.034	96.203	5	AE2	24
96.203	96.313	57	M	24
96.313	96.353	46	B	24
96.353	96.443	6	AH0	24
96.443	96.483	48	D	24
96.483	96.592	19	EH1	24
96.592	96.662	54	K	24
96.662	96.752	62	S	24
96.752	96.782	64	T	24
96.782	96.842	61	R	24
96.842	96.892	6	AH0	24
96.892	97.091	62	S	24
97.091	97.121	74	sp	24
97.121	97.241	60	P	24
97.241	97.321	28	IH1	24
97.321	97.49	54	K	24
97.49	97.52	60	P	24
97.52	97.64	2	AA2	24
97.64	97.75	54	K	24
97.75	97.83	6	AH0	24
97.83	97.88	64	T	24
97.88	97.959	62	S	24
97.959	98.009	6	AH0	24
98.009	98.139	54	K	24
98.139	98.279	1	AA1	24
98.279	98.309	57	M	24
98.309	98.378	60	P	24
98.378	98.438	56	L	24
98.438	98.468	27	IH0	24
98.468	98.598	63	SH	24
98.598	98.698	57	M	24
98.698	98.817	10	AO1	24
98.817	98.937	61	R	24
108.904	108.954	74	sp	25
108.954	109.024	6	AH0	25
109.024	109.214	57	M	25
109.214	109.304	7	AH1	25
109.304	109.443	62	S	25
109.443	109.483	54	K	25
109.483	109.533	68	Y	25
109.533	109.573	6	AH0	25
109.573	109.603	56	L	25
109.603	109.753	21	ER0	25
109.753	109.972	4	AE1	25
109.972	110.052	46	B	25
110.052	110.092	48	D	25
110.092	110.142	6	AH0	25
110.142	110.231	57	M	25
110.231	110.381	6	AH0	25
110.381	110.481	58	N	25
110.481	110.631	28	IH1	25
110.631	110.73	69	Z	25
110.73	110.85	51	G	25
110.85	110.92	41	UH1	25
110.92	110.96	48	D	25
110.96	111.06	50	F	25
111.06	111.139	21	ER0	25
111.139	111.169	68	Y	25
111.169	111.229	41	UH1	25
111.229	111.259	61	R	25
111.259	111.319	46	B	25
111.319	111.568	4	AE1	25
111.568	111.618	54	K	25
121.586	121.745	49	DH	26
121.745	122.025	25	EY1	26
122.025	122.055	35	OW1	26
122.055	122.085	58	N	26
122.085	122.164	6	AH0	26
122.164	122.274	46	B	26
122.274	122.414	28	IH1	26
122.414	122.484	51	G	26
122.484	122.583	52	HH	26
122.583	122.753	13	AW1	26
122.753	122.883	62	S	26
122.883	122.923	6	AH0	26
122.923	122.982	58	N	26
122.982	123.022	49	DH	26
123.022	123.052	7	AH1	26
123.052	123.122	61	R	26
123.122	123.152	6	AH0	26
123.152	123.262	57	M	26
123.262	123.412	35	OW1	26
123.412	123.461	64	T	26
123.461	123.561	54	K	26
123.561	123.641	7	AH1	26
123.641	123.691	58	N	26
123.691	123.731	64	T	26
123.731	123.831	61	R	26
123.831	123.86	31	IY0	26
123.86	124.01	62	S	26
124.01	124.2	17	AY2	26
124.2	124.339	48	D	26
133.618	133.778	49	DH	27
133.778	133.828	6	AH0	27
133.828	134.147	61	R	27
134.147	134.177	35	OW1	27
134.177	134.357	69	Z	27
134.357	134.556	54	K	27
134.556	134.626	9	AO0	27
134.626	134.676	61	R	27
134.676	134.915	62	S	27
134.915	134.975	1	AA1	27
134.975	135.085	70	ZH	27
135.085	135.614	62	S	27
135.614	135.684	57	M	27
135.684	135.714	19	EH1	27
135.714	135.843	56	L	27
135.843	135.873	48	D	27
135.873	136.043	62	S	27
136.043	136.113	67	W	27
136.113	136.342	32	IY1	27
136.342	136.382	64	T	27
146.409	146.539	49	DH	28
146.539	146.699	4	AE1	28
146.699	146.768	64	T	28
146.768	146.918	60	P	28
146.918	147.008	28	IH1	28
147.008	147.178	54	K	28
147.178	147.207	60	P	28
147.207	147.297	2	AA2	28
147.297	147.427	54	K	28
147.427	147.517	6	AH0	28
147.517	147.547	64	T	28
147.547	147.597	67	W	28
147.597	147.626	6	AH0	28
147.626	147.716	69	Z	28
147.716	147.866	54	K	28
147.866	148.075	1	AA1	28
148.075	148.105	64	T	28
148.105	148.245	61	R	28
148.245	148.365	19	EH1	28
148.365	148.395	48	D	28
148.395	148.465	52	HH	28
148.465	148.594	4	AE1	28
148.594	148.664	58	N	28
148.664	148.704	48	D	28
148.704	148.814	6	AH0	28
148.814	148.943	48	D	28
158.422	158.631	4	AE1	29
158.631	158.661	58	N	29
158.661	158.691	6	AH0	29
158.691	158.771	48	D	29
158.771	158.811	7	AH1	29
158.811	158.971	56	L	29
158.971	159.001	64	T	29
159.001	159.11	57	M	29
159.11	159.24	25	EY1	29
159.24	159.47	56	L	29
159.47	160.058	74	sp	29
160.058	160.098	46	B	29
160.098	160.258	3	AE0	29
160.258	160.368	46	B	29
160.368	160.507	44	UW1	29
160.507	160.607	58	N	29
160.607	160.807	69	Z	29
160.807	160.836	64	T	29
160.836	161.006	32	IY1	29
161.006	161.086	65	TH	29
161.086	161.156	1	AA1	29
161.156	161.226	61	R	29
161.226	161.345	58	N	29
161.345	161.505	1	AA1	29
161.505	161.535	64	T	29
161.535	161.665	62	S	29
161.665	161.764	44	UW1	29
161.764	161.794	64	T	29
161.794	161.844	6	AH0	29
161.844	161.884	46	B	29
161.884	161.914	6	AH0	29
161.914	162.014	56	L	29
162.014	162.124	50	F	29
162.124	162.193	21	ER0	29
162.193	162.333	32	IY1	29
162.333	162.363	64	T	29
162.363	162.393	27	IH0	29
162.393	162.493	59	NG	29
162.493	162.632	63	SH	29
162.632	162.702	19	EH1	29
162.702	162.792	56	L	29
162.792	162.922	50	F	29
162.922	163.061	29	IH2	29
163.061	163.321	63	SH	29
174.416	174.515	52	HH	30
174.515	174.575	22	ER1	30
174.575	174.605	67	W	30
174.605	174.825	10	AO1	30
174.825	174.865	61	R	30
174.865	175.014	48	D	30
175.014	175.114	61	R	30
175.114	175.174	36	OW2	30
175.174	175.224	46	B	30
175.224	175.304	54	K	30
175.304	175.343	6	AH0	30
175.343	175.393	58	N	30
175.393	175.553	62	S	30
175.553	175.643	28	IH1	30
175.643	175.832	62	S	30
175.832	175.912	7	AH1	30
175.912	176.052	66	V	30
176.052	176.202	35	OW1	30
176.202	176.231	58	N	30
176.231	176.281	56	L	30
176.281	176.331	31	IY0	30
176.331	176.501	62	S	30
176.501	176.551	54	K	30
176.551	176.76	22	ER1	30
176.76	176.8	64	T	30
176.8	176.93	62	S	30
176.93	176.98	4	AE1	30
176.98	177.109	58	N	30
177.109	177.139	48	D	30
177.139	177.169	46	B	30
177.169	177.199	56	L	30
177.199	177.369	13	AW1	30
177.369	177.519	62	S	30
177.519	177.578	6	AH0	30
177.578	177.838	69	Z	30
187.456	187.626	74	sp	31
187.626	187.775	49	DH	31
187.775	187.815	6	AH0	31
187.815	188.025	64	T	31
188.025	188.164	44	UW1	31
188.164	188.374	1	AA1	31
188.374	188.414	61	R	31
188.414	188.454	64	T	31
188.454	188.514	6	AH0	31
188.514	188.633	62	S	31
188.633	188.673	27	IH0	31
188.673	188.733	54	K	31
188.733	188.943	62	S	31
188.943	189.002	47	CH	31
189.002	189.182	25	EY1	31
189.182	189.262	58	N	31
189.262	189.382	53	JH	31
189.382	189.412	48	D	31
189.412	189.571	10	AO1	31
189.571	189.611	64	T	31
189.611	189.641	6	AH0	31
189.641	189.671	51	G	31
189.671	189.92	61	R	31
189.92	189.95	5	AE2	31
189.95	190.0	50	F	31
190.0	190.17	62	S	31
199.758	199.848	46	B	32
199.848	199.948	7	AH1	32
199.948	199.978	64	T	32
199.978	200.057	21	ER0	32
200.057	200.177	62	S	32
200.177	200.227	54	K	32
200.227	200.407	2	AA2	32
200.407	200.526	47	CH	32
200.526	200.716	50	F	32
200.716	200.895	7	AH1	32
200.895	201.105	53	JH	32
201.105	201.205	51	G	32
201.205	201.314	35	OW1	32
201.314	201.424	69	Z	32
201.424	201.544	67	W	32
201.544	201.624	19	EH1	32
201.624	201.773	56	L	32
201.773	201.803	67	W	32
201.803	201.843	28	IH1	32
201.843	201.923	65	TH	32
201.923	201.973	66	V	32
201.973	202.003	6	AH0	32
202.003	202.083	58	N	32
202.083	202.123	28	IH1	32
202.123	202.163	56	L	32
202.163	202.212	6	AH0	32
202.212	202.502	16	AY1	32
202.502	202.621	62	S	32
202.621	202.671	54	K	32
202.671	202.771	61	R	32
202.771	202.801	32	IY1	32
202.801	202.961	57	M	32
212.559	212.579	74	sp	33
212.579	212.778	61	R	33
212.778	212.818	28	IH1	33
212.818	213.028	47	CH	33
213.028	213.168	60	P	33
213.168	213.307	22	ER1	33
213.307	213.487	47	CH	33
213.487	213.557	6	AH0	33
213.557	213.856	62	S	33
213.856	213.886	64	T	33
213.886	213.996	74	sp	33
213.996	214.185	62	S	33
214.185	214.295	19	EH1	33
214.295	214.355	66	V	33
214.355	214.395	61	R	33
214.395	214.425	6	AH0	33
214.425	214.594	56	L	33
214.594	214.794	62	S	33
214.794	215.083	16	AY1	33
215.083	215.253	58	N	33
215.253	215.313	48	D	33
215.313	215.353	74	sp	33
215.353	215.662	7	AH1	33
215.662	215.891	57	M	33
215.891	216.51	74	sp	33
216.51	216.59	56	L	33
216.59	216.63	28	IH1	33
216.63	216.759	65	TH	33
216.759	216.879	6	AH0	33
216.879	216.909	51	G	33
216.909	216.999	61	R	33
216.999	217.158	5	AE2	33
217.158	217.258	50	F	33
217.258	217.458	62	S	33
271.066	271.106	74	sp	34
271.106	271.216	19	EH1	34
271.216	271.246	58	N	34
271.246	271.355	31	IY0	34
271.355	271.495	54	K	34
271.495	271.595	2	AA2	34
271.595	271.625	58	N	34
271.625	271.675	64	T	34
271.675	271.714	61	R	34
271.714	271.754	6	AH0	34
271.754	271.814	46	B	34
271.814	271.844	68	Y	34
271.844	271.944	44	UW1	34
271.944	272.094	63	SH	34
272.094	272.153	6	AH0	34
272.153	272.233	58	N	34
272.233	272.293	69	Z	34
272.293	272.323	67	W	34
272.323	272.353	6	AH0	34
272.353	272.453	56	L	34
272.453	272.493	46	B	34
272.493	272.642	31	IY0	34
272.642	272.722	51	G	34
272.722	272.812	61	R	34
272.812	272.902	25	EY1	34
272.902	272.932	64	T	34
272.932	273.021	56	L	34
273.021	273.111	31	IY0	34
273.111	273.151	6	AH0	34
273.151	273.261	60	P	34
273.261	273.301	61	R	34
273.301	273.381	32	IY1	34
273.381	273.52	63	SH	34
273.52	273.56	31	IY0	34
273.56	273.67	26	EY2	34
273.67	273.7	64	T	34
273.7	273.82	6	AH0	34
273.82	273.909	48	D	34
283.139	283.188	49	DH	35
283.188	283.218	6	AH0	35
283.218	283.368	54	K	35
283.368	283.398	61	R	35
283.398	283.558	4	AE1	35
283.558	283.617	58	N	35
283.617	283.647	46	B	35
283.647	283.737	20	EH2	35
283.737	283.847	61	R	35
283.847	284.096	31	IY0	35
284.096	284.605	74	sp	35
284.605	284.795	46	B	35
284.795	285.124	1	AA1	35
285.124	285.314	51	G	35
285.314	285.453	51	G	35
285.453	285.573	28	IH1	35
285.573	285.623	64	T	35
285.623	285.743	62	S	35
285.743	285.802	66	V	35
285.802	285.952	19	EH1	35
285.952	285.992	61	R	35
285.992	286.092	31	IY0	35
286.092	286.241	60	P	35
286.241	286.341	61	R	35
286.341	286.371	28	IH1	35
286.371	286.401	64	T	35
286.401	286.491	31	IY0	35
286.491	286.551	28	IH1	35
286.551	286.621	58	N	35
286.621	286.79	10	AO1	35
286.79	286.84	64	T	35
286.84	286.89	6	AH0	35
286.89	287.06	57	M	35
299.671	299.761	52	HH	36
299.761	299.86	13	AW1	36
299.86	299.91	48	D	36
299.91	300.0	44	UW1	36
300.0	300.16	38	OY1	36
300.16	300.3	62	S	36
300.3	300.329	64	T	36
300.329	300.389	21	ER0	36
300.389	300.489	69	Z	36
300.489	300.569	57	M	36
300.569	300.689	25	EY1	36
300.689	300.719	54	K	36
300.719	300.848	60	P	36
300.848	300.998	22	ER1	36
300.998	301.168	56	L	36
301.168	301.327	69	Z	36
309.718	309.748	74	sp	37
309.748	309.818	57	M	37
309.818	309.898	25	EY1	37
309.898	310.037	16	AY1	37
310.037	310.227	10	AO1	37
310.227	310.277	61	R	37
310.277	310.307	48	D	37
310.307	310.516	21	ER0	37
310.516	310.686	25	EY1	37
310.686	310.816	60	P	37
310.816	310.955	1	AA1	37
310.955	311.005	61	R	37
311.005	311.165	50	F	37
311.165	311.374	25	EY1	37
311.374	311.564	4	AE1	37
311.564	311.634	50	F	37
311.634	311.734	64	T	37
311.734	311.803	21	ER0	37
311.803	311.873	16	AY1	37
311.873	312.013	32	IY1	37
312.013	312.043	64	T	37
312.043	312.083	48	D	37
312.083	312.173	28	IH1	37
312.173	312.202	58	N	37
312.202	312.362	21	ER0	37
321.651	321.761	28	IH1	38
321.761	321.791	69	Z	38
321.791	321.95	63	SH	38
321.95	322.06	32	IY1	38
322.06	322.18	51	G	38
322.18	322.22	35	OW1	38
322.22	322.319	6	AH0	38
322.319	322.369	58	N	38
322.369	322.399	67	W	38
322.399	322.429	28	IH1	38
322.429	322.549	65	TH	38
322.549	322.679	68	Y	38
322.679	322.808	44	UW1	38
330.93	331.309	74	sp	39
331.309	331.419	54	K	39
331.419	331.479	4	AE1	39
331.479	331.519	58	N	39
331.519	331.558	49	DH	39
331.558	331.608	6	AH0	39
331.608	331.798	25	EY1	39
331.798	331.828	53	JH	39
331.828	331.858	6	AH0	39
331.858	331.918	58	N	39
331.918	332.047	62	S	39
332.047	332.227	31	IY0	39
332.227	332.327	35	OW1	39
332.327	332.417	66	V	39
332.417	332.526	21	ER0	39
332.526	332.676	65	TH	39
332.676	332.836	61	R	39
332.836	332.865	36	OW2	39
332.865	333.015	25	EY1	39
333.015	333.085	56	L	39
333.085	333.185	31	IY0	39
333.185	333.235	6	AH0	39
333.235	333.285	58	N	39
333.285	333.414	50	F	39
333.414	333.524	10	AO1	39
333.524	333.574	61	R	39
333.574	333.694	62	S	39
333.694	333.773	6	AH0	39
333.773	334.043	69	Z	39
