364.992	365.072	48	D	20
365.072	365.112	61	R	20
365.112	365.232	10	AO1	20
365.232	365.421	19	EH1	20
365.421	365.491	66	V	20
365.491	365.551	61	R	20
365.551	365.681	31	IY0	20
365.681	365.89	13	AW1	20
365.89	365.93	64	T	20
365.93	366.07	21	ER0	20
366.07	366.16	56	L	20
366.16	366.419	16	AY1	20
366.419	366.509	58	N	20
366.509	366.669	50	F	20
366.669	366.918	22	ER1	20
366.918	367.168	62	S	20
367.168	367.197	64	T	20
367.197	367.237	74	sp	20
367.237	367.277	49	DH	20
367.277	367.317	19	EH1	20
367.317	367.397	58	N	20
367.397	367.547	50	F	20
367.547	367.587	28	IH1	20
367.587	367.696	56	L	20
367.696	367.816	28	IH1	20
367.816	367.926	58	N	20
367.926	367.956	49	DH	20
367.956	368.026	31	IY0	20
368.026	368.085	29	IH2	20
368.085	368.145	58	N	20
368.145	368.235	64	T	20
368.235	368.335	28	IH1	20
368.335	368.365	61	R	20
368.365	368.395	31	IY0	20
368.395	368.604	21	ER0	20
377.803	377.863	49	DH	21
377.863	377.933	6	AH0	21
377.933	378.123	67	W	21
378.123	378.212	10	AO1	21
378.212	378.252	64	T	21
378.252	378.332	21	ER0	21
378.332	378.472	54	K	21
378.472	378.502	6	AH0	21
378.502	378.572	58	N	21
378.572	378.661	64	T	21
378.661	378.831	25	EY1	21
378.831	378.891	58	N	21
378.891	378.921	48	D	21
378.921	379.051	64	T	21
379.051	379.17	44	UW1	21
379.17	379.2	57	M	21
379.2	379.28	7	AH1	21
379.28	379.4	47	CH	21
379.4	379.519	54	K	21
379.519	379.559	56	L	21
379.559	379.679	10	AO1	21
379.679	379.769	61	R	21
379.769	379.879	31	IY0	21
379.879	379.939	58	N	21
379.939	379.998	4	AE1	21
379.998	380.038	58	N	21
380.038	380.068	48	D	21
380.068	380.168	62	S	21
380.168	380.208	64	T	21
380.208	380.298	7	AH1	21
380.298	380.378	59	NG	21
380.378	380.457	52	HH	21
380.457	380.497	6	AH0	21
380.497	380.577	69	Z	21
380.577	380.836	16	AY1	21
380.836	381.016	69	Z	21
400.951	400.971	74	sp	22
400.971	401.09	53	JH	22
401.09	401.23	1	AA1	22
401.23	401.28	58	N	22
401.28	401.37	69	Z	22
401.37	401.4	46	B	22
401.4	401.46	61	R	22
401.46	401.549	7	AH1	22
401.549	401.589	49	DH	22
401.589	401.659	21	ER0	22
401.659	401.749	61	R	22
401.749	401.849	31	IY0	22
401.849	401.978	60	P	22
401.978	402.068	25	EY1	22
402.068	402.108	58	N	22
402.108	402.138	64	T	22
402.138	402.238	6	AH0	22
402.238	402.298	48	D	22
402.298	402.358	49	DH	22
402.358	402.417	31	IY0	22
402.417	402.467	51	G	22
402.467	402.587	21	ER0	22
402.587	402.747	1	AA1	22
402.747	402.886	70	ZH	22
402.886	402.926	48	D	22
402.926	403.136	10	AO1	22
403.136	403.216	61	R	22
412.345	412.485	74	sp	23
412.485	412.634	47	CH	23
412.634	412.774	4	AE1	23
412.774	412.804	56	L	23
412.804	412.854	6	AH0	23
412.854	412.924	58	N	23
412.924	412.993	53	JH	23
412.993	413.173	32	IY1	23
413.173	413.303	47	CH	23
413.303	413.333	74	sp	23
413.333	413.432	53	JH	23
413.432	413.472	19	EH1	23
413.472	413.562	58	N	23
413.562	413.592	61	R	23
413.592	413.622	6	AH0	23
413.622	413.742	56	L	23
413.742	413.812	69	Z	23
413.812	413.841	29	IH2	23
413.841	413.881	58	N	23
413.881	413.961	64	T	23
413.961	413.991	19	EH1	23
413.991	414.141	56	L	23
414.141	414.191	6	AH0	23
414.191	414.221	53	JH	23
414.221	414.34	6	AH0	23
414.34	414.43	58	N	23
414.43	414.64	62	S	23
425.006	425.036	74	sp	24
425.036	425.206	5	AE2	24
425.206	425.265	57	M	24
425.265	425.345	46	B	24
425.345	425.395	6	AH0	24
425.395	425.445	48	D	24
425.445	425.565	19	EH1	24
425.565	425.665	54	K	24
425.665	425.734	62	S	24
425.734	425.764	64	T	24
425.764	425.794	61	R	24
425.794	425.854	6	AH0	24
425.854	426.084	62	S	24
426.084	426.233	60	P	24
426.233	426.273	28	IH1	24
426.273	426.373	54	K	24
426.373	426.453	60	P	24
426.453	426.582	2	AA2	24
426.582	426.662	54	K	24
426.662	426.712	6	AH0	24
426.712	426.762	64	T	24
426.762	426.832	62	S	24
426.832	426.862	6	AH0	24
426.862	426.982	54	K	24
426.982	427.101	1	AA1	24
427.101	427.131	57	M	24
427.131	427.181	60	P	24
427.181	427.221	56	L	24
427.221	427.251	27	IH0	24
427.251	427.361	63	SH	24
427.361	427.441	57	M	24
427.441	427.57	10	AO1	24
427.57	427.65	61	R	24
436.3	436.58	74	sp	25
436.58	436.64	6	AH0	25
436.64	436.809	57	M	25
436.809	436.889	7	AH1	25
436.889	437.029	62	S	25
437.029	437.059	54	K	25
437.059	437.099	68	Y	25
437.099	437.129	6	AH0	25
437.129	437.158	56	L	25
437.158	437.338	21	ER0	25
437.338	437.528	4	AE1	25
437.528	437.578	46	B	25
437.578	437.607	48	D	25
437.607	437.677	6	AH0	25
437.677	437.717	57	M	25
437.717	437.877	6	AH0	25
437.877	437.907	58	N	25
437.907	437.937	6	AH0	25
437.937	438.056	69	Z	25
438.056	438.176	51	G	25
438.176	438.236	41	UH1	25
438.236	438.266	48	D	25
438.266	438.396	50	F	25
438.396	438.446	21	ER0	25
438.446	438.475	68	Y	25
438.475	438.525	41	UH1	25
438.525	438.565	61	R	25
438.565	438.615	46	B	25
438.615	438.825	4	AE1	25
438.825	438.875	54	K	25
448.543	448.682	49	DH	26
448.682	448.782	25	EY1	26
448.782	448.812	35	OW1	26
448.812	448.842	58	N	26
448.842	449.061	6	AH0	26
449.061	449.171	46	B	26
449.171	449.301	28	IH1	26
449.301	449.391	51	G	26
449.391	449.47	52	HH	26
449.47	449.69	13	AW1	26
449.69	449.84	62	S	26
449.84	449.909	6	AH0	26
449.909	449.969	58	N	26
449.969	449.999	49	DH	26
449.999	450.029	6	AH0	26
450.029	450.129	61	R	26
450.129	450.159	6	AH0	26
450.159	450.259	57	M	26
450.259	450.408	35	OW1	26
450.408	450.528	64	T	26
450.528	450.588	54	K	26
450.588	450.628	7	AH1	26
450.628	450.658	58	N	26
450.658	450.708	64	T	26
450.708	450.768	61	R	26
450.768	450.797	31	IY0	26
450.797	450.957	62	S	26
450.957	451.137	17	AY2	26
451.137	451.276	48	D	26
460.086	460.266	49	DH	27
460.266	460.296	6	AH0	27
460.296	460.446	61	R	27
460.446	460.565	35	OW1	27
460.565	460.775	69	Z	27
460.775	460.845	74	sp	27
460.845	460.964	54	K	27
460.964	461.044	9	AO0	27
461.044	461.114	61	R	27
461.114	461.264	62	S	27
461.264	461.294	1	AA1	27
461.294	461.473	70	ZH	27
461.473	461.713	62	S	27
461.713	461.753	57	M	27
461.753	461.792	19	EH1	27
461.792	461.922	56	L	27
461.922	461.952	48	D	27
461.952	462.122	62	S	27
462.122	462.182	67	W	27
462.182	462.391	32	IY1	27
462.391	462.421	64	T	27
472.179	472.319	49	DH	28
472.319	472.468	4	AE1	28
472.468	472.528	64	T	28
472.528	472.598	60	P	28
472.598	472.718	28	IH1	28
472.718	472.787	54	K	28
472.787	472.857	60	P	28
472.857	472.977	2	AA2	28
472.977	473.087	54	K	28
473.087	473.147	6	AH0	28
473.147	473.177	64	T	28
473.177	473.207	67	W	28
473.207	473.236	6	AH0	28
473.236	473.326	69	Z	28
473.326	473.466	54	K	28
473.466	473.675	1	AA1	28
473.675	473.715	64	T	28
473.715	473.775	61	R	28
473.775	473.895	19	EH1	28
473.895	473.925	48	D	28
473.925	474.015	52	HH	28
474.015	474.134	4	AE1	28
474.134	474.204	58	N	28
474.204	474.234	48	D	28
474.234	474.324	6	AH0	28
474.324	474.394	48	D	28
483.852	484.062	4	AE1	29
484.062	484.112	58	N	29
484.112	484.142	6	AH0	29
484.142	484.202	48	D	29
484.202	484.251	7	AH1	29
484.251	484.421	56	L	29
484.421	484.451	64	T	29
484.451	484.561	57	M	29
484.561	484.651	25	EY1	29
484.651	484.92	56	L	29
484.92	485.119	74	sp	29
485.119	485.189	46	B	29
485.189	485.309	3	AE0	29
485.309	485.399	46	B	29
485.399	485.558	44	UW1	29
485.558	485.628	58	N	29
485.628	485.838	69	Z	29
485.838	485.878	64	T	29
485.878	486.047	32	IY1	29
486.047	486.137	65	TH	29
486.137	486.217	1	AA1	29
486.217	486.247	61	R	29
486.247	486.317	58	N	29
486.317	486.466	1	AA1	29
486.466	486.506	64	T	29
486.506	486.636	62	S	29
486.636	486.716	44	UW1	29
486.716	486.746	64	T	29
486.746	486.796	6	AH0	29
486.796	486.865	46	B	29
486.865	486.905	6	AH0	29
486.905	487.025	56	L	29
487.025	487.125	50	F	29
487.125	487.175	61	R	29
487.175	487.225	21	ER0	29
487.225	487.334	32	IY1	29
487.334	487.364	64	T	29
487.364	487.404	27	IH0	29
487.404	487.494	59	NG	29
487.494	487.614	63	SH	29
487.614	487.644	19	EH1	29
487.644	487.753	56	L	29
487.753	487.903	50	F	29
487.903	488.013	29	IH2	29
488.013	488.153	63	SH	29
499.088	499.158	52	HH	30
499.158	499.187	21	ER0	30
499.187	499.217	67	W	30
499.217	499.457	10	AO1	30
499.457	499.507	61	R	30
499.507	499.617	48	D	30
499.617	499.696	61	R	30
499.696	499.726	36	OW2	30
499.726	499.786	46	B	30
499.786	499.906	54	K	30
499.906	499.966	6	AH0	30
499.966	499.996	58	N	30
499.996	500.155	62	S	30
500.155	500.255	28	IH1	30
500.255	500.435	62	S	30
500.435	500.504	7	AH1	30
500.504	500.584	66	V	30
500.584	500.754	35	OW1	30
500.754	500.784	58	N	30
500.784	500.824	56	L	30
500.824	500.894	31	IY0	30
500.894	501.053	62	S	30
501.053	501.113	54	K	30
501.113	501.303	22	ER1	30
501.303	501.382	64	T	30
501.382	501.472	62	S	30
501.472	501.512	6	AH0	30
501.512	501.582	58	N	30
501.582	501.612	48	D	30
501.612	501.652	46	B	30
501.652	501.692	56	L	30
501.692	501.841	13	AW1	30
501.841	501.971	62	S	30
501.971	502.051	6	AH0	30
502.051	502.3	69	Z	30
510.951	511.23	74	sp	31
511.23	511.32	49	DH	31
511.32	511.37	6	AH0	31
511.37	511.509	64	T	31
511.509	511.699	44	UW1	31
511.699	511.849	1	AA1	31
511.849	511.948	61	R	31
511.948	511.978	64	T	31
511.978	512.008	6	AH0	31
512.008	512.068	62	S	31
512.068	512.128	27	IH0	31
512.128	512.158	54	K	31
512.158	512.318	62	S	31
512.318	512.407	47	CH	31
512.407	512.567	25	EY1	31
512.567	512.667	58	N	31
512.667	512.747	53	JH	31
512.747	512.777	48	D	31
512.777	512.936	10	AO1	31
512.936	512.986	64	T	31
512.986	513.046	6	AH0	31
513.046	513.106	51	G	31
513.106	513.305	61	R	31
513.305	513.345	5	AE2	31
513.345	513.425	50	F	31
513.425	513.605	62	S	31
525.538	525.597	46	B	32
525.597	525.647	7	AH1	32
525.647	525.677	64	T	32
525.677	525.747	21	ER0	32
525.747	525.887	62	S	32
525.887	525.937	54	K	32
525.937	526.046	2	AA2	32
526.046	526.166	47	CH	32
526.166	526.326	50	F	32
526.326	526.565	7	AH1	32
526.565	526.685	53	JH	32
526.685	526.815	51	G	32
526.815	526.895	35	OW1	32
526.895	527.014	69	Z	32
527.014	527.124	67	W	32
527.124	527.174	19	EH1	32
527.174	527.294	56	L	32
527.294	527.334	67	W	32
527.334	527.363	28	IH1	32
527.363	527.473	65	TH	32
527.473	527.523	66	V	32
527.523	527.563	6	AH0	32
527.563	527.593	58	N	32
527.593	527.623	28	IH1	32
527.623	527.723	56	L	32
527.723	527.753	6	AH0	32
527.753	527.902	16	AY1	32
527.902	528.022	62	S	32
528.022	528.082	54	K	32
528.082	528.132	61	R	32
528.132	528.162	32	IY1	32
528.162	528.331	57	M	32
537.421	537.55	74	sp	33
537.55	537.71	61	R	33
537.71	537.78	28	IH1	33
537.78	537.959	47	CH	33
537.959	538.069	60	P	33
538.069	538.229	22	ER1	33
538.229	538.358	47	CH	33
538.358	538.418	6	AH0	33
538.418	538.468	62	S	33
538.468	538.498	64	T	33
538.498	538.688	62	S	33
538.688	538.807	19	EH1	33
538.807	538.957	66	V	33
538.957	539.007	61	R	33
539.007	539.037	6	AH0	33
539.037	539.197	56	L	33
539.197	539.376	62	S	33
539.376	539.616	16	AY1	33
539.616	539.885	58	N	33
539.885	539.915	48	D	33
539.915	539.995	56	L	33
539.995	540.094	28	IH1	33
540.094	540.153	56	L	33
540.153	540.198	6	AH0	33
540.198	540.269	51	G	33
540.269	540.309	61	R	33
540.309	540.5	5	AE2	33
540.5	540.563	50	F	33
540.563	540.875	62	S	33
549.862	549.982	19	EH1	34
549.982	550.022	58	N	34
550.022	550.162	31	IY0	34
550.162	550.261	54	K	34
550.261	550.381	2	AA2	34
550.381	550.411	58	N	34
550.411	550.491	64	T	34
550.491	550.521	61	R	34
550.521	550.551	6	AH0	34
550.551	550.631	46	B	34
550.631	550.71	68	Y	34
550.71	550.74	44	UW1	34
550.74	550.92	63	SH	34
550.92	550.98	6	AH0	34
550.98	551.119	58	N	34
551.119	551.229	69	Z	34
551.229	551.289	67	W	34
551.289	551.319	6	AH0	34
551.319	551.449	56	L	34
551.449	551.489	46	B	34
551.489	551.628	32	IY1	34
551.628	551.678	51	G	34
551.678	551.818	61	R	34
551.818	551.868	25	EY1	34
551.868	551.898	64	T	34
551.898	551.938	56	L	34
551.938	552.037	31	IY0	34
552.037	552.077	6	AH0	34
552.077	552.187	60	P	34
552.187	552.227	61	R	34
552.227	552.297	32	IY1	34
552.297	552.446	63	SH	34
552.446	552.526	31	IY0	34
552.526	552.556	26	EY2	34
552.556	552.596	64	T	34
552.596	552.696	6	AH0	34
552.696	552.766	48	D	34
564.409	564.459	49	DH	35
564.459	564.489	6	AH0	35
564.489	564.659	54	K	35
564.659	564.689	61	R	35
564.689	564.788	4	AE1	35
564.788	564.838	58	N	35
564.838	564.888	46	B	35
564.888	564.938	20	EH2	35
564.938	565.108	61	R	35
565.108	565.357	31	IY0	35
565.357	565.427	74	sp	35
565.427	565.477	46	B	35
565.477	565.786	1	AA1	35
565.786	565.876	51	G	35
565.876	565.946	51	G	35
565.946	565.996	28	IH1	35
565.996	566.056	64	T	35
566.056	566.175	62	S	35
566.175	566.215	66	V	35
566.215	566.305	19	EH1	35
566.305	566.395	61	R	35
566.395	566.485	31	IY0	35
566.485	566.654	60	P	35
566.654	566.744	61	R	35
566.744	566.784	28	IH1	35
566.784	566.814	64	T	35
566.814	566.924	31	IY0	35
566.924	566.983	28	IH1	35
566.983	567.043	58	N	35
567.043	567.233	10	AO1	35
567.233	567.273	64	T	35
567.273	567.343	6	AH0	35
567.343	567.522	57	M	35
576.482	576.542	52	HH	36
576.542	576.671	13	AW1	36
576.671	576.701	48	D	36
576.701	576.951	44	UW1	36
576.951	577.1	38	OY1	36
577.1	577.25	62	S	36
577.25	577.3	64	T	36
577.3	577.45	21	ER0	36
577.45	577.539	69	Z	36
577.539	577.609	57	M	36
577.609	577.689	25	EY1	36
577.689	577.759	54	K	36
577.759	577.859	60	P	36
577.859	578.018	22	ER1	36
578.018	578.148	56	L	36
578.148	578.348	69	Z	36
578.348	578.487	74	sp	36
587.876	587.996	57	M	37
587.996	588.135	25	EY1	37
588.135	588.165	16	AY1	37
588.165	588.325	10	AO1	37
588.325	588.355	61	R	37
588.355	588.385	48	D	37
588.385	588.465	21	ER0	37
588.465	588.514	6	AH0	37
588.514	588.704	60	P	37
588.704	588.814	1	AA1	37
588.814	588.874	61	R	37
588.874	589.033	50	F	37
589.033	589.063	25	EY1	37
589.063	589.402	4	AE1	37
589.402	589.522	50	F	37
589.522	589.552	64	T	37
589.552	589.642	21	ER0	37
589.642	589.732	16	AY1	37
589.732	589.861	32	IY1	37
589.861	589.901	64	T	37
589.901	589.931	48	D	37
589.931	589.991	28	IH1	37
589.991	590.021	58	N	37
590.021	590.221	21	ER0	37
821.385	821.475	28	IH1	38
821.475	821.515	69	Z	38
821.515	821.605	63	SH	38
821.605	821.685	32	IY1	38
821.685	821.794	51	G	38
821.794	821.864	35	OW1	38
821.864	821.894	27	IH0	38
821.894	822.074	59	NG	38
822.074	822.114	67	W	38
822.114	822.163	28	IH1	38
822.163	822.263	65	TH	38
822.263	822.413	68	Y	38
822.413	822.533	44	UW1	38
830.684	830.774	54	K	39
830.774	830.854	4	AE1	39
830.854	830.914	58	N	39
830.914	830.953	49	DH	39
830.953	830.993	6	AH0	39
830.993	831.213	25	EY1	39
831.213	831.253	53	JH	39
831.253	831.283	6	AH0	39
831.283	831.373	58	N	39
831.373	831.492	62	S	39
831.492	831.682	31	IY0	39
831.682	831.782	35	OW1	39
831.782	831.891	66	V	39
831.891	831.991	21	ER0	39
831.991	832.091	65	TH	39
832.091	832.121	61	R	39
832.121	832.151	36	OW2	39
832.151	832.47	25	EY1	39
832.47	832.5	56	L	39
832.5	832.63	31	IY0	39
832.63	832.67	6	AH0	39
832.67	832.719	58	N	39
832.719	832.819	50	F	39
832.819	832.939	10	AO1	39
832.939	832.989	61	R	39
832.989	833.109	62	S	39
833.109	833.198	6	AH0	39
833.198	833.408	69	Z	39
