64.21224489795918	64.41224489795918	434	THE
64.41224489795918	64.85124489795919	475	WATER
64.85124489795919	65.51024489795918	103	CONTAINED
65.51024489795918	65.76924489795918	448	TOO
65.76924489795918	66.10824489795918	269	MUCH
66.10824489795918	66.75724489795918	90	CHLORINE
66.75724489795918	66.94624489795919	20	AND
66.94624489795919	67.29524489795918	409	STUNG
67.29524489795918	67.48524489795918	208	HIS
67.48524489795918	68.00424489795918	149	EYES
68.00424489795918	76.96195011337869	99999	sp
76.96195011337869	76.98195011337869	99999	sp
76.98195011337869	77.44095011337869	229	JOHN'S
77.44095011337869	77.83995011337869	66	BROTHER
77.83995011337869	78.5879501133787	363	REPAINTED
78.5879501133787	78.6979501133787	434	THE
78.6979501133787	79.21695011337869	173	GARAGE
79.21695011337869	79.50595011337869	129	DOOR
79.50595011337869	89.6249433106576	99999	sp
89.6249433106576	90.1739433106576	84	CHALLENGE
90.1739433106576	90.49294331065761	132	EACH
90.49294331065761	90.9419433106576	175	GENERAL'S
90.9419433106576	91.8399433106576	221	INTELLIGENCE
91.8399433106576	102.73514739229024	99999	sp
102.73514739229024	103.79214739229023	17	AMBIDEXTROUS
103.79214739229023	103.82214739229023	99999	sp
103.82214739229023	104.66014739229024	327	PICKPOCKETS
104.66014739229024	105.29914739229024	6	ACCOMPLISH
105.29914739229024	105.63814739229024	267	MORE
105.63814739229024	114.58700680272109	99999	sp
114.58700680272109	114.63700680272109	99999	sp
114.63700680272109	114.7070068027211	1	A
114.7070068027211	115.4360068027211	271	MUSCULAR
115.4360068027211	116.16400680272109	2	ABDOMEN
116.16400680272109	116.4130068027211	224	IS
116.4130068027211	116.64300680272109	189	GOOD
116.64300680272109	116.82200680272109	161	FOR
116.82200680272109	116.9420068027211	496	YOUR
116.9420068027211	117.30100680272109	43	BACK
117.30100680272109	127.42521541950113	99999	sp
127.42521541950113	127.86421541950114	438	THEY
127.86421541950114	127.92421541950112	317	OWN
127.92421541950112	128.00321541950115	1	A
128.00321541950115	128.32321541950114	52	BIG
128.32321541950114	128.72221541950114	209	HOUSE
128.72221541950114	128.82121541950113	217	IN
128.82121541950113	128.89121541950112	434	THE
128.89121541950112	129.30021541950111	361	REMOTE
129.30021541950111	130.17821541950113	109	COUNTRYSIDE
130.17821541950113	139.46539682539682	99999	sp
139.46539682539682	139.67539682539683	434	THE
139.67539682539683	140.20439682539683	369	ROSE
140.20439682539683	140.93239682539684	106	CORSAGE
140.93239682539684	141.72039682539682	393	SMELLED
141.72039682539682	142.22939682539683	421	SWEET
142.22939682539683	152.117641723356	99999	sp
152.117641723356	152.476641723356	433	THAT
152.476641723356	153.255641723356	326	PICKPOCKET
153.255641723356	153.42464172335602	472	WAS
153.42464172335602	153.813641723356	80	CAUGHT
153.813641723356	154.10364172335602	356	RED
154.10364172335602	154.65164172335602	199	HANDED
154.65164172335602	166.14857142857142	99999	sp
166.14857142857142	166.38757142857142	19	AN
166.38757142857142	166.72757142857142	9	ADULT
166.72757142857142	167.19657142857142	255	MALE
167.19657142857142	167.7845714285714	99999	sp
167.7845714285714	168.5335714285714	42	BABOON'S
168.5335714285714	168.81257142857143	430	TEETH
168.81257142857143	168.95257142857142	30	ARE
168.95257142857142	169.26157142857141	285	NOT
169.26157142857141	169.74057142857143	415	SUITABLE
169.74057142857143	169.91957142857143	161	FOR
169.91957142857143	170.2195714285714	135	EATING
170.2195714285714	171.04757142857142	376	SHELLFISH
171.04757142857142	180.74530612244897	99999	sp
180.74530612244897	180.90430612244896	204	HER
180.90430612244896	181.55330612244896	470	WARDROBE
181.55330612244896	182.16130612244896	102	CONSISTS
182.16130612244896	182.38130612244896	294	OF
182.38130612244896	182.66030612244896	298	ONLY
182.66030612244896	183.25930612244898	385	SKIRTS
183.25930612244898	183.46830612244898	20	AND
183.46830612244898	184.16730612244896	54	BLOUSES
184.16730612244896	193.51038548752834	99999	sp
193.51038548752834	193.69938548752833	434	THE
193.69938548752833	194.04838548752832	453	TWO
194.04838548752832	194.51738548752834	33	ARTISTS
194.51738548752834	195.29638548752834	147	EXCHANGED
195.29638548752834	196.05438548752832	39	AUTOGRAPHS
196.05438548752832	205.97659863945577	99999	sp
205.97659863945577	206.74459863945577	71	BUTTERSCOTCH
206.74459863945577	207.32359863945575	169	FUDGE
207.32359863945575	207.64259863945577	186	GOES
207.64259863945577	207.99159863945576	481	WELL
207.99159863945576	208.14159863945576	487	WITH
208.14159863945576	208.43059863945575	463	VANILLA
208.43059863945575	208.83959863945577	212	ICE
208.83959863945577	209.17959863945578	112	CREAM
209.17959863945578	220.51258315083993	99999	sp
220.51258315083993	220.53258315083994	99999	sp
220.53258315083994	220.98158315083992	366	RICH
220.98158315083992	221.83958315083993	349	PURCHASED
221.83958315083993	221.94958315083994	99999	sp
221.94958315083994	222.54758315083993	374	SEVERAL
222.54758315083993	223.26658315083992	382	SIGNED
223.26658315083992	223.30658315083994	99999	sp
223.30658315083994	223.84458315083992	88888	UM
223.84458315083992	224.46358315083992	99999	sp
224.46358315083992	225.41158315083993	245	LITHOGRAPHS
225.41158315083993	277.0615873015873	99999	sp
277.0615873015873	277.1015873015873	99999	sp
277.1015873015873	277.3505873015873	24	ANY
277.3505873015873	278.2885873015873	105	CONTRIBUTIONS
278.2885873015873	278.4485873015873	485	WILL
278.4485873015873	278.6375873015873	47	BE
278.6375873015873	279.1065873015873	195	GREATLY
279.1065873015873	279.9045873015873	28	APPRECIATED
279.9045873015873	290.9332426303855	99999	sp
290.9332426303855	291.0122426303855	434	THE
291.0122426303855	291.8902426303855	111	CRANBERRY
291.8902426303855	292.3992426303855	99999	sp
292.3992426303855	293.1082426303855	57	BOG
293.1082426303855	293.5372426303855	178	GETS
293.5372426303855	293.8862426303855	465	VERY
293.8862426303855	294.2852426303855	340	PRETTY
294.2852426303855	294.4152426303855	217	IN
294.4152426303855	294.8542426303855	40	AUTUMN
294.8542426303855	304.6936054421769	99999	sp
304.6936054421769	304.8826054421769	210	HOW
304.8826054421769	305.0226054421769	128	DO
305.0226054421769	305.51160544217686	318	OYSTERS
305.51160544217686	305.7416054421769	253	MAKE
305.7416054421769	306.3496054421769	320	PEARLS
306.3496054421769	315.25090702947847	99999	sp
315.25090702947847	315.28090702947844	99999	sp
315.28090702947844	315.4309070294785	257	MAY
315.4309070294785	315.56990702947843	211	I
315.56990702947843	316.04890702947847	304	ORDER
316.04890702947847	316.21890702947843	1	A
316.21890702947843	316.9069070294785	319	PARFAIT
316.9069070294785	317.33590702947845	10	AFTER
317.33590702947845	317.40590702947844	211	I
317.40590702947844	317.57590702947846	134	EAT
317.57590702947846	317.8949070294785	124	DINNER
317.8949070294785	326.1196371882086	99999	sp
326.1196371882086	326.2596371882086	224	IS
326.2596371882086	326.5286371882086	375	SHE
326.5286371882086	326.83763718820865	187	GOING
326.83763718820865	327.0176371882086	487	WITH
327.0176371882086	327.2766371882086	495	YOU
327.2766371882086	336.9102947845805	99999	sp
336.9102947845805	337.1202947845805	76	CAN
337.1202947845805	337.2092947845805	434	THE
337.2092947845805	337.82829478458046	11	AGENCY
337.82829478458046	338.4662947845805	315	OVERTHROW
338.4662947845805	338.8862947845805	13	ALIEN
338.8862947845805	339.6442947845805	162	FORCES
339.6442947845805	371.43718820861676	99999	sp
371.43718820861676	372.20518820861673	71	BUTTERSCOTCH
372.20518820861673	372.78418820861674	169	FUDGE
372.78418820861674	373.10318820861676	186	GOES
373.10318820861676	373.45218820861675	481	WELL
373.45218820861675	373.6021882086168	487	WITH
373.6021882086168	373.89118820861677	463	VANILLA
373.89118820861677	374.30018820861676	212	ICE
374.30018820861676	374.6401882086168	112	CREAM
374.6401882086168	384.3609070294784	99999	sp
384.3609070294784	384.40090702947845	99999	sp
384.40090702947845	384.64990702947847	24	ANY
384.64990702947847	385.58790702947846	105	CONTRIBUTIONS
385.58790702947846	385.7479070294784	485	WILL
385.7479070294784	385.93690702947845	47	BE
385.93690702947845	386.40590702947844	195	GREATLY
386.40590702947844	387.20390702947844	28	APPRECIATED
387.20390702947844	406.02213151927435	99999	sp
406.02213151927435	406.23213151927433	76	CAN
406.23213151927433	406.32113151927433	434	THE
406.32113151927433	406.9401315192743	11	AGENCY
406.9401315192743	407.57813151927434	315	OVERTHROW
407.57813151927434	407.99813151927435	13	ALIEN
407.99813151927435	408.75613151927433	162	FORCES
408.75613151927433	418.38467120181406	99999	sp
418.38467120181406	419.4416712018141	17	AMBIDEXTROUS
419.4416712018141	419.47167120181405	99999	sp
419.47167120181405	420.30967120181407	327	PICKPOCKETS
420.30967120181407	420.9486712018141	6	ACCOMPLISH
420.9486712018141	421.2876712018141	267	MORE
421.2876712018141	430.74634920634924	99999	sp
430.74634920634924	430.7663492063492	99999	sp
430.7663492063492	431.2253492063492	229	JOHN'S
431.2253492063492	431.6243492063492	66	BROTHER
431.6243492063492	432.3723492063492	363	REPAINTED
432.3723492063492	432.4823492063492	434	THE
432.4823492063492	433.00134920634923	173	GARAGE
433.00134920634923	433.2903492063492	129	DOOR
433.2903492063492	442.19827664399094	99999	sp
442.19827664399094	442.35727664399093	204	HER
442.35727664399093	443.00627664399093	470	WARDROBE
443.00627664399093	443.61427664399093	102	CONSISTS
443.61427664399093	443.83427664399096	294	OF
443.83427664399096	444.11327664399096	298	ONLY
444.11327664399096	444.71227664399095	385	SKIRTS
444.71227664399095	444.92127664399095	20	AND
444.92127664399095	445.6202766439909	54	BLOUSES
445.6202766439909	454.374693877551	99999	sp
454.374693877551	454.733693877551	433	THAT
454.733693877551	455.512693877551	326	PICKPOCKET
455.512693877551	455.681693877551	472	WAS
455.681693877551	456.070693877551	80	CAUGHT
456.070693877551	456.36069387755106	356	RED
456.36069387755106	456.90869387755106	199	HANDED
456.90869387755106	465.4602494331066	99999	sp
465.4602494331066	465.49024943310656	99999	sp
465.49024943310656	465.6402494331066	257	MAY
465.6402494331066	465.77924943310654	211	I
465.77924943310654	466.2582494331066	304	ORDER
466.2582494331066	466.42824943310654	1	A
466.42824943310654	467.1162494331066	319	PARFAIT
467.1162494331066	467.54524943310656	10	AFTER
467.54524943310656	467.61524943310656	211	I
467.61524943310656	467.78524943310657	134	EAT
467.78524943310657	468.1042494331066	124	DINNER
468.1042494331066	477.68653061224484	99999	sp
477.68653061224484	477.87553061224486	434	THE
477.87553061224486	478.22453061224485	453	TWO
478.22453061224485	478.6935306122449	33	ARTISTS
478.6935306122449	479.4725306122449	147	EXCHANGED
479.4725306122449	480.2305306122448	39	AUTOGRAPHS
480.2305306122448	490.9755102040816	99999	sp
490.9755102040816	491.0545102040816	434	THE
491.0545102040816	491.9325102040816	111	CRANBERRY
491.9325102040816	492.4415102040816	99999	sp
492.4415102040816	493.1505102040816	57	BOG
493.1505102040816	493.5795102040816	178	GETS
493.5795102040816	493.9285102040816	465	VERY
493.9285102040816	494.3275102040816	340	PRETTY
494.3275102040816	494.4575102040816	217	IN
494.4575102040816	494.8965102040816	40	AUTUMN
494.8965102040816	505.4277551020408	99999	sp
505.4277551020408	505.97675510204084	84	CHALLENGE
505.97675510204084	506.29575510204086	132	EACH
506.29575510204086	506.7447551020408	175	GENERAL'S
506.7447551020408	507.64275510204084	221	INTELLIGENCE
507.64275510204084	517.0316553287981	99999	sp
517.0316553287981	517.2706553287981	19	AN
517.2706553287981	517.6106553287981	9	ADULT
517.6106553287981	518.0796553287981	255	MALE
518.0796553287981	518.6676553287981	99999	sp
518.6676553287981	519.4166553287981	42	BABOON'S
519.4166553287981	519.6956553287981	430	TEETH
519.6956553287981	519.8356553287981	30	ARE
519.8356553287981	520.1446553287981	285	NOT
520.1446553287981	520.6236553287981	415	SUITABLE
520.6236553287981	520.8026553287981	161	FOR
520.8026553287981	521.1026553287982	135	EATING
521.1026553287982	521.9306553287981	376	SHELLFISH
521.9306553287981	531.1326757369613	99999	sp
531.1326757369613	531.1826757369614	99999	sp
531.1826757369614	531.2526757369615	1	A
531.2526757369615	531.9816757369614	271	MUSCULAR
531.9816757369614	532.7096757369613	2	ABDOMEN
532.7096757369613	532.9586757369614	224	IS
532.9586757369614	533.1886757369614	189	GOOD
533.1886757369614	533.3676757369614	161	FOR
533.3676757369614	533.4876757369614	496	YOUR
533.4876757369614	533.8466757369614	43	BACK
533.8466757369614	544.3562811791384	99999	sp
544.3562811791384	544.5452811791383	210	HOW
544.5452811791383	544.6852811791384	128	DO
544.6852811791384	545.1742811791383	318	OYSTERS
545.1742811791383	545.4042811791384	253	MAKE
545.4042811791384	546.0122811791384	320	PEARLS
546.0122811791384	555.612537799366	99999	sp
555.612537799366	555.632537799366	99999	sp
555.632537799366	556.081537799366	366	RICH
556.081537799366	556.939537799366	349	PURCHASED
556.939537799366	557.049537799366	99999	sp
557.049537799366	557.647537799366	374	SEVERAL
557.647537799366	558.3665377993659	382	SIGNED
558.3665377993659	558.406537799366	99999	sp
558.406537799366	558.944537799366	88888	UM
558.944537799366	559.563537799366	99999	sp
559.563537799366	560.511537799366	245	LITHOGRAPHS
560.511537799366	570.1926530612245	99999	sp
570.1926530612245	570.4026530612246	434	THE
570.4026530612246	570.9316530612246	369	ROSE
570.9316530612246	571.6596530612245	106	CORSAGE
571.6596530612245	572.4476530612245	393	SMELLED
572.4476530612245	572.9566530612245	421	SWEET
572.9566530612245	580.8879818594104	99999	sp
580.8879818594104	581.0879818594103	434	THE
581.0879818594103	581.5269818594104	475	WATER
581.5269818594104	582.1859818594104	103	CONTAINED
582.1859818594104	582.4449818594104	448	TOO
582.4449818594104	582.7839818594103	269	MUCH
582.7839818594103	583.4329818594103	90	CHLORINE
583.4329818594103	583.6219818594104	20	AND
583.6219818594104	583.9709818594104	409	STUNG
583.9709818594104	584.1609818594104	208	HIS
584.1609818594104	584.6799818594104	149	EYES
584.6799818594104	593.3562811791384	99999	sp
593.3562811791384	593.4962811791384	224	IS
593.4962811791384	593.7652811791384	375	SHE
593.7652811791384	594.0742811791383	187	GOING
594.0742811791383	594.2542811791384	487	WITH
594.2542811791384	594.5132811791384	495	YOU
594.5132811791384	836.2127891156463	99999	sp
836.2127891156463	836.6517891156462	438	THEY
836.6517891156462	836.7117891156463	317	OWN
836.7117891156463	836.7907891156462	1	A
836.7907891156462	837.1107891156463	52	BIG
837.1107891156463	837.5097891156463	209	HOUSE
837.5097891156463	837.6087891156462	217	IN
837.6087891156462	837.6787891156463	434	THE
837.6787891156463	838.0877891156463	361	REMOTE
838.0877891156463	838.9657891156462	109	COUNTRYSIDE
838.9657891156462	883.3227210884354	99999	sp
