64.21224489795918	64.38224489795918	49	DH	21
64.38224489795918	64.41224489795918	6	AH0	21
64.41224489795918	64.57224489795918	67	W	21
64.57224489795918	64.68124489795917	10	AO1	21
64.68124489795917	64.73124489795919	64	T	21
64.73124489795919	64.85124489795919	21	ER0	21
64.85124489795919	64.95124489795919	54	K	21
64.95124489795919	65.00124489795918	6	AH0	21
65.00124489795918	65.07124489795919	58	N	21
65.07124489795919	65.19024489795919	64	T	21
65.19024489795919	65.37024489795918	25	EY1	21
65.37024489795918	65.48024489795918	58	N	21
65.48024489795918	65.51024489795918	48	D	21
65.51024489795918	65.63924489795917	64	T	21
65.63924489795917	65.76924489795918	44	UW1	21
65.76924489795918	65.84924489795918	57	M	21
65.84924489795918	65.94924489795918	7	AH1	21
65.94924489795918	66.10824489795918	47	CH	21
66.10824489795918	66.25824489795917	54	K	21
66.25824489795917	66.28824489795917	56	L	21
66.28824489795917	66.40824489795918	10	AO1	21
66.40824489795918	66.50724489795918	61	R	21
66.50724489795918	66.65724489795917	31	IY0	21
66.65724489795917	66.75724489795918	58	N	21
66.75724489795918	66.85624489795919	4	AE1	21
66.85624489795919	66.91624489795919	58	N	21
66.91624489795919	66.94624489795919	48	D	21
66.94624489795919	67.05624489795917	62	S	21
67.05624489795917	67.09624489795918	64	T	21
67.09624489795918	67.20624489795918	7	AH1	21
67.20624489795918	67.29524489795918	59	NG	21
67.29524489795918	67.38524489795918	52	HH	21
67.38524489795918	67.41524489795918	6	AH0	21
67.41524489795918	67.48524489795918	69	Z	21
67.48524489795918	67.84424489795919	16	AY1	21
67.84424489795919	68.00424489795918	69	Z	21
76.96195011337869	76.98195011337869	74	sp	22
76.98195011337869	77.11195011337868	53	JH	22
77.11195011337868	77.3109501133787	1	AA1	22
77.3109501133787	77.38095011337869	58	N	22
77.38095011337869	77.44095011337869	69	Z	22
77.44095011337869	77.50095011337869	46	B	22
77.50095011337869	77.54095011337868	61	R	22
77.54095011337868	77.63995011337869	7	AH1	22
77.63995011337869	77.71995011337869	49	DH	22
77.71995011337869	77.83995011337869	21	ER0	22
77.83995011337869	77.91995011337869	61	R	22
77.91995011337869	78.03895011337869	31	IY0	22
78.03895011337869	78.16895011337868	60	P	22
78.16895011337868	78.2689501133787	25	EY1	22
78.2689501133787	78.34895011337869	58	N	22
78.34895011337869	78.45895011337869	64	T	22
78.45895011337869	78.54795011337869	6	AH0	22
78.54795011337869	78.5879501133787	48	D	22
78.5879501133787	78.65795011337869	49	DH	22
78.65795011337869	78.6979501133787	6	AH0	22
78.6979501133787	78.78795011337868	51	G	22
78.78795011337868	78.91695011337869	21	ER0	22
78.91695011337869	79.08695011337869	1	AA1	22
79.08695011337869	79.21695011337869	70	ZH	22
79.21695011337869	79.27695011337869	48	D	22
79.27695011337869	79.4059501133787	10	AO1	22
79.4059501133787	79.50595011337869	61	R	22
89.6249433106576	89.7649433106576	47	CH	23
89.7649433106576	89.89494331065761	4	AE1	23
89.89494331065761	89.9449433106576	56	L	23
89.9449433106576	90.00494331065761	6	AH0	23
90.00494331065761	90.09394331065761	58	N	23
90.09394331065761	90.1739433106576	53	JH	23
90.1739433106576	90.3139433106576	32	IY1	23
90.3139433106576	90.49294331065761	47	CH	23
90.49294331065761	90.5929433106576	53	JH	23
90.5929433106576	90.6529433106576	19	EH1	23
90.6529433106576	90.71294331065761	58	N	23
90.71294331065761	90.74294331065761	21	ER0	23
90.74294331065761	90.77294331065761	6	AH0	23
90.77294331065761	90.8929433106576	56	L	23
90.8929433106576	90.9419433106576	69	Z	23
90.9419433106576	90.97194331065761	29	IH2	23
90.97194331065761	91.0519433106576	58	N	23
91.0519433106576	91.1319433106576	64	T	23
91.1319433106576	91.17194331065761	19	EH1	23
91.17194331065761	91.2919433106576	56	L	23
91.2919433106576	91.3319433106576	6	AH0	23
91.3319433106576	91.4409433106576	53	JH	23
91.4409433106576	91.51094331065761	6	AH0	23
91.51094331065761	91.6409433106576	58	N	23
91.6409433106576	91.8399433106576	62	S	23
102.73514739229024	102.90414739229024	5	AE2	24
102.90414739229024	103.01414739229024	57	M	24
103.01414739229024	103.05414739229023	46	B	24
103.05414739229023	103.14414739229024	6	AH0	24
103.14414739229024	103.18414739229024	48	D	24
103.18414739229024	103.29314739229024	19	EH1	24
103.29314739229024	103.36314739229024	54	K	24
103.36314739229024	103.45314739229023	62	S	24
103.45314739229023	103.48314739229023	64	T	24
103.48314739229023	103.54314739229024	61	R	24
103.54314739229024	103.59314739229023	6	AH0	24
103.59314739229023	103.79214739229023	62	S	24
103.79214739229023	103.82214739229023	74	sp	24
103.82214739229023	103.94214739229024	60	P	24
103.94214739229024	104.02214739229024	28	IH1	24
104.02214739229024	104.19114739229023	54	K	24
104.19114739229023	104.22114739229023	60	P	24
104.22114739229023	104.34114739229024	2	AA2	24
104.34114739229024	104.45114739229024	54	K	24
104.45114739229024	104.53114739229024	6	AH0	24
104.53114739229024	104.58114739229023	64	T	24
104.58114739229023	104.66014739229024	62	S	24
104.66014739229024	104.71014739229024	6	AH0	24
104.71014739229024	104.84014739229023	54	K	24
104.84014739229023	104.98014739229023	1	AA1	24
104.98014739229023	105.01014739229024	57	M	24
105.01014739229024	105.07914739229024	60	P	24
105.07914739229024	105.13914739229024	56	L	24
105.13914739229024	105.16914739229024	27	IH0	24
105.16914739229024	105.29914739229024	63	SH	24
105.29914739229024	105.39914739229023	57	M	24
105.39914739229023	105.51814739229023	10	AO1	24
105.51814739229023	105.63814739229024	61	R	24
114.58700680272109	114.63700680272109	74	sp	25
114.63700680272109	114.7070068027211	6	AH0	25
114.7070068027211	114.8970068027211	57	M	25
114.8970068027211	114.9870068027211	7	AH1	25
114.9870068027211	115.1260068027211	62	S	25
115.1260068027211	115.1660068027211	54	K	25
115.1660068027211	115.2160068027211	68	Y	25
115.2160068027211	115.25600680272109	6	AH0	25
115.25600680272109	115.28600680272109	56	L	25
115.28600680272109	115.4360068027211	21	ER0	25
115.4360068027211	115.65500680272109	4	AE1	25
115.65500680272109	115.7350068027211	46	B	25
115.7350068027211	115.7750068027211	48	D	25
115.7750068027211	115.82500680272109	6	AH0	25
115.82500680272109	115.91400680272109	57	M	25
115.91400680272109	116.0640068027211	6	AH0	25
116.0640068027211	116.16400680272109	58	N	25
116.16400680272109	116.3140068027211	28	IH1	25
116.3140068027211	116.4130068027211	69	Z	25
116.4130068027211	116.53300680272109	51	G	25
116.53300680272109	116.6030068027211	41	UH1	25
116.6030068027211	116.64300680272109	48	D	25
116.64300680272109	116.7430068027211	50	F	25
116.7430068027211	116.82200680272109	21	ER0	25
116.82200680272109	116.85200680272109	68	Y	25
116.85200680272109	116.9120068027211	41	UH1	25
116.9120068027211	116.9420068027211	61	R	25
116.9420068027211	117.0020068027211	46	B	25
117.0020068027211	117.2510068027211	4	AE1	25
117.2510068027211	117.30100680272109	54	K	25
127.42521541950113	127.58421541950113	49	DH	26
127.58421541950113	127.86421541950114	25	EY1	26
127.86421541950114	127.89421541950114	35	OW1	26
127.89421541950114	127.92421541950112	58	N	26
127.92421541950112	128.00321541950115	6	AH0	26
128.00321541950115	128.11321541950113	46	B	26
128.11321541950113	128.25321541950115	28	IH1	26
128.25321541950115	128.32321541950114	51	G	26
128.32321541950114	128.42221541950113	52	HH	26
128.42221541950113	128.59221541950114	13	AW1	26
128.59221541950114	128.72221541950114	62	S	26
128.72221541950114	128.76221541950113	6	AH0	26
128.76221541950113	128.82121541950113	58	N	26
128.82121541950113	128.86121541950115	49	DH	26
128.86121541950115	128.89121541950112	7	AH1	26
128.89121541950112	128.96121541950112	61	R	26
128.96121541950112	128.99121541950115	6	AH0	26
128.99121541950115	129.10121541950113	57	M	26
129.10121541950113	129.25121541950114	35	OW1	26
129.25121541950114	129.30021541950111	64	T	26
129.30021541950111	129.40021541950114	54	K	26
129.40021541950114	129.48021541950112	7	AH1	26
129.48021541950112	129.53021541950113	58	N	26
129.53021541950113	129.57021541950112	64	T	26
129.57021541950112	129.67021541950112	61	R	26
129.67021541950112	129.69921541950112	31	IY0	26
129.69921541950112	129.84921541950115	62	S	26
129.84921541950115	130.03921541950115	17	AY2	26
130.03921541950115	130.17821541950113	48	D	26
139.46539682539682	139.62539682539682	49	DH	27
139.62539682539682	139.67539682539683	6	AH0	27
139.67539682539683	139.99439682539682	61	R	27
139.99439682539682	140.02439682539682	35	OW1	27
140.02439682539682	140.20439682539683	69	Z	27
140.20439682539683	140.40339682539684	54	K	27
140.40339682539684	140.47339682539683	9	AO0	27
140.47339682539683	140.52339682539682	61	R	27
140.52339682539682	140.76239682539682	62	S	27
140.76239682539682	140.82239682539682	1	AA1	27
140.82239682539682	140.93239682539684	70	ZH	27
140.93239682539684	141.46139682539683	62	S	27
141.46139682539683	141.53139682539683	57	M	27
141.53139682539683	141.56139682539683	19	EH1	27
141.56139682539683	141.69039682539682	56	L	27
141.69039682539682	141.72039682539682	48	D	27
141.72039682539682	141.89039682539683	62	S	27
141.89039682539683	141.96039682539683	67	W	27
141.96039682539683	142.18939682539684	32	IY1	27
142.18939682539684	142.22939682539683	64	T	27
152.117641723356	152.247641723356	49	DH	28
152.247641723356	152.40764172335602	4	AE1	28
152.40764172335602	152.476641723356	64	T	28
152.476641723356	152.62664172335602	60	P	28
152.62664172335602	152.71664172335602	28	IH1	28
152.71664172335602	152.886641723356	54	K	28
152.886641723356	152.915641723356	60	P	28
152.915641723356	153.005641723356	2	AA2	28
153.005641723356	153.135641723356	54	K	28
153.135641723356	153.225641723356	6	AH0	28
153.225641723356	153.255641723356	64	T	28
153.255641723356	153.30564172335602	67	W	28
153.30564172335602	153.33464172335601	6	AH0	28
153.33464172335601	153.42464172335602	69	Z	28
153.42464172335602	153.57464172335602	54	K	28
153.57464172335602	153.783641723356	1	AA1	28
153.783641723356	153.813641723356	64	T	28
153.813641723356	153.95364172335601	61	R	28
153.95364172335601	154.07364172335602	19	EH1	28
154.07364172335602	154.10364172335602	48	D	28
154.10364172335602	154.173641723356	52	HH	28
154.173641723356	154.302641723356	4	AE1	28
154.302641723356	154.372641723356	58	N	28
154.372641723356	154.41264172335602	48	D	28
154.41264172335602	154.522641723356	6	AH0	28
154.522641723356	154.65164172335602	48	D	28
166.14857142857142	166.35757142857142	4	AE1	29
166.35757142857142	166.38757142857142	58	N	29
166.38757142857142	166.41757142857142	6	AH0	29
166.41757142857142	166.4975714285714	48	D	29
166.4975714285714	166.53757142857143	7	AH1	29
166.53757142857143	166.69757142857142	56	L	29
166.69757142857142	166.72757142857142	64	T	29
166.72757142857142	166.83657142857143	57	M	29
166.83657142857143	166.96657142857143	25	EY1	29
166.96657142857143	167.19657142857142	56	L	29
167.19657142857142	167.7845714285714	74	sp	29
167.7845714285714	167.82457142857143	46	B	29
167.82457142857143	167.98457142857143	3	AE0	29
167.98457142857143	168.0945714285714	46	B	29
168.0945714285714	168.23357142857142	44	UW1	29
168.23357142857142	168.33357142857142	58	N	29
168.33357142857142	168.5335714285714	69	Z	29
168.5335714285714	168.56257142857143	64	T	29
168.56257142857143	168.73257142857142	32	IY1	29
168.73257142857142	168.81257142857143	65	TH	29
168.81257142857143	168.88257142857142	1	AA1	29
168.88257142857142	168.95257142857142	61	R	29
168.95257142857142	169.07157142857142	58	N	29
169.07157142857142	169.2315714285714	1	AA1	29
169.2315714285714	169.26157142857141	64	T	29
169.26157142857141	169.3915714285714	62	S	29
169.3915714285714	169.49057142857143	44	UW1	29
169.49057142857143	169.52057142857143	64	T	29
169.52057142857143	169.5705714285714	6	AH0	29
169.5705714285714	169.6105714285714	46	B	29
169.6105714285714	169.6405714285714	6	AH0	29
169.6405714285714	169.74057142857143	56	L	29
169.74057142857143	169.8505714285714	50	F	29
169.8505714285714	169.91957142857143	21	ER0	29
169.91957142857143	170.05957142857142	32	IY1	29
170.05957142857142	170.08957142857142	64	T	29
170.08957142857142	170.11957142857142	27	IH0	29
170.11957142857142	170.2195714285714	59	NG	29
170.2195714285714	170.35857142857142	63	SH	29
170.35857142857142	170.42857142857142	19	EH1	29
170.42857142857142	170.51857142857142	56	L	29
170.51857142857142	170.64857142857142	50	F	29
170.64857142857142	170.78757142857143	29	IH2	29
170.78757142857143	171.04757142857142	63	SH	29
180.74530612244897	180.84430612244896	52	HH	30
180.84430612244896	180.90430612244896	22	ER1	30
180.90430612244896	180.93430612244896	67	W	30
180.93430612244896	181.15430612244896	10	AO1	30
181.15430612244896	181.19430612244898	61	R	30
181.19430612244898	181.34330612244898	48	D	30
181.34330612244898	181.44330612244897	61	R	30
181.44330612244897	181.50330612244898	36	OW2	30
181.50330612244898	181.55330612244896	46	B	30
181.55330612244896	181.63330612244897	54	K	30
181.63330612244897	181.67230612244896	6	AH0	30
181.67230612244896	181.72230612244897	58	N	30
181.72230612244897	181.88230612244897	62	S	30
181.88230612244897	181.97230612244897	28	IH1	30
181.97230612244897	182.16130612244896	62	S	30
182.16130612244896	182.24130612244898	7	AH1	30
182.24130612244898	182.38130612244896	66	V	30
182.38130612244896	182.53130612244897	35	OW1	30
182.53130612244897	182.56030612244896	58	N	30
182.56030612244896	182.61030612244897	56	L	30
182.61030612244897	182.66030612244896	31	IY0	30
182.66030612244896	182.83030612244897	62	S	30
182.83030612244897	182.88030612244896	54	K	30
182.88030612244896	183.08930612244896	22	ER1	30
183.08930612244896	183.12930612244898	64	T	30
183.12930612244898	183.25930612244898	62	S	30
183.25930612244898	183.30930612244896	4	AE1	30
183.30930612244896	183.43830612244898	58	N	30
183.43830612244898	183.46830612244898	48	D	30
183.46830612244898	183.49830612244898	46	B	30
183.49830612244898	183.52830612244898	56	L	30
183.52830612244898	183.69830612244897	13	AW1	30
183.69830612244897	183.84830612244897	62	S	30
183.84830612244897	183.90730612244897	6	AH0	30
183.90730612244897	184.16730612244896	69	Z	30
193.51038548752834	193.65938548752834	49	DH	31
193.65938548752834	193.69938548752833	6	AH0	31
193.69938548752833	193.90938548752834	64	T	31
193.90938548752834	194.04838548752832	44	UW1	31
194.04838548752832	194.25838548752833	1	AA1	31
194.25838548752833	194.29838548752832	61	R	31
194.29838548752832	194.33838548752834	64	T	31
194.33838548752834	194.39838548752834	6	AH0	31
194.39838548752834	194.51738548752834	62	S	31
194.51738548752834	194.55738548752834	27	IH0	31
194.55738548752834	194.61738548752834	54	K	31
194.61738548752834	194.82738548752835	62	S	31
194.82738548752835	194.88638548752834	47	CH	31
194.88638548752834	195.06638548752832	25	EY1	31
195.06638548752832	195.14638548752833	58	N	31
195.14638548752833	195.26638548752834	53	JH	31
195.26638548752834	195.29638548752834	48	D	31
195.29638548752834	195.45538548752833	10	AO1	31
195.45538548752833	195.49538548752832	64	T	31
195.49538548752832	195.52538548752833	6	AH0	31
195.52538548752833	195.55538548752833	51	G	31
195.55538548752833	195.80438548752832	61	R	31
195.80438548752832	195.83438548752832	5	AE2	31
195.83438548752832	195.88438548752833	50	F	31
195.88438548752833	196.05438548752832	62	S	31
205.97659863945577	206.06659863945578	46	B	32
206.06659863945578	206.16659863945577	7	AH1	32
206.16659863945577	206.19659863945577	64	T	32
206.19659863945577	206.27559863945575	21	ER0	32
206.27559863945575	206.39559863945576	62	S	32
206.39559863945576	206.44559863945577	54	K	32
206.44559863945577	206.62559863945577	2	AA2	32
206.62559863945577	206.74459863945577	47	CH	32
206.74459863945577	206.93459863945577	50	F	32
206.93459863945577	207.11359863945577	7	AH1	32
207.11359863945577	207.32359863945575	53	JH	32
207.32359863945575	207.42359863945578	51	G	32
207.42359863945578	207.53259863945576	35	OW1	32
207.53259863945576	207.64259863945577	69	Z	32
207.64259863945577	207.76259863945577	67	W	32
207.76259863945577	207.84259863945576	19	EH1	32
207.84259863945576	207.99159863945576	56	L	32
207.99159863945576	208.02159863945576	67	W	32
208.02159863945576	208.06159863945575	28	IH1	32
208.06159863945575	208.14159863945576	65	TH	32
208.14159863945576	208.19159863945578	66	V	32
208.19159863945578	208.22159863945575	6	AH0	32
208.22159863945575	208.30159863945576	58	N	32
208.30159863945576	208.34159863945575	28	IH1	32
208.34159863945575	208.38159863945577	56	L	32
208.38159863945577	208.43059863945575	6	AH0	32
208.43059863945575	208.72059863945577	16	AY1	32
208.72059863945577	208.83959863945577	62	S	32
208.83959863945577	208.88959863945576	54	K	32
208.88959863945576	208.98959863945575	61	R	32
208.98959863945575	209.01959863945575	32	IY1	32
209.01959863945575	209.17959863945578	57	M	32
220.51258315083993	220.53258315083994	74	sp	33
220.53258315083994	220.73158315083992	61	R	33
220.73158315083992	220.77158315083994	28	IH1	33
220.77158315083994	220.98158315083992	47	CH	33
220.98158315083992	221.12158315083994	60	P	33
221.12158315083994	221.26058315083992	22	ER1	33
221.26058315083992	221.44058315083993	47	CH	33
221.44058315083993	221.51058315083992	6	AH0	33
221.51058315083992	221.80958315083993	62	S	33
221.80958315083993	221.83958315083993	64	T	33
221.83958315083993	221.94958315083994	74	sp	33
221.94958315083994	222.13858315083993	62	S	33
222.13858315083993	222.24858315083992	19	EH1	33
222.24858315083992	222.30858315083992	66	V	33
222.30858315083992	222.34858315083994	61	R	33
222.34858315083994	222.37858315083994	6	AH0	33
222.37858315083994	222.54758315083993	56	L	33
222.54758315083993	222.74758315083994	62	S	33
222.74758315083994	223.03658315083993	16	AY1	33
223.03658315083993	223.20658315083992	58	N	33
223.20658315083992	223.26658315083992	48	D	33
223.26658315083992	223.30658315083994	74	sp	33
223.30658315083994	223.61558315083994	7	AH1	33
223.61558315083994	223.84458315083992	57	M	33
223.84458315083992	224.46358315083992	74	sp	33
224.46358315083992	224.54358315083994	56	L	33
224.54358315083994	224.58358315083993	28	IH1	33
224.58358315083993	224.71258315083992	65	TH	33
224.71258315083992	224.83258315083992	6	AH0	33
224.83258315083992	224.86258315083992	51	G	33
224.86258315083992	224.95258315083993	61	R	33
224.95258315083993	225.11158315083992	5	AE2	33
225.11158315083992	225.21158315083994	50	F	33
225.21158315083994	225.41158315083993	62	S	33
277.0615873015873	277.1015873015873	74	sp	34
277.1015873015873	277.2115873015873	19	EH1	34
277.2115873015873	277.2415873015873	58	N	34
277.2415873015873	277.3505873015873	31	IY0	34
277.3505873015873	277.4905873015873	54	K	34
277.4905873015873	277.59058730158733	2	AA2	34
277.59058730158733	277.6205873015873	58	N	34
277.6205873015873	277.6705873015873	64	T	34
277.6705873015873	277.7095873015873	61	R	34
277.7095873015873	277.7495873015873	6	AH0	34
277.7495873015873	277.8095873015873	46	B	34
277.8095873015873	277.8395873015873	68	Y	34
277.8395873015873	277.9395873015873	44	UW1	34
277.9395873015873	278.0895873015873	63	SH	34
278.0895873015873	278.1485873015873	6	AH0	34
278.1485873015873	278.2285873015873	58	N	34
278.2285873015873	278.2885873015873	69	Z	34
278.2885873015873	278.3185873015873	67	W	34
278.3185873015873	278.3485873015873	6	AH0	34
278.3485873015873	278.4485873015873	56	L	34
278.4485873015873	278.4885873015873	46	B	34
278.4885873015873	278.6375873015873	31	IY0	34
278.6375873015873	278.7175873015873	51	G	34
278.7175873015873	278.8075873015873	61	R	34
278.8075873015873	278.8975873015873	25	EY1	34
278.8975873015873	278.9275873015873	64	T	34
278.9275873015873	279.0165873015873	56	L	34
279.0165873015873	279.1065873015873	31	IY0	34
279.1065873015873	279.1465873015873	6	AH0	34
279.1465873015873	279.25658730158733	60	P	34
279.25658730158733	279.2965873015873	61	R	34
279.2965873015873	279.3765873015873	32	IY1	34
279.3765873015873	279.5155873015873	63	SH	34
279.5155873015873	279.5555873015873	31	IY0	34
279.5555873015873	279.6655873015873	26	EY2	34
279.6655873015873	279.6955873015873	64	T	34
279.6955873015873	279.8155873015873	6	AH0	34
279.8155873015873	279.9045873015873	48	D	34
290.9332426303855	290.9822426303855	49	DH	35
290.9822426303855	291.0122426303855	6	AH0	35
291.0122426303855	291.1622426303855	54	K	35
291.1622426303855	291.1922426303855	61	R	35
291.1922426303855	291.3522426303855	4	AE1	35
291.3522426303855	291.4112426303855	58	N	35
291.4112426303855	291.4412426303855	46	B	35
291.4412426303855	291.5312426303855	20	EH2	35
291.5312426303855	291.6412426303855	61	R	35
291.6412426303855	291.8902426303855	31	IY0	35
291.8902426303855	292.3992426303855	74	sp	35
292.3992426303855	292.5892426303855	46	B	35
292.5892426303855	292.9182426303855	1	AA1	35
292.9182426303855	293.1082426303855	51	G	35
293.1082426303855	293.2472426303855	51	G	35
293.2472426303855	293.3672426303855	28	IH1	35
293.3672426303855	293.4172426303855	64	T	35
293.4172426303855	293.5372426303855	62	S	35
293.5372426303855	293.5962426303855	66	V	35
293.5962426303855	293.7462426303855	19	EH1	35
293.7462426303855	293.7862426303855	61	R	35
293.7862426303855	293.8862426303855	31	IY0	35
293.8862426303855	294.0352426303855	60	P	35
294.0352426303855	294.1352426303855	61	R	35
294.1352426303855	294.1652426303855	28	IH1	35
294.1652426303855	294.1952426303855	64	T	35
294.1952426303855	294.2852426303855	31	IY0	35
294.2852426303855	294.3452426303855	28	IH1	35
294.3452426303855	294.4152426303855	58	N	35
294.4152426303855	294.5842426303855	10	AO1	35
294.5842426303855	294.6342426303855	64	T	35
294.6342426303855	294.6842426303855	6	AH0	35
294.6842426303855	294.8542426303855	57	M	35
304.6936054421769	304.7836054421769	52	HH	36
304.7836054421769	304.8826054421769	13	AW1	36
304.8826054421769	304.9326054421769	48	D	36
304.9326054421769	305.0226054421769	44	UW1	36
305.0226054421769	305.1826054421769	38	OY1	36
305.1826054421769	305.3226054421769	62	S	36
305.3226054421769	305.3516054421769	64	T	36
305.3516054421769	305.4116054421769	21	ER0	36
305.4116054421769	305.51160544217686	69	Z	36
305.51160544217686	305.5916054421769	57	M	36
305.5916054421769	305.7116054421769	25	EY1	36
305.7116054421769	305.7416054421769	54	K	36
305.7416054421769	305.8706054421769	60	P	36
305.8706054421769	306.0206054421769	22	ER1	36
306.0206054421769	306.1906054421769	56	L	36
306.1906054421769	306.3496054421769	69	Z	36
315.25090702947847	315.28090702947844	74	sp	37
315.28090702947844	315.35090702947844	57	M	37
315.35090702947844	315.4309070294785	25	EY1	37
315.4309070294785	315.56990702947843	16	AY1	37
315.56990702947843	315.7599070294784	10	AO1	37
315.7599070294784	315.80990702947844	61	R	37
315.80990702947844	315.83990702947847	48	D	37
315.83990702947847	316.04890702947847	21	ER0	37
316.04890702947847	316.21890702947843	25	EY1	37
316.21890702947843	316.3489070294784	60	P	37
316.3489070294784	316.48790702947844	1	AA1	37
316.48790702947844	316.53790702947845	61	R	37
316.53790702947845	316.6979070294785	50	F	37
316.6979070294785	316.9069070294785	25	EY1	37
316.9069070294785	317.0969070294785	4	AE1	37
317.0969070294785	317.16690702947847	50	F	37
317.16690702947847	317.26690702947843	64	T	37
317.26690702947843	317.33590702947845	21	ER0	37
317.33590702947845	317.40590702947844	16	AY1	37
317.40590702947844	317.5459070294784	32	IY1	37
317.5459070294784	317.57590702947846	64	T	37
317.57590702947846	317.6159070294785	48	D	37
317.6159070294785	317.70590702947845	28	IH1	37
317.70590702947845	317.73490702947845	58	N	37
317.73490702947845	317.8949070294785	21	ER0	37
326.1196371882086	326.22963718820864	28	IH1	38
326.22963718820864	326.2596371882086	69	Z	38
326.2596371882086	326.4186371882086	63	SH	38
326.4186371882086	326.5286371882086	32	IY1	38
326.5286371882086	326.6486371882086	51	G	38
326.6486371882086	326.68863718820865	35	OW1	38
326.68863718820865	326.78763718820863	6	AH0	38
326.78763718820863	326.83763718820865	58	N	38
326.83763718820865	326.8676371882086	67	W	38
326.8676371882086	326.8976371882086	28	IH1	38
326.8976371882086	327.0176371882086	65	TH	38
327.0176371882086	327.1476371882086	68	Y	38
327.1476371882086	327.2766371882086	44	UW1	38
336.9102947845805	337.02029478458047	54	K	39
337.02029478458047	337.0802947845805	4	AE1	39
337.0802947845805	337.1202947845805	58	N	39
337.1202947845805	337.1592947845805	49	DH	39
337.1592947845805	337.2092947845805	6	AH0	39
337.2092947845805	337.3992947845805	25	EY1	39
337.3992947845805	337.42929478458046	53	JH	39
337.42929478458046	337.4592947845805	6	AH0	39
337.4592947845805	337.5192947845805	58	N	39
337.5192947845805	337.6482947845805	62	S	39
337.6482947845805	337.82829478458046	31	IY0	39
337.82829478458046	337.9282947845805	35	OW1	39
337.9282947845805	338.01829478458046	66	V	39
338.01829478458046	338.1272947845805	21	ER0	39
338.1272947845805	338.2772947845805	65	TH	39
338.2772947845805	338.4372947845805	61	R	39
338.4372947845805	338.4662947845805	36	OW2	39
338.4662947845805	338.6162947845805	25	EY1	39
338.6162947845805	338.68629478458047	56	L	39
338.68629478458047	338.7862947845805	31	IY0	39
338.7862947845805	338.8362947845805	6	AH0	39
338.8362947845805	338.8862947845805	58	N	39
338.8862947845805	339.0152947845805	50	F	39
339.0152947845805	339.1252947845805	10	AO1	39
339.1252947845805	339.1752947845805	61	R	39
339.1752947845805	339.2952947845805	62	S	39
339.2952947845805	339.3742947845805	6	AH0	39
339.3742947845805	339.6442947845805	69	Z	39
371.43718820861676	371.52718820861674	46	B	32
371.52718820861674	371.62718820861676	7	AH1	32
371.62718820861676	371.65718820861673	64	T	32
371.65718820861673	371.73618820861674	21	ER0	32
371.73618820861674	371.85618820861674	62	S	32
371.85618820861674	371.90618820861675	54	K	32
371.90618820861675	372.08618820861676	2	AA2	32
372.08618820861676	372.20518820861673	47	CH	32
372.20518820861673	372.3951882086168	50	F	32
372.3951882086168	372.57418820861676	7	AH1	32
372.57418820861676	372.78418820861674	53	JH	32
372.78418820861674	372.88418820861676	51	G	32
372.88418820861676	372.99318820861674	35	OW1	32
372.99318820861674	373.10318820861676	69	Z	32
373.10318820861676	373.22318820861676	67	W	32
373.22318820861676	373.30318820861675	19	EH1	32
373.30318820861675	373.45218820861675	56	L	32
373.45218820861675	373.4821882086168	67	W	32
373.4821882086168	373.52218820861674	28	IH1	32
373.52218820861674	373.6021882086168	65	TH	32
373.6021882086168	373.65218820861674	66	V	32
373.65218820861674	373.6821882086167	6	AH0	32
373.6821882086167	373.76218820861675	58	N	32
373.76218820861675	373.8021882086167	28	IH1	32
373.8021882086167	373.8421882086168	56	L	32
373.8421882086168	373.89118820861677	6	AH0	32
373.89118820861677	374.18118820861673	16	AY1	32
374.18118820861673	374.30018820861676	62	S	32
374.30018820861676	374.3501882086167	54	K	32
374.3501882086167	374.45018820861674	61	R	32
374.45018820861674	374.4801882086167	32	IY1	32
374.4801882086167	374.6401882086168	57	M	32
384.3609070294784	384.40090702947845	74	sp	34
384.40090702947845	384.51090702947846	19	EH1	34
384.51090702947846	384.54090702947843	58	N	34
384.54090702947843	384.64990702947847	31	IY0	34
384.64990702947847	384.78990702947846	54	K	34
384.78990702947846	384.8899070294785	2	AA2	34
384.8899070294785	384.91990702947845	58	N	34
384.91990702947845	384.96990702947846	64	T	34
384.96990702947846	385.00890702947845	61	R	34
385.00890702947845	385.04890702947847	6	AH0	34
385.04890702947847	385.1089070294785	46	B	34
385.1089070294785	385.13890702947845	68	Y	34
385.13890702947845	385.23890702947847	44	UW1	34
385.23890702947847	385.38890702947845	63	SH	34
385.38890702947845	385.4479070294785	6	AH0	34
385.4479070294785	385.52790702947846	58	N	34
385.52790702947846	385.58790702947846	69	Z	34
385.58790702947846	385.61790702947843	67	W	34
385.61790702947843	385.64790702947846	6	AH0	34
385.64790702947846	385.7479070294784	56	L	34
385.7479070294784	385.78790702947845	46	B	34
385.78790702947845	385.93690702947845	31	IY0	34
385.93690702947845	386.01690702947843	51	G	34
386.01690702947843	386.10690702947846	61	R	34
386.10690702947846	386.19690702947844	25	EY1	34
386.19690702947844	386.22690702947847	64	T	34
386.22690702947847	386.31590702947847	56	L	34
386.31590702947847	386.40590702947844	31	IY0	34
386.40590702947844	386.44590702947846	6	AH0	34
386.44590702947846	386.5559070294785	60	P	34
386.5559070294785	386.59590702947844	61	R	34
386.59590702947844	386.6759070294784	32	IY1	34
386.6759070294784	386.81490702947843	63	SH	34
386.81490702947843	386.85490702947845	31	IY0	34
386.85490702947845	386.96490702947847	26	EY2	34
386.96490702947847	386.99490702947844	64	T	34
386.99490702947844	387.11490702947845	6	AH0	34
387.11490702947845	387.20390702947844	48	D	34
406.02213151927435	406.1321315192743	54	K	39
406.1321315192743	406.1921315192743	4	AE1	39
406.1921315192743	406.23213151927433	58	N	39
406.23213151927433	406.2711315192743	49	DH	39
406.2711315192743	406.32113151927433	6	AH0	39
406.32113151927433	406.51113151927433	25	EY1	39
406.51113151927433	406.5411315192743	53	JH	39
406.5411315192743	406.57113151927433	6	AH0	39
406.57113151927433	406.63113151927433	58	N	39
406.63113151927433	406.76013151927435	62	S	39
406.76013151927435	406.9401315192743	31	IY0	39
406.9401315192743	407.0401315192743	35	OW1	39
407.0401315192743	407.1301315192743	66	V	39
407.1301315192743	407.23913151927434	21	ER0	39
407.23913151927434	407.3891315192743	65	TH	39
407.3891315192743	407.54913151927434	61	R	39
407.54913151927434	407.57813151927434	36	OW2	39
407.57813151927434	407.7281315192743	25	EY1	39
407.7281315192743	407.7981315192743	56	L	39
407.7981315192743	407.89813151927433	31	IY0	39
407.89813151927433	407.94813151927434	6	AH0	39
407.94813151927434	407.99813151927435	58	N	39
407.99813151927435	408.1271315192743	50	F	39
408.1271315192743	408.2371315192743	10	AO1	39
408.2371315192743	408.28713151927434	61	R	39
408.28713151927434	408.40713151927434	62	S	39
408.40713151927434	408.48613151927435	6	AH0	39
408.48613151927435	408.75613151927433	69	Z	39
418.38467120181406	418.55367120181404	5	AE2	24
418.55367120181404	418.66367120181405	57	M	24
418.66367120181405	418.7036712018141	46	B	24
418.7036712018141	418.79367120181405	6	AH0	24
418.79367120181405	418.83367120181407	48	D	24
418.83367120181407	418.94267120181405	19	EH1	24
418.94267120181405	419.0126712018141	54	K	24
419.0126712018141	419.1026712018141	62	S	24
419.1026712018141	419.13267120181405	64	T	24
419.13267120181405	419.19267120181405	61	R	24
419.19267120181405	419.24267120181406	6	AH0	24
419.24267120181406	419.4416712018141	62	S	24
419.4416712018141	419.47167120181405	74	sp	24
419.47167120181405	419.59167120181405	60	P	24
419.59167120181405	419.6716712018141	28	IH1	24
419.6716712018141	419.8406712018141	54	K	24
419.8406712018141	419.87067120181405	60	P	24
419.87067120181405	419.99067120181405	2	AA2	24
419.99067120181405	420.10067120181407	54	K	24
420.10067120181407	420.18067120181405	6	AH0	24
420.18067120181405	420.23067120181406	64	T	24
420.23067120181406	420.30967120181407	62	S	24
420.30967120181407	420.3596712018141	6	AH0	24
420.3596712018141	420.4896712018141	54	K	24
420.4896712018141	420.62967120181406	1	AA1	24
420.62967120181406	420.65967120181404	57	M	24
420.65967120181404	420.72867120181405	60	P	24
420.72867120181405	420.78867120181405	56	L	24
420.78867120181405	420.8186712018141	27	IH0	24
420.8186712018141	420.9486712018141	63	SH	24
420.9486712018141	421.04867120181405	57	M	24
421.04867120181405	421.1676712018141	10	AO1	24
421.1676712018141	421.2876712018141	61	R	24
430.74634920634924	430.7663492063492	74	sp	22
430.7663492063492	430.8963492063492	53	JH	22
430.8963492063492	431.0953492063492	1	AA1	22
431.0953492063492	431.1653492063492	58	N	22
431.1653492063492	431.2253492063492	69	Z	22
431.2253492063492	431.2853492063492	46	B	22
431.2853492063492	431.32534920634924	61	R	22
431.32534920634924	431.42434920634923	7	AH1	22
431.42434920634923	431.5043492063492	49	DH	22
431.5043492063492	431.6243492063492	21	ER0	22
431.6243492063492	431.7043492063492	61	R	22
431.7043492063492	431.82334920634923	31	IY0	22
431.82334920634923	431.95334920634923	60	P	22
431.95334920634923	432.05334920634925	25	EY1	22
432.05334920634925	432.13334920634924	58	N	22
432.13334920634924	432.24334920634925	64	T	22
432.24334920634925	432.33234920634925	6	AH0	22
432.33234920634925	432.3723492063492	48	D	22
432.3723492063492	432.44234920634926	49	DH	22
432.44234920634926	432.4823492063492	6	AH0	22
432.4823492063492	432.57234920634926	51	G	22
432.57234920634926	432.7013492063492	21	ER0	22
432.7013492063492	432.87134920634924	1	AA1	22
432.87134920634924	433.00134920634923	70	ZH	22
433.00134920634923	433.06134920634923	48	D	22
433.06134920634923	433.19034920634925	10	AO1	22
433.19034920634925	433.2903492063492	61	R	22
442.19827664399094	442.2972766439909	52	HH	30
442.2972766439909	442.35727664399093	22	ER1	30
442.35727664399093	442.38727664399096	67	W	30
442.38727664399096	442.60727664399093	10	AO1	30
442.60727664399093	442.64727664399095	61	R	30
442.64727664399095	442.79627664399095	48	D	30
442.79627664399095	442.896276643991	61	R	30
442.896276643991	442.9562766439909	36	OW2	30
442.9562766439909	443.00627664399093	46	B	30
443.00627664399093	443.0862766439909	54	K	30
443.0862766439909	443.1252766439909	6	AH0	30
443.1252766439909	443.17527664399097	58	N	30
443.17527664399097	443.33527664399094	62	S	30
443.33527664399094	443.42527664399097	28	IH1	30
443.42527664399097	443.61427664399093	62	S	30
443.61427664399093	443.694276643991	7	AH1	30
443.694276643991	443.83427664399096	66	V	30
443.83427664399096	443.98427664399094	35	OW1	30
443.98427664399094	444.01327664399093	58	N	30
444.01327664399093	444.06327664399095	56	L	30
444.06327664399095	444.11327664399096	31	IY0	30
444.11327664399096	444.2832766439909	62	S	30
444.2832766439909	444.3332766439909	54	K	30
444.3332766439909	444.54227664399093	22	ER1	30
444.54227664399093	444.58227664399095	64	T	30
444.58227664399095	444.71227664399095	62	S	30
444.71227664399095	444.76227664399096	4	AE1	30
444.76227664399096	444.891276643991	58	N	30
444.891276643991	444.92127664399095	48	D	30
444.92127664399095	444.9512766439909	46	B	30
444.9512766439909	444.98127664399095	56	L	30
444.98127664399095	445.15127664399097	13	AW1	30
445.15127664399097	445.30127664399095	62	S	30
445.30127664399095	445.3602766439909	6	AH0	30
445.3602766439909	445.6202766439909	69	Z	30
454.374693877551	454.504693877551	49	DH	28
454.504693877551	454.66469387755103	4	AE1	28
454.66469387755103	454.733693877551	64	T	28
454.733693877551	454.883693877551	60	P	28
454.883693877551	454.973693877551	28	IH1	28
454.973693877551	455.143693877551	54	K	28
455.143693877551	455.172693877551	60	P	28
455.172693877551	455.262693877551	2	AA2	28
455.262693877551	455.392693877551	54	K	28
455.392693877551	455.482693877551	6	AH0	28
455.482693877551	455.512693877551	64	T	28
455.512693877551	455.56269387755106	67	W	28
455.56269387755106	455.59169387755105	6	AH0	28
455.59169387755105	455.681693877551	69	Z	28
455.681693877551	455.83169387755106	54	K	28
455.83169387755106	456.040693877551	1	AA1	28
456.040693877551	456.070693877551	64	T	28
456.070693877551	456.210693877551	61	R	28
456.210693877551	456.330693877551	19	EH1	28
456.330693877551	456.36069387755106	48	D	28
456.36069387755106	456.430693877551	52	HH	28
456.430693877551	456.559693877551	4	AE1	28
456.559693877551	456.629693877551	58	N	28
456.629693877551	456.669693877551	48	D	28
456.669693877551	456.77969387755104	6	AH0	28
456.77969387755104	456.90869387755106	48	D	28
465.4602494331066	465.49024943310656	74	sp	37
465.49024943310656	465.56024943310655	57	M	37
465.56024943310655	465.6402494331066	25	EY1	37
465.6402494331066	465.77924943310654	16	AY1	37
465.77924943310654	465.96924943310654	10	AO1	37
465.96924943310654	466.01924943310655	61	R	37
466.01924943310655	466.0492494331066	48	D	37
466.0492494331066	466.2582494331066	21	ER0	37
466.2582494331066	466.42824943310654	25	EY1	37
466.42824943310654	466.55824943310654	60	P	37
466.55824943310654	466.69724943310655	1	AA1	37
466.69724943310655	466.74724943310656	61	R	37
466.74724943310656	466.9072494331066	50	F	37
466.9072494331066	467.1162494331066	25	EY1	37
467.1162494331066	467.3062494331066	4	AE1	37
467.3062494331066	467.3762494331066	50	F	37
467.3762494331066	467.47624943310655	64	T	37
467.47624943310655	467.54524943310656	21	ER0	37
467.54524943310656	467.61524943310656	16	AY1	37
467.61524943310656	467.75524943310654	32	IY1	37
467.75524943310654	467.78524943310657	64	T	37
467.78524943310657	467.8252494331066	48	D	37
467.8252494331066	467.91524943310657	28	IH1	37
467.91524943310657	467.94424943310656	58	N	37
467.94424943310656	468.1042494331066	21	ER0	37
477.68653061224484	477.83553061224484	49	DH	31
477.83553061224484	477.87553061224486	6	AH0	31
477.87553061224486	478.08553061224484	64	T	31
478.08553061224484	478.22453061224485	44	UW1	31
478.22453061224485	478.4345306122449	1	AA1	31
478.4345306122449	478.47453061224485	61	R	31
478.47453061224485	478.51453061224487	64	T	31
478.51453061224487	478.57453061224487	6	AH0	31
478.57453061224487	478.6935306122449	62	S	31
478.6935306122449	478.73353061224486	27	IH0	31
478.73353061224486	478.79353061224487	54	K	31
478.79353061224487	479.00353061224484	62	S	31
479.00353061224484	479.06253061224487	47	CH	31
479.06253061224487	479.2425306122449	25	EY1	31
479.2425306122449	479.32253061224486	58	N	31
479.32253061224486	479.44253061224487	53	JH	31
479.44253061224487	479.4725306122449	48	D	31
479.4725306122449	479.6315306122449	10	AO1	31
479.6315306122449	479.67153061224485	64	T	31
479.67153061224485	479.7015306122448	6	AH0	31
479.7015306122448	479.73153061224485	51	G	31
479.73153061224485	479.9805306122448	61	R	31
479.9805306122448	480.01053061224485	5	AE2	31
480.01053061224485	480.06053061224486	50	F	31
480.06053061224486	480.2305306122448	62	S	31
490.9755102040816	491.0245102040816	49	DH	35
491.0245102040816	491.0545102040816	6	AH0	35
491.0545102040816	491.2045102040816	54	K	35
491.2045102040816	491.23451020408163	61	R	35
491.23451020408163	491.3945102040816	4	AE1	35
491.3945102040816	491.4535102040816	58	N	35
491.4535102040816	491.4835102040816	46	B	35
491.4835102040816	491.57351020408163	20	EH2	35
491.57351020408163	491.6835102040816	61	R	35
491.6835102040816	491.9325102040816	31	IY0	35
491.9325102040816	492.4415102040816	74	sp	35
492.4415102040816	492.6315102040816	46	B	35
492.6315102040816	492.96051020408163	1	AA1	35
492.96051020408163	493.1505102040816	51	G	35
493.1505102040816	493.2895102040816	51	G	35
493.2895102040816	493.4095102040816	28	IH1	35
493.4095102040816	493.4595102040816	64	T	35
493.4595102040816	493.5795102040816	62	S	35
493.5795102040816	493.6385102040816	66	V	35
493.6385102040816	493.7885102040816	19	EH1	35
493.7885102040816	493.8285102040816	61	R	35
493.8285102040816	493.9285102040816	31	IY0	35
493.9285102040816	494.0775102040816	60	P	35
494.0775102040816	494.1775102040816	61	R	35
494.1775102040816	494.2075102040816	28	IH1	35
494.2075102040816	494.2375102040816	64	T	35
494.2375102040816	494.3275102040816	31	IY0	35
494.3275102040816	494.3875102040816	28	IH1	35
494.3875102040816	494.4575102040816	58	N	35
494.4575102040816	494.6265102040816	10	AO1	35
494.6265102040816	494.6765102040816	64	T	35
494.6765102040816	494.7265102040816	6	AH0	35
494.7265102040816	494.8965102040816	57	M	35
505.4277551020408	505.5677551020408	47	CH	23
505.5677551020408	505.69775510204084	4	AE1	23
505.69775510204084	505.74775510204086	56	L	23
505.74775510204086	505.8077551020408	6	AH0	23
505.8077551020408	505.89675510204086	58	N	23
505.89675510204086	505.97675510204084	53	JH	23
505.97675510204084	506.1167551020408	32	IY1	23
506.1167551020408	506.29575510204086	47	CH	23
506.29575510204086	506.3957551020408	53	JH	23
506.3957551020408	506.4557551020408	19	EH1	23
506.4557551020408	506.5157551020408	58	N	23
506.5157551020408	506.54575510204086	21	ER0	23
506.54575510204086	506.57575510204083	6	AH0	23
506.57575510204083	506.69575510204083	56	L	23
506.69575510204083	506.7447551020408	69	Z	23
506.7447551020408	506.77475510204084	29	IH2	23
506.77475510204084	506.8547551020408	58	N	23
506.8547551020408	506.9347551020408	64	T	23
506.9347551020408	506.97475510204083	19	EH1	23
506.97475510204083	507.09475510204084	56	L	23
507.09475510204084	507.1347551020408	6	AH0	23
507.1347551020408	507.24375510204084	53	JH	23
507.24375510204084	507.31375510204083	6	AH0	23
507.31375510204083	507.4437551020408	58	N	23
507.4437551020408	507.64275510204084	62	S	23
517.0316553287981	517.2406553287981	4	AE1	29
517.2406553287981	517.2706553287981	58	N	29
517.2706553287981	517.3006553287981	6	AH0	29
517.3006553287981	517.3806553287981	48	D	29
517.3806553287981	517.4206553287981	7	AH1	29
517.4206553287981	517.5806553287981	56	L	29
517.5806553287981	517.6106553287981	64	T	29
517.6106553287981	517.7196553287981	57	M	29
517.7196553287981	517.8496553287981	25	EY1	29
517.8496553287981	518.0796553287981	56	L	29
518.0796553287981	518.6676553287981	74	sp	29
518.6676553287981	518.7076553287982	46	B	29
518.7076553287982	518.8676553287982	3	AE0	29
518.8676553287982	518.9776553287982	46	B	29
518.9776553287982	519.1166553287981	44	UW1	29
519.1166553287981	519.2166553287981	58	N	29
519.2166553287981	519.4166553287981	69	Z	29
519.4166553287981	519.4456553287981	64	T	29
519.4456553287981	519.6156553287981	32	IY1	29
519.6156553287981	519.6956553287981	65	TH	29
519.6956553287981	519.7656553287982	1	AA1	29
519.7656553287982	519.8356553287981	61	R	29
519.8356553287981	519.9546553287981	58	N	29
519.9546553287981	520.1146553287981	1	AA1	29
520.1146553287981	520.1446553287981	64	T	29
520.1446553287981	520.2746553287981	62	S	29
520.2746553287981	520.3736553287981	44	UW1	29
520.3736553287981	520.4036553287981	64	T	29
520.4036553287981	520.453655328798	6	AH0	29
520.453655328798	520.4936553287981	46	B	29
520.4936553287981	520.5236553287981	6	AH0	29
520.5236553287981	520.6236553287981	56	L	29
520.6236553287981	520.7336553287981	50	F	29
520.7336553287981	520.8026553287981	21	ER0	29
520.8026553287981	520.9426553287981	32	IY1	29
520.9426553287981	520.972655328798	64	T	29
520.972655328798	521.0026553287981	27	IH0	29
521.0026553287981	521.1026553287982	59	NG	29
521.1026553287982	521.2416553287981	63	SH	29
521.2416553287981	521.3116553287981	19	EH1	29
521.3116553287981	521.4016553287981	56	L	29
521.4016553287981	521.5316553287981	50	F	29
521.5316553287981	521.6706553287981	29	IH2	29
521.6706553287981	521.9306553287981	63	SH	29
531.1326757369613	531.1826757369614	74	sp	25
531.1826757369614	531.2526757369615	6	AH0	25
531.2526757369615	531.4426757369614	57	M	25
531.4426757369614	531.5326757369614	7	AH1	25
531.5326757369614	531.6716757369614	62	S	25
531.6716757369614	531.7116757369614	54	K	25
531.7116757369614	531.7616757369614	68	Y	25
531.7616757369614	531.8016757369614	6	AH0	25
531.8016757369614	531.8316757369614	56	L	25
531.8316757369614	531.9816757369614	21	ER0	25
531.9816757369614	532.2006757369614	4	AE1	25
532.2006757369614	532.2806757369614	46	B	25
532.2806757369614	532.3206757369614	48	D	25
532.3206757369614	532.3706757369614	6	AH0	25
532.3706757369614	532.4596757369613	57	M	25
532.4596757369613	532.6096757369614	6	AH0	25
532.6096757369614	532.7096757369613	58	N	25
532.7096757369613	532.8596757369614	28	IH1	25
532.8596757369614	532.9586757369614	69	Z	25
532.9586757369614	533.0786757369614	51	G	25
533.0786757369614	533.1486757369614	41	UH1	25
533.1486757369614	533.1886757369614	48	D	25
533.1886757369614	533.2886757369614	50	F	25
533.2886757369614	533.3676757369614	21	ER0	25
533.3676757369614	533.3976757369614	68	Y	25
533.3976757369614	533.4576757369614	41	UH1	25
533.4576757369614	533.4876757369614	61	R	25
533.4876757369614	533.5476757369614	46	B	25
533.5476757369614	533.7966757369614	4	AE1	25
533.7966757369614	533.8466757369614	54	K	25
544.3562811791384	544.4462811791384	52	HH	36
544.4462811791384	544.5452811791383	13	AW1	36
544.5452811791383	544.5952811791384	48	D	36
544.5952811791384	544.6852811791384	44	UW1	36
544.6852811791384	544.8452811791384	38	OY1	36
544.8452811791384	544.9852811791384	62	S	36
544.9852811791384	545.0142811791384	64	T	36
545.0142811791384	545.0742811791383	21	ER0	36
545.0742811791383	545.1742811791383	69	Z	36
545.1742811791383	545.2542811791384	57	M	36
545.2542811791384	545.3742811791384	25	EY1	36
545.3742811791384	545.4042811791384	54	K	36
545.4042811791384	545.5332811791384	60	P	36
545.5332811791384	545.6832811791384	22	ER1	36
545.6832811791384	545.8532811791383	56	L	36
545.8532811791383	546.0122811791384	69	Z	36
555.612537799366	555.632537799366	74	sp	33
555.632537799366	555.831537799366	61	R	33
555.831537799366	555.871537799366	28	IH1	33
555.871537799366	556.081537799366	47	CH	33
556.081537799366	556.2215377993659	60	P	33
556.2215377993659	556.3605377993659	22	ER1	33
556.3605377993659	556.540537799366	47	CH	33
556.540537799366	556.6105377993659	6	AH0	33
556.6105377993659	556.909537799366	62	S	33
556.909537799366	556.939537799366	64	T	33
556.939537799366	557.049537799366	74	sp	33
557.049537799366	557.238537799366	62	S	33
557.238537799366	557.348537799366	19	EH1	33
557.348537799366	557.408537799366	66	V	33
557.408537799366	557.448537799366	61	R	33
557.448537799366	557.478537799366	6	AH0	33
557.478537799366	557.647537799366	56	L	33
557.647537799366	557.847537799366	62	S	33
557.847537799366	558.136537799366	16	AY1	33
558.136537799366	558.306537799366	58	N	33
558.306537799366	558.3665377993659	48	D	33
558.3665377993659	558.406537799366	74	sp	33
558.406537799366	558.715537799366	7	AH1	33
558.715537799366	558.944537799366	57	M	33
558.944537799366	559.563537799366	74	sp	33
559.563537799366	559.643537799366	56	L	33
559.643537799366	559.6835377993659	28	IH1	33
559.6835377993659	559.8125377993659	65	TH	33
559.8125377993659	559.932537799366	6	AH0	33
559.932537799366	559.9625377993659	51	G	33
559.9625377993659	560.052537799366	61	R	33
560.052537799366	560.2115377993659	5	AE2	33
560.2115377993659	560.311537799366	50	F	33
560.311537799366	560.511537799366	62	S	33
570.1926530612245	570.3526530612245	49	DH	27
570.3526530612245	570.4026530612246	6	AH0	27
570.4026530612246	570.7216530612245	61	R	27
570.7216530612245	570.7516530612245	35	OW1	27
570.7516530612245	570.9316530612246	69	Z	27
570.9316530612246	571.1306530612245	54	K	27
571.1306530612245	571.2006530612246	9	AO0	27
571.2006530612246	571.2506530612245	61	R	27
571.2506530612245	571.4896530612245	62	S	27
571.4896530612245	571.5496530612245	1	AA1	27
571.5496530612245	571.6596530612245	70	ZH	27
571.6596530612245	572.1886530612245	62	S	27
572.1886530612245	572.2586530612245	57	M	27
572.2586530612245	572.2886530612245	19	EH1	27
572.2886530612245	572.4176530612245	56	L	27
572.4176530612245	572.4476530612245	48	D	27
572.4476530612245	572.6176530612245	62	S	27
572.6176530612245	572.6876530612245	67	W	27
572.6876530612245	572.9166530612246	32	IY1	27
572.9166530612246	572.9566530612245	64	T	27
580.8879818594104	581.0579818594103	49	DH	21
581.0579818594103	581.0879818594103	6	AH0	21
581.0879818594103	581.2479818594104	67	W	21
581.2479818594104	581.3569818594103	10	AO1	21
581.3569818594103	581.4069818594104	64	T	21
581.4069818594104	581.5269818594104	21	ER0	21
581.5269818594104	581.6269818594104	54	K	21
581.6269818594104	581.6769818594104	6	AH0	21
581.6769818594104	581.7469818594104	58	N	21
581.7469818594104	581.8659818594103	64	T	21
581.8659818594103	582.0459818594104	25	EY1	21
582.0459818594104	582.1559818594104	58	N	21
582.1559818594104	582.1859818594104	48	D	21
582.1859818594104	582.3149818594104	64	T	21
582.3149818594104	582.4449818594104	44	UW1	21
582.4449818594104	582.5249818594103	57	M	21
582.5249818594103	582.6249818594104	7	AH1	21
582.6249818594104	582.7839818594103	47	CH	21
582.7839818594103	582.9339818594103	54	K	21
582.9339818594103	582.9639818594104	56	L	21
582.9639818594104	583.0839818594104	10	AO1	21
583.0839818594104	583.1829818594103	61	R	21
583.1829818594103	583.3329818594103	31	IY0	21
583.3329818594103	583.4329818594103	58	N	21
583.4329818594103	583.5319818594104	4	AE1	21
583.5319818594104	583.5919818594103	58	N	21
583.5919818594103	583.6219818594104	48	D	21
583.6219818594104	583.7319818594103	62	S	21
583.7319818594103	583.7719818594104	64	T	21
583.7719818594104	583.8819818594104	7	AH1	21
583.8819818594104	583.9709818594104	59	NG	21
583.9709818594104	584.0609818594104	52	HH	21
584.0609818594104	584.0909818594104	6	AH0	21
584.0909818594104	584.1609818594104	69	Z	21
584.1609818594104	584.5199818594103	16	AY1	21
584.5199818594103	584.6799818594104	69	Z	21
593.3562811791384	593.4662811791384	28	IH1	38
593.4662811791384	593.4962811791384	69	Z	38
593.4962811791384	593.6552811791383	63	SH	38
593.6552811791383	593.7652811791384	32	IY1	38
593.7652811791384	593.8852811791384	51	G	38
593.8852811791384	593.9252811791384	35	OW1	38
593.9252811791384	594.0242811791384	6	AH0	38
594.0242811791384	594.0742811791383	58	N	38
594.0742811791383	594.1042811791383	67	W	38
594.1042811791383	594.1342811791383	28	IH1	38
594.1342811791383	594.2542811791384	65	TH	38
594.2542811791384	594.3842811791383	68	Y	38
594.3842811791383	594.5132811791384	44	UW1	38
836.2127891156463	836.3717891156463	49	DH	26
836.3717891156463	836.6517891156462	25	EY1	26
836.6517891156462	836.6817891156463	35	OW1	26
836.6817891156463	836.7117891156463	58	N	26
836.7117891156463	836.7907891156462	6	AH0	26
836.7907891156462	836.9007891156463	46	B	26
836.9007891156463	837.0407891156462	28	IH1	26
837.0407891156462	837.1107891156463	51	G	26
837.1107891156463	837.2097891156462	52	HH	26
837.2097891156462	837.3797891156463	13	AW1	26
837.3797891156463	837.5097891156463	62	S	26
837.5097891156463	837.5497891156463	6	AH0	26
837.5497891156463	837.6087891156462	58	N	26
837.6087891156462	837.6487891156463	49	DH	26
837.6487891156463	837.6787891156463	7	AH1	26
837.6787891156463	837.7487891156462	61	R	26
837.7487891156462	837.7787891156463	6	AH0	26
837.7787891156463	837.8887891156462	57	M	26
837.8887891156462	838.0387891156463	35	OW1	26
838.0387891156463	838.0877891156463	64	T	26
838.0877891156463	838.1877891156463	54	K	26
838.1877891156463	838.2677891156462	7	AH1	26
838.2677891156462	838.3177891156463	58	N	26
838.3177891156463	838.3577891156463	64	T	26
838.3577891156463	838.4577891156463	61	R	26
838.4577891156463	838.4867891156463	31	IY0	26
838.4867891156463	838.6367891156463	62	S	26
838.6367891156463	838.8267891156463	17	AY2	26
838.8267891156463	838.9657891156462	48	D	26
