62.02844331065759	62.0684433106576	52	HH
62.0684433106576	62.128443310657595	13	AW1
62.128443310657595	62.228443310657596	57	M
62.228443310657596	62.2884433106576	7	AH1
62.2884433106576	62.4074433106576	47	CH
62.4074433106576	62.457443310657595	6	AH0
62.457443310657595	62.567443310657595	56	L
62.567443310657595	62.747443310657594	13	AW1
62.747443310657594	62.8464433106576	6	AH0
62.8464433106576	62.8764433106576	58	N
62.8764433106576	63.036443310657596	62	S
63.036443310657596	63.076443310657595	48	D
63.076443310657595	63.106443310657596	44	UW1
63.106443310657596	63.2664433106576	68	Y
63.2664433106576	63.295443310657596	44	UW1
63.295443310657596	63.3554433106576	51	G
63.3554433106576	63.475443310657596	28	IH1
63.475443310657596	63.59544331065759	64	T
63.59544331065759	75.73229818594105	74	sp
75.73229818594105	75.86229818594104	62	S
75.86229818594104	75.95229818594105	28	IH1
75.95229818594105	76.02229818594105	54	K
76.02229818594105	76.05229818594104	56	L
76.05229818594104	76.11229818594104	27	IH0
76.11229818594104	76.21129818594105	54	K
76.21129818594105	76.24129818594105	6	AH0
76.24129818594105	76.46129818594105	56	L
76.46129818594105	76.58129818594105	60	P
76.58129818594105	76.64029818594105	61	R
76.64029818594105	76.73029818594105	35	OW1
76.73029818594105	76.76029818594105	51	G
76.76029818594105	76.80029818594105	61	R
76.80029818594105	77.06929818594105	5	AE2
77.06929818594105	77.10929818594104	57	M
77.10929818594104	77.23929818594105	69	Z
77.23929818594105	77.26929818594105	67	W
77.26929818594105	77.29929818594104	6	AH0
77.29929818594104	77.32929818594104	56	L
77.32929818594104	77.42929818594105	58	N
77.42929818594105	77.50829818594104	19	EH1
77.50829818594104	77.56829818594105	66	V
77.56829818594105	77.70829818594105	21	ER0
77.70829818594105	77.74829818594105	54	K
77.74829818594105	77.77829818594105	6	AH0
77.77829818594105	77.84829818594105	57	M
77.84829818594105	77.97729818594105	60	P
77.97729818594105	78.17729818594104	16	AY1
78.17729818594104	78.37629818594105	56	L
78.37629818594105	91.32885147392291	74	sp
91.32885147392291	91.36885147392292	49	DH
91.36885147392292	91.39885147392292	6	AH0
91.39885147392292	91.51885147392292	74	sp
91.51885147392292	91.55885147392291	46	B
91.55885147392291	91.73785147392292	1	AA1
91.73785147392292	91.92785147392291	62	S
91.92785147392291	91.95785147392291	64	T
91.95785147392291	91.98785147392292	6	AH0
91.98785147392292	92.18685147392291	58	N
92.18685147392291	92.22685147392292	46	B
92.22685147392292	92.34685147392291	4	AE1
92.34685147392291	92.54685147392291	56	L
92.54685147392291	92.58585147392292	6	AH0
92.58585147392292	92.65585147392291	64	T
92.65585147392291	92.76585147392292	74	sp
92.76585147392292	92.82585147392291	35	OW1
92.82585147392291	92.96585147392291	66	V
92.96585147392291	93.06485147392291	21	ER0
93.06485147392291	93.18485147392292	54	K
93.18485147392292	93.52385147392292	25	EY1
93.52385147392292	93.72385147392292	57	M
93.72385147392292	93.84385147392291	74	sp
93.84385147392291	93.89285147392292	49	DH
93.89285147392292	93.96285147392291	19	EH1
93.96285147392291	94.03285147392292	61	R
94.03285147392292	94.17285147392292	50	F
94.17285147392292	94.22285147392292	7	AH1
94.22285147392292	94.33185147392291	58	N
94.33185147392291	94.36185147392291	48	D
94.36185147392291	94.41185147392291	27	IH0
94.41185147392291	94.52185147392291	59	NG
94.52185147392291	94.69185147392291	63	SH
94.69185147392291	94.77185147392291	10	AO1
94.77185147392291	94.81085147392291	61	R
94.81085147392291	94.98085147392291	64	T
94.98085147392291	95.01085147392291	6	AH0
95.01085147392291	95.14085147392292	53	JH
95.14085147392292	107.728216553288	74	sp
107.728216553288	107.90754859301813	19	EH1
107.90754859301813	108.00218669826349	66	V
108.00218669826349	108.15825655603652	61	R
108.15825655603652	108.21510856108817	31	IY0
108.21510856108817	108.31598673144543	54	K
108.31598673144543	108.5285073888385	4	AE1
108.5285073888385	108.62354669951547	46	B
108.62354669951547	108.6919761225698	58	N
108.6919761225698	108.90947773287051	32	IY1
108.90947773287051	108.97755075594173	48	D
108.97755075594173	109.04512227222341	69	Z
109.04512227222341	109.15591754294745	61	R
109.15591754294745	109.25387628346458	32	IY1
109.25387628346458	109.34519375343815	60	P
109.34519375343815	109.46971757612941	26	EY2
109.46971757612941	109.53446996392886	58	N
109.53446996392886	109.6091842575436	64	T
109.6091842575436	109.74366998605016	6	AH0
109.74366998605016	109.80117929515863	59	NG
109.80117929515863	110.01787849459612	1	AA1
110.01787849459612	110.14572295255914	50	F
110.14572295255914	110.22839312483106	6	AH0
110.22839312483106	110.58240354829027	58	N
110.58240354829027	122.58935034013606	74	sp
122.58935034013606	122.70992678574554	52	HH
122.70992678574554	122.78132044408852	19	EH1
122.78132044408852	122.82116806734972	56	L
122.82116806734972	122.97151005726117	60	P
122.97151005726117	123.09013952436283	51	G
123.09013952436283	123.22065800400158	61	R
123.22065800400158	123.34518182669282	19	EH1
123.34518182669282	123.52771646528208	51	G
123.52771646528208	123.62079455424946	64	T
123.62079455424946	123.72539456531011	6	AH0
123.72539456531011	123.78516600020191	60	P
123.78516600020191	123.9063691876214	28	IH1
123.9063691876214	124.00775955522893	54	K
124.00775955522893	124.10571829574604	6	AH0
124.10571829574604	124.15074747463055	60	P
124.15074747463055	124.2453855798759	19	EH1
124.2453855798759	124.31491831786735	54	K
124.31491831786735	124.36990940256716	6	AH0
124.36990940256716	124.46102626982508	50	F
124.46102626982508	124.63369930395696	74	sp
124.63369930395696	124.71008460566823	60	P
124.71008460566823	124.78147826401121	6	AH0
124.78147826401121	124.86781478107716	64	T
124.86781478107716	125.03052590939372	25	EY1
125.03052590939372	125.0919576619214	64	T
125.0919576619214	125.40741801273924	34	OW0
125.40741801273924	125.64157829530829	69	Z
125.64157829530829	140.0110283446712	74	sp
140.0110283446712	140.19701763260412	67	W
140.19701763260412	140.31001953320225	32	IY1
140.31001953320225	140.35308749037716	56	L
140.35308749037716	140.43112241926366	16	AY1
140.43112241926366	140.5540862256771	54	K
140.5540862256771	140.64530339429263	46	B
140.64530339429263	140.74492245244562	56	L
140.74492245244562	140.85958467067965	44	UW1
140.85958467067965	140.959515323367	47	CH
140.959515323367	141.3098423445384	32	IY1
141.3098423445384	141.40598497015253	69	Z
141.40598497015253	141.48251537867026	46	B
141.48251537867026	141.55058840174146	6	AH0
141.55058840174146	141.61277775968392	64	T
141.61277775968392	141.7382042945963	66	V
141.7382042945963	141.80959795293927	28	IH1
141.80959795293927	141.8859725641899	54	K
141.8859725641899	141.9391027285382	64	T
141.9391027285382	142.1025714622695	21	ER0
142.1025714622695	142.1475558357056	56	L
142.1475558357056	142.2538161644021	16	AY1
142.2538161644021	142.31856855220155	54	K
142.31856855220155	142.41984792799045	62	S
142.41984792799045	142.50950508032815	46	B
142.50950508032815	142.5941812797582	61	R
142.5941812797582	142.92858663230652	16	AY1
142.92858663230652	157.38445238095238	74	sp
157.38445238095238	157.41423579022813	54	K
157.41423579022813	157.5188358012888	13	AW1
157.5188358012888	157.63173740052886	58	N
157.63173740052886	157.65984642600807	64	T
157.65984642600807	157.72305487050244	48	D
157.72305487050244	157.8059543779658	6	AH0
157.8059543779658	157.85588028137312	58	N
157.85588028137312	157.91233108099314	6	AH0
157.91233108099314	157.97210251588496	57	M
157.97210251588496	158.02523268023322	46	B
158.02523268023322	158.15462108150132	21	ER0
158.15462108150132	158.19790571436508	6	AH0
158.19790571436508	158.2475988691108	66	V
158.2475988691108	158.3550895775359	64	T
158.3550895775359	158.45470863568892	32	IY1
158.45470863568892	158.54768642329836	62	S
158.54768642329836	158.67054992835375	60	P
158.67054992835375	158.75024517487614	44	UW1
158.75024517487614	158.89635312683387	58	N
158.89635312683387	159.01798625216065	69	Z
159.01798625216065	159.09272730920904	6	AH0
159.09272730920904	159.12556020444976	66	V
159.12556020444976	159.2570987551615	62	S
159.2570987551615	159.42109674363698	38	OY1
159.42109674363698	159.5730713032297	62	S
159.5730713032297	159.76068719608452	13	AW1
159.76068719608452	159.89594758749962	62	S
159.89594758749962	159.93668086548817	68	Y
159.93668086548817	160.11178888016445	44	UW1
160.11178888016445	160.32565189362586	4	AE1
160.32565189362586	160.37745238095238	48	D
160.37745238095238	174.9102573696145	74	sp
174.9102573696145	174.9502573696145	46	B
174.9502573696145	175.2292573696145	4	AE1
175.2292573696145	175.2592573696145	51	G
175.2592573696145	175.36925736961447	60	P
175.36925736961447	175.56825736961449	17	AY2
175.56825736961449	175.5982573696145	60	P
175.5982573696145	175.79825736961448	62	S
175.79825736961448	175.8382573696145	6	AH0
175.8382573696145	175.8982573696145	58	N
175.8982573696145	175.95825736961447	48	D
175.95825736961447	176.00725736961448	46	B
176.00725736961448	176.1172573696145	1	AA1
176.1172573696145	176.2772573696145	59	NG
176.2772573696145	176.3372573696145	51	G
176.3372573696145	176.46625736961448	36	OW2
176.46625736961448	176.77625736961448	69	Z
176.77625736961448	176.87525736961447	21	ER0
176.87525736961447	176.92525736961449	74	sp
176.92525736961449	176.9552573696145	57	M
176.9552573696145	177.02525736961448	68	Y
177.02525736961448	177.05525736961448	44	UW1
177.05525736961448	177.15525736961447	69	Z
177.15525736961447	177.1952573696145	27	IH0
177.1952573696145	177.2952573696145	54	K
177.2952573696145	177.33425736961448	6	AH0
177.33425736961448	177.39425736961448	56	L
177.39425736961448	177.42425736961448	28	IH1
177.42425736961448	177.51425736961448	58	N
177.51425736961448	177.64425736961448	62	S
177.64425736961448	177.67425736961448	64	T
177.67425736961448	177.70425736961448	61	R
177.70425736961448	177.74425736961447	6	AH0
177.74425736961447	177.82325736961448	57	M
177.82325736961448	177.85325736961448	6	AH0
177.85325736961448	177.9032573696145	58	N
177.9032573696145	177.9332573696145	64	T
177.9332573696145	178.22225736961448	62	S
178.22225736961448	190.54798979591837	74	sp
190.54798979591837	190.61345526963115	52	HH
190.61345526963115	190.84182149796834	13	AW1
190.84182149796834	190.8957092677313	51	G
190.8957092677313	191.03849658441726	41	UH1
191.03849658441726	191.08090723753554	48	D
191.08090723753554	191.19788707746207	28	IH1
191.19788707746207	191.26686281275448	69	Z
191.26686281275448	191.38218233504512	68	Y
191.38218233504512	191.5247242435667	21	ER0
191.5247242435667	191.63068366818953	6	AH0
191.63068366818953	191.7635090790602	58	N
191.7635090790602	191.85150591376203	48	D
191.85150591376203	191.9826710069968	22	ER1
191.9826710069968	192.10055355914452	6	AH0
192.10055355914452	192.18024880566693	58	N
192.18024880566693	192.5647126397319	62	S
192.5647126397319	205.77111904761904	74	sp
205.77111904761904	205.8740587410438	49	DH
205.8740587410438	205.94047144647914	6	AH0
205.94047144647914	206.00690725606722	19	EH1
206.00690725606722	206.1759072560672	62	S
206.1759072560672	206.4559072560672	26	EY2
206.4559072560672	206.50590725606722	74	sp
206.50590725606722	206.5549072560672	8	AH2
206.5549072560672	206.6349072560672	58	N
206.6349072560672	206.6649072560672	48	D
206.6649072560672	206.6949072560672	6	AH0
206.6949072560672	206.81490725606722	58	N
206.81490725606722	207.08390725606722	16	AY1
207.08390725606722	207.11390725606722	6	AH0
207.11390725606722	207.1439072560672	46	B
207.1439072560672	207.21390725606722	56	L
207.21390725606722	207.4329072560672	31	IY0
207.4329072560672	207.4629072560672	61	R
207.4629072560672	207.5129072560672	6	AH0
207.5129072560672	207.6829072560672	50	F
207.6829072560672	207.73290725606722	56	L
207.73290725606722	207.8419072560672	19	EH1
207.8419072560672	207.8919072560672	54	K
207.8919072560672	208.10190725606722	62	S
208.10190725606722	208.1919072560672	74	sp
208.1919072560672	208.2719072560672	13	AW1
208.2719072560672	208.4009072560672	21	ER0
208.4009072560672	208.6109072560672	66	V
208.6109072560672	208.74990725606722	68	Y
208.74990725606722	208.8999072560672	44	UW1
208.8999072560672	208.9299072560672	6	AH0
208.9299072560672	239.9310283446712	74	sp
239.9310283446712	240.06453040606695	25	EY1
240.06453040606695	240.11511538566876	46	B
240.11511538566876	240.20311222037057	10	AO1
240.20311222037057	240.27450587871354	61	R
240.27450587871354	240.35254080760006	6	AH0
240.35254080760006	240.73861936623558	59	NG
240.73861936623558	240.8245277175319	58	N
240.8245277175319	241.0021817045714	1	AA1
241.0021817045714	241.0918388569091	66	V
241.0918388569091	241.1947785503339	6	AH0
241.1947785503339	241.29900392249237	56	L
241.29900392249237	241.3508484081069	27	IH0
241.3508484081069	241.45175314499366	69	Z
241.45175314499366	241.52148648570076	6	AH0
241.52148648570076	241.64251799978422	62	S
241.64251799978422	241.73881642266545	6	AH0
241.73881642266545	241.8251529397314	60	P
241.8251529397314	242.02605137367328	22	ER1
242.02605137367328	242.16640124851222	46	B
242.16640124851222	242.34448665024055	62	S
242.34448665024055	242.38101363823	56	L
242.38101363823	242.4623692023883	32	IY1
242.4623692023883	242.53376286073126	60	P
242.53376286073126	242.6300612836125	6	AH0
242.6300612836125	242.81060449123495	59	NG
242.81060449123495	242.8992440338022	60	P
242.8992440338022	243.02708849176523	28	IH1
243.02708849176523	243.22447969319825	56	L
243.22447969319825	255.19497392290248	74	sp
255.19497392290248	255.3049739229025	10	AO1
255.3049739229025	255.3349739229025	61	R
255.3349739229025	255.37497392290248	6	AH0
255.37497392290248	255.41497392290248	58	N
255.41497392290248	255.5249739229025	53	JH
255.5249739229025	255.5539739229025	74	sp
255.5539739229025	255.6439739229025	53	JH
255.6439739229025	255.78397392290248	44	UW1
255.78397392290248	256.0229739229025	62	S
256.0229739229025	256.0629739229025	64	T
256.0629739229025	256.1829739229025	25	EY1
256.1829739229025	256.2502305701041	62	S
256.2502305701041	256.3490194694392	64	T
256.3490194694392	256.3863766162466	62	S
256.3863766162466	256.4509611204208	50	F
256.4509611204208	256.5140531905844	7	AH1
256.5140531905844	256.6398434889787	58	N
256.6398434889787	256.83078001710527	31	IY0
256.83078001710527	257.0067736865089	4	AE1
257.0067736865089	257.0532625803136	50	F
257.0532625803136	257.13613525540313	64	T
257.13613525540313	257.2812673460961	21	ER0
257.2812673460961	257.34136734302916	64	T
257.34136734302916	257.45426894226927	44	UW1
257.45426894226927	257.5406054593352	65	TH
257.5406054593352	257.64354515275994	60	P
257.64354515275994	257.76308802254357	26	EY2
257.76308802254357	257.93244042140367	62	S
257.93244042140367	258.06526583227435	64	T
258.06526583227435	270.89498234948934	74	sp
270.89498234948934	270.91947542350437	49	DH
270.91947542350437	271.07056432836976	6	AH0
271.07056432836976	271.13697703380507	67	W
271.13697703380507	271.1867865628816	28	IH1
271.1867865628816	271.25485958595283	56	L
271.25485958595283	271.30412280279114	6	AH0
271.30412280279114	271.3638942376829	67	W
271.3638942376829	271.45189107238474	31	IY0
271.45189107238474	271.56547370994355	67	W
271.56547370994355	271.6318864153789	41	UH1
271.6318864153789	271.6916578502707	57	M
271.6916578502707	271.8975372371203	6	AH0
271.8975372371203	272.01902850456054	58	N
272.01902850456054	272.2289541507009	67	W
272.2289541507009	272.3717414673868	10	AO1
272.3717414673868	272.4971086991119	61	R
272.4971086991119	272.68970554487436	25	EY1
272.68970554487436	272.80330669386467	57	M
272.80330669386467	272.927000357738	7	AH1
272.927000357738	273.0382416393422	62	S
273.0382416393422	273.1345400622234	54	K
273.1345400622234	273.2142353087458	61	R
273.2142353087458	273.38856866051356	5	AE2
273.38856866051356	273.467433748218	64	T
273.467433748218	273.55377026528396	54	K
273.55377026528396	273.61354170017574	35	OW1
273.61354170017574	273.666671864524	64	T
273.666671864524	287.5642256235828	74	sp
287.5642256235828	287.60422562358275	49	DH
287.60422562358275	287.66422562358275	6	AH0
287.66422562358275	287.81322562358275	57	M
287.81322562358275	287.87322562358275	29	IH2
287.87322562358275	288.04322562358277	62	S
288.04322562358277	288.1032256235828	54	K
288.1032256235828	288.1822256235828	67	W
288.1822256235828	288.3722256235828	35	OW1
288.3722256235828	288.4722256235828	64	T
288.4722256235828	288.5622256235828	67	W
288.5622256235828	288.60122562358276	6	AH0
288.60122562358276	288.74122562358275	69	Z
288.74122562358275	288.7712256235828	61	R
288.7712256235828	288.8112256235828	31	IY0
288.8112256235828	288.92122562358276	64	T
288.92122562358276	288.9512256235828	61	R
288.9512256235828	289.0902256235828	4	AE1
289.0902256235828	289.1502256235828	54	K
289.1502256235828	289.2302256235828	64	T
289.2302256235828	289.31022562358277	6	AH0
289.31022562358277	289.4102256235828	48	D
289.4102256235828	289.44022562358276	67	W
289.44022562358276	289.4892256235828	28	IH1
289.4892256235828	289.6192256235828	65	TH
289.6192256235828	289.64922562358277	6	AH0
289.64922562358277	289.6992256235828	58	N
289.6992256235828	289.72922562358275	6	AH0
289.72922562358275	289.8792256235828	60	P
289.8792256235828	290.0282256235828	1	AA1
290.0282256235828	290.0982256235828	56	L
290.0982256235828	290.12822562358275	6	AH0
290.12822562358275	290.2282256235828	53	JH
290.2282256235828	290.45722562358276	31	IY0
290.45722562358276	303.03640249433107	74	sp
303.03640249433107	303.0864024943311	74	sp
303.0864024943311	303.1264024943311	16	AY1
303.1264024943311	303.1564024943311	53	JH
303.1564024943311	303.2064024943311	7	AH1
303.2064024943311	303.3254024943311	62	S
303.3254024943311	303.3554024943311	64	T
303.3554024943311	303.5254024943311	62	S
303.5254024943311	303.6844024943311	10	AO1
303.6844024943311	303.7344024943311	74	sp
303.7344024943311	303.8544024943311	53	JH
303.8544024943311	303.9944024943311	28	IH1
303.9944024943311	304.02440249433107	57	M
304.02440249433107	304.2034024943311	58	N
304.2034024943311	304.4434024943311	28	IH1
304.4434024943311	304.4734024943311	61	R
304.4734024943311	304.5234024943311	49	DH
304.5234024943311	304.5624024943311	6	AH0
304.5624024943311	304.6324024943311	58	N
304.6324024943311	304.7324024943311	68	Y
304.7324024943311	304.9024024943311	44	UW1
304.9024024943311	304.9624024943311	74	sp
304.9624024943311	304.9914024943311	2	AA2
304.9914024943311	305.0714024943311	61	R
305.0714024943311	305.1514024943311	54	K
305.1514024943311	305.2314024943311	31	IY0
305.2314024943311	305.2614024943311	6	AH0
305.2614024943311	305.3414024943311	56	L
305.3414024943311	305.4404024943311	1	AA1
305.4404024943311	305.5104024943311	53	JH
305.5104024943311	305.5404024943311	27	IH0
305.5404024943311	305.6304024943311	54	K
305.6304024943311	305.6604024943311	6	AH0
305.6604024943311	305.7074123059449	56	L
305.7074123059449	305.81081070280186	57	M
305.81081070280186	305.8705821376937	68	Y
305.8705821376937	305.951937701852	44	UW1
305.951937701852	306.00506786620025	69	Z
306.00506786620025	306.109946920097	31	IY0
306.109946920097	306.1921326430732	6	AH0
306.1921326430732	306.30313768519864	57	M
306.30313768519864	321.353522675737	74	sp
321.353522675737	321.38352267573697	61	R
321.38352267573697	321.53252267573697	16	AY1
321.53252267573697	321.632522675737	64	T
321.632522675737	321.702522675737	58	N
321.702522675737	321.991522675737	13	AW1
321.991522675737	322.12152267573697	57	M
322.12152267573697	322.21152267573694	25	EY1
322.21152267573694	322.320522675737	58	N
322.320522675737	322.440522675737	1	AA1
322.440522675737	322.55052267573694	64	T
322.55052267573694	322.60052267573695	46	B
322.60052267573695	322.789522675737	31	IY0
322.789522675737	322.81952267573695	49	DH
322.81952267573695	322.849522675737	6	AH0
322.849522675737	322.959522675737	46	B
322.959522675737	323.05952267573696	19	EH1
323.05952267573696	323.25852267573697	62	S
323.25852267573697	323.298522675737	64	T
323.298522675737	323.32852267573696	64	T
323.32852267573696	323.498522675737	16	AY1
323.498522675737	323.568522675737	57	M
323.568522675737	323.68752267573694	50	F
323.68752267573694	323.767522675737	21	ER0
323.767522675737	323.84752267573697	46	B
323.84752267573697	323.91752267573696	28	IH1
323.91752267573696	324.046522675737	69	Z
324.046522675737	324.13652267573696	58	N
324.13652267573696	324.166522675737	6	AH0
324.166522675737	324.286522675737	62	S
324.286522675737	324.406522675737	57	M
324.406522675737	324.505522675737	22	ER1
324.505522675737	324.58552267573697	53	JH
324.58552267573697	324.73552267573695	21	ER0
324.73552267573695	324.974522675737	69	Z
324.974522675737	338.5590555555556	74	sp
338.5590555555556	338.58905555555555	49	DH
338.58905555555555	338.6190555555556	6	AH0
338.6190555555556	338.68905555555557	57	M
338.68905555555557	338.76905555555555	28	IH1
338.76905555555555	338.92805555555555	62	S
338.92805555555555	339.04805555555555	60	P
339.04805555555555	339.11805555555554	61	R
339.11805555555554	339.18805555555554	28	IH1
339.18805555555554	339.21805555555557	58	N
339.21805555555557	339.29805555555555	64	T
339.29805555555555	339.48705555555557	74	sp
339.48705555555557	339.51705555555554	60	P
339.51705555555554	339.5470555555556	61	R
339.5470555555556	339.57705555555555	6	AH0
339.57705555555555	339.70705555555554	66	V
339.70705555555554	339.85605555555554	35	OW1
339.85605555555554	339.8860555555556	54	K
339.8860555555556	340.07605555555557	64	T
340.07605555555557	340.23605555555554	74	sp
340.23605555555554	340.2850555555556	4	AE1
340.2850555555556	340.42505555555556	58	N
340.42505555555556	340.45505555555553	29	IH2
340.45505555555553	340.56505555555555	57	M
340.56505555555555	340.66505555555557	32	IY1
340.66505555555557	340.70405555555556	48	D
340.70405555555556	340.90405555555554	31	IY0
340.90405555555554	340.9340555555556	6	AH0
340.9340555555556	340.96405555555555	64	T
340.96405555555555	341.01405555555556	48	D
341.01405555555556	341.0540555555556	29	IH2
341.0540555555556	341.16305555555556	62	S
341.16305555555556	341.23305555555555	54	K
341.23305555555555	341.30305555555555	56	L
341.30305555555555	341.42305555555555	25	EY1
341.42305555555555	341.48305555555555	57	M
341.48305555555555	341.6620555555555	21	ER0
341.6620555555555	354.6280804988662	74	sp
354.6280804988662	354.6780804988662	49	DH
354.6780804988662	354.82808049886626	25	EY1
354.82808049886626	355.0170804988662	10	AO1
355.0170804988662	355.10409466586793	56	L
355.10409466586793	355.20039308874914	6	AH0
355.20039308874914	355.2784280176357	58	N
355.2784280176357	355.3265772290763	53	JH
355.3265772290763	355.6495090092556	38	OY1
355.6495090092556	355.82799315511306	16	AY1
355.82799315511306	355.928442372084	62	S
355.928442372084	355.99070428342964	54	K
355.99070428342964	356.0521360359573	61	R
356.0521360359573	356.213186846638	32	IY1
356.213186846638	356.326918604696	57	M
356.326918604696	356.44800443326363	62	S
356.44800443326363	356.52307512686133	6	AH0
356.52307512686133	356.6592211730038	58	N
356.6592211730038	356.7223132431673	48	D
356.7223132431673	356.9730212061857	25	EY1
356.9730212061857	357.2932765033867	69	Z
357.2932765033867	369.7986020408163	74	sp
369.7986020408163	369.9186020408163	48	D
369.9186020408163	370.1976020408163	44	UW1
370.1976020408163	370.4076020408163	24	EY0
370.4076020408163	370.5066020408163	64	T
370.5066020408163	370.5566020408163	28	IH1
370.5566020408163	370.6366020408163	60	P
370.6366020408163	370.6766020408163	27	IH0
370.6766020408163	370.7666020408163	54	K
370.7666020408163	370.7966020408163	6	AH0
370.7966020408163	370.9356020408163	56	L
370.9356020408163	371.0756020408163	50	F
371.0756020408163	371.1956020408163	1	AA1
371.1956020408163	371.2256020408163	61	R
371.2256020408163	371.4746020408163	57	M
371.4746020408163	371.5546020408163	21	ER0
371.5546020408163	371.7646020408163	69	Z
371.7646020408163	372.0836020408163	74	sp
372.0836020408163	372.1136020408163	51	G
372.1136020408163	372.22360204081633	61	R
372.22360204081633	372.4626020408163	35	OW1
372.4626020408163	372.5926020408163	35	OW1
372.5926020408163	372.7316020408163	64	T
372.7316020408163	373.0516020408163	62	S
373.0516020408163	394.2712551020408	74	sp
394.2712551020408	394.3741947954656	49	DH
394.3741947954656	394.4406075009009	6	AH0
394.4406075009009	394.507043310489	19	EH1
394.507043310489	394.676043310489	62	S
394.676043310489	394.95604331048895	26	EY2
394.95604331048895	395.006043310489	74	sp
395.006043310489	395.055043310489	8	AH2
395.055043310489	395.135043310489	58	N
395.135043310489	395.165043310489	48	D
395.165043310489	395.195043310489	6	AH0
395.195043310489	395.315043310489	58	N
395.315043310489	395.584043310489	16	AY1
395.584043310489	395.61404331048897	6	AH0
395.61404331048897	395.64404331048894	46	B
395.64404331048894	395.714043310489	56	L
395.714043310489	395.933043310489	31	IY0
395.933043310489	395.963043310489	61	R
395.963043310489	396.01304331048897	6	AH0
396.01304331048897	396.183043310489	50	F
396.183043310489	396.233043310489	56	L
396.233043310489	396.342043310489	19	EH1
396.342043310489	396.392043310489	54	K
396.392043310489	396.602043310489	62	S
396.602043310489	396.69204331048894	74	sp
396.69204331048894	396.772043310489	13	AW1
396.772043310489	396.901043310489	21	ER0
396.901043310489	397.111043310489	66	V
397.111043310489	397.250043310489	68	Y
397.250043310489	397.40004331048897	44	UW1
397.40004331048897	397.430043310489	6	AH0
397.430043310489	411.61510997732427	74	sp
411.61510997732427	411.6551099773243	52	HH
411.6551099773243	411.7151099773243	13	AW1
411.7151099773243	411.8151099773243	57	M
411.8151099773243	411.87510997732426	7	AH1
411.87510997732426	411.9941099773243	47	CH
411.9941099773243	412.0441099773243	6	AH0
412.0441099773243	412.15410997732425	56	L
412.15410997732425	412.33410997732426	13	AW1
412.33410997732426	412.4331099773243	6	AH0
412.4331099773243	412.4631099773243	58	N
412.4631099773243	412.6231099773243	62	S
412.6231099773243	412.66310997732427	48	D
412.66310997732427	412.6931099773243	44	UW1
412.6931099773243	412.85310997732427	68	Y
412.85310997732427	412.88210997732426	44	UW1
412.88210997732426	412.94210997732426	51	G
412.94210997732426	413.06210997732427	28	IH1
413.06210997732427	413.1821099773243	64	T
413.1821099773243	424.984596861961	74	sp
424.984596861961	425.009089935976	49	DH
425.009089935976	425.1601788408414	6	AH0
425.1601788408414	425.2265915462767	67	W
425.2265915462767	425.27640107535325	28	IH1
425.27640107535325	425.3444740984244	56	L
425.3444740984244	425.39373731526274	6	AH0
425.39373731526274	425.4535087501546	67	W
425.4535087501546	425.5415055848564	31	IY0
425.5415055848564	425.6550882224152	67	W
425.6550882224152	425.7215009278505	41	UH1
425.7215009278505	425.7812723627423	57	M
425.7812723627423	425.9871517495919	6	AH0
425.9871517495919	426.1086430170322	58	N
426.1086430170322	426.31856866317247	67	W
426.31856866317247	426.46135597985847	10	AO1
426.46135597985847	426.58672321158355	61	R
426.58672321158355	426.77932005734596	25	EY1
426.77932005734596	426.8929212063363	57	M
426.8929212063363	427.0166148702096	7	AH1
427.0166148702096	427.1278561518138	62	S
427.1278561518138	427.224154574695	54	K
427.224154574695	427.3038498212174	61	R
427.3038498212174	427.4781831729852	5	AE2
427.4781831729852	427.55704826068967	64	T
427.55704826068967	427.64338477775556	54	K
427.64338477775556	427.70315621264734	35	OW1
427.70315621264734	427.75628637699566	64	T
427.75628637699566	442.00059750566896	74	sp
442.00059750566896	442.1211739512784	52	HH
442.1211739512784	442.19256760962145	19	EH1
442.19256760962145	442.2324152328826	56	L
442.2324152328826	442.38275722279405	60	P
442.38275722279405	442.5013866898957	51	G
442.5013866898957	442.6319051695345	61	R
442.6319051695345	442.7564289922257	19	EH1
442.7564289922257	442.93896363081495	51	G
442.93896363081495	443.03204171978234	64	T
443.03204171978234	443.136641730843	6	AH0
443.136641730843	443.1964131657348	60	P
443.1964131657348	443.3176163531543	28	IH1
443.3176163531543	443.41900672076184	54	K
443.41900672076184	443.51696546127897	6	AH0
443.51696546127897	443.56199464016345	60	P
443.56199464016345	443.6566327454088	19	EH1
443.6566327454088	443.7261654834003	54	K
443.7261654834003	443.7811565681001	6	AH0
443.7811565681001	443.87227343535795	50	F
443.87227343535795	444.04494646948984	74	sp
444.04494646948984	444.12133177120114	60	P
444.12133177120114	444.1927254295441	6	AH0
444.1927254295441	444.27906194661006	64	T
444.27906194661006	444.44177307492663	25	EY1
444.44177307492663	444.5032048274543	64	T
444.5032048274543	444.81866517827217	34	OW0
444.81866517827217	445.0528254608412	69	Z
445.0528254608412	457.15243424036277	74	sp
457.15243424036277	457.1822176496385	54	K
457.1822176496385	457.2868176606992	13	AW1
457.2868176606992	457.3997192599393	58	N
457.3997192599393	457.42782828541846	64	T
457.42782828541846	457.4910367299129	48	D
457.4910367299129	457.57393623737624	6	AH0
457.57393623737624	457.6238621407835	58	N
457.6238621407835	457.68031294040355	6	AH0
457.68031294040355	457.74008437529534	57	M
457.74008437529534	457.79321453964366	46	B
457.79321453964366	457.92260294091176	21	ER0
457.92260294091176	457.9658875737755	6	AH0
457.9658875737755	458.01558072852123	66	V
458.01558072852123	458.1230714369463	64	T
458.1230714369463	458.22269049509936	32	IY1
458.22269049509936	458.31566828270877	62	S
458.31566828270877	458.43853178776413	60	P
458.43853178776413	458.51822703428655	44	UW1
458.51822703428655	458.6643349862443	58	N
458.6643349862443	458.7859681115711	69	Z
458.7859681115711	458.86070916861945	6	AH0
458.86070916861945	458.89354206386014	66	V
458.89354206386014	459.0250806145719	62	S
459.0250806145719	459.1890786030474	38	OY1
459.1890786030474	459.3410531626401	62	S
459.3410531626401	459.52866905549496	13	AW1
459.52866905549496	459.66392944691	62	S
459.66392944691	459.7046627248986	68	Y
459.7046627248986	459.8797707395749	44	UW1
459.8797707395749	460.0936337530363	4	AE1
460.0936337530363	460.1454342403628	48	D
460.1454342403628	484.3304841269842	74	sp
484.3304841269842	484.36048412698415	49	DH
484.36048412698415	484.3904841269842	6	AH0
484.3904841269842	484.46048412698417	57	M
484.46048412698417	484.54048412698415	28	IH1
484.54048412698415	484.69948412698415	62	S
484.69948412698415	484.81948412698415	60	P
484.81948412698415	484.88948412698414	61	R
484.88948412698414	484.95948412698414	28	IH1
484.95948412698414	484.98948412698417	58	N
484.98948412698417	485.06948412698415	64	T
485.06948412698415	485.2584841269842	74	sp
485.2584841269842	485.28848412698414	60	P
485.28848412698414	485.3184841269842	61	R
485.3184841269842	485.34848412698415	6	AH0
485.34848412698415	485.47848412698414	66	V
485.47848412698414	485.62748412698414	35	OW1
485.62748412698414	485.6574841269842	54	K
485.6574841269842	485.84748412698417	64	T
485.84748412698417	486.00748412698414	74	sp
486.00748412698414	486.0564841269842	4	AE1
486.0564841269842	486.19648412698416	58	N
486.19648412698416	486.22648412698413	29	IH2
486.22648412698413	486.33648412698415	57	M
486.33648412698415	486.43648412698417	32	IY1
486.43648412698417	486.47548412698416	48	D
486.47548412698416	486.67548412698414	31	IY0
486.67548412698414	486.7054841269842	6	AH0
486.7054841269842	486.73548412698415	64	T
486.73548412698415	486.78548412698416	48	D
486.78548412698416	486.8254841269842	29	IH2
486.8254841269842	486.93448412698416	62	S
486.93448412698416	487.00448412698415	54	K
487.00448412698415	487.07448412698415	56	L
487.07448412698415	487.19448412698415	25	EY1
487.19448412698415	487.25448412698415	57	M
487.25448412698415	487.4334841269841	21	ER0
487.4334841269841	500.45565419501133	74	sp
500.45565419501133	500.56565419501135	10	AO1
500.56565419501135	500.5956541950114	61	R
500.5956541950114	500.63565419501134	6	AH0
500.63565419501134	500.6756541950113	58	N
500.6756541950113	500.7856541950113	53	JH
500.7856541950113	500.8146541950113	74	sp
500.8146541950113	500.90465419501135	53	JH
500.90465419501135	501.04465419501133	44	UW1
501.04465419501133	501.28365419501137	62	S
501.28365419501137	501.32365419501133	64	T
501.32365419501133	501.44365419501133	25	EY1
501.44365419501133	501.510910842213	62	S
501.510910842213	501.609699741548	64	T
501.609699741548	501.6470568883554	62	S
501.6470568883554	501.71164139252966	50	F
501.71164139252966	501.7747334626932	7	AH1
501.7747334626932	501.9005237610875	58	N
501.9005237610875	502.0914602892141	31	IY0
502.0914602892141	502.26745395861775	4	AE1
502.26745395861775	502.3139428524225	50	F
502.3139428524225	502.396815527512	64	T
502.396815527512	502.541947618205	21	ER0
502.541947618205	502.602047615138	64	T
502.602047615138	502.7149492143781	44	UW1
502.7149492143781	502.801285731444	65	TH
502.801285731444	502.9042254248688	60	P
502.9042254248688	503.02376829465237	26	EY2
503.02376829465237	503.1931206935125	62	S
503.1931206935125	503.32594610438315	64	T
503.32594610438315	516.3802800453515	74	sp
516.3802800453515	516.4202800453514	46	B
516.4202800453514	516.6992800453514	4	AE1
516.6992800453514	516.7292800453514	51	G
516.7292800453514	516.8392800453514	60	P
516.8392800453514	517.0382800453515	17	AY2
517.0382800453515	517.0682800453515	60	P
517.0682800453515	517.2682800453514	62	S
517.2682800453514	517.3082800453515	6	AH0
517.3082800453515	517.3682800453514	58	N
517.3682800453514	517.4282800453515	48	D
517.4282800453515	517.4772800453514	46	B
517.4772800453514	517.5872800453515	1	AA1
517.5872800453515	517.7472800453514	59	NG
517.7472800453514	517.8072800453515	51	G
517.8072800453515	517.9362800453514	36	OW2
517.9362800453514	518.2462800453515	69	Z
518.2462800453515	518.3452800453514	21	ER0
518.3452800453514	518.3952800453515	74	sp
518.3952800453515	518.4252800453514	57	M
518.4252800453514	518.4952800453515	68	Y
518.4952800453515	518.5252800453515	44	UW1
518.5252800453515	518.6252800453515	69	Z
518.6252800453515	518.6652800453514	27	IH0
518.6652800453514	518.7652800453515	54	K
518.7652800453515	518.8042800453514	6	AH0
518.8042800453514	518.8642800453514	56	L
518.8642800453514	518.8942800453515	28	IH1
518.8942800453515	518.9842800453514	58	N
518.9842800453514	519.1142800453514	62	S
519.1142800453514	519.1442800453515	64	T
519.1442800453515	519.1742800453515	61	R
519.1742800453515	519.2142800453514	6	AH0
519.2142800453514	519.2932800453515	57	M
519.2932800453515	519.3232800453515	6	AH0
519.3232800453515	519.3732800453514	58	N
519.3732800453514	519.4032800453515	64	T
519.4032800453515	519.6922800453515	62	S
519.6922800453515	531.3209603174603	74	sp
531.3209603174603	531.5002923571905	19	EH1
531.5002923571905	531.5949304624357	66	V
531.5949304624357	531.7510003202088	61	R
531.7510003202088	531.8078523252605	31	IY0
531.8078523252605	531.9087304956178	54	K
531.9087304956178	532.1212511530108	4	AE1
532.1212511530108	532.2162904636878	46	B
532.2162904636878	532.2847198867421	58	N
532.2847198867421	532.5022214970428	32	IY1
532.5022214970428	532.5702945201141	48	D
532.5702945201141	532.6378660363957	69	Z
532.6378660363957	532.7486613071197	61	R
532.7486613071197	532.8466200476369	32	IY1
532.8466200476369	532.9379375176104	60	P
532.9379375176104	533.0624613403018	26	EY2
533.0624613403018	533.1272137281012	58	N
533.1272137281012	533.2019280217158	64	T
533.2019280217158	533.3364137502225	6	AH0
533.3364137502225	533.393923059331	59	NG
533.393923059331	533.6106222587684	1	AA1
533.6106222587684	533.7384667167314	50	F
533.7384667167314	533.8211368890034	6	AH0
533.8211368890034	534.1751473124626	58	N
534.1751473124626	546.836425170068	74	sp
546.836425170068	546.876425170068	49	DH
546.876425170068	546.906425170068	6	AH0
546.906425170068	547.026425170068	74	sp
547.026425170068	547.066425170068	46	B
547.066425170068	547.245425170068	1	AA1
547.245425170068	547.435425170068	62	S
547.435425170068	547.465425170068	64	T
547.465425170068	547.495425170068	6	AH0
547.495425170068	547.694425170068	58	N
547.694425170068	547.734425170068	46	B
547.734425170068	547.854425170068	4	AE1
547.854425170068	548.0544251700679	56	L
548.0544251700679	548.093425170068	6	AH0
548.093425170068	548.163425170068	64	T
548.163425170068	548.273425170068	74	sp
548.273425170068	548.3334251700679	35	OW1
548.3334251700679	548.473425170068	66	V
548.473425170068	548.572425170068	21	ER0
548.572425170068	548.692425170068	54	K
548.692425170068	549.031425170068	25	EY1
549.031425170068	549.231425170068	57	M
549.231425170068	549.351425170068	74	sp
549.351425170068	549.4004251700679	49	DH
549.4004251700679	549.470425170068	19	EH1
549.470425170068	549.540425170068	61	R
549.540425170068	549.680425170068	50	F
549.680425170068	549.730425170068	7	AH1
549.730425170068	549.839425170068	58	N
549.839425170068	549.869425170068	48	D
549.869425170068	549.9194251700679	27	IH0
549.9194251700679	550.029425170068	59	NG
550.029425170068	550.199425170068	63	SH
550.199425170068	550.279425170068	10	AO1
550.279425170068	550.3184251700679	61	R
550.3184251700679	550.488425170068	64	T
550.488425170068	550.518425170068	6	AH0
550.518425170068	550.648425170068	53	JH
550.648425170068	563.8200986394558	74	sp
563.8200986394558	563.9400986394558	48	D
563.9400986394558	564.2190986394558	44	UW1
564.2190986394558	564.4290986394557	24	EY0
564.4290986394557	564.5280986394557	64	T
564.5280986394557	564.5780986394558	28	IH1
564.5780986394558	564.6580986394557	60	P
564.6580986394557	564.6980986394557	27	IH0
564.6980986394557	564.7880986394557	54	K
564.7880986394557	564.8180986394558	6	AH0
564.8180986394558	564.9570986394557	56	L
564.9570986394557	565.0970986394558	50	F
565.0970986394558	565.2170986394557	1	AA1
565.2170986394557	565.2470986394557	61	R
565.2470986394557	565.4960986394557	57	M
565.4960986394557	565.5760986394557	21	ER0
565.5760986394557	565.7860986394558	69	Z
565.7860986394558	566.1050986394557	74	sp
566.1050986394557	566.1350986394558	51	G
566.1350986394558	566.2450986394557	61	R
566.2450986394557	566.4840986394557	35	OW1
566.4840986394557	566.6140986394557	35	OW1
566.6140986394557	566.7530986394557	64	T
566.7530986394557	567.0730986394557	62	S
567.0730986394557	580.4300759637188	74	sp
580.4300759637188	580.4600759637187	61	R
580.4600759637187	580.6090759637187	16	AY1
580.6090759637187	580.7090759637188	64	T
580.7090759637188	580.7790759637188	58	N
580.7790759637188	581.0680759637188	13	AW1
581.0680759637188	581.1980759637187	57	M
581.1980759637187	581.2880759637187	25	EY1
581.2880759637187	581.3970759637187	58	N
581.3970759637187	581.5170759637188	1	AA1
581.5170759637188	581.6270759637188	64	T
581.6270759637188	581.6770759637187	46	B
581.6770759637187	581.8660759637188	31	IY0
581.8660759637188	581.8960759637188	49	DH
581.8960759637188	581.9260759637187	6	AH0
581.9260759637187	582.0360759637188	46	B
582.0360759637188	582.1360759637188	19	EH1
582.1360759637188	582.3350759637187	62	S
582.3350759637187	582.3750759637188	64	T
582.3750759637188	582.4050759637188	64	T
582.4050759637188	582.5750759637187	16	AY1
582.5750759637187	582.6450759637188	57	M
582.6450759637188	582.7640759637187	50	F
582.7640759637187	582.8440759637188	21	ER0
582.8440759637188	582.9240759637188	46	B
582.9240759637188	582.9940759637187	28	IH1
582.9940759637187	583.1230759637187	69	Z
583.1230759637187	583.2130759637188	58	N
583.2130759637188	583.2430759637188	6	AH0
583.2430759637188	583.3630759637188	62	S
583.3630759637188	583.4830759637188	57	M
583.4830759637188	583.5820759637187	22	ER1
583.5820759637187	583.6620759637187	53	JH
583.6620759637187	583.8120759637187	21	ER0
583.8120759637187	584.0510759637187	69	Z
584.0510759637187	596.6618900226757	74	sp
596.6618900226757	596.7118900226757	74	sp
596.7118900226757	596.7518900226756	16	AY1
596.7518900226756	596.7818900226756	53	JH
596.7818900226756	596.8318900226757	7	AH1
596.8318900226757	596.9508900226757	62	S
596.9508900226757	596.9808900226757	64	T
596.9808900226757	597.1508900226758	62	S
597.1508900226758	597.3098900226756	10	AO1
597.3098900226756	597.3598900226757	74	sp
597.3598900226757	597.4798900226757	53	JH
597.4798900226757	597.6198900226757	28	IH1
597.6198900226757	597.6498900226757	57	M
597.6498900226757	597.8288900226756	58	N
597.8288900226756	598.0688900226756	28	IH1
598.0688900226756	598.0988900226756	61	R
598.0988900226756	598.1488900226757	49	DH
598.1488900226757	598.1878900226757	6	AH0
598.1878900226757	598.2578900226757	58	N
598.2578900226757	598.3578900226756	68	Y
598.3578900226756	598.5278900226757	44	UW1
598.5278900226757	598.5878900226757	74	sp
598.5878900226757	598.6168900226756	2	AA2
598.6168900226756	598.6968900226757	61	R
598.6968900226757	598.7768900226757	54	K
598.7768900226757	598.8568900226757	31	IY0
598.8568900226757	598.8868900226756	6	AH0
598.8868900226756	598.9668900226757	56	L
598.9668900226757	599.0658900226757	1	AA1
599.0658900226757	599.1358900226757	53	JH
599.1358900226757	599.1658900226756	27	IH0
599.1658900226756	599.2558900226758	54	K
599.2558900226758	599.2858900226757	6	AH0
599.2858900226757	599.3328998342895	56	L
599.3328998342895	599.4362982311465	57	M
599.4362982311465	599.4960696660384	68	Y
599.4960696660384	599.5774252301966	44	UW1
599.5774252301966	599.6305553945448	69	Z
599.6305553945448	599.7354344484417	31	IY0
599.7354344484417	599.8176201714178	6	AH0
599.8176201714178	599.9286252135432	57	M
599.9286252135432	613.5000986394557	74	sp
613.5000986394557	613.6336007008515	25	EY1
613.6336007008515	613.6841856804533	46	B
613.6841856804533	613.7721825151551	10	AO1
613.7721825151551	613.843576173498	61	R
613.843576173498	613.9216111023846	6	AH0
613.9216111023846	614.3076896610202	59	NG
614.3076896610202	614.3935980123164	58	N
614.3935980123164	614.5712519993559	1	AA1
614.5712519993559	614.6609091516937	66	V
614.6609091516937	614.7638488451184	6	AH0
614.7638488451184	614.8680742172769	56	L
614.8680742172769	614.9199187028914	27	IH0
614.9199187028914	615.0208234397782	69	Z
615.0208234397782	615.0905567804853	6	AH0
615.0905567804853	615.2115882945687	62	S
615.2115882945687	615.30788671745	6	AH0
615.30788671745	615.394223234516	60	P
615.394223234516	615.5951216684579	22	ER1
615.5951216684579	615.7354715432967	46	B
615.7354715432967	615.9135569450251	62	S
615.9135569450251	615.9500839330145	56	L
615.9500839330145	616.0314394971728	32	IY1
616.0314394971728	616.1028331555158	60	P
616.1028331555158	616.199131578397	6	AH0
616.199131578397	616.3796747860195	59	NG
616.3796747860195	616.4683143285868	60	P
616.4683143285868	616.5961587865497	28	IH1
616.5961587865497	616.7935499879828	56	L
616.7935499879828	629.7057222222222	74	sp
629.7057222222222	629.8357222222222	62	S
629.8357222222222	629.9257222222222	28	IH1
629.9257222222222	629.9957222222223	54	K
629.9957222222223	630.0257222222223	56	L
630.0257222222223	630.0857222222222	27	IH0
630.0857222222222	630.1847222222223	54	K
630.1847222222223	630.2147222222222	6	AH0
630.2147222222222	630.4347222222223	56	L
630.4347222222223	630.5547222222223	60	P
630.5547222222223	630.6137222222222	61	R
630.6137222222222	630.7037222222223	35	OW1
630.7037222222223	630.7337222222222	51	G
630.7337222222222	630.7737222222223	61	R
630.7737222222223	631.0427222222223	5	AE2
631.0427222222223	631.0827222222223	57	M
631.0827222222223	631.2127222222223	69	Z
631.2127222222223	631.2427222222223	67	W
631.2427222222223	631.2727222222222	6	AH0
631.2727222222222	631.3027222222223	56	L
631.3027222222223	631.4027222222222	58	N
631.4027222222222	631.4817222222223	19	EH1
631.4817222222223	631.5417222222222	66	V
631.5417222222222	631.6817222222222	21	ER0
631.6817222222222	631.7217222222223	54	K
631.7217222222223	631.7517222222223	6	AH0
631.7517222222223	631.8217222222223	57	M
631.8217222222223	631.9507222222222	60	P
631.9507222222222	632.1507222222223	16	AY1
632.1507222222223	632.3497222222222	56	L
632.3497222222222	646.1836360544218	74	sp
646.1836360544218	646.2236360544217	49	DH
646.2236360544217	646.2836360544217	6	AH0
646.2836360544217	646.4326360544218	57	M
646.4326360544218	646.4926360544217	29	IH2
646.4926360544217	646.6626360544218	62	S
646.6626360544218	646.7226360544217	54	K
646.7226360544217	646.8016360544217	67	W
646.8016360544217	646.9916360544217	35	OW1
646.9916360544217	647.0916360544218	64	T
647.0916360544218	647.1816360544218	67	W
647.1816360544218	647.2206360544218	6	AH0
647.2206360544218	647.3606360544217	69	Z
647.3606360544217	647.3906360544217	61	R
647.3906360544217	647.4306360544218	31	IY0
647.4306360544218	647.5406360544217	64	T
647.5406360544217	647.5706360544217	61	R
647.5706360544217	647.7096360544218	4	AE1
647.7096360544218	647.7696360544218	54	K
647.7696360544218	647.8496360544217	64	T
647.8496360544217	647.9296360544217	6	AH0
647.9296360544217	648.0296360544218	48	D
648.0296360544218	648.0596360544217	67	W
648.0596360544217	648.1086360544217	28	IH1
648.1086360544217	648.2386360544218	65	TH
648.2386360544218	648.2686360544218	6	AH0
648.2686360544218	648.3186360544217	58	N
648.3186360544217	648.3486360544217	6	AH0
648.3486360544217	648.4986360544218	60	P
648.4986360544218	648.6476360544217	1	AA1
648.6476360544217	648.7176360544217	56	L
648.7176360544217	648.7476360544217	6	AH0
648.7476360544217	648.8476360544217	53	JH
648.8476360544217	649.0766360544218	31	IY0
649.0766360544218	663.2289875283446	74	sp
663.2289875283446	663.4149768162775	67	W
663.4149768162775	663.5279787168756	32	IY1
663.5279787168756	663.5710466740505	56	L
663.5710466740505	663.649081602937	16	AY1
663.649081602937	663.7720454093505	54	K
663.7720454093505	663.863262577966	46	B
663.863262577966	663.962881636119	56	L
663.962881636119	664.077543854353	44	UW1
664.077543854353	664.1774745070404	47	CH
664.1774745070404	664.5278015282119	32	IY1
664.5278015282119	664.623944153826	69	Z
664.623944153826	664.7004745623436	46	B
664.7004745623436	664.7685475854149	6	AH0
664.7685475854149	664.8307369433574	64	T
664.8307369433574	664.9561634782697	66	V
664.9561634782697	665.0275571366127	28	IH1
665.0275571366127	665.1039317478633	54	K
665.1039317478633	665.1570619122116	64	T
665.1570619122116	665.3205306459429	21	ER0
665.3205306459429	665.365515019379	56	L
665.365515019379	665.4717753480755	16	AY1
665.4717753480755	665.536527735875	54	K
665.536527735875	665.6378071116638	62	S
665.6378071116638	665.7274642640016	46	B
665.7274642640016	665.8121404634315	61	R
665.8121404634315	666.14654581598	16	AY1
666.14654581598	679.6674455782313	74	sp
679.6674455782313	679.7174455782314	49	DH
679.7174455782314	679.8674455782314	25	EY1
679.8674455782314	680.0564455782313	10	AO1
680.0564455782313	680.143459745233	56	L
680.143459745233	680.2397581681142	6	AH0
680.2397581681142	680.3177930970008	58	N
680.3177930970008	680.3659423084414	53	JH
680.3659423084414	680.6888740886208	38	OY1
680.6888740886208	680.8673582344782	16	AY1
680.8673582344782	680.9678074514492	62	S
680.9678074514492	681.0300693627947	54	K
681.0300693627947	681.0915011153223	61	R
681.0915011153223	681.2525519260031	32	IY1
681.2525519260031	681.3662836840612	57	M
681.3662836840612	681.4873695126288	62	S
681.4873695126288	681.5624402062264	6	AH0
681.5624402062264	681.698586252369	58	N
681.698586252369	681.7616783225325	48	D
681.7616783225325	682.0123862855509	25	EY1
682.0123862855509	682.3326415827518	69	Z
682.3326415827518	694.9488061224489	74	sp
694.9488061224489	695.0142715961617	52	HH
695.0142715961617	695.242637824499	13	AW1
695.242637824499	695.2965255942619	51	G
695.2965255942619	695.4393129109478	41	UH1
695.4393129109478	695.4817235640661	48	D
695.4817235640661	695.5987034039927	28	IH1
695.5987034039927	695.667679139285	69	Z
695.667679139285	695.7829986615757	68	Y
695.7829986615757	695.9255405700973	21	ER0
695.9255405700973	696.0314999947201	6	AH0
696.0314999947201	696.1643254055908	58	N
696.1643254055908	696.2523222402925	48	D
696.2523222402925	696.3834873335273	22	ER1
696.3834873335273	696.5013698856751	6	AH0
696.5013698856751	696.5810651321975	58	N
696.5810651321975	696.9655289662625	62	S
696.9655289662625	706.099373015873	74	sp
