62.02844331065759	62.128443310657595	210	HOW
62.128443310657595	62.4074433106576	269	MUCH
62.4074433106576	63.036443310657596	16	ALLOWANCE
63.036443310657596	63.106443310657596	128	DO
63.106443310657596	63.295443310657596	495	YOU
63.295443310657596	63.59544331065759	177	GET
63.59544331065759	75.73229818594105	99999	sp
75.73229818594105	76.46129818594105	115	CYCLICAL
76.46129818594105	77.23929818594105	346	PROGRAMS
77.23929818594105	77.32929818594104	485	WILL
77.32929818594104	77.70829818594105	281	NEVER
77.70829818594105	78.37629818594105	100	COMPILE
78.37629818594105	91.32885147392291	99999	sp
91.32885147392291	91.39885147392292	434	THE
91.39885147392292	91.51885147392292	99999	sp
91.51885147392292	92.18685147392291	61	BOSTON
92.18685147392291	92.65585147392291	88888	BALLOT
92.65585147392291	92.76585147392292	99999	sp
92.76585147392292	93.72385147392292	312	OVERCAME
93.72385147392292	93.84385147392291	99999	sp
93.84385147392291	94.03285147392292	435	THEIR
94.03285147392292	94.52185147392291	170	FUNDING
94.52185147392291	95.14085147392292	380	SHORTAGE
95.14085147392292	107.728216553288	99999	sp
107.728216553288	108.21510856108817	145	EVERY
108.21510856108817	108.62354669951547	74	CAB
108.62354669951547	109.04512227222341	280	NEEDS
109.04512227222341	109.80117929515863	364	REPAINTING
109.80117929515863	110.58240354829027	296	OFTEN
110.58240354829027	122.58935034013606	99999	sp
122.58935034013606	122.97151005726117	203	HELP
122.97151005726117	123.52771646528208	196	GREG
123.52771646528208	123.72539456531011	446	TO
123.72539456531011	124.00775955522893	325	PICK
124.00775955522893	124.10571829574604	1	A
124.10571829574604	124.31491831786735	321	PECK
124.31491831786735	124.46102626982508	294	OF
124.46102626982508	124.63369930395696	99999	sp
124.63369930395696	125.64157829530829	338	POTATOES
125.64157829530829	140.0110283446712	99999	sp
140.0110283446712	140.31001953320225	476	WE
140.31001953320225	140.5540862256771	241	LIKE
140.5540862256771	140.85958467067965	55	BLUE
140.85958467067965	141.40598497015253	88	CHEESE
141.40598497015253	141.61277775968392	70	BUT
141.61277775968392	142.1025714622695	466	VICTOR
142.1025714622695	142.41984792799045	242	LIKES
142.41984792799045	142.92858663230652	88888	BRY
142.92858663230652	157.38445238095238	99999	sp
157.38445238095238	157.65984642600807	108	COUNT
157.65984642600807	157.8059543779658	434	THE
157.8059543779658	158.15462108150132	289	NUMBER
158.15462108150132	158.2475988691108	294	OF
158.2475988691108	159.01798625216065	429	TEASPOONS
159.01798625216065	159.12556020444976	294	OF
159.12556020444976	159.42109674363698	88888	SOY
159.42109674363698	159.89594758749962	88888	SAUCE
159.89594758749962	160.11178888016445	495	YOU
160.11178888016445	160.37745238095238	7	ADD
160.37745238095238	174.9102573696145	99999	sp
174.9102573696145	175.79825736961448	44	BAGPIPES
175.79825736961448	175.95825736961447	20	AND
175.95825736961447	176.77625736961448	59	BONGOS
176.77625736961448	176.87525736961447	30	ARE
176.87525736961447	176.92525736961449	99999	sp
176.92525736961449	177.39425736961448	273	MUSICAL
177.39425736961448	178.22225736961448	220	INSTRUMENTS
178.22225736961448	190.54798979591837	99999	sp
190.54798979591837	190.84182149796834	210	HOW
190.84182149796834	191.08090723753554	189	GOOD
191.08090723753554	191.26686281275448	224	IS
191.26686281275448	191.5247242435667	496	YOUR
191.5247242435667	192.5647126397319	138	ENDURANCE
192.5647126397319	205.77111904761904	99999	sp
205.77111904761904	205.94047144647914	434	THE
205.94047144647914	206.4559072560672	141	ESSAY
206.4559072560672	206.50590725606722	99999	sp
206.50590725606722	207.4329072560672	454	UNDENIABLY
207.4329072560672	208.10190725606722	358	REFLECTS
208.10190725606722	208.1919072560672	99999	sp
208.1919072560672	208.4009072560672	305	OUR
208.4009072560672	208.8999072560672	467	VIEW
208.8999072560672	208.9299072560672	1	A
208.9299072560672	239.9310283446712	99999	sp
239.9310283446712	240.06453040606695	1	A
240.06453040606695	240.73861936623558	60	BORING
240.73861936623558	241.29900392249237	287	NOVEL
241.29900392249237	241.45175314499366	224	IS
241.45175314499366	241.52148648570076	1	A
241.52148648570076	242.16640124851222	418	SUPERB
242.16640124851222	242.81060449123495	386	SLEEPING
242.81060449123495	243.22447969319825	328	PILL
243.22447969319825	255.19497392290248	99999	sp
255.19497392290248	255.5249739229025	303	ORANGE
255.5249739229025	255.5539739229025	99999	sp
255.5539739229025	256.0229739229025	230	JUICE
256.0229739229025	256.3863766162466	425	TASTES
256.3863766162466	256.82994985828736	171	FUNNY
256.82994985828736	257.278283802308	10	AFTER
257.278283802308	258.0652743617167	449	TOOTHPASTE
258.0652743617167	270.89465646258503	99999	sp
270.89465646258503	271.07041922156344	434	THE
271.07041922156344	271.45284907514616	486	WILLOWY
271.45284907514616	272.0201315997495	488	WOMAN
272.0201315997495	272.4999633965198	490	WORE
272.4999633965198	272.68791461817074	1	A
272.68791461817074	273.4665243592291	274	MUSKRAT
273.4665243592291	273.6674782890803	96	COAT
273.6674782890803	287.5642256235828	99999	sp
287.5642256235828	287.66422562358275	434	THE
287.66422562358275	288.4722256235828	264	MISQUOTE
288.4722256235828	288.74122562358275	472	WAS
288.74122562358275	289.4102256235828	365	RETRACTED
289.4102256235828	289.6192256235828	487	WITH
289.6192256235828	289.6992256235828	19	AN
289.6992256235828	290.45722562358276	26	APOLOGY
290.45722562358276	303.03640249433107	99999	sp
303.03640249433107	303.0864024943311	99999	sp
303.0864024943311	303.1264024943311	211	I
303.1264024943311	303.3554024943311	233	JUST
303.3554024943311	303.6844024943311	370	SAW
303.6844024943311	303.7344024943311	99999	sp
303.7344024943311	304.02440249433107	228	JIM
304.02440249433107	304.4734024943311	277	NEAR
304.4734024943311	304.5624024943311	434	THE
304.5624024943311	304.9024024943311	282	NEW
304.9024024943311	304.9624024943311	99999	sp
304.9624024943311	305.7074123059449	29	ARCHEOLOGICAL
305.7074123059449	306.30313768519864	272	MUSEUM
306.30313768519864	321.353522675737	99999	sp
321.353522675737	321.632522675737	367	RIGHT
321.632522675737	321.991522675737	288	NOW
321.991522675737	322.21152267573694	257	MAY
322.21152267573694	322.55052267573694	285	NOT
322.55052267573694	322.789522675737	47	BE
322.789522675737	322.849522675737	434	THE
322.849522675737	323.298522675737	51	BEST
323.298522675737	323.568522675737	445	TIME
323.568522675737	323.767522675737	161	FOR
323.767522675737	324.286522675737	69	BUSINESS
324.286522675737	324.974522675737	260	MERGERS
324.974522675737	338.5590555555556	99999	sp
338.5590555555556	338.6190555555556	434	THE
338.6190555555556	339.29805555555555	263	MISPRINT
339.29805555555555	339.48705555555557	99999	sp
339.48705555555557	340.07605555555557	348	PROVOKED
340.07605555555557	340.23605555555554	99999	sp
340.23605555555554	340.42505555555556	19	AN
340.42505555555556	340.96405555555555	216	IMMEDIATE
340.96405555555555	341.6620555555555	125	DISCLAIMER
341.6620555555555	354.6280804988662	99999	sp
354.6280804988662	354.82808049886626	438	THEY
354.82808049886626	355.10409466586793	14	ALL
355.10409466586793	355.6495090092556	139	ENJOY
355.6495090092556	355.928442372084	212	ICE
355.928442372084	356.326918604696	112	CREAM
356.326918604696	357.2932765033867	417	SUNDAES
357.2932765033867	369.7986020408163	99999	sp
369.7986020408163	370.1976020408163	128	DO
370.1976020408163	370.9356020408163	38	ATYPICAL
370.9356020408163	371.7646020408163	151	FARMERS
371.7646020408163	372.0836020408163	99999	sp
372.0836020408163	372.4626020408163	197	GROW
372.4626020408163	373.0516020408163	291	OATS
373.0516020408163	394.2712551020408	99999	sp
