44.4785	44.5385	6	AH0
44.5385	44.6585	48	D
44.6585	44.7085	28	IH1
44.7085	44.8785	63	SH
44.8785	44.9275	6	AH0
44.9275	45.0475	58	N
45.0475	45.2275	4	AE1
45.2275	45.3175	58	N
45.3175	45.3465	48	D
45.3465	45.4565	62	S
45.4565	45.4865	6	AH0
45.4865	45.5665	46	B
45.5665	45.6865	64	T
45.6865	45.7165	61	R
45.7165	45.8055	4	AE1
45.8055	45.8855	54	K
45.8855	46.0755	63	SH
46.0755	46.1055	6	AH0
46.1055	46.2345	58	N
46.2345	46.3345	74	sp
46.3345	46.4945	1	AA1
46.4945	46.5545	61	R
46.5545	46.6445	74	sp
46.6445	46.6735	56	L
46.6735	46.8235	22	ER1
46.8235	46.9135	58	N
46.9135	46.9435	48	D
46.9435	47.1725	62	S
47.1725	47.2025	54	K
47.2025	47.2925	28	IH1
47.2925	47.4725	56	L
47.4725	47.8615	69	Z
47.8615	48.948499999999996	74	sp
48.948499999999996	56.860499999999995	73	ns
56.860499999999995	56.9005	52	HH
56.9005	56.960499999999996	13	AW1
56.960499999999996	57.0605	57	M
57.0605	57.1205	7	AH1
57.1205	57.2395	47	CH
57.2395	57.2895	6	AH0
57.2895	57.399499999999996	56	L
57.399499999999996	57.579499999999996	13	AW1
57.579499999999996	57.6785	6	AH0
57.6785	57.7085	58	N
57.7085	57.8685	62	S
57.8685	57.9085	48	D
57.9085	57.9385	44	UW1
57.9385	58.0985	68	Y
58.0985	58.1275	44	UW1
58.1275	58.1875	51	G
58.1875	58.3075	28	IH1
58.3075	58.427499999999995	64	T
58.427499999999995	60.5625	74	sp
60.5625	69.5615	73	ns
69.5615	69.6915	62	S
69.6915	69.78150000000001	28	IH1
69.78150000000001	69.8515	54	K
69.8515	69.8815	56	L
69.8815	69.9415	27	IH0
69.9415	70.04050000000001	54	K
70.04050000000001	70.0705	6	AH0
70.0705	70.29050000000001	56	L
70.29050000000001	70.4105	60	P
70.4105	70.4695	61	R
70.4695	70.5595	35	OW1
70.5595	70.5895	51	G
70.5895	70.62950000000001	61	R
70.62950000000001	70.8985	5	AE2
70.8985	70.9385	57	M
70.9385	71.0685	69	Z
71.0685	71.0985	67	W
71.0985	71.1285	6	AH0
71.1285	71.1585	56	L
71.1585	71.2585	58	N
71.2585	71.3375	19	EH1
71.3375	71.39750000000001	66	V
71.39750000000001	71.53750000000001	21	ER0
71.53750000000001	71.5775	54	K
71.5775	71.6075	6	AH0
71.6075	71.6775	57	M
71.6775	71.8065	60	P
71.8065	72.0065	16	AY1
72.0065	72.2055	56	L
72.2055	74.17150000000001	74	sp
74.17150000000001	83.6995	73	ns
83.6995	83.7395	49	DH
83.7395	83.76950000000001	6	AH0
83.76950000000001	83.88950000000001	74	sp
83.88950000000001	83.9295	46	B
83.9295	84.1085	1	AA1
84.1085	84.2985	62	S
84.2985	84.3285	64	T
84.3285	84.3585	6	AH0
84.3585	84.5575	58	N
84.5575	84.59750000000001	46	B
84.59750000000001	84.7175	4	AE1
84.7175	84.9175	56	L
84.9175	84.9565	6	AH0
84.9565	85.0265	64	T
85.0265	85.13650000000001	74	sp
85.13650000000001	85.1965	35	OW1
85.1965	85.3365	66	V
85.3365	85.4355	21	ER0
85.4355	85.55550000000001	54	K
85.55550000000001	85.89450000000001	25	EY1
85.89450000000001	86.09450000000001	57	M
86.09450000000001	86.2145	74	sp
86.2145	86.26350000000001	49	DH
86.26350000000001	86.3335	19	EH1
86.3335	86.40350000000001	61	R
86.40350000000001	86.54350000000001	50	F
86.54350000000001	86.5935	7	AH1
86.5935	86.7025	58	N
86.7025	86.7325	48	D
86.7325	86.7825	27	IH0
86.7825	86.8925	59	NG
86.8925	87.0625	63	SH
87.0625	87.1425	10	AO1
87.1425	87.1815	61	R
87.1815	87.3515	64	T
87.3515	87.3815	6	AH0
87.3815	87.51150000000001	53	JH
87.51150000000001	89.76650000000001	74	sp
89.76650000000001	101.81849359094082	73	ns
101.81849359094082	101.99782563067096	19	EH1
101.99782563067096	102.09246373591631	66	V
102.09246373591631	102.24853359368934	61	R
102.24853359368934	102.305385598741	31	IY0
102.305385598741	102.40626376909826	54	K
102.40626376909826	102.61878442649133	4	AE1
102.61878442649133	102.7138237371683	46	B
102.7138237371683	102.78225316022262	58	N
102.78225316022262	102.99975477052334	32	IY1
102.99975477052334	103.06782779359456	48	D
103.06782779359456	103.13539930987623	69	Z
103.13539930987623	103.24619458060027	61	R
103.24619458060027	103.3441533211174	32	IY1
103.3441533211174	103.43547079109098	60	P
103.43547079109098	103.55999461378224	26	EY2
103.55999461378224	103.62474700158168	58	N
103.62474700158168	103.69946129519643	64	T
103.69946129519643	103.83394702370299	6	AH0
103.83394702370299	103.89145633281146	59	NG
103.89145633281146	104.10815553224894	1	AA1
104.10815553224894	104.23599999021197	50	F
104.23599999021197	104.31867016248388	6	AH0
104.31867016248388	104.6726805859431	58	N
104.6726805859431	116.12115070880542	74	sp
116.12115070880542	116.24172715441489	52	HH
116.24172715441489	116.31312081275787	19	EH1
116.31312081275787	116.35296843601907	56	L
116.35296843601907	116.50331042593052	60	P
116.50331042593052	116.62193989303218	51	G
116.62193989303218	116.75245837267093	61	R
116.75245837267093	116.87698219536217	19	EH1
116.87698219536217	117.05951683395143	51	G
117.05951683395143	117.15259492291881	64	T
117.15259492291881	117.25719493397946	6	AH0
117.25719493397946	117.31696636887126	60	P
117.31696636887126	117.43816955629075	28	IH1
117.43816955629075	117.53955992389828	54	K
117.53955992389828	117.6375186644154	6	AH0
117.6375186644154	117.6825478432999	60	P
117.6825478432999	117.77718594854525	19	EH1
117.77718594854525	117.8467186865367	54	K
117.8467186865367	117.90170977123651	6	AH0
117.90170977123651	117.99282663849444	50	F
117.99282663849444	118.16549967262631	74	sp
118.16549967262631	118.24188497433758	60	P
118.24188497433758	118.31327863268056	6	AH0
118.31327863268056	118.39961514974651	64	T
118.39961514974651	118.56232627806307	25	EY1
118.56232627806307	118.62375803059075	64	T
118.62375803059075	118.9392183814086	34	OW0
118.9392183814086	119.17337866397764	69	Z
119.17337866397764	133.45001233886137	74	sp
133.45001233886137	133.6360016267943	67	W
133.6360016267943	133.74900352739243	32	IY1
133.74900352739243	133.79207148456732	56	L
133.79207148456732	133.87010641345384	16	AY1
133.87010641345384	133.99307021986726	54	K
133.99307021986726	134.08428738848278	46	B
134.08428738848278	134.1839064466358	56	L
134.1839064466358	134.2985686648698	44	UW1
134.2985686648698	134.39849931755717	47	CH
134.39849931755717	134.74882633872855	32	IY1
134.74882633872855	134.84496896434268	69	Z
134.84496896434268	134.9214993728604	46	B
134.9214993728604	134.98957239593165	6	AH0
134.98957239593165	135.05176175387408	64	T
135.05176175387408	135.17718828878645	66	V
135.17718828878645	135.24858194712945	28	IH1
135.24858194712945	135.32495655838008	54	K
135.32495655838008	135.37808672272834	64	T
135.37808672272834	135.54155545645966	21	ER0
135.54155545645966	135.58653982989574	56	L
135.58653982989574	135.6928001585923	16	AY1
135.6928001585923	135.75755254639174	54	K
135.75755254639174	135.85883192218063	62	S
135.85883192218063	135.9484890745183	46	B
135.9484890745183	136.03316527394836	61	R
136.03316527394836	136.3675706264967	16	AY1
136.3675706264967	150.6375	74	sp
150.6375	150.66728340927574	54	K
150.66728340927574	150.7718834203364	13	AW1
150.7718834203364	150.88478501957647	58	N
150.88478501957647	150.91289404505568	64	T
150.91289404505568	150.97610248955004	48	D
150.97610248955004	151.0590019970134	6	AH0
151.0590019970134	151.10892790042072	58	N
151.10892790042072	151.16537870004075	6	AH0
151.16537870004075	151.22515013493256	57	M
151.22515013493256	151.27828029928082	46	B
151.27828029928082	151.40766870054892	21	ER0
151.40766870054892	151.45095333341268	6	AH0
151.45095333341268	151.5006464881584	66	V
151.5006464881584	151.6081371965835	64	T
151.6081371965835	151.70775625473652	32	IY1
151.70775625473652	151.80073404234597	62	S
151.80073404234597	151.92359754740136	60	P
151.92359754740136	152.00329279392375	44	UW1
152.00329279392375	152.14940074588148	58	N
152.14940074588148	152.27103387120826	69	Z
152.27103387120826	152.34577492825665	6	AH0
152.34577492825665	152.37860782349736	66	V
152.37860782349736	152.5101463742091	62	S
152.5101463742091	152.6741443626846	38	OY1
152.6741443626846	152.82611892227732	62	S
152.82611892227732	153.01373481513212	13	AW1
153.01373481513212	153.14899520654723	62	S
153.14899520654723	153.18972848453578	68	Y
153.18972848453578	153.36483649921206	44	UW1
153.36483649921206	153.57869951267347	4	AE1
153.57869951267347	153.63049999999998	48	D
153.63049999999998	167.9085	74	sp
167.9085	167.9485	46	B
167.9485	168.2275	4	AE1
168.2275	168.2575	51	G
168.2575	168.36749999999998	60	P
168.36749999999998	168.5665	17	AY2
168.5665	168.5965	60	P
168.5965	168.79649999999998	62	S
168.79649999999998	168.8365	6	AH0
168.8365	168.8965	58	N
168.8965	168.95649999999998	48	D
168.95649999999998	169.00549999999998	46	B
169.00549999999998	169.1155	1	AA1
169.1155	169.2755	59	NG
169.2755	169.3355	51	G
169.3355	169.4645	36	OW2
169.4645	169.7745	69	Z
169.7745	169.87349999999998	21	ER0
169.87349999999998	169.9235	74	sp
169.9235	169.9535	57	M
169.9535	170.02349999999998	68	Y
170.02349999999998	170.05349999999999	44	UW1
170.05349999999999	170.15349999999998	69	Z
170.15349999999998	170.1935	27	IH0
170.1935	170.2935	54	K
170.2935	170.33249999999998	6	AH0
170.33249999999998	170.39249999999998	56	L
170.39249999999998	170.42249999999999	28	IH1
170.42249999999999	170.5125	58	N
170.5125	170.64249999999998	62	S
170.64249999999998	170.67249999999999	64	T
170.67249999999999	170.7025	61	R
170.7025	170.74249999999998	6	AH0
170.74249999999998	170.8215	57	M
170.8215	170.8515	6	AH0
170.8515	170.9015	58	N
170.9015	170.9315	64	T
170.9315	171.2205	62	S
171.2205	172.5975	74	sp
172.5975	184.84949999999998	73	ns
184.84949999999998	184.91496547371275	52	HH
184.91496547371275	185.14333170204995	13	AW1
185.14333170204995	185.1972194718129	51	G
185.1972194718129	185.34000678849887	41	UH1
185.34000678849887	185.38241744161715	48	D
185.38241744161715	185.49939728154368	28	IH1
185.49939728154368	185.5683730168361	69	Z
185.5683730168361	185.68369253912672	68	Y
185.68369253912672	185.82623444764832	21	ER0
185.82623444764832	185.93219387227114	6	AH0
185.93219387227114	186.06501928314182	58	N
186.06501928314182	186.15301611784363	48	D
186.15301611784363	186.28418121107842	22	ER1
186.28418121107842	186.40206376322612	6	AH0
186.40206376322612	186.48175900974854	58	N
186.48175900974854	186.86622284381352	62	S
186.86622284381352	197.71471179155182	74	sp
197.71471179155182	197.81765148497658	49	DH
197.81765148497658	197.88406419041192	6	AH0
197.88406419041192	197.9505	19	EH1
197.9505	198.1195	62	S
198.1195	198.3995	26	EY2
198.3995	198.4495	74	sp
198.4495	198.49849999999998	8	AH2
198.49849999999998	198.5785	58	N
198.5785	198.6085	48	D
198.6085	198.6385	6	AH0
198.6385	198.7585	58	N
198.7585	199.0275	16	AY1
199.0275	199.0575	6	AH0
199.0575	199.08749999999998	46	B
199.08749999999998	199.1575	56	L
199.1575	199.3765	31	IY0
199.3765	199.4065	61	R
199.4065	199.45649999999998	6	AH0
199.45649999999998	199.6265	50	F
199.6265	199.6765	56	L
199.6765	199.78549999999998	19	EH1
199.78549999999998	199.8355	54	K
199.8355	200.0455	62	S
200.0455	200.13549999999998	74	sp
200.13549999999998	200.2155	13	AW1
200.2155	200.34449999999998	21	ER0
200.34449999999998	200.5545	66	V
200.5545	200.6935	68	Y
200.6935	200.84349999999998	44	UW1
200.84349999999998	200.87349999999998	6	AH0
200.87349999999998	200.9835	74	sp
200.9835	201.0635	56	L
201.0635	201.11249999999998	1	AA1
201.11249999999998	201.14249999999998	64	T
232.9205	233.05400206139575	25	EY1
233.05400206139575	233.10458704099756	46	B
233.10458704099756	233.19258387569937	10	AO1
233.19258387569937	233.26397753404234	61	R
233.26397753404234	233.34201246292886	6	AH0
233.34201246292886	233.72809102156438	59	NG
233.72809102156438	233.8139993728607	58	N
233.8139993728607	233.9916533599002	1	AA1
233.9916533599002	234.0813105122379	66	V
234.0813105122379	234.1842502056627	6	AH0
234.1842502056627	234.28847557782117	56	L
234.28847557782117	234.3403200634357	27	IH0
234.3403200634357	234.44122480032246	69	Z
234.44122480032246	234.51095814102956	6	AH0
234.51095814102956	234.63198965511302	62	S
234.63198965511302	234.72828807799425	6	AH0
234.72828807799425	234.8146245950602	60	P
234.8146245950602	235.01552302900208	22	ER1
235.01552302900208	235.15587290384101	46	B
235.15587290384101	235.33395830556935	62	S
235.33395830556935	235.3704852935588	56	L
235.3704852935588	235.4518408577171	32	IY1
235.4518408577171	235.52323451606006	60	P
235.52323451606006	235.6195329389413	6	AH0
235.6195329389413	235.80007614656375	59	NG
235.80007614656375	235.888715689131	60	P
235.888715689131	236.01656014709403	28	IH1
236.01656014709403	236.21395134852705	56	L
236.21395134852705	249.1735	74	sp
249.1735	249.2835	10	AO1
249.2835	249.3135	61	R
249.3135	249.3535	6	AH0
249.3535	249.3935	58	N
249.3935	249.5035	53	JH
249.5035	249.5325	74	sp
249.5325	249.6225	53	JH
249.6225	249.7625	44	UW1
249.7625	250.0015	62	S
250.0015	250.04149999999998	64	T
250.04149999999998	250.1615	25	EY1
250.1615	250.22875664720164	62	S
250.22875664720164	250.3275455465367	64	T
250.3275455465367	250.36490269334408	62	S
250.36490269334408	250.42948719751828	50	F
250.42948719751828	250.49257926768186	7	AH1
250.49257926768186	250.6183695660762	58	N
250.6183695660762	250.80930609420278	31	IY0
250.80930609420278	250.9852997636064	4	AE1
250.9852997636064	251.03178865741114	50	F
251.03178865741114	251.11466133250065	64	T
251.11466133250065	251.25979342319363	21	ER0
251.25979342319363	251.31989342012668	64	T
251.31989342012668	251.43279501936675	44	UW1
251.43279501936675	251.5191315364327	65	TH
251.5191315364327	251.62207122985745	60	P
251.62207122985745	251.74161409964105	26	EY2
251.74161409964105	251.91096649850115	62	S
251.91096649850115	252.04379190937183	64	T
252.04379190937183	264.3122282391877	74	sp
264.3122282391877	264.3367213132027	49	DH
264.3367213132027	264.48781021806803	6	AH0
264.48781021806803	264.5542229235034	67	W
264.5542229235034	264.6040324525799	28	IH1
264.6040324525799	264.6721054756511	56	L
264.6721054756511	264.7213686924894	6	AH0
264.7213686924894	264.78114012738126	67	W
264.78114012738126	264.8691369620831	31	IY0
264.8691369620831	264.9827195996419	67	W
264.9827195996419	265.0491323050772	41	UH1
265.0491323050772	265.108903739969	57	M
265.108903739969	265.31478312681855	6	AH0
265.31478312681855	265.4362743942588	58	N
265.4362743942588	265.64620004039915	67	W
265.64620004039915	265.78898735708515	10	AO1
265.78898735708515	265.91435458881017	61	R
265.91435458881017	266.10695143457264	25	EY1
266.10695143457264	266.22055258356295	57	M
266.22055258356295	266.3442462474363	7	AH1
266.3442462474363	266.45548752904045	62	S
266.45548752904045	266.55178595192166	54	K
266.55178595192166	266.6314811984441	61	R
266.6314811984441	266.80581455021184	5	AE2
266.80581455021184	266.8846796379163	64	T
266.8846796379163	266.97101615498224	54	K
266.97101615498224	267.030787589874	35	OW1
267.030787589874	267.0839177542223	64	T
267.0839177542223	280.59250000000003	73	ns
280.59250000000003	280.6325	49	DH
280.6325	280.6925	6	AH0
280.6925	280.8415	57	M
280.8415	280.9015	29	IH2
280.9015	281.0715	62	S
281.0715	281.1315	54	K
281.1315	281.2105	67	W
281.2105	281.4005	35	OW1
281.4005	281.50050000000005	64	T
281.50050000000005	281.5905	67	W
281.5905	281.6295	6	AH0
281.6295	281.7695	69	Z
281.7695	281.7995	61	R
281.7995	281.83950000000004	31	IY0
281.83950000000004	281.9495	64	T
281.9495	281.97950000000003	61	R
281.97950000000003	282.11850000000004	4	AE1
282.11850000000004	282.17850000000004	54	K
282.17850000000004	282.2585	64	T
282.2585	282.3385	6	AH0
282.3385	282.43850000000003	48	D
282.43850000000003	282.4685	67	W
282.4685	282.51750000000004	28	IH1
282.51750000000004	282.64750000000004	65	TH
282.64750000000004	282.6775	6	AH0
282.6775	282.7275	58	N
282.7275	282.7575	6	AH0
282.7575	282.9075	60	P
282.9075	283.0565	1	AA1
283.0565	283.1265	56	L
283.1265	283.1565	6	AH0
283.1565	283.2565	53	JH
283.2565	283.4855	31	IY0
283.4855	285.35150000000004	74	sp
285.35150000000004	296.4065	73	ns
296.4065	296.4565	74	sp
296.4565	296.4965	16	AY1
296.4965	296.5265	53	JH
296.5265	296.5765	7	AH1
296.5765	296.69550000000004	62	S
296.69550000000004	296.7255	64	T
296.7255	296.8955	62	S
296.8955	297.0545	10	AO1
297.0545	297.10450000000003	74	sp
297.10450000000003	297.22450000000003	53	JH
297.22450000000003	297.3645	28	IH1
297.3645	297.3945	57	M
297.3945	297.5735	58	N
297.5735	297.81350000000003	28	IH1
297.81350000000003	297.8435	61	R
297.8435	297.8935	49	DH
297.8935	297.9325	6	AH0
297.9325	298.0025	58	N
298.0025	298.1025	68	Y
298.1025	298.27250000000004	44	UW1
298.27250000000004	298.33250000000004	74	sp
298.33250000000004	298.36150000000004	2	AA2
298.36150000000004	298.4415	61	R
298.4415	298.5215	54	K
298.5215	298.60150000000004	31	IY0
298.60150000000004	298.6315	6	AH0
298.6315	298.7115	56	L
298.7115	298.81050000000005	1	AA1
298.81050000000005	298.88050000000004	53	JH
298.88050000000004	298.9105	27	IH0
298.9105	299.00050000000005	54	K
299.00050000000005	299.0305	6	AH0
299.0305	299.0775098116138	56	L
299.0775098116138	299.1809082084708	57	M
299.1809082084708	299.2406796433626	68	Y
299.2406796433626	299.3220352075209	44	UW1
299.3220352075209	299.3751653718692	69	Z
299.3751653718692	299.4800444257659	31	IY0
299.4800444257659	299.5622301487421	6	AH0
299.5622301487421	299.67323519086756	57	M
299.67323519086756	313.69750000000005	74	sp
313.69750000000005	313.7275	61	R
313.7275	313.8765	16	AY1
313.8765	313.97650000000004	64	T
313.97650000000004	314.04650000000004	58	N
314.04650000000004	314.3355	13	AW1
314.3355	314.4655	57	M
314.4655	314.5555	25	EY1
314.5555	314.66450000000003	58	N
314.66450000000003	314.78450000000004	1	AA1
314.78450000000004	314.8945	64	T
314.8945	314.9445	46	B
314.9445	315.1335	31	IY0
315.1335	315.1635	49	DH
315.1635	315.19350000000003	6	AH0
315.19350000000003	315.30350000000004	46	B
315.30350000000004	315.4035	19	EH1
315.4035	315.6025	62	S
315.6025	315.64250000000004	64	T
315.64250000000004	315.6725	64	T
315.6725	315.84250000000003	16	AY1
315.84250000000003	315.9125	57	M
315.9125	316.0315	50	F
316.0315	316.11150000000004	21	ER0
316.11150000000004	316.1915	46	B
316.1915	316.2615	28	IH1
316.2615	316.39050000000003	69	Z
316.39050000000003	316.4805	58	N
316.4805	316.51050000000004	6	AH0
316.51050000000004	316.63050000000004	62	S
316.63050000000004	316.75050000000005	57	M
316.75050000000005	316.84950000000003	22	ER1
316.84950000000003	316.9295	53	JH
316.9295	317.0795	21	ER0
317.0795	317.31850000000003	69	Z
317.31850000000003	319.2945	74	sp
319.2945	331.41650000000004	73	ns
331.41650000000004	331.4465	49	DH
331.4465	331.47650000000004	6	AH0
331.47650000000004	331.54650000000004	57	M
331.54650000000004	331.6265	28	IH1
331.6265	331.7855	62	S
331.7855	331.9055	60	P
331.9055	331.9755	61	R
331.9755	332.0455	28	IH1
332.0455	332.07550000000003	58	N
332.07550000000003	332.1555	64	T
332.1555	332.34450000000004	74	sp
332.34450000000004	332.3745	60	P
332.3745	332.40450000000004	61	R
332.40450000000004	332.4345	6	AH0
332.4345	332.5645	66	V
332.5645	332.7135	35	OW1
332.7135	332.74350000000004	54	K
332.74350000000004	332.93350000000004	64	T
332.93350000000004	333.0935	74	sp
333.0935	333.14250000000004	4	AE1
333.14250000000004	333.2825	58	N
333.2825	333.3125	29	IH2
333.3125	333.4225	57	M
333.4225	333.52250000000004	32	IY1
333.52250000000004	333.5615	48	D
333.5615	333.7615	31	IY0
333.7615	333.79150000000004	6	AH0
333.79150000000004	333.8215	64	T
333.8215	333.8715	48	D
333.8715	333.91150000000005	29	IH2
333.91150000000005	334.0205	62	S
334.0205	334.0905	54	K
334.0905	334.1605	56	L
334.1605	334.2805	25	EY1
334.2805	334.3405	57	M
334.3405	334.5195	21	ER0
334.5195	336.6445	74	sp
336.6445	348.1685	73	ns
348.1685	348.2185	49	DH
348.2185	348.36850000000004	25	EY1
348.36850000000004	348.5575	10	AO1
348.5575	348.6445141670017	56	L
348.6445141670017	348.7408125898829	6	AH0
348.7408125898829	348.8188475187695	58	N
348.8188475187695	348.8669967302101	53	JH
348.8669967302101	349.1899285103894	38	OY1
349.1899285103894	349.36841265624685	16	AY1
349.36841265624685	349.4688618732178	62	S
349.4688618732178	349.5311237845634	54	K
349.5311237845634	349.5925555370911	61	R
349.5925555370911	349.7536063477718	32	IY1
349.7536063477718	349.8673381058298	57	M
349.8673381058298	349.9884239343974	62	S
349.9884239343974	350.0634946279951	6	AH0
350.0634946279951	350.1996406741376	58	N
350.1996406741376	350.2627327443011	48	D
350.2627327443011	350.5134407073195	25	EY1
350.5134407073195	350.8336960045205	69	Z
350.8336960045205	363.22450000000003	74	sp
363.22450000000003	363.34450000000004	48	D
363.34450000000004	363.62350000000004	44	UW1
363.62350000000004	363.8335	24	EY0
363.8335	363.9325	64	T
363.9325	363.9825	28	IH1
363.9825	364.0625	60	P
364.0625	364.1025	27	IH0
364.1025	364.1925	54	K
364.1925	364.2225	6	AH0
364.2225	364.36150000000004	56	L
364.36150000000004	364.5015	50	F
364.5015	364.6215	1	AA1
364.6215	364.6515	61	R
364.6515	364.9005	57	M
364.9005	364.9805	21	ER0
364.9805	365.19050000000004	69	Z
365.19050000000004	365.5095	74	sp
365.5095	365.53950000000003	51	G
365.53950000000003	365.64950000000005	61	R
365.64950000000005	365.8885	35	OW1
365.8885	366.0185	35	OW1
366.0185	366.1575	64	T
366.1575	366.4775	62	S
