148.7024036281179	148.8324036281179	16	AY1
148.8324036281179	148.9214036281179	74	sp
148.9214036281179	149.0214036281179	64	T
149.0214036281179	149.1314036281179	41	UH1
149.1314036281179	149.2914036281179	54	K
149.2914036281179	149.3404036281179	52	HH
149.3404036281179	149.55783406473188	22	ER1
149.55783406473188	149.66103035375227	74	sp
149.66103035375227	149.73740496500292	67	W
149.73740496500292	149.92170022258597	22	ER1
149.92170022258597	150.0472267038773	48	D
150.0472267038773	150.24148386727563	50	F
150.24148386727563	150.372404226806	21	ER0
150.372404226806	150.72987384782095	27	IH0
150.72987384782095	150.96101486066445	64	T
150.96101486066445	174.417052154195	74	sp
174.417052154195	174.517052154195	10	AO1
174.517052154195	174.676052154195	61	R
174.676052154195	174.86605215419502	6	AH0
174.86605215419502	174.896052154195	58	N
174.896052154195	174.966052154195	53	JH
174.966052154195	175.165052154195	74	sp
175.165052154195	175.255052154195	53	JH
175.255052154195	175.514052154195	44	UW1
175.514052154195	175.57405215419502	62	S
175.57405215419502	175.82405215419502	74	sp
175.82405215419502	175.874052154195	64	T
175.874052154195	176.093052154195	25	EY1
176.093052154195	176.143052154195	62	S
176.143052154195	176.203052154195	64	T
176.203052154195	176.273052154195	62	S
176.273052154195	176.412052154195	74	sp
176.412052154195	176.452052154195	50	F
176.452052154195	176.662052154195	7	AH1
176.662052154195	176.752052154195	58	N
176.752052154195	176.791052154195	31	IY0
176.791052154195	177.001052154195	4	AE1
177.001052154195	177.18105215419502	50	F
177.18105215419502	177.230052154195	64	T
177.230052154195	177.410052154195	21	ER0
177.410052154195	178.278052154195	74	sp
178.278052154195	178.328052154195	64	T
178.328052154195	178.567052154195	44	UW1
178.567052154195	178.677052154195	65	TH
178.677052154195	178.817052154195	60	P
178.817052154195	179.096052154195	26	EY2
179.096052154195	179.196052154195	62	S
179.196052154195	179.226052154195	64	T
179.226052154195	189.6299319727891	74	sp
189.6299319727891	189.7389319727891	61	R
189.7389319727891	189.9289319727891	1	AA1
189.9289319727891	189.9989319727891	46	B
189.9989319727891	190.2479319727891	6	AH0
190.2479319727891	190.2779319727891	58	N
190.2779319727891	190.3079319727891	56	L
190.3079319727891	190.51793197278909	16	AY1
190.51793197278909	190.5969319727891	54	K
190.5969319727891	190.6269319727891	62	S
190.6269319727891	190.8069319727891	74	sp
190.8069319727891	190.8569319727891	49	DH
190.8569319727891	190.9759319727891	7	AH1
190.9759319727891	191.1159319727891	74	sp
191.1159319727891	191.2559319727891	54	K
191.2559319727891	191.4649319727891	7	AH1
191.4649319727891	191.6649319727891	56	L
191.6649319727891	191.7149319727891	21	ER0
191.7149319727891	191.7749319727891	68	Y
191.7749319727891	192.1439319727891	19	EH1
192.1439319727891	192.39293197278909	56	L
192.39293197278909	192.4229319727891	34	OW0
192.4229319727891	203.72761904761904	74	sp
203.72761904761904	203.92661904761906	28	IH1
203.92661904761906	203.95661904761906	69	Z
203.95661904761906	204.01661904761906	74	sp
204.01661904761906	204.16661904761906	63	SH
204.16661904761906	204.38561904761906	32	IY1
204.38561904761906	204.42561904761905	74	sp
204.42561904761905	204.49561904761904	51	G
204.49561904761904	204.74461904761904	35	OW1
204.74461904761904	204.86461904761904	27	IH0
204.86461904761904	204.93461904761907	59	NG
204.93461904761907	205.00461904761906	67	W
205.00461904761906	205.11361904761907	28	IH1
205.11361904761907	205.18361904761906	65	TH
205.18361904761906	205.28361904761906	74	sp
205.28361904761906	205.53361904761906	68	Y
205.53361904761906	205.69261904761905	44	UW1
205.69261904761905	229.00961451247164	74	sp
229.00961451247164	229.07961451247166	67	W
229.07961451247166	229.20961451247166	28	IH1
229.20961451247166	229.38861451247166	47	CH
229.38861451247166	229.45861451247166	74	sp
229.45861451247166	229.48861451247166	65	TH
229.48861451247166	229.74861451247165	32	IY1
229.74861451247165	229.83761451247165	6	AH0
229.83761451247165	229.89761451247165	64	T
229.89761451247165	230.04761451247165	21	ER0
230.04761451247165	230.21761451247167	63	SH
230.21761451247167	230.49661451247167	35	OW1
230.49661451247167	230.55661451247167	69	Z
230.55661451247167	233.14061451247164	74	sp
233.14061451247164	233.18061451247166	57	M
233.18061451247166	233.40961451247165	7	AH1
233.40961451247165	233.44961451247167	49	DH
233.44961451247167	233.59961451247165	21	ER0
233.59961451247165	233.79861451247166	51	G
233.79861451247166	234.02877593317822	44	UW1
234.02877593317822	234.30761451247164	62	S
234.30761451247164	243.929	74	sp
243.929	244.048	54	K
244.048	244.21800000000002	7	AH1
244.21800000000002	244.318	64	T
244.318	244.52700000000002	25	EY1
244.52700000000002	244.577	74	sp
244.577	244.657	62	S
244.657	244.697	57	M
244.697	244.95600000000002	10	AO1
244.95600000000002	245.006	56	L
245.006	245.20600000000002	74	sp
245.20600000000002	245.306	54	K
245.306	245.47500000000002	10	AO1
245.47500000000002	245.525	61	R
245.525	245.655	58	N
245.655	245.78400000000002	21	ER0
245.78400000000002	245.964	10	AO1
245.964	246.144	50	F
246.144	246.204	74	sp
246.204	246.34300000000002	32	IY1
246.34300000000002	246.473	47	CH
246.473	246.92200000000003	19	EH1
246.92200000000003	246.96200000000002	53	JH
246.96200000000002	258.1592786813101	74	sp
258.1592786813101	258.1768707482993	49	DH
258.1768707482993	258.3868707482993	25	EY1
258.3868707482993	258.4268707482993	10	AO1
258.4268707482993	258.7158707482993	56	L
258.7158707482993	258.8358707482993	18	EH0
258.8358707482993	258.9348707482993	58	N
258.9348707482993	259.0848707482993	53	JH
259.0848707482993	259.26487074829936	38	OY1
259.26487074829936	259.3638707482993	74	sp
259.3638707482993	259.6538707482993	16	AY1
259.6538707482993	259.7238707482993	62	S
259.7238707482993	259.84287074829933	54	K
259.84287074829933	259.8928707482993	61	R
259.8928707482993	260.03287074829933	32	IY1
260.03287074829933	260.1328707482993	57	M
260.1328707482993	261.26987074829935	74	sp
261.26987074829935	261.33534177824504	62	S
261.33534177824504	261.4998707482993	7	AH1
261.4998707482993	262.4510752295587	58	N
262.4510752295587	262.6406640995208	48	D
262.6406640995208	263.120495896291	26	EY2
263.120495896291	263.5048707482993	69	Z
263.5048707482993	273.23496598639457	74	sp
273.23496598639457	273.2949659863946	74	sp
273.2949659863946	273.33496598639454	64	T
273.33496598639454	273.54396598639454	1	AA1
273.54396598639454	273.6739659863946	57	M
273.6739659863946	273.70396598639456	61	R
273.70396598639456	273.91396598639454	32	IY1
273.91396598639454	274.0229659863946	48	D
274.0229659863946	274.1429659863946	69	Z
274.1429659863946	274.2129659863946	49	DH
274.2129659863946	274.3329659863946	6	AH0
274.3329659863946	274.46196598639455	74	sp
274.46196598639455	274.50196598639457	62	S
274.50196598639457	274.69196598639456	25	EY1
274.69196598639456	274.80096598639454	57	M
274.80096598639454	274.91096598639456	46	B
274.91096598639456	275.15096598639457	41	UH1
275.15096598639457	275.36996598639456	54	K
275.36996598639456	275.5999659863946	19	EH1
275.5999659863946	275.6699659863946	66	V
275.6699659863946	275.69896598639457	61	R
275.69896598639457	275.84896598639455	31	IY0
275.84896598639455	275.9389659863946	58	N
275.9389659863946	276.29796598639456	16	AY1
276.29796598639456	276.36796598639455	64	T
276.36796598639455	286.25378684807254	74	sp
286.25378684807254	286.43378684807254	52	HH
286.43378684807254	286.75278684807256	32	IY1
286.75278684807256	287.0017868480726	25	EY1
287.0017868480726	287.11178684807254	64	T
287.11178684807254	287.27178684807257	50	F
287.27178684807257	287.4607868480726	10	AO1
287.4607868480726	287.55078684807256	61	R
287.55078684807256	287.9997868480726	74	sp
287.9997868480726	288.30878684807254	19	EH1
288.30878684807254	288.40878684807257	51	G
288.40878684807257	288.56878684807253	69	Z
288.56878684807253	288.70778684807254	50	F
288.70778684807254	288.7977868480726	10	AO1
288.7977868480726	288.86778684807257	61	R
288.86778684807257	289.00778684807256	46	B
289.00778684807256	289.05778684807257	61	R
289.05778684807257	289.26678684807257	19	EH1
289.26678684807257	289.34678684807255	54	K
289.34678684807255	289.47678684807255	50	F
289.47678684807255	289.62578684807255	6	AH0
289.62578684807255	289.6557868480726	62	S
289.6557868480726	289.9411168069845	64	T
289.9411168069845	299.6166893424036	74	sp
299.6166893424036	299.6566893424036	49	DH
299.6566893424036	299.8356893424036	25	EY1
299.8356893424036	300.0956893424036	10	AO1
300.0956893424036	300.2546893424036	50	F
300.2546893424036	300.3146893424036	64	T
300.3146893424036	300.3946893424036	6	AH0
300.3946893424036	300.5446893424036	58	N
300.5446893424036	300.6046893424036	51	G
300.6046893424036	300.7936893424036	35	OW1
300.7936893424036	301.0336893424036	13	AW1
301.0336893424036	301.1126893424036	64	T
301.1126893424036	301.3226893424036	28	IH1
301.3226893424036	301.4526893424036	58	N
301.4526893424036	301.4926893424036	49	DH
301.4926893424036	301.7216893424036	7	AH1
301.7216893424036	302.0006893424036	74	sp
302.0006893424036	302.2206893424036	32	IY1
302.2206893424036	302.3906893424036	66	V
302.3906893424036	302.4496893424036	58	N
302.4496893424036	302.52968934240357	27	IH0
302.52968934240357	302.7096893424036	59	NG
302.7096893424036	324.6575056689342	74	sp
324.6575056689342	324.6865056689342	62	S
324.6865056689342	324.7365056689342	60	P
324.7365056689342	324.7865056689342	61	R
324.7865056689342	325.0765056689342	28	IH1
325.0765056689342	325.13550566893423	59	NG
325.13550566893423	325.7545056689342	74	sp
325.7545056689342	325.78450566893423	62	S
325.78450566893423	325.84450566893423	64	T
325.84450566893423	325.8845056689342	61	R
325.8845056689342	326.1435056689342	32	IY1
326.1435056689342	326.24350566893423	64	T
326.24350566893423	326.3635056689342	74	sp
326.3635056689342	326.6825056689342	28	IH1
326.6825056689342	326.7325056689342	69	Z
326.7325056689342	328.0795056689342	74	sp
328.0795056689342	328.1095056689342	62	S
328.1095056689342	328.15498885485897	64	T
328.15498885485897	328.2205714014764	61	R
328.2205714014764	328.6875056689342	25	EY1
328.6875056689342	328.7175056689342	64	T
328.7175056689342	329.9845056689342	74	sp
329.9845056689342	330.1645056689342	6	AH0
330.1645056689342	330.28450566893423	52	HH
330.28450566893423	330.6735056689342	19	EH1
330.6735056689342	330.7535056689342	48	D
330.7535056689342	343.8881632653061	74	sp
343.8881632653061	344.11816326530607	28	IH1
344.11816326530607	344.1581632653061	69	Z
344.1581632653061	344.27716326530606	74	sp
344.27716326530606	344.3471632653061	49	DH
344.3471632653061	344.51716326530607	28	IH1
344.51716326530607	344.57716326530607	62	S
344.57716326530607	344.9173370095572	62	S
344.9173370095572	345.07340686733016	74	sp
345.07340686733016	345.51516326530606	62	S
345.51516326530606	345.9341632653061	32	IY1
345.9341632653061	346.1331632653061	62	S
346.1331632653061	346.3931632653061	11	AO2
346.3931632653061	346.70216326530607	74	sp
346.70216326530607	346.7321632653061	62	S
346.7321632653061	347.1411632653061	25	EY1
347.1411632653061	347.1811632653061	50	F
347.1811632653061	354.98340136054424	74	sp
354.98340136054424	355.0134013605442	49	DH
355.0134013605442	355.2634013605442	28	IH1
355.2634013605442	355.35340136054424	62	S
355.35340136054424	355.3834013605442	74	sp
355.3834013605442	355.43240136054425	67	W
355.43240136054425	355.6024013605442	7	AH1
355.6024013605442	355.6624013605442	69	Z
355.6624013605442	355.7924013605442	74	sp
355.7924013605442	356.0014013605442	32	IY1
356.0014013605442	356.03140136054424	69	Z
356.03140136054424	356.2514013605442	31	IY0
356.2514013605442	356.3204013605442	50	F
356.3204013605442	356.4104013605442	10	AO1
356.4104013605442	356.50040136054423	61	R
356.50040136054423	356.7104013605442	7	AH1
356.7104013605442	356.88274955119533	62	S
356.88274955119533	367.6017233560091	74	sp
367.6017233560091	367.84070623335765	16	AY1
367.84070623335765	367.9901348205871	62	S
367.9901348205871	368.17609039580606	10	AO1
368.17609039580606	368.23317750107236	25	EY1
368.23317750107236	368.36849338839687	74	sp
368.36849338839687	368.4763430063569	60	P
368.4763430063569	368.6497233560091	22	ER1
368.6497233560091	368.72972335600906	60	P
368.72972335600906	368.80589509466233	6	AH0
368.80589509466233	368.9187233560091	56	L
368.9187233560091	369.01872335600905	74	sp
369.01872335600905	369.15872335600903	54	K
369.15872335600903	369.18872335600906	61	R
369.18872335600906	369.51772335600907	4	AE1
369.51772335600907	369.5677233560091	46	B
369.5677233560091	369.7867233560091	1	AA1
369.7867233560091	369.94672335600904	58	N
369.94672335600904	370.1667233560091	74	sp
370.1667233560091	370.2457233560091	49	DH
370.2457233560091	370.35572335600904	6	AH0
370.35572335600904	370.4357233560091	74	sp
370.4357233560091	370.47572335600904	46	B
370.47572335600904	370.88472335600903	32	IY1
370.88472335600903	371.14372335600905	47	CH
371.14372335600905	382.18004535147395	74	sp
382.18004535147395	382.2439935037612	48	D
382.2439935037612	382.49299350376117	35	OW1
382.49299350376117	382.7129935037612	58	N
382.7129935037612	382.8029935037612	48	D
382.8029935037612	383.16199350376115	44	UW1
383.16199350376115	383.2319935037612	74	sp
383.2319935037612	383.36099350376116	47	CH
383.36099350376116	383.4609935037612	1	AA1
383.4609935037612	383.62099350376116	61	R
383.62099350376116	383.6509935037612	56	L
383.6509935037612	384.0599935037612	31	IY0
384.0599935037612	384.13999350376116	69	Z
384.13999350376116	384.34899350376116	74	sp
384.34899350376116	384.4289935037612	48	D
384.4289935037612	384.5689935037612	22	ER1
384.5689935037612	384.7879935037612	64	T
384.7879935037612	384.9879935037612	31	IY0
384.9879935037612	385.0279935037612	48	D
385.0279935037612	385.26699350376117	28	IH1
385.26699350376117	385.5259935037612	63	SH
385.5259935037612	385.80599350376116	6	AH0
385.80599350376116	385.96520683681274	69	Z
385.96520683681274	399.0006349206349	74	sp
399.0006349206349	399.1596349206349	63	SH
399.1596349206349	399.3796349206349	41	UH1
399.3796349206349	399.4496349206349	48	D
399.4496349206349	400.0576349206349	74	sp
400.0576349206349	400.1676349206349	53	JH
400.1676349206349	400.3276349206349	21	ER0
400.3276349206349	400.6166349206349	4	AE1
400.6166349206349	400.65663492063493	50	F
400.65663492063493	400.8266349206349	74	sp
400.8266349206349	400.8766349206349	46	B
400.8766349206349	401.2356349206349	32	IY1
401.2356349206349	401.2956349206349	74	sp
401.2956349206349	401.4146349206349	54	K
401.4146349206349	401.5846349206349	4	AE1
401.5846349206349	401.6146349206349	60	P
401.6146349206349	401.6446349206349	64	T
401.6446349206349	401.7346349206349	74	sp
401.7346349206349	402.0036349206349	28	IH1
402.0036349206349	402.0636349206349	58	N
402.0636349206349	402.2136349206349	62	S
402.2136349206349	402.2726349206349	57	M
402.2726349206349	402.4926349206349	10	AO1
402.4926349206349	402.56263492063493	56	L
402.56263492063493	402.6226349206349	74	sp
402.6226349206349	402.7216349206349	69	Z
402.7216349206349	403.1606349206349	44	UW1
403.1606349206349	403.4258134383253	69	Z
403.4258134383253	428.9298866213152	74	sp
428.9298866213152	429.1798866213152	32	IY1
429.1798866213152	429.27888662131517	66	V
429.27888662131517	429.36888662131514	6	AH0
429.36888662131514	429.5088866213151	58	N
429.5088866213151	429.73788662131517	16	AY1
429.73788662131517	429.77788662131513	74	sp
429.77788662131513	429.86788662131517	51	G
429.86788662131517	430.01788662131514	19	EH1
430.01788662131514	430.05788662131516	64	T
430.05788662131516	430.1968866213152	74	sp
430.1968866213152	430.23688662131514	49	DH
430.23688662131514	430.48688662131514	7	AH1
430.48688662131514	430.63588662131514	74	sp
430.63588662131514	430.72588662131517	57	M
430.72588662131517	430.91588662131517	7	AH1
430.91588662131517	430.99588662131515	58	N
430.99588662131515	431.03488662131514	48	D
431.03488662131514	431.28488662131514	31	IY0
431.28488662131514	431.34488662131514	46	B
431.34488662131514	431.45488662131515	56	L
431.45488662131515	431.8338866213152	44	UW1
431.8338866213152	432.19508467537577	69	Z
432.19508467537577	443.17179138321995	74	sp
443.17179138321995	443.2117913832199	49	DH
443.2117913832199	443.4117913832199	25	EY1
443.4117913832199	443.71079138321994	35	OW1
443.71079138321994	443.78079138321993	58	N
443.78079138321993	443.9697913832199	25	EY1
443.9697913832199	444.05979138321993	46	B
444.05979138321993	444.2097913832199	28	IH1
444.2097913832199	444.2797913832199	51	G
444.2797913832199	444.4287913832199	52	HH
444.4287913832199	444.7187913832199	13	AW1
444.7187913832199	444.74879138321995	62	S
444.74879138321995	444.7887913832199	74	sp
444.7887913832199	444.97779138321994	28	IH1
444.97779138321994	445.1277913832199	58	N
445.1277913832199	445.4767913832199	74	sp
445.4767913832199	445.68679138321994	10	AO1
445.68679138321994	445.8057913832199	62	S
445.8057913832199	445.9257913832199	64	T
445.9257913832199	445.9957913832199	6	AH0
445.9957913832199	446.1257913832199	58	N
446.1257913832199	446.2547913832199	64	T
446.2547913832199	446.4047913832199	19	EH1
446.4047913832199	446.49479138321993	54	K
446.49479138321993	446.5847913832199	62	S
446.5847913832199	446.75379138321995	6	AH0
446.75379138321995	446.7837913832199	62	S
446.7837913832199	456.41777777777776	74	sp
456.41777777777776	456.4677777777777	46	B
456.4677777777777	456.5777777777777	56	L
456.5777777777777	456.94677777777775	44	UW1
456.94677777777775	456.9867777777777	74	sp
456.9867777777777	457.1167777777777	47	CH
457.1167777777777	457.4457777777777	32	IY1
457.4457777777777	457.5157777777777	69	Z
457.5157777777777	457.59577777777776	62	S
457.59577777777776	457.6257777777777	57	M
457.6257777777777	457.9647777777777	19	EH1
457.9647777777777	458.00477777777775	56	L
458.00477777777775	458.12477777777775	69	Z
458.12477777777775	458.16377777777774	74	sp
458.16377777777774	458.22377777777774	50	F
458.22377777777774	458.4337777777777	7	AH1
458.4337777777777	458.4937777777777	58	N
458.4937777777777	458.6427777777777	31	IY0
458.6427777777777	471.027	74	sp
471.027	471.067	49	DH
471.067	471.186	7	AH1
471.186	471.276	74	sp
471.276	471.316	46	B
471.316	471.51599999999996	28	IH1
471.51599999999996	471.566	51	G
471.566	471.675	74	sp
471.675	471.735	48	D
471.735	471.965	10	AO1
471.965	472.06399999999996	51	G
472.06399999999996	472.094	74	sp
472.094	472.164	56	L
472.164	472.394	7	AH1
472.394	472.473	66	V
472.473	472.503	48	D
472.503	472.723	74	sp
472.723	472.813	64	T
472.813	473.032	27	IH0
473.032	473.142	74	sp
473.142	473.322	47	CH
473.322	473.621	44	UW1
473.621	473.86	74	sp
473.86	474.06	1	AA1
474.06	474.13	58	N
474.13	474.17	49	DH
474.17	474.579	7	AH1
474.579	474.609	35	OW1
474.609	474.688	56	L
474.688	474.858	48	D
474.858	475.127	74	sp
475.127	475.29699999999997	61	R
475.29699999999997	475.527	4	AE1
475.527	475.556	51	G
475.556	475.706	74	sp
475.706	475.746	46	B
475.746	476.115	10	AO1
476.115	476.185	56	L
476.185	487.86401680727744	74	sp
487.86401680727744	487.91546485260767	51	G
487.91546485260767	488.1344648526077	19	EH1
488.1344648526077	488.1644648526077	62	S
488.1644648526077	488.2944648526077	74	sp
488.2944648526077	488.3344648526077	49	DH
488.3344648526077	488.5234648526077	7	AH1
488.5234648526077	488.6134648526077	74	sp
488.6134648526077	488.7834648526077	54	K
488.7834648526077	488.8434648526077	67	W
488.8434648526077	488.9724648526077	19	EH1
488.9724648526077	489.1424648526077	62	S
489.1424648526077	489.1924648526077	47	CH
489.1924648526077	489.3514648526077	6	AH0
489.3514648526077	489.4014648526077	58	N
489.4014648526077	489.4714648526077	74	sp
489.4714648526077	489.5014648526077	50	F
489.5014648526077	489.5514648526077	61	R
489.5514648526077	489.7414648526077	7	AH1
489.7414648526077	489.7714648526077	57	M
489.7714648526077	489.8673890363648	49	DH
489.8673890363648	489.94097256576447	6	AH0
489.94097256576447	490.3094648526077	4	AE1
490.3094648526077	490.3694648526077	58	N
490.3694648526077	490.5694648526077	62	S
490.5694648526077	490.8184648526077	21	ER0
490.8184648526077	501.10693877551023	74	sp
501.10693877551023	501.1769387755102	62	S
501.1769387755102	501.2669387755102	67	W
501.2669387755102	501.5359387755102	28	IH1
501.5359387755102	501.62593877551024	59	NG
501.62593877551024	501.75593877551023	68	Y
501.75593877551023	501.7859387755102	41	UH1
501.7859387755102	501.9749387755102	61	R
501.9749387755102	502.07493877551025	1	AA1
502.07493877551025	502.2249387755102	61	R
502.2249387755102	502.33493877551024	57	M
502.33493877551024	502.53393877551025	4	AE1
502.53393877551025	502.60393877551024	69	Z
502.60393877551024	502.7039387755102	52	HH
502.7039387755102	502.9229387755102	16	AY1
502.9229387755102	503.19293877551024	4	AE1
503.19293877551024	503.2229387755102	69	Z
503.2229387755102	503.35193877551023	74	sp
503.35193877551023	503.5519387755102	68	Y
503.5519387755102	503.6219387755102	44	UW1
503.6219387755102	503.7609387755102	54	K
503.7609387755102	504.13093877551023	4	AE1
504.13093877551023	504.2499387755102	58	N
504.2499387755102	520.2381859410431	74	sp
520.2381859410431	520.3481859410431	60	P
520.3481859410431	520.408185941043	56	L
520.408185941043	520.6281859410431	32	IY1
520.6281859410431	520.667185941043	69	Z
520.667185941043	520.8071859410431	74	sp
520.8071859410431	520.8371859410431	62	S
520.8371859410431	521.0371859410432	28	IH1
521.0371859410432	521.1761859410431	59	NG
521.1761859410431	521.246185941043	74	sp
521.246185941043	521.3961859410431	53	JH
521.3961859410431	521.476185941043	6	AH0
521.476185941043	521.506185941043	62	S
521.506185941043	521.545185941043	64	T
521.545185941043	521.715185941043	74	sp
521.715185941043	521.765185941043	49	DH
521.765185941043	521.984185941043	7	AH1
521.984185941043	522.6331859410432	74	sp
522.6331859410432	522.6631859410431	54	K
522.6631859410431	522.6931859410431	56	L
522.6931859410431	522.9921859410431	7	AH1
522.9921859410431	523.0221859410431	46	B
523.0221859410431	523.7155635314416	74	sp
523.7155635314416	523.8143006201703	54	K
523.8143006201703	523.8395722089508	56	L
523.8395722089508	524.0498989976302	7	AH1
524.0498989976302	524.1266411521065	46	B
524.1266411521065	524.2875460374421	74	sp
524.2875460374421	524.3376982094949	64	T
524.3376982094949	524.8225025393374	16	AY1
524.8225025393374	524.9781859410432	57	M
524.9781859410432	535.797641723356	74	sp
535.797641723356	535.837641723356	49	DH
535.837641723356	535.8676417233561	6	AH0
535.8676417233561	536.226641723356	4	AE1
536.226641723356	536.335641723356	59	NG
536.335641723356	536.375641723356	51	G
536.375641723356	536.4056417233561	61	R
536.4056417233561	536.6656417233561	31	IY0
536.6656417233561	536.725641723356	46	B
536.725641723356	536.984641723356	38	OY1
536.984641723356	537.134641723356	48	D
537.134641723356	537.523641723356	28	IH1
537.523641723356	537.5736417233561	58	N
537.5736417233561	537.6036417233561	64	T
537.6036417233561	537.702641723356	74	sp
537.702641723356	537.802641723356	56	L
537.802641723356	537.8926417233561	41	UH1
537.8926417233561	538.0126417233561	54	K
538.0126417233561	538.3816417233561	7	AH1
538.3816417233561	538.4116417233561	60	P
538.4116417233561	560.997097505669	74	sp
560.997097505669	561.037097505669	49	DH
561.037097505669	561.067097505669	6	AH0
561.067097505669	561.426097505669	4	AE1
561.426097505669	561.535097505669	59	NG
561.535097505669	561.575097505669	51	G
561.575097505669	561.605097505669	61	R
561.605097505669	561.865097505669	31	IY0
561.865097505669	561.925097505669	46	B
561.925097505669	562.184097505669	38	OY1
562.184097505669	562.334097505669	48	D
562.334097505669	562.723097505669	28	IH1
562.723097505669	562.773097505669	58	N
562.773097505669	562.803097505669	64	T
562.803097505669	562.902097505669	74	sp
562.902097505669	563.002097505669	56	L
563.002097505669	563.092097505669	41	UH1
563.092097505669	563.212097505669	54	K
563.212097505669	563.581097505669	7	AH1
563.581097505669	563.611097505669	60	P
563.611097505669	580.5120634920636	74	sp
580.5120634920636	580.5720634920635	74	sp
580.5720634920635	580.6120634920635	64	T
580.6120634920635	580.8210634920636	1	AA1
580.8210634920636	580.9510634920636	57	M
580.9510634920636	580.9810634920635	61	R
580.9810634920635	581.1910634920634	32	IY1
581.1910634920634	581.3000634920636	48	D
581.3000634920636	581.4200634920635	69	Z
581.4200634920635	581.4900634920635	49	DH
581.4900634920635	581.6100634920635	6	AH0
581.6100634920635	581.7390634920635	74	sp
581.7390634920635	581.7790634920635	62	S
581.7790634920635	581.9690634920635	25	EY1
581.9690634920635	582.0780634920635	57	M
582.0780634920635	582.1880634920635	46	B
582.1880634920635	582.4280634920635	41	UH1
582.4280634920635	582.6470634920636	54	K
582.6470634920636	582.8770634920636	19	EH1
582.8770634920636	582.9470634920635	66	V
582.9470634920635	582.9760634920635	61	R
582.9760634920635	583.1260634920635	31	IY0
583.1260634920635	583.2160634920635	58	N
583.2160634920635	583.5750634920635	16	AY1
583.5750634920635	583.6450634920635	64	T
583.6450634920635	596.0861678004535	74	sp
596.0861678004535	596.2851678004536	28	IH1
596.2851678004536	596.3151678004535	69	Z
596.3151678004535	596.3751678004535	74	sp
596.3751678004535	596.5251678004536	63	SH
596.5251678004536	596.7441678004535	32	IY1
596.7441678004535	596.7841678004535	74	sp
596.7841678004535	596.8541678004535	51	G
596.8541678004535	597.1031678004535	35	OW1
597.1031678004535	597.2231678004534	27	IH0
597.2231678004534	597.2931678004535	59	NG
597.2931678004535	597.3631678004535	67	W
597.3631678004535	597.4721678004535	28	IH1
597.4721678004535	597.5421678004535	65	TH
597.5421678004535	597.6421678004535	74	sp
597.6421678004535	597.8921678004535	68	Y
597.8921678004535	598.0511678004535	44	UW1
598.0511678004535	613.0554195011338	74	sp
613.0554195011338	613.1254195011338	67	W
613.1254195011338	613.2554195011337	28	IH1
613.2554195011337	613.4344195011338	47	CH
613.4344195011338	613.5044195011337	74	sp
613.5044195011337	613.5344195011337	65	TH
613.5344195011337	613.7944195011337	32	IY1
613.7944195011337	613.8834195011337	6	AH0
613.8834195011337	613.9434195011338	64	T
613.9434195011338	614.0934195011338	21	ER0
614.0934195011338	614.2634195011337	63	SH
614.2634195011337	614.5424195011337	35	OW1
614.5424195011337	614.6024195011338	69	Z
614.6024195011338	617.1864195011337	74	sp
617.1864195011337	617.2264195011337	57	M
617.2264195011337	617.4554195011337	7	AH1
617.4554195011337	617.4954195011337	49	DH
617.4954195011337	617.6454195011338	21	ER0
617.6454195011338	617.8444195011338	51	G
617.8444195011338	618.0745809218404	44	UW1
618.0745809218404	618.3534195011338	62	S
618.3534195011338	626.6962358276644	74	sp
626.6962358276644	626.9262358276644	28	IH1
626.9262358276644	626.9662358276644	69	Z
626.9662358276644	627.0852358276643	74	sp
627.0852358276643	627.1552358276645	49	DH
627.1552358276645	627.3252358276643	28	IH1
627.3252358276643	627.3852358276644	62	S
627.3852358276644	627.7254095719154	62	S
627.7254095719154	627.8814794296884	74	sp
627.8814794296884	628.3232358276643	62	S
628.3232358276643	628.7422358276644	32	IY1
628.7422358276644	628.9412358276644	62	S
628.9412358276644	629.2012358276644	11	AO2
629.2012358276644	629.5102358276644	74	sp
629.5102358276644	629.5402358276644	62	S
629.5402358276644	629.9492358276643	25	EY1
629.9492358276643	629.9892358276644	50	F
629.9892358276644	640.0700226757369	74	sp
640.0700226757369	640.189022675737	54	K
640.189022675737	640.3590226757369	7	AH1
640.3590226757369	640.459022675737	64	T
640.459022675737	640.668022675737	25	EY1
640.668022675737	640.718022675737	74	sp
640.718022675737	640.798022675737	62	S
640.798022675737	640.838022675737	57	M
640.838022675737	641.097022675737	10	AO1
641.097022675737	641.1470226757369	56	L
641.1470226757369	641.347022675737	74	sp
641.347022675737	641.447022675737	54	K
641.447022675737	641.616022675737	10	AO1
641.616022675737	641.6660226757369	61	R
641.6660226757369	641.7960226757369	58	N
641.7960226757369	641.925022675737	21	ER0
641.925022675737	642.105022675737	10	AO1
642.105022675737	642.285022675737	50	F
642.285022675737	642.345022675737	74	sp
642.345022675737	642.4840226757369	32	IY1
642.4840226757369	642.614022675737	47	CH
642.614022675737	643.063022675737	19	EH1
643.063022675737	643.103022675737	53	JH
643.103022675737	652.7802267573696	74	sp
652.7802267573696	652.8892267573697	61	R
652.8892267573697	653.0792267573696	1	AA1
653.0792267573696	653.1492267573697	46	B
653.1492267573697	653.3982267573697	6	AH0
653.3982267573697	653.4282267573697	58	N
653.4282267573697	653.4582267573696	56	L
653.4582267573696	653.6682267573697	16	AY1
653.6682267573697	653.7472267573696	54	K
653.7472267573696	653.7772267573696	62	S
653.7772267573696	653.9572267573697	74	sp
653.9572267573697	654.0072267573696	49	DH
654.0072267573696	654.1262267573696	7	AH1
654.1262267573696	654.2662267573696	74	sp
654.2662267573696	654.4062267573697	54	K
654.4062267573697	654.6152267573697	7	AH1
654.6152267573697	654.8152267573696	56	L
654.8152267573696	654.8652267573697	21	ER0
654.8652267573697	654.9252267573696	68	Y
654.9252267573696	655.2942267573696	19	EH1
655.2942267573696	655.5432267573697	56	L
655.5432267573697	655.5732267573696	34	OW0
655.5732267573696	668.5099319727891	74	sp
668.5099319727891	668.5738801250764	48	D
668.5738801250764	668.8228801250764	35	OW1
668.8228801250764	669.0428801250764	58	N
669.0428801250764	669.1328801250763	48	D
669.1328801250763	669.4918801250762	44	UW1
669.4918801250762	669.5618801250764	74	sp
669.5618801250764	669.6908801250763	47	CH
669.6908801250763	669.7908801250763	1	AA1
669.7908801250763	669.9508801250763	61	R
669.9508801250763	669.9808801250763	56	L
669.9808801250763	670.3898801250764	31	IY0
670.3898801250764	670.4698801250763	69	Z
670.4698801250763	670.6788801250764	74	sp
670.6788801250764	670.7588801250763	48	D
670.7588801250763	670.8988801250764	22	ER1
670.8988801250764	671.1178801250763	64	T
671.1178801250763	671.3178801250763	31	IY0
671.3178801250763	671.3578801250763	48	D
671.3578801250763	671.5968801250763	28	IH1
671.5968801250763	671.8558801250763	63	SH
671.8558801250763	672.1358801250763	6	AH0
672.1358801250763	672.2950934581279	69	Z
672.2950934581279	682.1847619047619	74	sp
682.1847619047619	682.2647619047618	51	G
682.2647619047618	682.4837619047619	19	EH1
682.4837619047619	682.5137619047619	62	S
682.5137619047619	682.643761904762	74	sp
682.643761904762	682.6837619047619	49	DH
682.6837619047619	682.8727619047619	7	AH1
682.8727619047619	682.9627619047619	74	sp
682.9627619047619	683.132761904762	54	K
683.132761904762	683.1927619047619	67	W
683.1927619047619	683.3217619047618	19	EH1
683.3217619047618	683.4917619047619	62	S
683.4917619047619	683.5417619047619	47	CH
683.5417619047619	683.700761904762	6	AH0
683.700761904762	683.7507619047619	58	N
683.7507619047619	683.8207619047619	74	sp
683.8207619047619	683.8507619047618	50	F
683.8507619047618	683.9007619047619	61	R
683.9007619047619	684.0907619047618	7	AH1
684.0907619047618	684.1207619047619	57	M
684.1207619047619	684.216686088519	49	DH
684.216686088519	684.2902696179187	6	AH0
684.2902696179187	684.6587619047618	4	AE1
684.6587619047618	684.7187619047619	58	N
684.7187619047619	684.9187619047619	62	S
684.9187619047619	685.1677619047618	21	ER0
685.1677619047618	694.1457596371882	74	sp
694.1457596371882	694.1957596371882	46	B
694.1957596371882	694.3057596371882	56	L
694.3057596371882	694.6747596371882	44	UW1
694.6747596371882	694.7147596371882	74	sp
694.7147596371882	694.8447596371882	47	CH
694.8447596371882	695.1737596371881	32	IY1
695.1737596371881	695.2437596371882	69	Z
695.2437596371882	695.3237596371882	62	S
695.3237596371882	695.3537596371882	57	M
695.3537596371882	695.6927596371881	19	EH1
695.6927596371881	695.7327596371882	56	L
695.7327596371882	695.8527596371882	69	Z
695.8527596371882	695.8917596371882	74	sp
695.8917596371882	695.9517596371882	50	F
695.9517596371882	696.1617596371882	7	AH1
696.1617596371882	696.2217596371881	58	N
696.2217596371881	696.3707596371883	31	IY0
696.3707596371883	706.6079818594104	74	sp
706.6079818594104	706.7879818594104	52	HH
706.7879818594104	707.1069818594104	32	IY1
707.1069818594104	707.3559818594105	25	EY1
707.3559818594105	707.4659818594105	64	T
707.4659818594105	707.6259818594104	50	F
707.6259818594104	707.8149818594104	10	AO1
707.8149818594104	707.9049818594104	61	R
707.9049818594104	708.3539818594104	74	sp
708.3539818594104	708.6629818594104	19	EH1
708.6629818594104	708.7629818594105	51	G
708.7629818594105	708.9229818594104	69	Z
708.9229818594104	709.0619818594105	50	F
709.0619818594105	709.1519818594104	10	AO1
709.1519818594104	709.2219818594104	61	R
709.2219818594104	709.3619818594104	46	B
709.3619818594104	709.4119818594104	61	R
709.4119818594104	709.6209818594104	19	EH1
709.6209818594104	709.7009818594104	54	K
709.7009818594104	709.8309818594105	50	F
709.8309818594105	709.9799818594104	6	AH0
709.9799818594104	710.0099818594105	62	S
710.0099818594105	710.2953118183224	64	T
710.2953118183224	723.066	74	sp
723.066	723.106	49	DH
723.106	723.225	7	AH1
723.225	723.315	74	sp
723.315	723.355	46	B
723.355	723.5550000000001	28	IH1
723.5550000000001	723.605	51	G
723.605	723.714	74	sp
723.714	723.7740000000001	48	D
723.7740000000001	724.004	10	AO1
724.004	724.1030000000001	51	G
724.1030000000001	724.133	74	sp
724.133	724.203	56	L
724.203	724.433	7	AH1
724.433	724.5120000000001	66	V
724.5120000000001	724.542	48	D
724.542	724.7620000000001	74	sp
724.7620000000001	724.8520000000001	64	T
724.8520000000001	725.071	27	IH0
725.071	725.181	74	sp
725.181	725.3610000000001	47	CH
725.3610000000001	725.6600000000001	44	UW1
725.6600000000001	725.8990000000001	74	sp
725.8990000000001	726.099	1	AA1
726.099	726.1690000000001	58	N
726.1690000000001	726.2090000000001	49	DH
726.2090000000001	726.618	7	AH1
726.618	726.648	35	OW1
726.648	726.7270000000001	56	L
726.7270000000001	726.897	48	D
726.897	727.166	74	sp
727.166	727.336	61	R
727.336	727.566	4	AE1
727.566	727.595	51	G
727.595	727.7450000000001	74	sp
727.7450000000001	727.7850000000001	46	B
727.7850000000001	728.154	10	AO1
728.154	728.224	56	L
728.224	749.0765277497493	74	sp
749.0765277497493	749.293404646056	16	AY1
749.293404646056	749.4428332332855	62	S
749.4428332332855	749.6287888085044	10	AO1
749.6287888085044	749.6858759137708	25	EY1
749.6858759137708	749.8211918010952	74	sp
749.8211918010952	749.9290414190552	60	P
749.9290414190552	750.1024217687075	22	ER1
750.1024217687075	750.1824217687074	60	P
750.1824217687074	750.2585935073607	6	AH0
750.2585935073607	750.3714217687075	56	L
750.3714217687075	750.4714217687074	74	sp
750.4714217687074	750.6114217687075	54	K
750.6114217687075	750.6414217687075	61	R
750.6414217687075	750.9704217687074	4	AE1
750.9704217687074	751.0204217687075	46	B
751.0204217687075	751.2394217687074	1	AA1
751.2394217687074	751.3994217687075	58	N
751.3994217687075	751.6194217687075	74	sp
751.6194217687075	751.6984217687075	49	DH
751.6984217687075	751.8084217687074	6	AH0
751.8084217687074	751.8884217687075	74	sp
751.8884217687075	751.9284217687075	46	B
751.9284217687075	752.3374217687074	32	IY1
752.3374217687074	752.5964217687074	47	CH
752.5964217687074	760.303	74	sp
760.303	760.373	62	S
760.373	760.463	67	W
760.463	760.732	28	IH1
760.732	760.822	59	NG
760.822	760.952	68	Y
760.952	760.982	41	UH1
760.982	761.171	61	R
761.171	761.271	1	AA1
761.271	761.421	61	R
761.421	761.531	57	M
761.531	761.73	4	AE1
761.73	761.8	69	Z
761.8	761.9	52	HH
761.9	762.1189999999999	16	AY1
762.1189999999999	762.389	4	AE1
762.389	762.419	69	Z
762.419	762.548	74	sp
762.548	762.748	68	Y
762.748	762.818	44	UW1
762.818	762.957	54	K
762.957	763.327	4	AE1
763.327	763.4459999999999	58	N
763.4459999999999	784.9302261321279	74	sp
784.9302261321279	785.0163015873015	62	S
785.0163015873015	785.0663015873015	60	P
785.0663015873015	785.1163015873015	61	R
785.1163015873015	785.4063015873015	28	IH1
785.4063015873015	785.4653015873016	59	NG
785.4653015873016	786.0843015873015	74	sp
786.0843015873015	786.1143015873015	62	S
786.1143015873015	786.1743015873016	64	T
786.1743015873016	786.2143015873015	61	R
786.2143015873015	786.4733015873015	32	IY1
786.4733015873015	786.5733015873016	64	T
786.5733015873016	786.6933015873014	74	sp
786.6933015873014	787.0123015873015	28	IH1
787.0123015873015	787.0623015873016	69	Z
787.0623015873016	788.4093015873016	74	sp
788.4093015873016	788.4393015873015	62	S
788.4393015873015	788.4847847732262	64	T
788.4847847732262	788.5503673198436	61	R
788.5503673198436	789.0173015873015	25	EY1
789.0173015873015	789.0473015873015	64	T
789.0473015873015	790.3143015873015	74	sp
790.3143015873015	790.4943015873016	6	AH0
790.4943015873016	790.6143015873015	52	HH
790.6143015873015	791.0033015873015	19	EH1
791.0033015873015	791.0833015873015	48	D
791.0833015873015	804.4719274376416	74	sp
804.4719274376416	804.5119274376417	49	DH
804.5119274376417	804.7219274376416	25	EY1
804.7219274376416	804.7619274376417	10	AO1
804.7619274376417	805.0509274376417	56	L
805.0509274376417	805.1709274376417	18	EH0
805.1709274376417	805.2699274376416	58	N
805.2699274376416	805.4199274376417	53	JH
805.4199274376417	805.5999274376417	38	OY1
805.5999274376417	805.6989274376417	74	sp
805.6989274376417	805.9889274376417	16	AY1
805.9889274376417	806.0589274376417	62	S
806.0589274376417	806.1779274376418	54	K
806.1779274376418	806.2279274376417	61	R
806.2279274376417	806.3679274376417	32	IY1
806.3679274376417	806.4679274376417	57	M
806.4679274376417	807.6049274376417	74	sp
807.6049274376417	807.6703984675875	62	S
807.6703984675875	807.8349274376417	7	AH1
807.8349274376417	808.786131918901	58	N
808.786131918901	808.9757207888631	48	D
808.9757207888631	809.4555525856334	26	EY2
809.4555525856334	809.8399274376417	69	Z
809.8399274376417	818.5592743764172	74	sp
818.5592743764172	818.6692743764172	60	P
818.6692743764172	818.7292743764172	56	L
818.7292743764172	818.9492743764172	32	IY1
818.9492743764172	818.9882743764172	69	Z
818.9882743764172	819.1282743764173	74	sp
819.1282743764173	819.1582743764172	62	S
819.1582743764172	819.3582743764173	28	IH1
819.3582743764173	819.4972743764172	59	NG
819.4972743764172	819.5672743764171	74	sp
819.5672743764171	819.7172743764172	53	JH
819.7172743764172	819.7972743764171	6	AH0
819.7972743764171	819.8272743764171	62	S
819.8272743764171	819.8662743764171	64	T
819.8662743764171	820.0362743764172	74	sp
820.0362743764172	820.0862743764171	49	DH
820.0862743764171	820.3052743764172	7	AH1
820.3052743764172	820.9542743764173	74	sp
820.9542743764173	820.9842743764173	54	K
820.9842743764173	821.0142743764172	56	L
821.0142743764172	821.3132743764172	7	AH1
821.3132743764172	821.3432743764172	46	B
821.3432743764172	822.0366519668157	74	sp
822.0366519668157	822.1353890555445	54	K
822.1353890555445	822.1606606443249	56	L
822.1606606443249	822.3709874330043	7	AH1
822.3709874330043	822.4477295874806	46	B
822.4477295874806	822.6086344728162	74	sp
822.6086344728162	822.658786644869	64	T
822.658786644869	823.1435909747115	16	AY1
823.1435909747115	823.2992743764173	57	M
823.2992743764173	835.1194557823129	74	sp
835.1194557823129	835.1494557823129	49	DH
835.1494557823129	835.3994557823129	28	IH1
835.3994557823129	835.4894557823129	62	S
835.4894557823129	835.5194557823129	74	sp
835.5194557823129	835.5684557823129	67	W
835.5684557823129	835.7384557823129	7	AH1
835.7384557823129	835.7984557823129	69	Z
835.7984557823129	835.9284557823129	74	sp
835.9284557823129	836.1374557823128	32	IY1
836.1374557823128	836.1674557823129	69	Z
836.1674557823129	836.3874557823128	31	IY0
836.3874557823128	836.4564557823129	50	F
836.4564557823129	836.5464557823129	10	AO1
836.5464557823129	836.6364557823129	61	R
836.6364557823129	836.8464557823129	7	AH1
836.8464557823129	837.018803972964	62	S
837.018803972964	846.2627664399093	74	sp
846.2627664399093	846.3927664399093	16	AY1
846.3927664399093	846.4817664399094	74	sp
846.4817664399094	846.5817664399094	64	T
846.5817664399094	846.6917664399093	41	UH1
846.6917664399093	846.8517664399094	54	K
846.8517664399094	846.9007664399094	52	HH
846.9007664399094	847.1181968765234	22	ER1
847.1181968765234	847.2213931655438	74	sp
847.2213931655438	847.2977677767944	67	W
847.2977677767944	847.4820630343775	22	ER1
847.4820630343775	847.6075895156688	48	D
847.6075895156688	847.8018466790671	50	F
847.8018466790671	847.9327670385975	21	ER0
847.9327670385975	848.2902366596124	27	IH0
848.2902366596124	848.5213776724559	64	T
848.5213776724559	866.576	74	sp
866.576	866.6759999999999	10	AO1
866.6759999999999	866.835	61	R
866.835	867.025	6	AH0
867.025	867.055	58	N
867.055	867.125	53	JH
867.125	867.324	74	sp
867.324	867.414	53	JH
867.414	867.673	44	UW1
867.673	867.733	62	S
867.733	867.983	74	sp
867.983	868.033	64	T
868.033	868.252	25	EY1
868.252	868.302	62	S
868.302	868.362	64	T
868.362	868.432	62	S
868.432	868.571	74	sp
868.571	868.611	50	F
868.611	868.821	7	AH1
868.821	868.9110000000001	58	N
868.9110000000001	868.95	31	IY0
868.95	869.16	4	AE1
869.16	869.34	50	F
869.34	869.389	64	T
869.389	869.569	21	ER0
869.569	870.437	74	sp
870.437	870.487	64	T
870.487	870.726	44	UW1
870.726	870.836	65	TH
870.836	870.976	60	P
870.976	871.255	26	EY2
871.255	871.355	62	S
871.355	871.385	64	T
871.385	881.9067685880065	74	sp
881.9067685880065	882.0764603174603	63	SH
882.0764603174603	882.2964603174603	41	UH1
882.2964603174603	882.3664603174602	48	D
882.3664603174602	882.9744603174602	74	sp
882.9744603174602	883.0844603174603	53	JH
883.0844603174603	883.2444603174603	21	ER0
883.2444603174603	883.5334603174603	4	AE1
883.5334603174603	883.5734603174603	50	F
883.5734603174603	883.7434603174602	74	sp
883.7434603174602	883.7934603174602	46	B
883.7934603174602	884.1524603174603	32	IY1
884.1524603174603	884.2124603174602	74	sp
884.2124603174602	884.3314603174603	54	K
884.3314603174603	884.5014603174602	4	AE1
884.5014603174602	884.5314603174602	60	P
884.5314603174602	884.5614603174603	64	T
884.5614603174603	884.6514603174603	74	sp
884.6514603174603	884.9204603174603	28	IH1
884.9204603174603	884.9804603174603	58	N
884.9804603174603	885.1304603174602	62	S
885.1304603174602	885.1894603174603	57	M
885.1894603174603	885.4094603174602	10	AO1
885.4094603174602	885.4794603174603	56	L
885.4794603174603	885.5394603174602	74	sp
885.5394603174602	885.6384603174603	69	Z
885.6384603174603	886.0774603174602	44	UW1
886.0774603174602	886.3426388351506	69	Z
886.3426388351506	905.9903854875283	74	sp
905.9903854875283	906.0303854875283	49	DH
906.0303854875283	906.2303854875283	25	EY1
906.2303854875283	906.5293854875283	35	OW1
906.5293854875283	906.5993854875283	58	N
906.5993854875283	906.7883854875283	25	EY1
906.7883854875283	906.8783854875282	46	B
906.8783854875282	907.0283854875283	28	IH1
907.0283854875283	907.0983854875283	51	G
907.0983854875283	907.2473854875283	52	HH
907.2473854875283	907.5373854875284	13	AW1
907.5373854875284	907.5673854875283	62	S
907.5673854875283	907.6073854875283	74	sp
907.6073854875283	907.7963854875284	28	IH1
907.7963854875284	907.9463854875282	58	N
907.9463854875282	908.2953854875283	74	sp
908.2953854875283	908.5053854875283	10	AO1
908.5053854875283	908.6243854875283	62	S
908.6243854875283	908.7443854875282	64	T
908.7443854875282	908.8143854875283	6	AH0
908.8143854875283	908.9443854875283	58	N
908.9443854875283	909.0733854875283	64	T
909.0733854875283	909.2233854875283	19	EH1
909.2233854875283	909.3133854875283	54	K
909.3133854875283	909.4033854875283	62	S
909.4033854875283	909.5723854875283	6	AH0
909.5723854875283	909.6023854875283	62	S
909.6023854875283	919.4034467120182	74	sp
919.4034467120182	919.4434467120182	49	DH
919.4434467120182	919.6224467120181	25	EY1
919.6224467120181	919.8824467120181	10	AO1
919.8824467120181	920.0414467120181	50	F
920.0414467120181	920.1014467120181	64	T
920.1014467120181	920.1814467120181	6	AH0
920.1814467120181	920.3314467120181	58	N
920.3314467120181	920.3914467120181	51	G
920.3914467120181	920.5804467120181	35	OW1
920.5804467120181	920.8204467120181	13	AW1
920.8204467120181	920.8994467120181	64	T
920.8994467120181	921.1094467120181	28	IH1
921.1094467120181	921.2394467120181	58	N
921.2394467120181	921.2794467120182	49	DH
921.2794467120182	921.5084467120181	7	AH1
921.5084467120181	921.7874467120181	74	sp
921.7874467120181	922.0074467120181	32	IY1
922.0074467120181	922.1774467120181	66	V
922.1774467120181	922.236446712018	58	N
922.236446712018	922.3164467120181	27	IH0
922.3164467120181	922.496446712018	59	NG
922.496446712018	931.291	74	sp
931.291	931.541	32	IY1
931.541	931.6400000000001	66	V
931.6400000000001	931.73	6	AH0
931.73	931.87	58	N
931.87	932.099	16	AY1
932.099	932.139	74	sp
932.139	932.229	51	G
932.229	932.379	19	EH1
932.379	932.4190000000001	64	T
932.4190000000001	932.558	74	sp
932.558	932.598	49	DH
932.598	932.848	7	AH1
932.848	932.9970000000001	74	sp
932.9970000000001	933.087	57	M
933.087	933.277	7	AH1
933.277	933.357	58	N
933.357	933.396	48	D
933.396	933.646	31	IY0
933.646	933.706	46	B
933.706	933.816	56	L
933.816	934.195	44	UW1
934.195	934.5561980540606	69	Z
934.5561980540606	940.3654421768707	74	sp
