135.344	135.414	57	M
135.414	135.614	25	EY1
135.614	135.763	62	S
135.763	135.903	31	IY0
135.903	136.103	52	HH
136.103	136.332	4	AE1
136.332	136.412	69	Z
136.412	136.562	74	sp
136.562	136.631	49	DH
136.631	136.791	6	AH0
136.791	136.871	74	sp
136.871	136.901	46	B
136.901	137.1	19	EH1
137.1	137.13	62	S
137.13	137.16	64	T
137.16	137.39	74	sp
137.39	137.42	51	G
137.42	137.45	61	R
137.45	137.759	25	EY1
137.759	137.829	48	D
137.829	137.869	69	Z
137.869	138.028	28	IH1
138.028	138.138	58	N
138.138	138.178	49	DH
138.178	138.288	6	AH0
138.288	138.368	74	sp
138.368	138.467	54	K
138.467	138.497	56	L
138.497	138.846	4	AE1
138.846	138.876	62	S
143.905	144.035	16	AY1
144.035	144.124	74	sp
144.124	144.224	64	T
144.224	144.334	41	UH1
144.334	144.494	54	K
144.494	144.543	52	HH
144.543	144.76043043661397	22	ER1
144.76043043661397	144.86362672563436	74	sp
144.86362672563436	144.94000133688502	67	W
144.94000133688502	145.12429659446806	22	ER1
145.12429659446806	145.2498230757594	48	D
145.2498230757594	145.44408023915773	50	F
145.44408023915773	145.5750005986881	21	ER0
145.5750005986881	145.93247021970305	27	IH0
145.93247021970305	146.16361123254654	64	T
146.16361123254654	146.61870888926092	73	ns
160.667	160.767	10	AO1
160.767	160.926	61	R
160.926	161.116	6	AH0
161.116	161.146	58	N
161.146	161.216	53	JH
161.216	161.415	74	sp
161.415	161.505	53	JH
161.505	161.764	44	UW1
161.764	161.824	62	S
161.824	162.074	74	sp
162.074	162.124	64	T
162.124	162.343	25	EY1
162.343	162.393	62	S
162.393	162.453	64	T
162.453	162.523	62	S
162.523	162.662	74	sp
162.662	162.702	50	F
162.702	162.912	7	AH1
162.912	163.002	58	N
163.002	163.041	31	IY0
163.041	163.251	4	AE1
163.251	163.431	50	F
163.431	163.48	64	T
163.48	163.66	21	ER0
163.66	164.528	74	sp
164.528	164.578	64	T
164.578	164.817	44	UW1
164.817	164.927	65	TH
164.927	165.067	60	P
165.067	165.346	26	EY2
165.346	165.446	62	S
165.446	165.476	64	T
165.476	166.26254454162574	74	sp
183.246	183.355	61	R
183.355	183.545	1	AA1
183.545	183.615	46	B
183.615	183.864	6	AH0
183.864	183.894	58	N
183.894	183.924	56	L
183.924	184.134	16	AY1
184.134	184.213	54	K
184.213	184.243	62	S
184.243	184.423	74	sp
184.423	184.473	49	DH
184.473	184.592	7	AH1
184.592	184.732	74	sp
184.732	184.872	54	K
184.872	185.081	7	AH1
185.081	185.281	56	L
185.281	185.331	21	ER0
185.331	185.391	68	Y
185.391	185.76	19	EH1
185.76	186.009	56	L
186.009	186.039	34	OW0
186.039	186.418	74	sp
186.418	189.651	73	ns
198.611	198.81	28	IH1
198.81	198.84	69	Z
198.84	198.9	74	sp
198.9	199.05	63	SH
199.05	199.269	32	IY1
199.269	199.309	74	sp
199.309	199.379	51	G
199.379	199.628	35	OW1
199.628	199.748	27	IH0
199.748	199.818	59	NG
199.818	199.888	67	W
199.888	199.997	28	IH1
199.997	200.067	65	TH
200.067	200.167	74	sp
200.167	200.417	68	Y
200.417	200.576	44	UW1
200.576	201.175	74	sp
201.175	204.048	73	ns
204.048	204.627	74	sp
204.627	209.306	73	ns
209.306	209.446	67	W
209.446	209.636	28	IH1
209.636	209.835	47	CH
209.835	213.696	74	sp
213.696	213.726	65	TH
213.726	213.896	32	IY1
213.896	213.936	6	AH0
213.936	213.976	64	T
213.976	214.225	21	ER0
214.225	214.295	74	sp
214.295	214.355	68	Y
214.355	214.504	4	AE1
214.504	215.033	74	sp
215.033	215.103	67	W
215.103	215.233	28	IH1
215.233	215.412	47	CH
215.412	215.482	74	sp
215.482	215.512	65	TH
215.512	215.772	32	IY1
215.772	215.861	6	AH0
215.861	215.921	64	T
215.921	216.071	21	ER0
216.071	216.241	63	SH
216.241	216.52	35	OW1
216.52	216.58	69	Z
216.58	219.164	74	sp
219.164	219.204	57	M
219.204	219.433	7	AH1
219.433	219.473	49	DH
219.473	219.623	21	ER0
219.623	219.822	51	G
219.822	220.05216142070657	44	UW1
220.05216142070657	220.331	62	S
220.331	220.611	74	sp
237.742	237.861	54	K
237.861	238.031	7	AH1
238.031	238.131	64	T
238.131	238.34	25	EY1
238.34	238.39	74	sp
238.39	238.47	62	S
238.47	238.51	57	M
238.51	238.769	10	AO1
238.769	238.819	56	L
238.819	239.019	74	sp
239.019	239.119	54	K
239.119	239.288	10	AO1
239.288	239.338	61	R
239.338	239.468	58	N
239.468	239.597	21	ER0
239.597	239.777	10	AO1
239.777	239.957	50	F
239.957	240.017	74	sp
240.017	240.156	32	IY1
240.156	240.286	47	CH
240.286	240.735	19	EH1
240.735	240.775	53	JH
240.775	241.274	74	sp
241.274	243.997	73	ns
243.997	245.514	74	sp
245.514	250.243	73	ns
250.243	250.283	49	DH
250.283	250.493	25	EY1
250.493	250.533	10	AO1
250.533	250.822	56	L
250.822	250.942	18	EH0
250.942	251.041	58	N
251.041	251.191	53	JH
251.191	251.371	38	OY1
251.371	251.47	74	sp
251.47	251.76	16	AY1
251.76	251.83	62	S
251.83	251.949	54	K
251.949	251.999	61	R
251.999	252.139	32	IY1
252.139	252.239	57	M
252.239	253.376	74	sp
253.376	253.44147102994575	62	S
253.44147102994575	253.606	7	AH1
253.606	254.55720448125933	58	N
254.55720448125933	254.74679335122144	48	D
254.74679335122144	255.2266251479917	26	EY2
255.2266251479917	255.611	69	Z
267.055	267.115	74	sp
267.115	267.155	64	T
267.155	267.364	1	AA1
267.364	267.494	57	M
267.494	267.524	61	R
267.524	267.734	32	IY1
267.734	267.843	48	D
267.843	267.963	69	Z
267.963	268.033	49	DH
268.033	268.153	6	AH0
268.153	268.282	74	sp
268.282	268.322	62	S
268.322	268.512	25	EY1
268.512	268.621	57	M
268.621	268.731	46	B
268.731	268.971	41	UH1
268.971	269.19	54	K
269.19	269.42	19	EH1
269.42	269.49	66	V
269.49	269.519	61	R
269.519	269.669	31	IY0
269.669	269.759	58	N
269.759	270.118	16	AY1
270.118	270.188	64	T
270.188	271.096	74	sp
271.096	273.361	73	ns
273.361	273.51	74	sp
273.51	279.816	73	ns
279.816	279.996	52	HH
279.996	280.315	32	IY1
280.315	280.564	25	EY1
280.564	280.674	64	T
280.674	280.834	50	F
280.834	281.023	10	AO1
281.023	281.113	61	R
281.113	281.562	74	sp
281.562	281.871	19	EH1
281.871	281.971	51	G
281.971	282.131	69	Z
282.131	282.27	50	F
282.27	282.36	10	AO1
282.36	282.43	61	R
282.43	282.57	46	B
282.57	282.62	61	R
282.62	282.829	19	EH1
282.829	282.909	54	K
282.909	283.039	50	F
283.039	283.188	6	AH0
283.188	283.218	62	S
283.218	283.50332995891193	64	T
283.50332995891193	283.887	74	sp
283.887	286.381	73	ns
286.381	286.431	74	sp
286.431	293.535	73	ns
293.535	293.575	49	DH
293.575	293.754	25	EY1
293.754	294.014	10	AO1
294.014	294.173	50	F
294.173	294.233	64	T
294.233	294.313	6	AH0
294.313	294.463	58	N
294.463	294.523	51	G
294.523	294.712	35	OW1
294.712	294.952	13	AW1
294.952	295.031	64	T
295.031	295.241	28	IH1
295.241	295.371	58	N
295.371	295.411	49	DH
295.411	295.64	7	AH1
295.64	295.919	74	sp
295.919	296.139	32	IY1
296.139	296.309	66	V
296.309	296.368	58	N
296.368	296.448	27	IH0
296.448	296.628	59	NG
307.4562187761235	307.605647363353	62	S
307.605647363353	307.7251902331366	60	P
307.7251902331366	307.8414124676484	21	ER0
307.8414124676484	307.90948549071965	28	IH1
307.90948549071965	308.0721966190362	59	NG
308.0721966190362	308.2625876158784	62	S
308.2625876158784	308.44688287346145	64	T
308.44688287346145	308.631	21	ER0
308.631	310.057	74	sp
310.057	310.117	67	W
310.117	310.616	44	UW1
310.616	310.836	74	sp
310.836	310.865	62	S
310.865	310.915	60	P
310.915	310.965	61	R
310.965	311.255	28	IH1
311.255	311.314	59	NG
311.314	311.933	74	sp
311.933	311.963	62	S
311.963	312.023	64	T
312.023	312.063	61	R
312.063	312.322	32	IY1
312.322	312.422	64	T
312.422	312.542	74	sp
312.542	312.861	28	IH1
312.861	312.911	69	Z
312.911	314.258	74	sp
314.258	314.288	62	S
314.288	314.33348318592476	64	T
314.33348318592476	314.39906573254217	61	R
314.39906573254217	314.866	25	EY1
314.866	314.896	64	T
314.896	316.163	74	sp
316.163	316.343	6	AH0
316.343	316.463	52	HH
316.463	316.852	19	EH1
316.852	316.932	48	D
337.814	338.044	28	IH1
338.044	338.084	69	Z
338.084	338.203	74	sp
338.203	338.273	49	DH
338.273	338.443	28	IH1
338.443	338.503	62	S
338.503	338.8431737442511	62	S
338.8431737442511	338.9992436020241	74	sp
338.9992436020241	339.441	62	S
339.441	339.86	32	IY1
339.86	340.059	62	S
340.059	340.319	11	AO2
340.319	340.628	74	sp
340.628	340.658	62	S
340.658	341.067	25	EY1
341.067	341.107	50	F
341.107	342.154	74	sp
342.154	346.085	73	ns
346.085	350.485	73	ns
350.485	350.515	49	DH
350.515	350.765	28	IH1
350.765	350.855	62	S
350.855	350.885	74	sp
350.885	350.934	67	W
350.934	351.104	7	AH1
351.104	351.164	69	Z
351.164	351.294	74	sp
351.294	351.503	32	IY1
351.503	351.533	69	Z
351.533	351.753	31	IY0
351.753	351.822	50	F
351.822	351.912	10	AO1
351.912	352.002	61	R
352.002	352.212	7	AH1
352.212	352.3843481906511	62	S
352.3843481906511	352.73	74	sp
352.73	355.025	73	ns
355.025	361.081	73	ns
361.081	361.3199828773486	16	AY1
361.3199828773486	361.46941146457806	62	S
361.46941146457806	361.655367039797	10	AO1
361.655367039797	361.7124541450633	25	EY1
361.7124541450633	361.8477700323878	74	sp
361.8477700323878	361.95561965034784	60	P
361.95561965034784	362.129	22	ER1
362.129	362.209	60	P
362.209	362.2851717386533	6	AH0
362.2851717386533	362.398	56	L
362.398	362.498	74	sp
362.498	362.638	54	K
362.638	362.668	61	R
362.668	362.997	4	AE1
362.997	363.047	46	B
363.047	363.266	1	AA1
363.266	363.426	58	N
363.426	363.646	74	sp
363.646	363.725	49	DH
363.725	363.835	6	AH0
363.835	363.915	74	sp
363.915	363.955	46	B
363.955	364.364	32	IY1
364.364	364.623	47	CH
364.623	364.953	74	sp
364.953	367.607	73	ns
367.607	374.8460518477128	73	ns
374.8460518477128	374.91	48	D
374.91	375.159	35	OW1
375.159	375.379	58	N
375.379	375.469	48	D
375.469	375.828	44	UW1
375.828	375.898	74	sp
375.898	376.027	47	CH
376.027	376.127	1	AA1
376.127	376.287	61	R
376.287	376.317	56	L
376.317	376.726	31	IY0
376.726	376.806	69	Z
376.806	377.015	74	sp
377.015	377.095	48	D
377.095	377.235	22	ER1
377.235	377.454	64	T
377.454	377.654	31	IY0
377.654	377.694	48	D
377.694	377.933	28	IH1
377.933	378.192	63	SH
378.192	378.472	6	AH0
378.472	378.63121333305156	69	Z
391.682	391.841	63	SH
391.841	392.061	41	UH1
392.061	392.131	48	D
392.131	392.739	74	sp
392.739	392.849	53	JH
392.849	393.009	21	ER0
393.009	393.298	4	AE1
393.298	393.338	50	F
393.338	393.508	74	sp
393.508	393.558	46	B
393.558	393.917	32	IY1
393.917	393.977	74	sp
393.977	394.096	54	K
394.096	394.266	4	AE1
394.266	394.296	60	P
394.296	394.326	64	T
394.326	394.416	74	sp
394.416	394.685	28	IH1
394.685	394.745	58	N
394.745	394.895	62	S
394.895	394.954	57	M
394.954	395.174	10	AO1
395.174	395.244	56	L
395.244	395.304	74	sp
395.304	395.403	69	Z
395.403	395.842	44	UW1
395.842	396.1071785176904	69	Z
423.16	423.41	32	IY1
423.41	423.509	66	V
423.509	423.599	6	AH0
423.599	423.739	58	N
423.739	423.968	16	AY1
423.968	424.008	74	sp
424.008	424.098	51	G
424.098	424.248	19	EH1
424.248	424.288	64	T
424.288	424.427	74	sp
424.427	424.467	49	DH
424.467	424.717	7	AH1
424.717	424.866	74	sp
424.866	424.956	57	M
424.956	425.146	7	AH1
425.146	425.226	58	N
425.226	425.265	48	D
425.265	425.515	31	IY0
425.515	425.575	46	B
425.575	425.685	56	L
425.685	426.064	44	UW1
426.064	426.4251980540606	69	Z
426.4251980540606	426.682	74	sp
426.682	428.967	73	ns
428.967	429.127	74	sp
429.127	435.482	73	ns
435.482	435.522	49	DH
435.522	435.722	25	EY1
435.722	436.021	35	OW1
436.021	436.091	58	N
436.091	436.28	25	EY1
436.28	436.37	46	B
436.37	436.52	28	IH1
436.52	436.59	51	G
436.59	436.739	52	HH
436.739	437.029	13	AW1
437.029	437.059	62	S
437.059	437.099	74	sp
437.099	437.288	28	IH1
437.288	437.438	58	N
437.438	437.787	74	sp
437.787	437.997	10	AO1
437.997	438.116	62	S
438.116	438.236	64	T
438.236	438.306	6	AH0
438.306	438.436	58	N
438.436	438.565	64	T
438.565	438.715	19	EH1
438.715	438.805	54	K
438.805	438.895	62	S
438.895	439.064	6	AH0
439.064	439.094	62	S
451.266	451.316	46	B
451.316	451.426	56	L
451.426	451.795	44	UW1
451.795	451.835	74	sp
451.835	451.965	47	CH
451.965	452.294	32	IY1
452.294	452.364	69	Z
452.364	452.444	62	S
452.444	452.474	57	M
452.474	452.813	19	EH1
452.813	452.853	56	L
452.853	452.973	69	Z
452.973	453.012	74	sp
453.012	453.072	50	F
453.072	453.282	7	AH1
453.282	453.342	58	N
453.342	453.491	31	IY0
462.541	462.581	49	DH
462.581	462.7	7	AH1
462.7	462.79	74	sp
462.79	462.83	46	B
462.83	463.03	28	IH1
463.03	463.08	51	G
463.08	463.189	74	sp
463.189	463.249	48	D
463.249	463.479	10	AO1
463.479	463.578	51	G
463.578	463.608	74	sp
463.608	463.678	56	L
463.678	463.908	7	AH1
463.908	463.987	66	V
463.987	464.017	48	D
464.017	464.237	74	sp
464.237	464.327	64	T
464.327	464.546	27	IH0
464.546	464.656	74	sp
464.656	464.836	47	CH
464.836	465.135	44	UW1
465.135	465.374	74	sp
465.374	465.574	1	AA1
465.574	465.644	58	N
465.644	465.684	49	DH
465.684	466.093	7	AH1
466.093	466.123	35	OW1
466.123	466.202	56	L
466.202	466.372	48	D
466.372	466.641	74	sp
466.641	466.811	61	R
466.811	467.041	4	AE1
467.041	467.07	51	G
467.07	467.22	74	sp
467.22	467.26	46	B
467.26	467.629	10	AO1
467.629	467.699	56	L
481.837	481.917	51	G
481.917	482.136	19	EH1
482.136	482.166	62	S
482.166	482.296	74	sp
482.296	482.336	49	DH
482.336	482.525	7	AH1
482.525	482.615	74	sp
482.615	482.785	54	K
482.785	482.845	67	W
482.845	482.974	19	EH1
482.974	483.144	62	S
483.144	483.194	47	CH
483.194	483.353	6	AH0
483.353	483.403	58	N
483.403	483.473	74	sp
483.473	483.503	50	F
483.503	483.553	61	R
483.553	483.743	7	AH1
483.743	483.773	57	M
483.773	483.8689241837571	49	DH
483.8689241837571	483.9425077131568	6	AH0
483.9425077131568	484.311	4	AE1
484.311	484.371	58	N
484.371	484.571	62	S
484.571	484.82	21	ER0
484.82	488.322	73	ns
488.322	488.771	74	sp
488.771	494.817	73	ns
494.817	494.887	62	S
494.887	494.977	67	W
494.977	495.246	28	IH1
495.246	495.336	59	NG
495.336	495.466	68	Y
495.466	495.496	41	UH1
495.496	495.685	61	R
495.685	495.785	1	AA1
495.785	495.935	61	R
495.935	496.045	57	M
496.045	496.244	4	AE1
496.244	496.314	69	Z
496.314	496.414	52	HH
496.414	496.633	16	AY1
496.633	496.903	4	AE1
496.903	496.933	69	Z
496.933	497.062	74	sp
497.062	497.262	68	Y
497.262	497.332	44	UW1
497.332	497.471	54	K
497.471	497.841	4	AE1
497.841	497.96	58	N
511.08	511.19	60	P
511.19	511.25	56	L
511.25	511.47	32	IY1
511.47	511.509	69	Z
511.509	511.649	74	sp
511.649	511.679	62	S
511.679	511.879	28	IH1
511.879	512.018	59	NG
512.018	512.088	74	sp
512.088	512.238	53	JH
512.238	512.318	6	AH0
512.318	512.348	62	S
512.348	512.387	64	T
512.387	512.557	74	sp
512.557	512.607	49	DH
512.607	512.826	7	AH1
512.826	513.475	74	sp
513.475	513.505	54	K
513.505	513.535	56	L
513.535	513.834	7	AH1
513.834	513.864	46	B
513.864	514.5573775903986	74	sp
514.5573775903986	514.6561146791272	54	K
514.6561146791272	514.6813862679078	56	L
514.6813862679078	514.891713056587	7	AH1
514.891713056587	514.9684552110634	46	B
514.9684552110634	515.1293600963991	74	sp
515.1293600963991	515.1795122684517	64	T
515.1795122684517	515.6643165982942	16	AY1
515.6643165982942	515.82	57	M
530.347	530.387	49	DH
530.387	530.417	6	AH0
530.417	530.776	4	AE1
530.776	530.885	59	NG
530.885	530.925	51	G
530.925	530.955	61	R
530.955	531.215	31	IY0
531.215	531.275	46	B
531.275	531.534	38	OY1
531.534	531.684	48	D
531.684	532.073	28	IH1
532.073	532.123	58	N
532.123	532.153	64	T
532.153	532.252	74	sp
532.252	532.352	56	L
532.352	532.442	41	UH1
532.442	532.562	54	K
532.562	532.931	7	AH1
532.931	532.961	60	P
