555.09	555.2380058470275	58	N
555.2380058470275	555.4349576060259	25	EY1
555.4349576060259	555.620882425575	62	S
555.620882425575	555.7358554980126	31	IY0
555.7358554980126	555.849	52	HH
555.849	556.058	4	AE1
556.058	556.088	69	Z
556.088	556.168	74	sp
556.168	556.218	49	DH
556.218	556.318	6	AH0
556.318	556.417	74	sp
556.417	556.447	46	B
556.447	556.697	19	EH1
556.697	556.757	62	S
556.757	556.787	64	T
556.787	556.807	74	sp
556.807	556.866	51	G
556.866	556.896	61	R
556.896	557.126	25	EY1
557.126	557.156	48	D
557.156	557.186	69	Z
557.186	557.415	28	IH1
557.415	557.455	58	N
557.455	557.495	49	DH
557.495	557.605	7	AH1
557.605	557.724	54	K
557.724	557.754	56	L
557.754	558.153	4	AE1
558.153	558.2492426269533	62	S
575.045	575.3889794234998	16	AY1
575.3889794234998	575.4871940937696	64	T
575.4871940937696	575.62720224075	41	UH1
575.62720224075	575.7484033232106	54	K
575.7484033232106	575.8090038644409	52	HH
575.8090038644409	576.0723027677174	21	ER0
576.0723027677174	576.2164902623688	67	W
576.2164902623688	576.6140469939186	74	sp
576.6140469939186	576.6955442735041	67	W
576.6955442735041	576.8794355710306	22	ER1
576.8794355710306	576.9107806785635	48	D
576.9107806785635	577.0842236069124	50	F
577.0842236069124	577.3593731860999	22	ER1
577.3593731860999	577.7270295520195	27	IH0
577.7270295520195	577.8399981682713	64	T
589.213	589.323	10	AO1
589.323	589.492	61	R
589.492	589.522	6	AH0
589.522	589.572	58	N
589.572	589.742	53	JH
589.742	589.812	74	sp
589.812	589.861	53	JH
589.861	590.141	44	UW1
590.141	590.181	62	S
590.181	590.231	64	T
590.231	590.44	25	EY1
590.44	590.48	62	S
590.48	590.51	64	T
590.51	590.57	62	S
590.57	590.63	50	F
590.63	590.869	7	AH1
590.869	590.899	58	N
590.899	590.949	31	IY0
590.949	591.198	4	AE1
591.198	591.308	50	F
591.308	591.368	64	T
591.368	591.578	21	ER0
591.578	592.066	74	sp
592.066	592.176	64	T
592.176	592.336	44	UW1
592.336	592.456	65	TH
592.456	592.615	60	P
592.615	592.845	26	EY2
592.845	593.1330416637804	62	S
593.1330416637804	593.2082699218595	64	T
593.2082699218595	593.493	74	sp
593.493	596.397	73	ns
596.397	596.766	74	sp
596.766	601.744	73	ns
601.744	601.794	61	R
601.794	602.064	1	AA1
602.064	602.143	46	B
602.143	602.263	6	AH0
602.263	602.423	58	N
602.423	602.453	56	L
602.453	602.662	16	AY1
602.662	602.722	54	K
602.722	602.752	62	S
602.752	602.862	74	sp
602.862	602.912	49	DH
602.912	602.992	7	AH1
602.992	603.181	54	K
603.181	603.411	7	AH1
603.411	603.441	56	L
603.441	603.54	21	ER0
603.54	603.66	68	Y
603.66	603.919	19	EH1
603.919	604.189	56	L
604.189	604.299	34	OW0
604.299	613.079	73	ns
613.079	622.248	73	ns
622.248	622.447	28	IH1
622.447	622.507	69	Z
622.507	622.607	63	SH
622.607	622.826	32	IY1
622.826	622.896	51	G
622.896	623.106	35	OW1
623.106	623.236	27	IH0
623.236	623.285	59	NG
623.285	623.355	67	W
623.355	623.465	28	IH1
623.465	623.625	65	TH
623.625	623.814	68	Y
623.814	623.984	44	UW1
623.984	624.143	74	sp
624.143	631.866	73	ns
631.866	631.996	74	sp
631.996	634.141	73	ns
634.141	634.201	74	sp
634.201	634.31	67	W
634.31	634.47	28	IH1
634.47	634.68	47	CH
634.68	634.799	74	sp
634.799	634.839	65	TH
634.839	635.168	32	IY1
635.168	635.198	6	AH0
635.198	635.248	64	T
635.248	635.408	21	ER0
635.408	635.568	63	SH
635.568	635.837	35	OW1
635.837	635.887	69	Z
635.887	635.947	74	sp
635.947	636.046	57	M
636.046	636.246	7	AH1
636.246	636.296	49	DH
636.296	636.446	21	ER0
636.446	636.545	74	sp
636.545	636.605	51	G
636.605	636.825	44	UW1
636.825	637.0685092387312	62	S
637.0685092387312	641.484	74	sp
641.484	641.644	74	sp
641.644	646.403	73	ns
646.403	646.503	54	K
646.503	646.672	7	AH1
646.672	646.792	64	T
646.792	646.972	25	EY1
646.972	647.002	74	sp
647.002	647.041	62	S
647.041	647.071	57	M
647.071	647.301	10	AO1
647.301	647.331	56	L
647.331	647.361	74	sp
647.361	647.49	54	K
647.49	647.54	10	AO1
647.54	647.65	61	R
647.65	647.69	58	N
647.69	647.72	21	ER0
647.72	647.929	10	AO1
647.929	648.089	50	F
648.089	648.339	32	IY1
648.339	648.468	47	CH
648.468	648.957	19	EH1
648.957	649.197	53	JH
649.197	649.506	74	sp
649.506	657.019	73	ns
657.019	657.278	74	sp
657.278	661.638	73	ns
661.638	661.688	49	DH
661.688	661.868	25	EY1
661.868	661.918	10	AO1
661.918	662.167	56	L
662.167	662.297	18	EH0
662.297	662.387	58	N
662.387	662.516	53	JH
662.516	662.546	38	OY1
662.546	662.885	16	AY1
662.885	663.025	62	S
663.025	663.135	54	K
663.135	663.175	61	R
663.175	663.354	32	IY1
663.354	663.524	57	M
663.524	663.893	74	sp
663.893	663.963	62	S
663.963	664.173	7	AH1
664.173	664.342	58	N
664.342	664.402	48	D
664.402	664.811	26	EY2
664.811	665.2067469995786	69	Z
665.2067469995786	669.69	73	ns
669.69	675.786	73	ns
675.786	675.906	64	T
675.906	676.105	1	AA1
676.105	676.145	57	M
676.145	676.245	61	R
676.245	676.425	32	IY1
676.425	676.495	48	D
676.495	676.614	69	Z
676.614	676.674	49	DH
676.674	676.794	7	AH1
676.794	676.884	74	sp
676.884	676.924	62	S
676.924	677.113	25	EY1
677.113	677.163	57	M
677.163	677.273	46	B
677.273	677.412	41	UH1
677.412	677.512	54	K
677.512	677.732	19	EH1
677.732	677.772	66	V
677.772	677.812	61	R
677.812	678.001	31	IY0
678.001	678.031	58	N
678.031	679.059	16	AY1
679.059	679.119	64	T
688.677	688.727	52	HH
688.727	688.956	32	IY1
688.956	689.275	25	EY1
689.275	689.395	64	T
689.395	689.505	50	F
689.505	689.625	10	AO1
689.625	689.655	61	R
689.655	690.034	19	EH1
690.034	690.143	51	G
690.143	690.263	69	Z
690.263	690.313	50	F
690.313	690.413	10	AO1
690.413	690.483	61	R
690.483	690.503	74	sp
690.503	690.543	46	B
690.543	690.582	61	R
690.582	690.752	19	EH1
690.752	690.902	54	K
690.902	690.992	50	F
690.992	691.061	6	AH0
691.061	691.091	62	S
691.091	691.3658812569743	64	T
700.32	700.36	49	DH
700.36	700.5	25	EY1
700.5	700.759	10	AO1
700.759	700.819	50	F
700.819	700.869	64	T
700.869	701.079	6	AH0
701.079	701.109	58	N
701.109	701.158	51	G
701.158	701.298	35	OW1
701.298	701.538	13	AW1
701.538	701.597	64	T
701.597	701.887	28	IH1
701.887	701.927	58	N
701.927	701.967	49	DH
701.967	702.166	7	AH1
702.166	702.266	74	sp
702.266	702.498214976784	32	IY1
702.498214976784	702.6026986685604	66	V
702.6026986685604	702.7364377940341	58	N
702.7364377940341	703.6558942816664	27	IH0
703.6558942816664	703.792	59	NG
714.169	714.209	62	S
714.209	714.309	60	P
714.309	714.358	61	R
714.358	714.628	28	IH1
714.628	714.668	59	NG
714.668	714.748	74	sp
714.748	714.907	62	S
714.907	714.947	64	T
714.947	714.977	61	R
714.977	715.187	32	IY1
715.187	715.256	64	T
715.256	715.656	74	sp
715.656	715.995	28	IH1
715.995	716.025	69	Z
716.025	716.773	74	sp
716.773	716.853	62	S
716.853	716.883	64	T
716.883	716.913	61	R
716.913	717.272	25	EY1
717.272	717.322	64	T
717.322	717.7560801272048	74	sp
717.7560801272048	717.8752615435294	26	EY2
717.8752615435294	717.9797452353057	52	HH
717.9797452353057	719.2388787327604	19	EH1
719.2388787327604	719.4009196802974	48	D
743.203	743.422	28	IH1
743.422	743.502	69	Z
743.502	743.552	74	sp
743.552	743.592	49	DH
743.592	743.762	28	IH1
743.762	743.792	62	S
743.792	743.911	74	sp
743.911	743.941	62	S
743.941	744.141	32	IY1
744.141	744.211	62	S
744.211	744.241	11	AO2
744.241	744.53	74	sp
744.53	744.56	62	S
744.56	744.839	25	EY1
744.839	744.869	50	F
755.445	755.505	49	DH
755.505	755.704	28	IH1
755.704	755.774	62	S
755.774	755.814	67	W
755.814	756.004	7	AH1
756.004	756.034	69	Z
756.034	756.203	32	IY1
756.203	756.243	69	Z
756.243	756.393	31	IY0
756.393	756.453	50	F
756.453	756.533	10	AO1
756.533	756.563	61	R
756.563	757.358790286293	7	AH1
757.358790286293	757.5217848454641	62	S
797.829	798.088	63	SH
798.088	798.298	41	UH1
798.298	798.437	48	D
798.437	798.697	74	sp
798.697	798.817	53	JH
798.817	798.976	21	ER0
798.976	799.236	4	AE1
799.236	799.315	50	F
799.315	799.355	62	S
799.355	799.415	74	sp
799.415	799.455	46	B
799.455	799.695	32	IY1
799.695	799.864	54	K
799.864	800.084	4	AE1
800.084	800.114	60	P
800.114	800.173	64	T
800.173	800.443	28	IH1
800.443	800.493	58	N
800.493	800.642	62	S
800.642	800.692	57	M
800.692	800.902	10	AO1
800.902	800.952	56	L
800.952	801.031	74	sp
801.031	801.081	69	Z
801.081	801.331	44	UW1
801.331	801.441	69	Z
813.134	813.363	32	IY1
813.363	813.453	66	V
813.453	813.613	6	AH0
813.613	813.643	58	N
813.643	813.912	16	AY1
813.912	814.002	51	G
814.002	814.152	19	EH1
814.152	814.271	64	T
814.271	814.311	49	DH
814.311	814.491	7	AH1
814.491	814.79	74	sp
814.79	814.83	57	M
814.83	815.08	7	AH1
815.08	815.139	58	N
815.139	815.199	48	D
815.199	815.359	26	EY2
815.359	815.499	46	B
815.499	815.638	56	L
815.638	816.047	44	UW1
816.047	816.137	69	Z
828.339	828.379	49	DH
828.379	828.589	25	EY1
828.589	828.788	35	OW1
828.788	828.868	58	N
828.868	829.048	25	EY1
829.048	829.138	46	B
829.138	829.277	28	IH1
829.277	829.367	51	G
829.367	829.457	52	HH
829.457	829.676	13	AW1
829.676	829.716	62	S
829.716	829.726	74	sp
829.726	829.876	28	IH1
829.876	830.036	58	N
830.036	830.285	74	sp
830.285	830.385	10	AO1
830.385	830.455	62	S
830.455	830.564	64	T
830.564	830.714	6	AH0
830.714	830.794	58	N
830.794	830.914	64	T
830.914	831.143	19	EH1
831.143	831.223	54	K
831.223	831.323	62	S
831.323	831.562	6	AH0
831.562	831.602	62	S
831.602	835.154	73	ns
835.154	840.013	73	ns
840.013	840.073	46	B
840.073	840.182	56	L
840.182	840.432	44	UW1
840.432	840.572	47	CH
840.572	840.781	32	IY1
840.781	840.821	69	Z
840.821	840.871	74	sp
840.871	840.931	62	S
840.931	841.031	57	M
841.031	841.34	19	EH1
841.34	841.37	56	L
841.37	841.48	69	Z
841.48	841.549	50	F
841.549	841.809	7	AH1
841.809	841.859	58	N
841.859	842.168	31	IY0
852.075	852.115	49	DH
852.115	852.255	7	AH1
852.255	852.315	74	sp
852.315	852.345	46	B
852.345	852.544	28	IH1
852.544	852.584	51	G
852.584	852.724	48	D
852.724	852.973	10	AO1
852.973	853.093	51	G
853.093	853.153	56	L
853.153	853.363	7	AH1
853.363	853.392	66	V
853.392	853.462	69	Z
853.462	853.672	74	sp
853.672	853.712	64	T
853.712	853.871	27	IH0
853.871	853.911	74	sp
853.911	854.071	47	CH
854.071	854.251	44	UW1
854.251	854.48	1	AA1
854.48	854.59	58	N
854.59	854.64	49	DH
854.64	854.969	7	AH1
854.969	855.009	35	OW1
855.009	855.069	56	L
855.069	855.208	48	D
855.208	855.428	74	sp
855.428	855.508	61	R
855.508	855.707	4	AE1
855.707	855.737	51	G
855.737	856.206	74	sp
856.206	856.306	61	R
856.306	856.535	28	IH1
856.535	856.735	53	JH
856.735	856.835	46	B
856.835	857.264	10	AO1
857.264	857.314	56	L
857.314	870.484	73	ns
870.484	876.43	73	ns
876.43	876.5	51	G
876.5	876.69	19	EH1
876.69	876.719	62	S
876.719	876.819	74	sp
876.819	876.869	49	DH
876.869	876.979	7	AH1
876.979	877.139	54	K
877.139	877.178	67	W
877.178	877.318	19	EH1
877.318	877.488	62	S
877.488	877.548	47	CH
877.548	877.757	6	AH0
877.757	877.787	58	N
877.787	877.897	50	F
877.897	877.927	61	R
877.927	878.106	7	AH1
878.106	878.2372230014076	57	M
878.2372230014076	878.2881379631013	49	DH
878.2881379631013	878.4468728436759	31	IY0
878.4468728436759	878.735	4	AE1
878.735	878.785	58	N
878.785	879.014	62	S
879.014	879.244	21	ER0
898.769	898.949	62	S
898.949	899.009	67	W
899.009	899.059	28	IH1
899.059	899.3610943704884	59	NG
899.3610943704884	899.480894280356	68	Y
899.480894280356	899.627	21	ER0
899.627	899.657	69	Z
899.657	899.7519415764314	74	sp
899.7519415764314	899.8867164750324	1	AA1
899.8867164750324	899.9451189310928	61	R
899.9451189310928	900.0394613601136	57	M
900.0394613601136	900.2001061963952	4	AE1
900.2001061963952	900.2989411220359	69	Z
900.2989411220359	900.3708210679564	52	HH
900.3708210679564	900.6448633617786	16	AY1
900.6448633617786	900.954	4	AE1
900.954	901.044	69	Z
901.044	901.274	68	Y
901.274	901.324	44	UW1
901.324	901.483	54	K
901.483	902.651	4	AE1
902.651	902.77	58	N
902.77	903.07	74	sp
903.07	905.963	73	ns
905.963	913.875	73	ns
913.875	914.015	74	sp
914.015	914.045	60	P
914.045	914.075	56	L
914.075	914.374	32	IY1
914.374	914.444	69	Z
914.444	914.543	74	sp
914.543	914.573	62	S
914.573	914.613	28	IH1
914.613	914.943	59	NG
914.943	915.072	53	JH
915.072	915.202	7	AH1
915.202	915.232	62	S
915.232	915.262	64	T
915.262	915.362	74	sp
915.362	915.431	49	DH
915.431	915.571	6	AH0
915.571	915.711	74	sp
915.711	915.851	54	K
915.851	915.89	56	L
915.89	916.11	7	AH1
916.11	916.14	46	B
916.14	916.339	74	sp
916.339	916.389	65	TH
916.389	916.559	32	IY1
916.559	916.758	57	M
916.758	916.928	74	sp
916.928	919.412	73	ns
919.412	925.848	73	ns
925.848	925.878	49	DH
925.878	926.0022515956977	6	AH0
926.0022515956977	926.097	4	AE1
926.097	926.426	59	NG
926.426	926.476	51	G
926.476	926.516	61	R
926.516	926.716	31	IY0
926.716	926.776	46	B
926.776	926.975	38	OY1
926.975	927.045	48	D
927.045	927.075	28	IH1
927.075	927.135	48	D
927.135	927.414	6	AH0
927.414	927.584	58	N
927.584	927.664	56	L
927.664	927.694	41	UH1
927.694	927.773	54	K
927.773	928.602	7	AH1
928.602	928.661	60	P
