13.033818728815396	13.082	1	AA1	0
13.082	13.132	61	R	0
13.132	13.232	68	Y	0
13.232	13.292	41	UH1	0
13.292	13.322	61	R	0
13.322	13.402	51	G	0
13.402	13.512	61	R	0
13.512	13.652	25	EY1	0
13.652	13.702	48	D	0
13.702	13.762	69	Z	0
13.762	13.872	52	HH	0
13.872	14.012	16	AY1	0
14.012	14.192	21	ER0	0
14.192	14.322	21	ER0	0
14.322	14.462	56	L	0
14.462	14.622	35	OW1	0
14.622	14.712	21	ER0	0
14.712	14.782	49	DH	0
14.782	14.835726344895992	4	AE1	0
14.835726344895992	14.89179796665685	58	N	0
14.89179796665685	14.9515881932525	58	N	0
14.9515881932525	15.075332461966116	4	AE1	0
15.075332461966116	15.143005108918874	58	N	0
15.143005108918874	15.235813310454088	62	S	0
15.235813310454088	15.388560142147456	31	IY0	0
15.388560142147456	15.637967130522782	69	Z	0
22.572	22.712	63	SH	1
22.712	22.762	32	IY1	1
22.762	22.852	67	W	1
22.852	22.992	10	AO1	1
22.992	23.022	61	R	1
23.022	23.202	67	W	1
23.202	23.312	10	AO1	1
23.312	23.382	61	R	1
23.382	23.472	57	M	1
23.472	23.592	50	F	1
23.592	23.652	56	L	1
23.652	23.742	32	IY1	1
23.742	23.862	62	S	1
23.862	23.952	31	IY0	1
23.952	24.082	67	W	1
24.082	24.112	41	UH1	1
24.112	24.262	56	L	1
24.262	24.292	6	AH0	1
24.292	24.352	58	N	1
24.352	24.502	35	OW1	1
24.502	24.582	66	V	1
24.582	24.692	21	ER0	1
24.692	24.722	11	AO2	1
24.722	24.852	56	L	1
24.852	25.182	69	Z	1
25.182	25.372	74	sp	1
32.372	32.472	61	R	2
32.472	32.592	32	IY1	2
32.592	32.622	48	D	2
32.622	32.702	27	IH0	2
32.702	32.762	59	NG	2
32.762	32.822	28	IH1	2
32.822	32.882	58	N	2
32.882	33.022	60	P	2
33.022	33.072	41	UH1	2
33.072	33.142	61	R	2
33.142	33.252	56	L	2
33.252	33.392	16	AY1	2
33.392	33.482	64	T	2
33.482	33.542	51	G	2
33.542	33.602	28	IH1	2
33.602	33.632	66	V	2
33.632	33.682	69	Z	2
33.682	33.752	68	Y	2
33.752	33.822	44	UW1	2
33.822	33.992	16	AY1	2
33.992	34.102	62	S	2
34.102	34.162	64	T	2
34.162	34.202	61	R	2
34.202	34.292	26	EY2	2
34.292	34.482	58	N	2
34.482	34.932	74	sp	2
41.402	41.562	74	sp	3
41.562	41.702	32	IY1	3
41.702	41.752	66	V	3
41.752	41.802	6	AH0	3
41.802	41.832	58	N	3
41.832	42.222	16	AY1	3
42.222	42.252	6	AH0	3
42.252	42.342	54	K	3
42.342	42.432	25	EY1	3
42.432	42.542	70	ZH	3
42.542	42.572	58	N	3
42.572	42.602	6	AH0	3
42.602	42.682	56	L	3
42.682	42.772	31	IY0	3
42.772	42.832	51	G	3
42.832	42.882	28	IH1	3
42.882	42.942	64	T	3
42.942	42.982	49	DH	3
42.982	43.012	6	AH0	3
43.012	43.112	57	M	3
43.112	43.162	7	AH1	3
43.162	43.232	58	N	3
43.232	43.282	48	D	3
43.282	43.362	26	EY2	3
43.362	43.452	46	B	3
43.452	43.532	56	L	3
43.532	43.662	44	UW1	3
43.662	44.002	69	Z	3
44.002	44.272	74	sp	3
51.252	51.302	67	W	4
51.302	51.372	32	IY1	4
51.372	51.522	21	ER0	4
51.522	51.662	35	OW1	4
51.662	51.732	60	P	4
51.732	51.792	6	AH0	4
51.792	51.852	58	N	4
51.852	51.952	19	EH1	4
51.952	52.032	66	V	4
52.032	52.082	61	R	4
52.082	52.122	31	IY0	4
52.122	52.232	57	M	4
52.232	52.292	7	AH1	4
52.292	52.362	58	N	4
52.362	52.412	48	D	4
52.412	52.522	26	EY2	4
52.522	52.672	32	IY1	4
52.672	52.742	66	V	4
52.742	52.782	58	N	4
52.782	52.872	27	IH0	4
52.872	53.022	59	NG	4
53.022	53.392	74	sp	4
59.372	59.632	74	sp	5
59.632	59.702	28	IH1	5
59.702	59.742	64	T	5
59.742	59.822	62	S	5
59.822	59.852	58	N	5
59.852	60.002	1	AA1	5
60.002	60.052	64	T	5
60.052	60.172	32	IY1	5
60.172	60.242	69	Z	5
60.242	60.342	31	IY0	5
60.342	60.452	64	T	5
60.452	60.492	27	IH0	5
60.492	60.592	54	K	5
60.592	60.662	61	R	5
60.662	60.732	31	IY0	5
60.732	60.822	25	EY1	5
60.822	60.852	64	T	5
60.852	60.882	29	IH2	5
60.882	61.082	56	L	5
61.082	61.112	44	UW1	5
61.112	61.152	57	M	5
61.152	61.182	6	AH0	5
61.182	61.242	58	N	5
61.242	61.332	26	EY2	5
61.332	61.372	64	T	5
61.372	61.402	27	IH0	5
61.402	61.502	59	NG	5
61.502	61.582	27	IH0	5
61.582	61.652	51	G	5
61.652	61.722	69	Z	5
61.722	61.802	4	AE1	5
61.802	61.872	57	M	5
61.872	61.922	60	P	5
61.922	61.962	6	AH0	5
61.962	62.052	56	L	5
62.052	62.342	69	Z	5
62.342	62.552	74	sp	5
69.622	69.722	57	M	6
69.722	69.762	7	AH1	6
69.762	69.872	57	M	6
69.872	70.042	62	S	6
70.042	70.082	64	T	6
70.082	70.162	61	R	6
70.162	70.232	10	AO1	6
70.232	70.342	59	NG	6
70.342	70.382	56	L	6
70.382	70.462	31	IY0	6
70.462	70.542	48	D	6
70.542	70.582	29	IH2	6
70.582	70.682	62	S	6
70.682	70.742	56	L	6
70.742	70.832	16	AY1	6
70.832	70.872	54	K	6
70.872	70.932	62	S	6
70.932	71.102	4	AE1	6
71.102	71.162	60	P	6
71.162	71.192	6	AH0	6
71.192	71.262	64	T	6
71.262	71.382	17	AY2	6
71.382	71.472	69	Z	6
71.472	71.602	21	ER0	6
71.602	71.952	69	Z	6
71.952	72.162	74	sp	6
78.962	79.012	49	DH	7
79.012	79.142	35	OW1	7
79.142	79.252	69	Z	7
79.252	79.292	52	HH	7
79.292	79.392	44	UW1	7
79.392	79.542	64	T	7
79.542	79.642	32	IY1	7
79.642	79.762	47	CH	7
79.762	79.802	66	V	7
79.802	79.932	4	AE1	7
79.932	79.972	56	L	7
79.972	80.152	68	Y	7
80.152	80.182	43	UW0	7
80.182	80.292	69	Z	7
80.292	80.362	50	F	7
80.362	80.502	22	ER1	7
80.502	80.582	62	S	7
80.582	80.632	64	T	7
80.632	80.672	6	AH0	7
80.672	80.752	46	B	7
80.752	80.842	1	AA1	7
80.842	80.942	56	L	7
80.942	80.972	29	IH2	7
80.972	81.062	63	SH	7
81.062	81.212	47	CH	7
81.212	81.332	32	IY1	7
81.332	81.362	64	T	7
81.362	81.462	27	IH0	7
81.462	81.582	59	NG	7
81.582	82.032	74	sp	7
89.452	89.502	49	DH	8
89.502	89.552	6	AH0	8
89.552	89.722	50	F	8
89.722	89.832	61	R	8
89.832	89.882	16	AY1	8
89.882	89.932	64	T	8
89.932	89.962	6	AH0	8
89.962	89.992	58	N	8
89.992	90.032	48	D	8
90.032	90.142	47	CH	8
90.142	90.272	16	AY1	8
90.272	90.372	56	L	8
90.372	90.402	48	D	8
90.402	90.472	67	W	8
90.472	90.512	6	AH0	8
90.512	90.632	69	Z	8
90.632	90.732	53	JH	8
90.732	90.802	19	EH1	8
90.802	90.832	58	N	8
90.832	90.862	64	T	8
90.862	90.912	56	L	8
90.912	90.982	31	IY0	8
90.982	91.112	62	S	8
91.112	91.152	6	AH0	8
91.152	91.202	46	B	8
91.202	91.302	48	D	8
91.302	91.472	44	UW1	8
91.472	91.512	48	D	8
91.512	91.592	46	B	8
91.592	91.662	16	AY1	8
91.662	91.692	52	HH	8
91.692	91.722	28	IH1	8
91.722	91.812	69	Z	8
91.812	91.872	46	B	8
91.872	91.942	28	IH1	8
91.942	92.002	51	G	8
92.002	92.082	46	B	8
92.082	92.152	61	R	8
92.152	92.232	7	AH1	8
92.232	92.292	49	DH	8
92.292	92.412	21	ER0	8
92.412	92.842	74	sp	8
100.122	100.312	74	sp	9
100.312	100.462	32	IY1	9
100.462	100.502	66	V	9
100.502	100.542	6	AH0	9
100.542	100.572	58	N	9
100.572	100.622	6	AH0	9
100.622	100.822	62	S	9
100.822	100.862	28	IH1	9
100.862	100.922	57	M	9
100.922	100.962	60	P	9
100.962	100.992	6	AH0	9
100.992	101.082	56	L	9
101.082	101.152	66	V	9
101.152	101.262	34	OW0	9
101.262	101.342	54	K	9
101.342	101.462	4	AE1	9
101.462	101.502	46	B	9
101.502	101.572	68	Y	9
101.572	101.602	6	AH0	9
101.602	101.652	56	L	9
101.652	101.692	20	EH2	9
101.692	101.742	61	R	9
101.742	101.802	31	IY0	9
101.802	101.882	54	K	9
101.882	101.912	6	AH0	9
101.912	101.962	58	N	9
101.962	102.012	64	T	9
102.012	102.112	25	EY1	9
102.112	102.182	58	N	9
102.182	102.232	69	Z	9
102.232	102.322	62	S	9
102.322	102.352	28	IH1	9
102.352	102.442	57	M	9
102.442	102.472	46	B	9
102.472	102.502	6	AH0	9
102.502	102.592	56	L	9
102.592	102.922	69	Z	9
102.922	103.282	74	sp	9
110.352	110.462	6	AH0	10
110.462	110.632	54	K	10
110.632	110.702	61	R	10
110.702	110.822	4	AE1	10
110.822	110.892	46	B	10
110.892	111.042	47	CH	10
111.042	111.102	4	AE1	10
111.102	111.242	56	L	10
111.242	111.312	6	AH0	10
111.312	111.392	53	JH	10
111.392	111.422	48	D	10
111.422	111.452	57	M	10
111.452	111.622	32	IY1	10
111.622	111.722	46	B	10
111.722	111.752	7	AH1	10
111.752	111.782	64	T	10
111.782	111.942	6	AH0	10
111.942	112.082	54	K	10
112.082	112.122	67	W	10
112.122	112.162	28	IH1	10
112.162	112.222	54	K	10
112.222	112.342	62	S	10
112.342	112.382	64	T	10
112.382	112.522	4	AE1	10
112.522	112.622	46	B	10
112.622	112.672	66	V	10
112.672	112.732	4	AE1	10
112.732	112.822	59	NG	10
112.822	112.902	54	K	10
112.902	112.952	67	W	10
112.952	112.982	27	IH0	10
112.982	113.082	63	SH	10
113.082	113.152	64	T	10
113.152	113.202	29	IH2	10
113.202	113.322	57	M	10
113.322	113.802	74	sp	10
121.672	121.702	51	G	11
121.702	121.752	56	L	11
121.752	121.862	44	UW1	11
121.862	121.952	54	K	11
121.952	122.042	36	OW2	11
122.042	122.162	62	S	11
122.162	122.192	6	AH0	11
122.192	122.252	58	N	11
122.252	122.302	48	D	11
122.302	122.382	50	F	11
122.382	122.452	61	R	11
122.452	122.512	44	UW1	11
122.512	122.552	54	K	11
122.552	122.632	64	T	11
122.632	122.712	36	OW2	11
122.712	122.802	62	S	11
122.802	122.902	21	ER0	11
122.902	123.002	58	N	11
123.002	123.122	4	AE1	11
123.122	123.232	47	CH	11
123.232	123.262	61	R	11
123.262	123.292	6	AH0	11
123.292	123.322	56	L	11
123.322	123.442	63	SH	11
123.442	123.502	41	UH1	11
123.502	123.542	51	G	11
123.542	123.662	21	ER0	11
123.662	123.742	69	Z	11
123.742	123.802	50	F	11
123.802	123.922	13	AW1	11
123.922	123.982	58	N	11
123.982	124.012	48	D	11
124.012	124.042	6	AH0	11
124.042	124.112	58	N	11
124.112	124.212	50	F	11
124.212	124.302	61	R	11
124.302	124.332	44	UW1	11
124.332	124.392	64	T	11
133.172	133.192	74	sp	12
133.192	133.262	1	AA1	12
133.262	133.322	61	R	12
133.322	133.442	68	Y	12
133.442	133.552	44	UW1	12
133.552	133.612	56	L	12
133.612	133.662	41	UH1	12
133.662	133.742	54	K	12
133.742	133.772	27	IH0	12
133.772	133.822	59	NG	12
133.822	133.952	50	F	12
133.952	134.012	21	ER0	12
134.012	134.042	6	AH0	12
134.042	134.132	57	M	12
134.132	134.232	60	P	12
134.232	134.272	56	L	12
134.272	134.332	38	OY1	12
134.332	134.432	57	M	12
134.432	134.492	6	AH0	12
134.492	134.532	58	N	12
134.532	134.562	64	T	12
134.562	134.762	74	sp	12
141.412	141.612	74	sp	13
141.612	141.732	54	K	13
141.732	141.852	1	AA1	13
141.852	141.952	50	F	13
141.952	142.042	31	IY0	13
142.042	142.162	28	IH1	13
142.162	142.272	69	Z	13
142.272	142.332	51	G	13
142.332	142.432	61	R	13
142.432	142.522	35	OW1	13
142.522	142.572	58	N	13
142.572	142.652	1	AA1	13
142.652	142.712	58	N	13
142.712	142.882	62	S	13
142.882	142.932	64	T	13
142.932	143.042	32	IY1	13
143.042	143.162	60	P	13
143.162	143.292	53	JH	13
143.292	143.342	7	AH1	13
143.342	143.412	59	NG	13
143.412	143.452	51	G	13
143.452	143.482	6	AH0	13
143.482	143.522	56	L	13
143.522	143.592	56	L	13
143.592	143.692	16	AY1	13
143.692	143.752	54	K	13
143.752	143.872	62	S	13
143.872	143.932	56	L	13
143.932	144.032	35	OW1	13
144.032	144.092	60	P	13
144.092	144.202	62	S	13
144.202	144.252	28	IH1	13
144.252	144.362	58	N	13
144.362	144.442	64	T	13
144.442	144.482	19	EH1	13
144.482	144.552	57	M	13
144.552	144.632	60	P	13
144.632	144.692	61	R	13
144.692	144.732	6	AH0	13
144.732	144.772	64	T	13
144.772	144.882	69	Z	13
144.882	145.082	35	OW1	13
145.082	145.162	58	N	13
145.162	145.452	69	Z	13
145.452	145.702	74	sp	13
154.012	154.082	67	W	14
154.082	154.132	32	IY1	14
154.132	154.242	67	W	14
154.242	154.272	19	EH1	14
154.272	154.372	56	L	14
154.372	154.442	54	K	14
154.442	154.492	6	AH0	14
154.492	154.542	57	M	14
154.542	154.672	57	M	14
154.672	154.742	19	EH1	14
154.742	154.792	58	N	14
154.792	154.892	31	IY0	14
154.892	154.952	58	N	14
154.952	155.032	68	Y	14
155.032	155.102	44	UW1	14
155.102	155.232	62	S	14
155.232	155.282	64	T	14
155.282	155.352	44	UW1	14
155.352	155.412	48	D	14
155.412	155.452	6	AH0	14
155.452	155.502	58	N	14
155.502	155.552	64	T	14
155.552	155.592	62	S	14
155.592	155.712	32	IY1	14
155.712	155.832	47	CH	14
155.832	155.872	68	Y	14
155.872	155.962	28	IH1	14
155.962	156.072	61	R	14
163.822	163.852	35	OW1	15
163.852	163.892	58	N	15
163.892	163.942	56	L	15
163.942	164.032	31	IY0	15
164.032	164.072	49	DH	15
164.072	164.112	6	AH0	15
164.112	164.212	46	B	15
164.212	164.332	19	EH1	15
164.332	164.432	62	S	15
164.432	164.462	64	T	15
164.462	164.482	74	sp	15
164.482	164.572	60	P	15
164.572	164.632	56	L	15
164.632	164.722	25	EY1	15
164.722	164.892	21	ER0	15
164.892	164.982	69	Z	15
164.982	165.022	6	AH0	15
165.022	165.082	58	N	15
165.082	165.152	53	JH	15
165.152	165.302	38	OY1	15
165.302	165.392	60	P	15
165.392	165.512	2	AA2	15
165.512	165.562	60	P	15
165.562	165.622	68	Y	15
165.622	165.652	6	AH0	15
165.652	165.682	56	L	15
165.682	165.782	19	EH1	15
165.782	165.842	61	R	15
165.842	165.872	6	AH0	15
165.872	165.912	64	T	15
165.912	166.062	31	IY0	15
166.062	166.552	74	sp	15
173.372	173.492	54	K	16
173.492	173.522	4	AE1	16
173.522	173.592	56	L	16
173.592	173.682	62	S	16
173.682	173.772	31	IY0	16
173.772	173.802	6	AH0	16
173.802	173.882	57	M	16
173.882	173.922	57	M	16
173.922	174.002	25	EY1	16
174.002	174.052	54	K	16
174.052	174.142	62	S	16
174.142	174.192	46	B	16
174.192	174.392	35	OW1	16
174.392	174.422	58	N	16
174.422	174.532	69	Z	16
174.532	174.572	6	AH0	16
174.572	174.642	58	N	16
174.642	174.682	48	D	16
174.682	174.782	64	T	16
174.782	174.852	32	IY1	16
174.852	174.922	65	TH	16
174.922	175.032	62	S	16
175.032	175.092	64	T	16
175.092	175.182	61	R	16
175.182	175.322	10	AO1	16
175.322	175.372	59	NG	16
182.752	182.842	74	sp	17
182.842	182.922	58	N	17
182.922	182.982	7	AH1	17
182.982	183.102	65	TH	17
183.102	183.142	27	IH0	17
183.142	183.212	59	NG	17
183.212	183.282	28	IH1	17
183.282	183.352	69	Z	17
183.352	183.542	4	AE1	17
183.542	183.632	69	Z	17
183.632	183.672	6	AH0	17
183.672	183.792	50	F	17
183.792	183.852	19	EH1	17
183.852	183.902	58	N	17
183.902	184.052	62	S	17
184.052	184.112	27	IH0	17
184.112	184.182	66	V	17
184.182	184.282	19	EH1	17
184.282	184.362	69	Z	17
184.362	184.442	28	IH1	17
184.442	184.482	58	N	17
184.482	184.522	6	AH0	17
184.522	184.652	62	S	17
184.652	184.682	6	AH0	17
184.682	184.792	58	N	17
184.792	185.062	62	S	17
185.062	185.502	74	sp	17
192.392	192.562	62	S	18
192.562	192.602	64	T	18
192.602	192.742	32	IY1	18
192.742	192.812	66	V	18
192.812	192.862	67	W	18
192.862	193.002	10	AO1	18
193.002	193.042	61	R	18
193.042	193.072	6	AH0	18
193.072	193.212	46	B	18
193.212	193.322	61	R	18
193.322	193.442	16	AY1	18
193.442	193.512	64	T	18
193.512	193.602	61	R	18
193.602	193.732	19	EH1	18
193.732	193.812	48	D	18
193.812	193.892	54	K	18
193.892	194.042	4	AE1	18
194.042	194.112	70	ZH	18
194.112	194.182	57	M	18
194.182	194.222	27	IH0	18
194.222	194.302	61	R	18
194.302	194.412	62	S	18
194.412	194.472	67	W	18
194.472	194.522	19	EH1	18
194.522	194.572	64	T	18
194.572	194.682	21	ER0	18
202.582	202.612	46	B	19
202.612	202.762	1	AA1	19
202.762	202.842	61	R	19
202.842	202.872	46	B	19
202.872	202.982	69	Z	19
202.982	203.052	51	G	19
203.052	203.162	35	OW1	19
203.162	203.212	56	L	19
203.212	203.292	48	D	19
203.292	203.322	46	B	19
203.322	203.432	61	R	19
203.432	203.492	25	EY1	19
203.492	203.602	62	S	19
203.602	203.662	56	L	19
203.662	203.722	6	AH0	19
203.722	203.752	64	T	19
203.752	203.822	67	W	19
203.822	203.852	6	AH0	19
203.852	203.922	69	Z	19
203.922	203.982	6	AH0	19
203.982	204.032	51	G	19
204.032	204.092	61	R	19
204.092	204.192	5	AE2	19
204.192	204.272	53	JH	19
204.272	204.302	6	AH0	19
204.302	204.372	67	W	19
204.372	204.422	25	EY1	19
204.422	204.552	63	SH	19
204.552	204.582	6	AH0	19
204.582	204.612	58	N	19
204.612	204.682	60	P	19
204.682	204.722	61	R	19
204.722	204.772	19	EH1	19
204.772	204.872	69	Z	19
204.872	204.902	6	AH0	19
204.902	204.972	58	N	19
204.972	205.002	64	T	19
244.732	244.822	1	AA1	0
244.822	244.902	61	R	0
244.902	244.982	68	Y	0
244.982	245.032	41	UH1	0
245.032	245.082	61	R	0
245.082	245.152	51	G	0
245.152	245.242	61	R	0
245.242	245.372	25	EY1	0
245.372	245.412	48	D	0
245.412	245.462	69	Z	0
245.462	245.572	52	HH	0
245.572	245.702	16	AY1	0
245.702	245.902	21	ER0	0
245.902	245.992	21	ER0	0
245.992	246.132	56	L	0
246.132	246.302	35	OW1	0
246.302	246.372	21	ER0	0
246.372	246.462	49	DH	0
246.462	246.492	4	AE1	0
246.492	246.572	58	N	0
246.572	246.602	58	N	0
246.602	246.712	4	AE1	0
246.712	246.752	58	N	0
246.752	246.872	62	S	0
246.872	246.972	31	IY0	0
246.972	247.312	69	Z	0
247.312	247.522	74	sp	0
252.382	252.512	63	SH	1
252.512	252.552	32	IY1	1
252.552	252.642	67	W	1
252.642	252.772	10	AO1	1
252.772	252.802	61	R	1
252.802	252.932	67	W	1
252.932	253.092	10	AO1	1
253.092	253.162	61	R	1
253.162	253.232	57	M	1
253.232	253.392	50	F	1
253.392	253.442	56	L	1
253.442	253.532	32	IY1	1
253.532	253.652	62	S	1
253.652	253.742	31	IY0	1
253.742	253.882	67	W	1
253.882	253.932	41	UH1	1
253.932	254.052	56	L	1
254.052	254.082	6	AH0	1
254.082	254.142	58	N	1
254.142	254.302	35	OW1	1
254.302	254.362	66	V	1
254.362	254.492	21	ER0	1
254.492	254.522	11	AO2	1
254.522	254.662	56	L	1
254.662	254.992	69	Z	1
254.992	255.372	74	sp	1
262.472	262.542	61	R	2
262.542	262.662	32	IY1	2
262.662	262.692	48	D	2
262.692	262.742	27	IH0	2
262.742	262.802	59	NG	2
262.802	262.862	28	IH1	2
262.862	262.932	58	N	2
262.932	263.082	60	P	2
263.082	263.132	41	UH1	2
263.132	263.202	61	R	2
263.202	263.312	56	L	2
263.312	263.402	16	AY1	2
263.402	263.432	64	T	2
263.432	263.612	51	G	2
263.612	263.662	28	IH1	2
263.662	263.702	66	V	2
263.702	263.772	69	Z	2
263.772	263.842	68	Y	2
263.842	263.942	44	UW1	2
263.942	264.072	16	AY1	2
264.072	264.172	62	S	2
264.172	264.222	64	T	2
264.222	264.282	61	R	2
264.282	264.362	26	EY2	2
264.362	264.452	58	N	2
264.452	264.912	74	sp	2
271.702	271.742	74	sp	3
271.742	271.882	32	IY1	3
271.882	271.912	66	V	3
271.912	271.962	6	AH0	3
271.962	272.012	58	N	3
272.012	272.342	16	AY1	3
272.342	272.372	6	AH0	3
272.372	272.472	54	K	3
272.472	272.572	25	EY1	3
272.572	272.652	70	ZH	3
272.652	272.682	58	N	3
272.682	272.712	6	AH0	3
272.712	272.802	56	L	3
272.802	272.872	31	IY0	3
272.872	272.942	51	G	3
272.942	272.992	28	IH1	3
272.992	273.042	64	T	3
273.042	273.072	49	DH	3
273.072	273.112	6	AH0	3
273.112	273.232	57	M	3
273.232	273.272	7	AH1	3
273.272	273.342	58	N	3
273.342	273.392	48	D	3
273.392	273.472	26	EY2	3
273.472	273.572	46	B	3
273.572	273.672	56	L	3
273.672	273.832	44	UW1	3
273.832	274.212	69	Z	3
274.212	274.322	74	sp	3
280.832	281.072	74	sp	4
281.072	281.152	67	W	4
281.152	281.222	32	IY1	4
281.222	281.362	21	ER0	4
281.362	281.482	35	OW1	4
281.482	281.532	60	P	4
281.532	281.582	6	AH0	4
281.582	281.652	58	N	4
281.652	281.762	19	EH1	4
281.762	281.842	66	V	4
281.842	281.902	61	R	4
281.902	281.942	31	IY0	4
281.942	282.042	57	M	4
282.042	282.102	7	AH1	4
282.102	282.162	58	N	4
282.162	282.212	48	D	4
282.212	282.282	26	EY2	4
282.282	282.392	57	M	4
282.392	282.492	10	AO1	4
282.492	282.532	61	R	4
282.532	282.572	58	N	4
282.572	282.612	27	IH0	4
282.612	282.692	59	NG	4
291.622	291.772	74	sp	5
291.772	291.852	28	IH1	5
291.852	291.892	64	T	5
291.892	291.972	62	S	5
291.972	292.002	58	N	5
292.002	292.122	1	AA1	5
292.122	292.162	64	T	5
292.162	292.292	32	IY1	5
292.292	292.372	69	Z	5
292.372	292.452	31	IY0	5
292.452	292.552	64	T	5
292.552	292.582	6	AH0	5
292.582	292.682	54	K	5
292.682	292.742	61	R	5
292.742	292.772	31	IY0	5
292.772	292.862	25	EY1	5
292.862	292.892	64	T	5
292.892	292.922	29	IH2	5
292.922	293.082	56	L	5
293.082	293.142	44	UW1	5
293.142	293.212	57	M	5
293.212	293.242	6	AH0	5
293.242	293.272	58	N	5
293.272	293.362	26	EY2	5
293.362	293.402	64	T	5
293.402	293.452	27	IH0	5
293.452	293.512	59	NG	5
293.512	293.612	27	IH0	5
293.612	293.652	51	G	5
293.652	293.732	69	Z	5
293.732	293.852	4	AE1	5
293.852	293.882	57	M	5
293.882	293.932	60	P	5
293.932	293.972	6	AH0	5
293.972	294.062	56	L	5
294.062	294.352	69	Z	5
294.352	294.842	74	sp	5
301.542	301.652	57	M	6
301.652	301.712	7	AH1	6
301.712	301.832	57	M	6
301.832	301.992	62	S	6
301.992	302.032	64	T	6
302.032	302.102	61	R	6
302.102	302.152	10	AO1	6
302.152	302.262	59	NG	6
302.262	302.302	56	L	6
302.302	302.392	31	IY0	6
302.392	302.462	48	D	6
302.462	302.512	29	IH2	6
302.512	302.622	62	S	6
302.622	302.672	56	L	6
302.672	302.762	16	AY1	6
302.762	302.802	54	K	6
302.802	302.862	62	S	6
302.862	303.002	4	AE1	6
303.002	303.052	60	P	6
303.052	303.082	6	AH0	6
303.082	303.182	64	T	6
303.182	303.282	17	AY2	6
303.282	303.362	69	Z	6
303.362	303.422	21	ER0	6
303.422	303.782	69	Z	6
303.782	304.132	74	sp	6
311.802	311.862	49	DH	7
311.862	311.952	35	OW1	7
311.952	312.052	69	Z	7
312.052	312.082	52	HH	7
312.082	312.162	44	UW1	7
312.162	312.332	64	T	7
312.332	312.412	32	IY1	7
312.412	312.522	47	CH	7
312.522	312.552	66	V	7
312.552	312.632	4	AE1	7
312.632	312.702	56	L	7
312.702	312.882	68	Y	7
312.882	312.912	43	UW0	7
312.912	313.002	69	Z	7
313.002	313.062	50	F	7
313.062	313.192	22	ER1	7
313.192	313.272	62	S	7
313.272	313.302	64	T	7
313.302	313.352	6	AH0	7
313.352	313.452	46	B	7
313.452	313.512	1	AA1	7
313.512	313.642	56	L	7
313.642	313.672	29	IH2	7
313.672	313.822	63	SH	7
313.822	313.962	47	CH	7
313.962	314.072	32	IY1	7
314.072	314.112	64	T	7
314.112	314.162	27	IH0	7
314.162	314.332	59	NG	7
314.332	314.702	74	sp	7
323.002	323.052	49	DH	8
323.052	323.092	6	AH0	8
323.092	323.252	50	F	8
323.252	323.302	61	R	8
323.302	323.342	16	AY1	8
323.342	323.372	64	T	8
323.372	323.402	6	AH0	8
323.402	323.522	58	N	8
323.522	323.552	48	D	8
323.552	323.642	47	CH	8
323.642	323.772	16	AY1	8
323.772	323.872	56	L	8
323.872	323.902	48	D	8
323.902	323.942	67	W	8
323.942	323.992	6	AH0	8
323.992	324.072	69	Z	8
324.072	324.172	53	JH	8
324.172	324.222	19	EH1	8
324.222	324.252	58	N	8
324.252	324.282	64	T	8
324.282	324.332	56	L	8
324.332	324.382	31	IY0	8
324.382	324.512	62	S	8
324.512	324.542	6	AH0	8
324.542	324.582	46	B	8
324.582	324.682	48	D	8
324.682	324.842	44	UW1	8
324.842	324.902	48	D	8
324.902	324.972	46	B	8
324.972	325.052	16	AY1	8
325.052	325.082	52	HH	8
325.082	325.112	6	AH0	8
325.112	325.202	69	Z	8
325.202	325.242	46	B	8
325.242	325.342	28	IH1	8
325.342	325.382	51	G	8
325.382	325.462	46	B	8
325.462	325.532	61	R	8
325.532	325.622	7	AH1	8
325.622	325.652	49	DH	8
325.652	325.742	21	ER0	8
333.722	333.842	32	IY1	9
333.842	333.892	66	V	9
333.892	333.922	6	AH0	9
333.922	333.962	58	N	9
333.962	333.992	6	AH0	9
333.992	334.192	62	S	9
334.192	334.222	28	IH1	9
334.222	334.252	57	M	9
334.252	334.302	60	P	9
334.302	334.352	6	AH0	9
334.352	334.402	56	L	9
334.402	334.492	66	V	9
334.492	334.582	34	OW0	9
334.582	334.672	54	K	9
334.672	334.792	4	AE1	9
334.792	334.832	46	B	9
334.832	334.892	68	Y	9
334.892	334.922	6	AH0	9
334.922	334.952	56	L	9
334.952	334.992	20	EH2	9
334.992	335.062	61	R	9
335.062	335.122	31	IY0	9
335.122	335.202	54	K	9
335.202	335.242	6	AH0	9
335.242	335.302	58	N	9
335.302	335.362	64	T	9
335.362	335.462	25	EY1	9
335.462	335.492	58	N	9
335.492	335.592	69	Z	9
335.592	335.672	62	S	9
335.672	335.712	28	IH1	9
335.712	335.792	57	M	9
335.792	335.822	46	B	9
335.822	335.852	6	AH0	9
335.852	335.982	56	L	9
335.982	336.272	69	Z	9
336.272	336.562	74	sp	9
342.702	342.762	74	sp	10
342.762	342.852	6	AH0	10
342.852	342.982	54	K	10
342.982	343.052	61	R	10
343.052	343.152	4	AE1	10
343.152	343.222	46	B	10
343.222	343.362	47	CH	10
343.362	343.422	4	AE1	10
343.422	343.502	56	L	10
343.502	343.542	6	AH0	10
343.542	343.592	58	N	10
343.592	343.692	53	JH	10
343.692	343.722	48	D	10
343.722	343.752	57	M	10
343.752	343.902	32	IY1	10
343.902	343.992	46	B	10
343.992	344.022	7	AH1	10
344.022	344.052	64	T	10
344.052	344.082	6	AH0	10
344.082	344.212	54	K	10
344.212	344.242	67	W	10
344.242	344.292	28	IH1	10
344.292	344.362	54	K	10
344.362	344.432	62	S	10
344.432	344.482	64	T	10
344.482	344.632	4	AE1	10
344.632	344.682	46	B	10
344.682	344.752	66	V	10
344.752	344.812	4	AE1	10
344.812	344.902	59	NG	10
344.902	344.972	54	K	10
344.972	345.022	67	W	10
345.022	345.052	27	IH0	10
345.052	345.152	63	SH	10
345.152	345.212	64	T	10
345.212	345.262	29	IH2	10
345.262	345.382	57	M	10
345.382	345.882	74	sp	10
354.462	354.492	51	G	11
354.492	354.572	56	L	11
354.572	354.642	44	UW1	11
354.642	354.732	54	K	11
354.732	354.802	36	OW2	11
354.802	354.932	62	S	11
354.932	354.962	6	AH0	11
354.962	354.992	58	N	11
354.992	355.022	48	D	11
355.022	355.152	50	F	11
355.152	355.232	61	R	11
355.232	355.262	44	UW1	11
355.262	355.312	54	K	11
355.312	355.402	64	T	11
355.402	355.452	36	OW2	11
355.452	355.582	62	S	11
355.582	355.642	21	ER0	11
355.642	355.742	58	N	11
355.742	355.862	4	AE1	11
355.862	355.972	47	CH	11
355.972	356.002	61	R	11
356.002	356.032	6	AH0	11
356.032	356.062	56	L	11
356.062	356.192	63	SH	11
356.192	356.252	41	UH1	11
356.252	356.282	51	G	11
356.282	356.392	21	ER0	11
356.392	356.472	69	Z	11
356.472	356.532	50	F	11
356.532	356.642	13	AW1	11
356.642	356.672	58	N	11
356.672	356.722	48	D	11
356.722	356.752	6	AH0	11
356.752	356.812	58	N	11
356.812	356.922	50	F	11
356.922	357.002	61	R	11
357.002	357.082	44	UW1	11
357.082	357.112	64	T	11
366.442	366.512	1	AA1	12
366.512	366.562	61	R	12
366.562	366.672	68	Y	12
366.672	366.742	44	UW1	12
366.742	366.842	56	L	12
366.842	366.892	41	UH1	12
366.892	366.962	54	K	12
366.962	367.002	27	IH0	12
367.002	367.052	59	NG	12
367.052	367.172	50	F	12
367.172	367.252	21	ER0	12
367.252	367.282	6	AH0	12
367.282	367.332	57	M	12
367.332	367.442	60	P	12
367.442	367.482	56	L	12
367.482	367.552	38	OY1	12
367.552	367.642	57	M	12
367.642	367.692	6	AH0	12
367.692	367.752	58	N	12
367.752	367.782	64	T	12
376.082	376.202	54	K	13
376.202	376.302	1	AA1	13
376.302	376.402	50	F	13
376.402	376.502	31	IY0	13
376.502	376.542	28	IH1	13
376.542	376.642	69	Z	13
376.642	376.672	51	G	13
376.672	376.772	61	R	13
376.772	376.832	35	OW1	13
376.832	376.862	58	N	13
376.862	376.952	1	AA1	13
376.952	377.022	58	N	13
377.022	377.192	62	S	13
377.192	377.222	64	T	13
377.222	377.352	32	IY1	13
377.352	377.542	60	P	13
377.542	377.672	53	JH	13
377.672	377.722	7	AH1	13
377.722	377.782	59	NG	13
377.782	377.812	51	G	13
377.812	377.842	6	AH0	13
377.842	377.902	56	L	13
377.902	377.952	56	L	13
377.952	378.022	16	AY1	13
378.022	378.092	54	K	13
378.092	378.212	62	S	13
378.212	378.282	56	L	13
378.282	378.372	35	OW1	13
378.372	378.412	60	P	13
378.412	378.532	62	S	13
378.532	378.572	28	IH1	13
378.572	378.682	58	N	13
378.682	378.742	64	T	13
378.742	378.792	19	EH1	13
378.792	378.862	57	M	13
378.862	378.912	60	P	13
378.912	378.982	61	R	13
378.982	379.022	6	AH0	13
379.022	379.062	64	T	13
379.062	379.172	69	Z	13
379.172	379.332	35	OW1	13
379.332	379.412	58	N	13
379.412	379.732	69	Z	13
379.732	380.082	74	sp	13
387.222	387.292	67	W	14
387.292	387.342	32	IY1	14
387.342	387.412	67	W	14
387.412	387.452	19	EH1	14
387.452	387.532	56	L	14
387.532	387.602	54	K	14
387.602	387.652	6	AH0	14
387.652	387.752	57	M	14
387.752	387.802	57	M	14
387.802	387.862	19	EH1	14
387.862	387.912	58	N	14
387.912	388.002	31	IY0	14
388.002	388.062	58	N	14
388.062	388.132	68	Y	14
388.132	388.182	44	UW1	14
388.182	388.332	62	S	14
388.332	388.382	64	T	14
388.382	388.462	44	UW1	14
388.462	388.492	48	D	14
388.492	388.542	6	AH0	14
388.542	388.572	58	N	14
388.572	388.602	64	T	14
388.602	388.672	62	S	14
388.672	388.822	32	IY1	14
388.822	388.942	47	CH	14
388.942	388.972	68	Y	14
388.972	389.062	28	IH1	14
389.062	389.182	61	R	14
396.692	396.762	35	OW1	15
396.762	396.822	58	N	15
396.822	396.872	56	L	15
396.872	396.962	31	IY0	15
396.962	397.002	49	DH	15
397.002	397.042	6	AH0	15
397.042	397.152	46	B	15
397.152	397.252	19	EH1	15
397.252	397.402	62	S	15
397.402	397.432	64	T	15
397.432	397.492	60	P	15
397.492	397.542	56	L	15
397.542	397.612	25	EY1	15
397.612	397.742	21	ER0	15
397.742	397.822	69	Z	15
397.822	397.862	18	EH0	15
397.862	397.932	58	N	15
397.932	398.002	53	JH	15
398.002	398.132	38	OY1	15
398.132	398.232	60	P	15
398.232	398.342	2	AA2	15
398.342	398.402	60	P	15
398.402	398.462	68	Y	15
398.462	398.492	6	AH0	15
398.492	398.532	56	L	15
398.532	398.652	19	EH1	15
398.652	398.702	61	R	15
398.702	398.732	6	AH0	15
398.732	398.782	64	T	15
398.782	398.932	31	IY0	15
406.592	406.692	74	sp	16
406.692	406.782	54	K	16
406.782	406.842	4	AE1	16
406.842	406.902	56	L	16
406.902	407.012	62	S	16
407.012	407.082	31	IY0	16
407.082	407.112	6	AH0	16
407.112	407.182	57	M	16
407.182	407.232	57	M	16
407.232	407.312	25	EY1	16
407.312	407.342	54	K	16
407.342	407.462	62	S	16
407.462	407.522	46	B	16
407.522	407.682	35	OW1	16
407.682	407.752	58	N	16
407.752	407.862	69	Z	16
407.862	407.892	6	AH0	16
407.892	407.962	58	N	16
407.962	407.992	48	D	16
407.992	408.092	64	T	16
408.092	408.172	32	IY1	16
408.172	408.232	65	TH	16
408.232	408.352	62	S	16
408.352	408.412	64	T	16
408.412	408.502	61	R	16
408.502	408.622	10	AO1	16
408.622	408.652	59	NG	16
416.562	416.642	58	N	17
416.642	416.702	7	AH1	17
416.702	416.812	65	TH	17
416.812	416.852	27	IH0	17
416.852	416.892	59	NG	17
416.892	417.002	28	IH1	17
417.002	417.112	69	Z	17
417.112	417.282	4	AE1	17
417.282	417.432	69	Z	17
417.432	417.472	6	AH0	17
417.472	417.602	50	F	17
417.602	417.662	19	EH1	17
417.662	417.722	58	N	17
417.722	417.852	62	S	17
417.852	417.912	27	IH0	17
417.912	417.972	66	V	17
417.972	418.052	19	EH1	17
418.052	418.152	69	Z	17
418.152	418.222	28	IH1	17
418.222	418.252	58	N	17
418.252	418.302	6	AH0	17
418.302	418.462	62	S	17
418.462	418.502	6	AH0	17
418.502	418.562	58	N	17
418.562	418.882	62	S	17
418.882	419.262	74	sp	17
425.682	425.832	62	S	18
425.832	425.882	64	T	18
425.882	426.012	32	IY1	18
426.012	426.072	66	V	18
426.072	426.092	74	sp	18
426.092	426.122	67	W	18
426.122	426.242	10	AO1	18
426.242	426.292	61	R	18
426.292	426.322	6	AH0	18
426.322	426.432	46	B	18
426.432	426.562	61	R	18
426.562	426.682	16	AY1	18
426.682	426.722	64	T	18
426.722	426.822	61	R	18
426.822	426.912	19	EH1	18
426.912	427.002	48	D	18
427.002	427.092	54	K	18
427.092	427.242	4	AE1	18
427.242	427.322	70	ZH	18
427.322	427.392	57	M	18
427.392	427.462	27	IH0	18
427.462	427.532	61	R	18
427.532	427.662	62	S	18
427.662	427.732	67	W	18
427.732	427.772	19	EH1	18
427.772	427.822	64	T	18
427.822	427.972	21	ER0	18
435.602	435.652	46	B	19
435.652	435.772	1	AA1	19
435.772	435.832	61	R	19
435.832	435.862	46	B	19
435.862	435.972	69	Z	19
435.972	436.062	51	G	19
436.062	436.182	35	OW1	19
436.182	436.242	56	L	19
436.242	436.312	48	D	19
436.312	436.362	46	B	19
436.362	436.452	61	R	19
436.452	436.522	25	EY1	19
436.522	436.632	62	S	19
436.632	436.692	56	L	19
436.692	436.742	6	AH0	19
436.742	436.772	64	T	19
436.772	436.832	67	W	19
436.832	436.862	6	AH0	19
436.862	436.932	69	Z	19
436.932	436.982	6	AH0	19
436.982	437.052	51	G	19
437.052	437.112	61	R	19
437.112	437.192	5	AE2	19
437.192	437.272	53	JH	19
437.272	437.402	43	UW0	19
437.402	437.462	25	EY1	19
437.462	437.572	63	SH	19
437.572	437.602	6	AH0	19
437.602	437.692	58	N	19
437.692	437.722	60	P	19
437.722	437.772	61	R	19
437.772	437.832	19	EH1	19
437.832	437.932	69	Z	19
437.932	438.002	6	AH0	19
438.002	438.032	58	N	19
438.032	438.062	64	T	19
