244.732	244.822	1	AA1	0
244.822	244.902	61	R	0
244.902	244.982	68	Y	0
244.982	245.032	41	UH1	0
245.032	245.082	61	R	0
245.082	245.152	51	G	0
245.152	245.242	61	R	0
245.242	245.372	25	EY1	0
245.372	245.412	48	D	0
245.412	245.462	69	Z	0
245.462	245.572	52	HH	0
245.572	245.702	16	AY1	0
245.702	245.902	21	ER0	0
245.902	245.992	21	ER0	0
245.992	246.132	56	L	0
246.132	246.302	35	OW1	0
246.302	246.372	21	ER0	0
246.372	246.462	49	DH	0
246.462	246.492	4	AE1	0
246.492	246.572	58	N	0
246.572	246.602	58	N	0
246.602	246.712	4	AE1	0
246.712	246.752	58	N	0
246.752	246.872	62	S	0
246.872	246.972	31	IY0	0
246.972	247.312	69	Z	0
247.312	247.522	74	sp	0
252.382	252.512	63	SH	1
252.512	252.552	32	IY1	1
252.552	252.642	67	W	1
252.642	252.772	10	AO1	1
252.772	252.802	61	R	1
252.802	252.932	67	W	1
252.932	253.092	10	AO1	1
253.092	253.162	61	R	1
253.162	253.232	57	M	1
253.232	253.392	50	F	1
253.392	253.442	56	L	1
253.442	253.532	32	IY1	1
253.532	253.652	62	S	1
253.652	253.742	31	IY0	1
253.742	253.882	67	W	1
253.882	253.932	41	UH1	1
253.932	254.052	56	L	1
254.052	254.082	6	AH0	1
254.082	254.142	58	N	1
254.142	254.302	35	OW1	1
254.302	254.362	66	V	1
254.362	254.492	21	ER0	1
254.492	254.522	11	AO2	1
254.522	254.662	56	L	1
254.662	254.992	69	Z	1
254.992	255.372	74	sp	1
262.472	262.542	61	R	2
262.542	262.662	32	IY1	2
262.662	262.692	48	D	2
262.692	262.742	27	IH0	2
262.742	262.802	59	NG	2
262.802	262.862	28	IH1	2
262.862	262.932	58	N	2
262.932	263.082	60	P	2
263.082	263.132	41	UH1	2
263.132	263.202	61	R	2
263.202	263.312	56	L	2
263.312	263.402	16	AY1	2
263.402	263.432	64	T	2
263.432	263.612	51	G	2
263.612	263.662	28	IH1	2
263.662	263.702	66	V	2
263.702	263.772	69	Z	2
263.772	263.842	68	Y	2
263.842	263.942	44	UW1	2
263.942	264.072	16	AY1	2
264.072	264.172	62	S	2
264.172	264.222	64	T	2
264.222	264.282	61	R	2
264.282	264.362	26	EY2	2
264.362	264.452	58	N	2
264.452	264.912	74	sp	2
271.702	271.742	74	sp	3
271.742	271.882	32	IY1	3
271.882	271.912	66	V	3
271.912	271.962	6	AH0	3
271.962	272.012	58	N	3
272.012	272.342	16	AY1	3
272.342	272.372	6	AH0	3
272.372	272.472	54	K	3
272.472	272.572	25	EY1	3
272.572	272.652	70	ZH	3
272.652	272.682	58	N	3
272.682	272.712	6	AH0	3
272.712	272.802	56	L	3
272.802	272.872	31	IY0	3
272.872	272.942	51	G	3
272.942	272.992	28	IH1	3
272.992	273.042	64	T	3
273.042	273.072	49	DH	3
273.072	273.112	6	AH0	3
273.112	273.232	57	M	3
273.232	273.272	7	AH1	3
273.272	273.342	58	N	3
273.342	273.392	48	D	3
273.392	273.472	26	EY2	3
273.472	273.572	46	B	3
273.572	273.672	56	L	3
273.672	273.832	44	UW1	3
273.832	274.212	69	Z	3
274.212	274.322	74	sp	3
280.832	281.072	74	sp	4
281.072	281.152	67	W	4
281.152	281.222	32	IY1	4
281.222	281.362	21	ER0	4
281.362	281.482	35	OW1	4
281.482	281.532	60	P	4
281.532	281.582	6	AH0	4
281.582	281.652	58	N	4
281.652	281.762	19	EH1	4
281.762	281.842	66	V	4
281.842	281.902	61	R	4
281.902	281.942	31	IY0	4
281.942	282.042	57	M	4
282.042	282.102	7	AH1	4
282.102	282.162	58	N	4
282.162	282.212	48	D	4
282.212	282.282	26	EY2	4
282.282	282.392	57	M	4
282.392	282.492	10	AO1	4
282.492	282.532	61	R	4
282.532	282.572	58	N	4
282.572	282.612	27	IH0	4
282.612	282.692	59	NG	4
291.622	291.772	74	sp	5
291.772	291.852	28	IH1	5
291.852	291.892	64	T	5
291.892	291.972	62	S	5
291.972	292.002	58	N	5
292.002	292.122	1	AA1	5
292.122	292.162	64	T	5
292.162	292.292	32	IY1	5
292.292	292.372	69	Z	5
292.372	292.452	31	IY0	5
292.452	292.552	64	T	5
292.552	292.582	6	AH0	5
292.582	292.682	54	K	5
292.682	292.742	61	R	5
292.742	292.772	31	IY0	5
292.772	292.862	25	EY1	5
292.862	292.892	64	T	5
292.892	292.922	29	IH2	5
292.922	293.082	56	L	5
293.082	293.142	44	UW1	5
293.142	293.212	57	M	5
293.212	293.242	6	AH0	5
293.242	293.272	58	N	5
293.272	293.362	26	EY2	5
293.362	293.402	64	T	5
293.402	293.452	27	IH0	5
293.452	293.512	59	NG	5
293.512	293.612	27	IH0	5
293.612	293.652	51	G	5
293.652	293.732	69	Z	5
293.732	293.852	4	AE1	5
293.852	293.882	57	M	5
293.882	293.932	60	P	5
293.932	293.972	6	AH0	5
293.972	294.062	56	L	5
294.062	294.352	69	Z	5
294.352	294.842	74	sp	5
301.542	301.652	57	M	6
301.652	301.712	7	AH1	6
301.712	301.832	57	M	6
301.832	301.992	62	S	6
301.992	302.032	64	T	6
302.032	302.102	61	R	6
302.102	302.152	10	AO1	6
302.152	302.262	59	NG	6
302.262	302.302	56	L	6
302.302	302.392	31	IY0	6
302.392	302.462	48	D	6
302.462	302.512	29	IH2	6
302.512	302.622	62	S	6
302.622	302.672	56	L	6
302.672	302.762	16	AY1	6
302.762	302.802	54	K	6
302.802	302.862	62	S	6
302.862	303.002	4	AE1	6
303.002	303.052	60	P	6
303.052	303.082	6	AH0	6
303.082	303.182	64	T	6
303.182	303.282	17	AY2	6
303.282	303.362	69	Z	6
303.362	303.422	21	ER0	6
303.422	303.782	69	Z	6
303.782	304.132	74	sp	6
311.802	311.862	49	DH	7
311.862	311.952	35	OW1	7
311.952	312.052	69	Z	7
312.052	312.082	52	HH	7
312.082	312.162	44	UW1	7
312.162	312.332	64	T	7
312.332	312.412	32	IY1	7
312.412	312.522	47	CH	7
312.522	312.552	66	V	7
312.552	312.632	4	AE1	7
312.632	312.702	56	L	7
312.702	312.882	68	Y	7
312.882	312.912	43	UW0	7
312.912	313.002	69	Z	7
313.002	313.062	50	F	7
313.062	313.192	22	ER1	7
313.192	313.272	62	S	7
313.272	313.302	64	T	7
313.302	313.352	6	AH0	7
313.352	313.452	46	B	7
313.452	313.512	1	AA1	7
313.512	313.642	56	L	7
313.642	313.672	29	IH2	7
313.672	313.822	63	SH	7
313.822	313.962	47	CH	7
313.962	314.072	32	IY1	7
314.072	314.112	64	T	7
314.112	314.162	27	IH0	7
314.162	314.332	59	NG	7
314.332	314.702	74	sp	7
323.002	323.052	49	DH	8
323.052	323.092	6	AH0	8
323.092	323.252	50	F	8
323.252	323.302	61	R	8
323.302	323.342	16	AY1	8
323.342	323.372	64	T	8
323.372	323.402	6	AH0	8
323.402	323.522	58	N	8
323.522	323.552	48	D	8
323.552	323.642	47	CH	8
323.642	323.772	16	AY1	8
323.772	323.872	56	L	8
323.872	323.902	48	D	8
323.902	323.942	67	W	8
323.942	323.992	6	AH0	8
323.992	324.072	69	Z	8
324.072	324.172	53	JH	8
324.172	324.222	19	EH1	8
324.222	324.252	58	N	8
324.252	324.282	64	T	8
324.282	324.332	56	L	8
324.332	324.382	31	IY0	8
324.382	324.512	62	S	8
324.512	324.542	6	AH0	8
324.542	324.582	46	B	8
324.582	324.682	48	D	8
324.682	324.842	44	UW1	8
324.842	324.902	48	D	8
324.902	324.972	46	B	8
324.972	325.052	16	AY1	8
325.052	325.082	52	HH	8
325.082	325.112	6	AH0	8
325.112	325.202	69	Z	8
325.202	325.242	46	B	8
325.242	325.342	28	IH1	8
325.342	325.382	51	G	8
325.382	325.462	46	B	8
325.462	325.532	61	R	8
325.532	325.622	7	AH1	8
325.622	325.652	49	DH	8
325.652	325.742	21	ER0	8
333.722	333.842	32	IY1	9
333.842	333.892	66	V	9
333.892	333.922	6	AH0	9
333.922	333.962	58	N	9
333.962	333.992	6	AH0	9
333.992	334.192	62	S	9
334.192	334.222	28	IH1	9
334.222	334.252	57	M	9
334.252	334.302	60	P	9
334.302	334.352	6	AH0	9
334.352	334.402	56	L	9
334.402	334.492	66	V	9
334.492	334.582	34	OW0	9
334.582	334.672	54	K	9
334.672	334.792	4	AE1	9
334.792	334.832	46	B	9
334.832	334.892	68	Y	9
334.892	334.922	6	AH0	9
334.922	334.952	56	L	9
334.952	334.992	20	EH2	9
334.992	335.062	61	R	9
335.062	335.122	31	IY0	9
335.122	335.202	54	K	9
335.202	335.242	6	AH0	9
335.242	335.302	58	N	9
335.302	335.362	64	T	9
335.362	335.462	25	EY1	9
335.462	335.492	58	N	9
335.492	335.592	69	Z	9
335.592	335.672	62	S	9
335.672	335.712	28	IH1	9
335.712	335.792	57	M	9
335.792	335.822	46	B	9
335.822	335.852	6	AH0	9
335.852	335.982	56	L	9
335.982	336.272	69	Z	9
336.272	336.562	74	sp	9
342.702	342.762	74	sp	10
342.762	342.852	6	AH0	10
342.852	342.982	54	K	10
342.982	343.052	61	R	10
343.052	343.152	4	AE1	10
343.152	343.222	46	B	10
343.222	343.362	47	CH	10
343.362	343.422	4	AE1	10
343.422	343.502	56	L	10
343.502	343.542	6	AH0	10
343.542	343.592	58	N	10
343.592	343.692	53	JH	10
343.692	343.722	48	D	10
343.722	343.752	57	M	10
343.752	343.902	32	IY1	10
343.902	343.992	46	B	10
343.992	344.022	7	AH1	10
344.022	344.052	64	T	10
344.052	344.082	6	AH0	10
344.082	344.212	54	K	10
344.212	344.242	67	W	10
344.242	344.292	28	IH1	10
344.292	344.362	54	K	10
344.362	344.432	62	S	10
344.432	344.482	64	T	10
344.482	344.632	4	AE1	10
344.632	344.682	46	B	10
344.682	344.752	66	V	10
344.752	344.812	4	AE1	10
344.812	344.902	59	NG	10
344.902	344.972	54	K	10
344.972	345.022	67	W	10
345.022	345.052	27	IH0	10
345.052	345.152	63	SH	10
345.152	345.212	64	T	10
345.212	345.262	29	IH2	10
345.262	345.382	57	M	10
345.382	345.882	74	sp	10
354.462	354.492	51	G	11
354.492	354.572	56	L	11
354.572	354.642	44	UW1	11
354.642	354.732	54	K	11
354.732	354.802	36	OW2	11
354.802	354.932	62	S	11
354.932	354.962	6	AH0	11
354.962	354.992	58	N	11
354.992	355.022	48	D	11
355.022	355.152	50	F	11
355.152	355.232	61	R	11
355.232	355.262	44	UW1	11
355.262	355.312	54	K	11
355.312	355.402	64	T	11
355.402	355.452	36	OW2	11
355.452	355.582	62	S	11
355.582	355.642	21	ER0	11
355.642	355.742	58	N	11
355.742	355.862	4	AE1	11
355.862	355.972	47	CH	11
355.972	356.002	61	R	11
356.002	356.032	6	AH0	11
356.032	356.062	56	L	11
356.062	356.192	63	SH	11
356.192	356.252	41	UH1	11
356.252	356.282	51	G	11
356.282	356.392	21	ER0	11
356.392	356.472	69	Z	11
356.472	356.532	50	F	11
356.532	356.642	13	AW1	11
356.642	356.672	58	N	11
356.672	356.722	48	D	11
356.722	356.752	6	AH0	11
356.752	356.812	58	N	11
356.812	356.922	50	F	11
356.922	357.002	61	R	11
357.002	357.082	44	UW1	11
357.082	357.112	64	T	11
366.442	366.512	1	AA1	12
366.512	366.562	61	R	12
366.562	366.672	68	Y	12
366.672	366.742	44	UW1	12
366.742	366.842	56	L	12
366.842	366.892	41	UH1	12
366.892	366.962	54	K	12
366.962	367.002	27	IH0	12
367.002	367.052	59	NG	12
367.052	367.172	50	F	12
367.172	367.252	21	ER0	12
367.252	367.282	6	AH0	12
367.282	367.332	57	M	12
367.332	367.442	60	P	12
367.442	367.482	56	L	12
367.482	367.552	38	OY1	12
367.552	367.642	57	M	12
367.642	367.692	6	AH0	12
367.692	367.752	58	N	12
367.752	367.782	64	T	12
376.082	376.202	54	K	13
376.202	376.302	1	AA1	13
376.302	376.402	50	F	13
376.402	376.502	31	IY0	13
376.502	376.542	28	IH1	13
376.542	376.642	69	Z	13
376.642	376.672	51	G	13
376.672	376.772	61	R	13
376.772	376.832	35	OW1	13
376.832	376.862	58	N	13
376.862	376.952	1	AA1	13
376.952	377.022	58	N	13
377.022	377.192	62	S	13
377.192	377.222	64	T	13
377.222	377.352	32	IY1	13
377.352	377.542	60	P	13
377.542	377.672	53	JH	13
377.672	377.722	7	AH1	13
377.722	377.782	59	NG	13
377.782	377.812	51	G	13
377.812	377.842	6	AH0	13
377.842	377.902	56	L	13
377.902	377.952	56	L	13
377.952	378.022	16	AY1	13
378.022	378.092	54	K	13
378.092	378.212	62	S	13
378.212	378.282	56	L	13
378.282	378.372	35	OW1	13
378.372	378.412	60	P	13
378.412	378.532	62	S	13
378.532	378.572	28	IH1	13
378.572	378.682	58	N	13
378.682	378.742	64	T	13
378.742	378.792	19	EH1	13
378.792	378.862	57	M	13
378.862	378.912	60	P	13
378.912	378.982	61	R	13
378.982	379.022	6	AH0	13
379.022	379.062	64	T	13
379.062	379.172	69	Z	13
379.172	379.332	35	OW1	13
379.332	379.412	58	N	13
379.412	379.732	69	Z	13
379.732	380.082	74	sp	13
387.222	387.292	67	W	14
387.292	387.342	32	IY1	14
387.342	387.412	67	W	14
387.412	387.452	19	EH1	14
387.452	387.532	56	L	14
387.532	387.602	54	K	14
387.602	387.652	6	AH0	14
387.652	387.752	57	M	14
387.752	387.802	57	M	14
387.802	387.862	19	EH1	14
387.862	387.912	58	N	14
387.912	388.002	31	IY0	14
388.002	388.062	58	N	14
388.062	388.132	68	Y	14
388.132	388.182	44	UW1	14
388.182	388.332	62	S	14
388.332	388.382	64	T	14
388.382	388.462	44	UW1	14
388.462	388.492	48	D	14
388.492	388.542	6	AH0	14
388.542	388.572	58	N	14
388.572	388.602	64	T	14
388.602	388.672	62	S	14
388.672	388.822	32	IY1	14
388.822	388.942	47	CH	14
388.942	388.972	68	Y	14
388.972	389.062	28	IH1	14
389.062	389.182	61	R	14
396.692	396.762	35	OW1	15
396.762	396.822	58	N	15
396.822	396.872	56	L	15
396.872	396.962	31	IY0	15
396.962	397.002	49	DH	15
397.002	397.042	6	AH0	15
397.042	397.152	46	B	15
397.152	397.252	19	EH1	15
397.252	397.402	62	S	15
397.402	397.432	64	T	15
397.432	397.492	60	P	15
397.492	397.542	56	L	15
397.542	397.612	25	EY1	15
397.612	397.742	21	ER0	15
397.742	397.822	69	Z	15
397.822	397.862	18	EH0	15
397.862	397.932	58	N	15
397.932	398.002	53	JH	15
398.002	398.132	38	OY1	15
398.132	398.232	60	P	15
398.232	398.342	2	AA2	15
398.342	398.402	60	P	15
398.402	398.462	68	Y	15
398.462	398.492	6	AH0	15
398.492	398.532	56	L	15
398.532	398.652	19	EH1	15
398.652	398.702	61	R	15
398.702	398.732	6	AH0	15
398.732	398.782	64	T	15
398.782	398.932	31	IY0	15
406.592	406.692	74	sp	16
406.692	406.782	54	K	16
406.782	406.842	4	AE1	16
406.842	406.902	56	L	16
406.902	407.012	62	S	16
407.012	407.082	31	IY0	16
407.082	407.112	6	AH0	16
407.112	407.182	57	M	16
407.182	407.232	57	M	16
407.232	407.312	25	EY1	16
407.312	407.342	54	K	16
407.342	407.462	62	S	16
407.462	407.522	46	B	16
407.522	407.682	35	OW1	16
407.682	407.752	58	N	16
407.752	407.862	69	Z	16
407.862	407.892	6	AH0	16
407.892	407.962	58	N	16
407.962	407.992	48	D	16
407.992	408.092	64	T	16
408.092	408.172	32	IY1	16
408.172	408.232	65	TH	16
408.232	408.352	62	S	16
408.352	408.412	64	T	16
408.412	408.502	61	R	16
408.502	408.622	10	AO1	16
408.622	408.652	59	NG	16
416.562	416.642	58	N	17
416.642	416.702	7	AH1	17
416.702	416.812	65	TH	17
416.812	416.852	27	IH0	17
416.852	416.892	59	NG	17
416.892	417.002	28	IH1	17
417.002	417.112	69	Z	17
417.112	417.282	4	AE1	17
417.282	417.432	69	Z	17
417.432	417.472	6	AH0	17
417.472	417.602	50	F	17
417.602	417.662	19	EH1	17
417.662	417.722	58	N	17
417.722	417.852	62	S	17
417.852	417.912	27	IH0	17
417.912	417.972	66	V	17
417.972	418.052	19	EH1	17
418.052	418.152	69	Z	17
418.152	418.222	28	IH1	17
418.222	418.252	58	N	17
418.252	418.302	6	AH0	17
418.302	418.462	62	S	17
418.462	418.502	6	AH0	17
418.502	418.562	58	N	17
418.562	418.882	62	S	17
418.882	419.262	74	sp	17
425.682	425.832	62	S	18
425.832	425.882	64	T	18
425.882	426.012	32	IY1	18
426.012	426.072	66	V	18
426.072	426.092	74	sp	18
426.092	426.122	67	W	18
426.122	426.242	10	AO1	18
426.242	426.292	61	R	18
426.292	426.322	6	AH0	18
426.322	426.432	46	B	18
426.432	426.562	61	R	18
426.562	426.682	16	AY1	18
426.682	426.722	64	T	18
426.722	426.822	61	R	18
426.822	426.912	19	EH1	18
426.912	427.002	48	D	18
427.002	427.092	54	K	18
427.092	427.242	4	AE1	18
427.242	427.322	70	ZH	18
427.322	427.392	57	M	18
427.392	427.462	27	IH0	18
427.462	427.532	61	R	18
427.532	427.662	62	S	18
427.662	427.732	67	W	18
427.732	427.772	19	EH1	18
427.772	427.822	64	T	18
427.822	427.972	21	ER0	18
435.602	435.652	46	B	19
435.652	435.772	1	AA1	19
435.772	435.832	61	R	19
435.832	435.862	46	B	19
435.862	435.972	69	Z	19
435.972	436.062	51	G	19
436.062	436.182	35	OW1	19
436.182	436.242	56	L	19
436.242	436.312	48	D	19
436.312	436.362	46	B	19
436.362	436.452	61	R	19
436.452	436.522	25	EY1	19
436.522	436.632	62	S	19
436.632	436.692	56	L	19
436.692	436.742	6	AH0	19
436.742	436.772	64	T	19
436.772	436.832	67	W	19
436.832	436.862	6	AH0	19
436.862	436.932	69	Z	19
436.932	436.982	6	AH0	19
436.982	437.052	51	G	19
437.052	437.112	61	R	19
437.112	437.192	5	AE2	19
437.192	437.272	53	JH	19
437.272	437.402	43	UW0	19
437.402	437.462	25	EY1	19
437.462	437.572	63	SH	19
437.572	437.602	6	AH0	19
437.602	437.692	58	N	19
437.692	437.722	60	P	19
437.722	437.772	61	R	19
437.772	437.832	19	EH1	19
437.832	437.932	69	Z	19
437.932	438.002	6	AH0	19
438.002	438.032	58	N	19
438.032	438.062	64	T	19
