137.386	137.546	211	I
137.546	137.95499999999998	88888	TOOK
137.95499999999998	138.224	204	HER
138.224	138.73299999999998	88888	WORDS
138.73299999999998	139.03199999999998	161	FOR
139.03199999999998	139.172	225	IT
139.172	187.0762844912151	99999	sp
187.0762844912151	187.37661904761902	303	ORANGE
187.37661904761902	187.71661904761902	230	JUICE
187.71661904761902	188.19561904761903	425	TASTES
188.19561904761903	189.322619047619	99999	sp
189.322619047619	189.75161904761902	171	FUNNY
189.75161904761902	190.26061904761903	10	AFTER
190.26061904761903	191.13861904761902	449	TOOTHPASTE
191.13861904761902	200.0645804988662	99999	sp
200.0645804988662	200.8535804988662	368	ROBIN
200.8535804988662	201.0025804988662	99999	sp
201.0025804988662	201.63158049886619	242	LIKES
201.63158049886619	201.7115804988662	99999	sp
201.7115804988662	201.8205804988662	434	THE
201.8205804988662	202.2695804988662	88888	COLOR
202.2695804988662	202.7185804988662	493	YELLOW
202.7185804988662	211.67274376417234	99999	sp
211.67274376417234	211.88274376417235	224	IS
211.88274376417235	212.24174376417233	375	SHE
212.24174376417233	212.71074376417235	187	GOING
212.71074376417235	212.99974376417234	487	WITH
212.99974376417234	213.22974376417233	495	YOU
213.22974376417233	223.94714285714284	99999	sp
223.94714285714284	224.01714285714286	99999	sp
224.01714285714286	224.64514285714284	483	WHICH
224.64514285714284	224.88514285714285	99999	sp
224.88514285714285	225.45414285714284	88888	THEATRE
225.45414285714284	225.84314285714285	99999	sp
225.84314285714285	226.44114285714286	88888	SHOWS
226.44114285714286	226.82014285714286	88888	MOTHER
226.82014285714286	227.48914285714284	88888	GOOSE
227.48914285714284	236.586	99999	sp
236.586	236.91500000000002	88888	CUT
236.91500000000002	237.055	1	A
237.055	237.69400000000002	392	SMALL
237.69400000000002	238.282	88888	CORNER
238.282	238.632	88888	OFF
238.632	238.83100000000002	99999	sp
238.83100000000002	239.20000000000002	132	EACH
239.20000000000002	239.27	99999	sp
239.27	239.739	88888	EDGE
239.739	248.4003733312127	99999	sp
248.4003733312127	248.67829705215422	438	THEY
248.67829705215422	248.9682970521542	14	ALL
248.9682970521542	249.6562970521542	139	ENJOY
249.6562970521542	250.15529705215422	212	ICE
250.15529705215422	250.56429705215422	112	CREAM
250.56429705215422	251.4022970521542	417	SUNDAES
251.4022970521542	261.7693424036281	99999	sp
261.7693424036281	262.4183424036281	88888	TOM
262.4183424036281	262.9673424036281	88888	READS
262.9673424036281	263.8653424036281	99999	sp
263.8653424036281	264.06986954707764	434	THE
264.06986954707764	264.5933424036281	88888	SAME
264.5933424036281	264.6933424036281	99999	sp
264.6933424036281	265.1523424036281	88888	BOOK
265.1523424036281	265.4713424036281	145	EVERY
265.4713424036281	265.85034240362813	88888	NIGHT
265.85034240362813	274.539410430839	99999	sp
274.539410430839	274.868410430839	202	HE
274.868410430839	274.978410430839	99999	sp
274.978410430839	275.327410430839	88888	ATE
275.327410430839	275.83641043083895	88888	FOUR
275.83641043083895	275.88641043083896	99999	sp
275.88641043083896	276.335410430839	88888	EGGS
276.335410430839	276.50441043083896	161	FOR
276.50441043083896	277.312410430839	88888	BREAKFAST
277.312410430839	286.5283446712018	99999	sp
286.5283446712018	286.81834467120177	438	THEY
286.81834467120177	287.3463446712018	296	OFTEN
287.3463446712018	287.6563446712018	184	GO
287.6563446712018	287.6763446712018	99999	sp
287.6763446712018	288.1053446712018	306	OUT
288.1053446712018	288.9733446712018	99999	sp
288.9733446712018	289.3623446712018	217	IN
289.3623446712018	289.5713446712018	434	THE
289.5713446712018	290.1703446712018	143	EVENING
290.1703446712018	302.4706575963719	99999	sp
302.4706575963719	303.1386575963719	88888	SPRING
303.1386575963719	303.80765759637194	88888	STREET
303.80765759637194	304.0066575963719	99999	sp
304.0066575963719	304.4356575963719	224	IS
304.4356575963719	304.4956575963719	99999	sp
304.4956575963719	304.9746575963719	88888	STRAIGHT
304.9746575963719	305.39457941186504	88888	AHEAD
305.39457941186504	314.7767800453514	99999	sp
314.7767800453514	314.85678004535146	99999	sp
314.85678004535146	315.20578004535145	224	IS
315.20578004535145	315.30578004535147	99999	sp
315.30578004535147	315.64478004535147	441	THIS
315.64478004535147	315.89478004535147	99999	sp
315.89478004535147	316.54278004535144	88888	SEESAW
316.54278004535144	317.0817800453514	88888	SAFE
317.0817800453514	325.22848072562357	99999	sp
325.22848072562357	325.50748072562357	441	THIS
325.50748072562357	325.63748072562356	99999	sp
325.63748072562356	325.9564807256236	472	WAS
325.9564807256236	326.1164807256236	99999	sp
326.1164807256236	326.5154807256236	133	EASY
326.5154807256236	326.83448072562356	161	FOR
326.83448072562356	327.1044807256236	460	US
327.1044807256236	336.26784580498867	99999	sp
336.26784580498867	336.48784580498864	211	I
336.48784580498864	336.8368458049886	370	SAW
336.8368458049886	337.12584580498867	1	A
337.12584580498867	337.85484580498866	88888	PURPLE
337.85484580498866	338.32384580498865	110	CRAB
338.32384580498865	338.46284580498866	99999	sp
338.46284580498866	338.9118458049886	297	ON
338.9118458049886	338.99184580498866	434	THE
338.99184580498866	339.6762720613819	88888	BEACH
339.6762720613819	367.6872647561152	99999	sp
367.6872647561152	369.14213405268	88888	CHARLIE'S
369.14213405268	369.3432647561152	99999	sp
369.3432647561152	369.9222647561152	88888	DIRTY
369.9222647561152	370.5550282596463	88888	DISHES
370.5550282596463	381.33251700680273	99999	sp
381.33251700680273	381.73151700680273	381	SHOULD
381.73151700680273	382.5595170068027	180	GIRAFFES
382.5595170068027	382.6795170068027	99999	sp
382.6795170068027	382.9585170068027	47	BE
382.9585170068027	383.3375170068027	234	KEPT
383.3375170068027	383.5375170068027	99999	sp
383.5375170068027	384.0165170068027	217	IN
384.0165170068027	384.0565170068027	99999	sp
384.0565170068027	384.6945170068027	392	SMALL
384.6945170068027	385.0335170068027	99999	sp
385.0335170068027	385.6909751624299	498	ZOOS
385.6909751624299	395.2478911564626	99999	sp
395.2478911564626	395.83689115646257	142	EVEN
395.83689115646257	396.5448911564626	99999	sp
396.5448911564626	396.83489115646256	211	I
396.83489115646256	397.2738911564626	177	GET
397.2738911564626	397.5128911564626	99999	sp
397.5128911564626	397.6028911564626	434	THE
397.6028911564626	398.1718911564626	265	MONDAY
398.1718911564626	398.7498911564626	56	BLUES
398.7498911564626	409.4304761904762	99999	sp
409.4304761904762	409.86947619047623	438	THEY
409.86947619047623	410.0084761904762	99999	sp
410.0084761904762	410.48747619047623	317	OWN
410.48747619047623	410.5874761904762	99999	sp
410.5874761904762	410.7574761904762	1	A
410.7574761904762	411.1464761904762	52	BIG
411.1464761904762	411.8144761904762	209	HOUSE
411.8144761904762	412.0644761904762	99999	sp
412.0644761904762	412.3034761904762	217	IN
412.3034761904762	412.33347619047623	99999	sp
412.33347619047623	413.0514761904762	88888	AUSTIN
413.0514761904762	413.2814761904762	99999	sp
413.2814761904762	413.9094761904762	88888	TEXAS
413.9094761904762	423.2597732426304	99999	sp
423.2597732426304	423.5197732426304	55	BLUE
423.5197732426304	424.0977732426304	88	CHEESE
424.0977732426304	424.1977732426304	99999	sp
424.1977732426304	424.7167732426304	88888	SMELLS
424.7167732426304	425.31577324263037	171	FUNNY
425.31577324263037	437.1453968253968	99999	sp
437.1453968253968	437.28539682539684	434	THE
437.28539682539684	437.7743968253968	52	BIG
437.7743968253968	437.97339682539683	99999	sp
437.97339682539683	438.4423968253968	88888	DOG
438.4423968253968	438.9313968253968	88888	LOVED
438.9313968253968	438.9913968253968	99999	sp
438.9913968253968	439.1503968253968	446	TO
439.1503968253968	439.7693968253968	88888	CHEW
439.7693968253968	439.8393968253968	99999	sp
439.8393968253968	440.2983968253968	297	ON
440.2983968253968	440.54739682539685	434	THE
440.54739682539685	440.9963968253968	88888	OLD
440.9963968253968	441.3853968253968	88888	RAG
441.3853968253968	441.4553968253968	99999	sp
441.4553968253968	441.82439682539683	88888	DOLL
441.82439682539683	451.3574603174603	99999	sp
451.3574603174603	451.7464603174603	88888	GUESS
451.7464603174603	451.7864603174603	99999	sp
451.7864603174603	451.9064603174603	434	THE
451.9064603174603	452.7244603174603	88888	QUESTION
452.7244603174603	453.0034603174603	99999	sp
453.0034603174603	453.3924603174603	166	FROM
453.3924603174603	453.588254766985	434	THE
453.588254766985	454.2304603174603	88888	ANSWER
454.2304603174603	464.0201409298551	99999	sp
464.0201409298551	464.86310821027473	88888	SWINGING
464.86310821027473	465.1317340836375	496	YOUR
465.1317340836375	465.64953089675424	88888	ARMS
465.64953089675424	465.96348887657757	34	AS
465.96348887657757	466.53863825009654	88888	HIGH
466.53863825009654	466.8677325407598	34	AS
466.8677325407598	467.0018094722427	495	YOU
467.0018094722427	467.48851117884476	76	CAN
467.48851117884476	478.84532583865007	99999	sp
478.84532583865007	479.3290794739228	331	PLEASE
479.3290794739228	479.94524939785583	88888	SING
479.94524939785583	480.48189192506993	233	JUST
480.48189192506993	480.8648877330259	434	THE
480.8648877330259	482.0081942041969	99999	sp
482.0081942041969	483.38999001393324	88888	CLUB
483.38999001393324	483.9266188636678	99999	sp
483.9266188636678	484.29732763603	88888	THEME
484.29732763603	494.1101133786848	99999	sp
494.1101133786848	494.34011337868475	434	THE
494.34011337868475	494.45011337868476	99999	sp
494.45011337868476	495.18811337868476	21	ANGRY
495.18811337868476	495.46711337868476	99999	sp
495.46711337868476	495.87611337868475	62	BOY
495.87611337868475	496.4851133786848	122	DIDN'T
496.4851133786848	496.97411337868476	99999	sp
496.97411337868476	497.31311337868476	249	LOOK
497.31311337868476	497.4131133786848	99999	sp
497.4131133786848	497.6921133786848	458	UP
497.6921133786848	515.1101133786848	99999	sp
515.1101133786848	515.8991133786848	368	ROBIN
