508.856	508.905	58	N
508.905	509.065	4	AE1
509.065	509.125	58	N
509.125	509.255	62	S
509.255	509.394	31	IY0
509.394	509.534	52	HH
509.534	509.694	4	AE1
509.694	509.813	69	Z
509.813	509.883	74	sp
509.883	509.933	49	DH
509.933	509.973	6	AH0
509.973	510.083	46	B
510.083	510.232	19	EH1
510.232	510.422	62	S
510.422	510.452	64	T
510.452	510.492	51	G
510.492	510.542	61	R
510.542	510.671	25	EY1
510.671	510.781	48	D
510.781	511.021	69	Z
511.021	511.22	74	sp
511.22	511.32	28	IH1
511.32	511.589	58	N
511.589	511.629	49	DH
511.629	511.679	6	AH0
511.679	511.799	54	K
511.799	511.879	56	L
511.879	512.118	4	AE1
512.118	512.3668767402395	62	S
512.3668767402395	518.793	73	ns
518.793	519.082	74	sp
519.082	521.108	73	ns
521.108	521.337	16	AY1
521.337	521.587	64	T
521.587	521.696	41	UH1
521.696	521.886	54	K
521.886	521.916	52	HH
521.916	522.046	21	ER0
522.046	522.175	67	W
522.175	522.295	22	ER1
522.295	522.345	48	D
522.345	522.455	69	Z
522.455	522.514	50	F
522.514	522.654	10	AO1
522.654	522.734	61	R
522.734	522.884	28	IH1
522.884	522.943	64	T
522.943	523.113	74	sp
523.113	530.297	73	ns
530.297	532.681	73	ns
532.681	532.811	10	AO1
532.811	532.851	61	R
532.851	532.891	6	AH0
532.891	532.971	58	N
532.971	533.14	53	JH
533.14	533.22	53	JH
533.22	533.3	44	UW1
533.3	533.44	62	S
533.44	533.47	74	sp
533.47	533.569	64	T
533.569	533.759	25	EY1
533.759	533.809	62	S
533.809	533.839	64	T
533.839	534.038	62	S
534.038	534.537	74	sp
534.537	534.627	50	F
534.627	534.717	7	AH1
534.717	534.787	58	N
534.787	534.916	31	IY0
534.916	535.136	4	AE1
535.136	535.226	50	F
535.226	535.305	64	T
535.305	535.365	21	ER0
535.365	535.545	64	T
535.545	535.605	44	UW1
535.605	535.645	65	TH
535.645	535.764	60	P
535.764	535.934	26	EY2
535.934	536.183	62	S
536.183	536.213	64	T
536.213	541.731	73	ns
541.731	544.036	73	ns
544.036	544.135	61	R
544.135	544.265	1	AA1
544.265	544.345	46	B
544.345	544.455	6	AH0
544.455	544.704	58	N
544.704	544.734	56	L
544.734	544.884	16	AY1
544.884	544.993	54	K
544.993	545.153	62	S
545.153	545.203	49	DH
545.203	545.243	6	AH0
545.243	545.442	54	K
545.442	545.532	7	AH1
545.532	545.612	56	L
545.612	545.732	21	ER0
545.732	545.802	68	Y
545.802	545.961	19	EH1
545.961	546.111	56	L
546.111	546.171	34	OW0
546.171	554.033	73	ns
554.033	554.282	74	sp
554.282	556.368	73	ns
556.368	556.557	28	IH1
556.557	556.587	69	Z
556.587	556.856	63	SH
556.856	557.076	32	IY1
557.076	557.106	74	sp
557.106	557.176	51	G
557.176	557.365	35	OW1
557.365	557.445	27	IH0
557.445	557.485	59	NG
557.485	557.615	67	W
557.615	557.675	28	IH1
557.675	557.784	65	TH
557.784	557.934	68	Y
557.934	558.014	44	UW1
558.014	561.147	73	ns
561.147	566.335	73	ns
566.335	566.395	74	sp
566.395	566.724	67	W
566.724	566.814	28	IH1
566.814	567.003	47	CH
567.003	567.163	74	sp
567.163	567.193	65	TH
567.193	567.412	32	IY1
567.412	567.442	6	AH0
567.442	567.482	64	T
567.482	567.662	21	ER0
567.662	567.931	63	SH
567.931	568.131	35	OW1
568.131	568.26	69	Z
568.26	568.37	57	M
568.37	568.47	7	AH1
568.47	568.54	49	DH
568.54	568.6	21	ER0
568.6	568.739	51	G
568.739	568.939	44	UW1
568.939	569.218	62	S
569.218	575.564	73	ns
575.564	575.853	74	sp
575.853	577.749	73	ns
577.749	577.859	54	K
577.859	577.988	7	AH1
577.988	578.048	64	T
578.048	578.188	25	EY1
578.188	578.348	62	S
578.348	578.437	57	M
578.437	578.547	10	AO1
578.547	578.647	56	L
578.647	578.747	54	K
578.747	578.846	10	AO1
578.846	578.876	61	R
578.876	578.936	58	N
578.936	579.076	21	ER0
579.076	579.176	74	sp
579.176	579.335	10	AO1
579.335	579.535	50	F
579.535	579.714	32	IY1
579.714	579.864	47	CH
579.864	580.124	19	EH1
580.124	580.343	53	JH
580.343	587.706	73	ns
587.706	589.861	73	ns
589.861	589.931	49	DH
589.931	590.131	25	EY1
590.131	590.4	10	AO1
590.4	590.44	56	L
590.44	590.56	18	EH0
590.56	590.64	58	N
590.64	590.719	53	JH
590.719	590.979	38	OY1
590.979	591.009	74	sp
591.009	591.188	16	AY1
591.188	591.328	62	S
591.328	591.448	54	K
591.448	591.488	61	R
591.488	591.578	32	IY1
591.578	591.667	57	M
591.667	591.817	62	S
591.817	591.897	7	AH1
591.897	592.017	58	N
592.017	592.076	48	D
592.076	592.266	26	EY2
592.266	592.366	69	Z
592.366	592.785	73	ns
592.785	595.259	73	ns
595.259	608.629	74	sp
608.629	611.173	73	ns
611.173	611.223	52	HH
611.223	611.552	32	IY1
611.552	611.792	25	EY1
611.792	611.881	64	T
611.881	611.941	50	F
611.941	612.071	10	AO1
612.071	612.231	61	R
612.231	612.251	74	sp
612.251	612.5	19	EH1
612.5	612.65	51	G
612.65	612.719	69	Z
612.719	612.819	50	F
612.819	612.869	21	ER0
612.869	612.989	46	B
612.989	613.069	61	R
613.069	613.109	19	EH1
613.109	613.218	54	K
613.218	613.328	50	F
613.328	613.438	6	AH0
613.438	613.677	62	S
613.677	613.747	64	T
613.747	621.619	73	ns
621.619	623.804	73	ns
623.804	623.854	49	DH
623.854	624.124	25	EY1
624.124	624.323	10	AO1
624.323	624.443	50	F
624.443	624.503	64	T
624.503	624.642	6	AH0
624.642	624.852	58	N
624.852	624.922	51	G
624.922	625.181	35	OW1
625.181	625.57	13	AW1
625.57	625.61	64	T
625.61	625.78	74	sp
625.78	626.019	28	IH1
626.019	626.239	58	N
626.239	626.279	49	DH
626.279	626.428	6	AH0
626.428	626.498	74	sp
626.498	626.698	32	IY1
626.698	626.807	66	V
626.807	626.877	58	N
626.877	626.937	27	IH0
626.937	627.167	59	NG
627.167	630.649	73	ns
630.649	633.193	73	ns
633.193	633.333	62	S
633.333	633.442	60	P
633.442	633.552	21	ER0
633.552	633.582	28	IH1
633.582	633.821	59	NG
633.821	634.031	62	S
634.031	634.111	64	T
634.111	634.221	61	R
634.221	634.5	32	IY1
634.5	634.59	64	T
634.59	634.719	74	sp
634.719	635.049	28	IH1
635.049	635.099	69	Z
635.099	635.308	62	S
635.308	635.358	64	T
635.358	635.428	61	R
635.428	635.587	25	EY1
635.587	635.627	64	T
635.627	635.727	6	AH0
635.727	635.837	52	HH
635.837	636.046	19	EH1
636.046	636.116	48	D
636.116	644.777	73	ns
644.777	647.101	73	ns
647.101	647.191	74	sp
647.191	647.291	28	IH1
647.291	647.361	69	Z
647.361	647.46	49	DH
647.46	647.54	28	IH1
647.54	647.66	62	S
647.66	647.76	62	S
647.76	647.929	32	IY1
647.929	648.089	62	S
648.089	648.219	11	AO2
648.219	648.428	62	S
648.428	648.678	25	EY1
648.678	648.797	50	F
648.797	655.642	73	ns
655.642	655.901	74	sp
655.901	657.877	73	ns
657.877	657.907	49	DH
657.907	658.026	28	IH1
658.026	658.136	62	S
658.136	658.186	74	sp
658.186	658.256	67	W
658.256	658.286	6	AH0
658.286	658.485	69	Z
658.485	658.545	74	sp
658.545	658.755	32	IY1
658.755	658.855	69	Z
658.855	658.974	31	IY0
658.974	659.094	50	F
659.094	659.244	10	AO1
659.244	659.343	61	R
659.343	659.523	7	AH1
659.523	659.603	62	S
659.603	667.794	73	ns
667.794	670.029	73	ns
670.029	670.199	16	AY1
670.199	670.398	62	S
670.398	670.678	10	AO1
670.678	670.897	25	EY1
670.897	670.987	60	P
670.987	671.077	22	ER1
671.077	671.207	60	P
671.207	671.236	6	AH0
671.236	671.346	56	L
671.346	671.476	54	K
671.476	671.516	61	R
671.516	671.675	4	AE1
671.675	671.745	46	B
671.745	672.005	1	AA1
672.005	672.114	58	N
672.114	672.154	49	DH
672.154	672.194	6	AH0
672.194	672.314	46	B
672.314	672.573	32	IY1
672.573	672.823	47	CH
672.823	679.039	73	ns
679.039	679.079	74	sp
679.079	681.533	73	ns
681.533	681.583	48	D
681.583	681.792	35	OW1
681.792	681.972	58	N
681.972	682.042	48	D
682.042	682.471	44	UW1
682.471	682.72	74	sp
682.72	682.98	47	CH
682.98	683.02	1	AA1
683.02	683.359	61	R
683.359	683.469	56	L
683.469	683.718	31	IY0
683.718	683.898	69	Z
683.898	684.217	74	sp
684.217	684.277	48	D
684.277	684.397	22	ER1
684.397	684.446	64	T
684.446	684.556	31	IY0
684.556	684.666	48	D
684.666	684.766	28	IH1
684.766	684.945	63	SH
684.945	684.975	6	AH0
684.975	685.215	69	Z
685.215	688.677	73	ns
688.677	694.992	73	ns
694.992	695.142	63	SH
695.142	695.222	41	UH1
695.222	695.292	48	D
695.292	695.412	53	JH
695.412	695.561	21	ER0
695.561	695.721	4	AE1
695.721	695.761	50	F
695.761	695.831	62	S
695.831	695.94	74	sp
695.94	695.98	46	B
695.98	696.13	32	IY1
696.13	696.16	74	sp
696.16	696.21	54	K
696.21	696.489	19	EH1
696.489	696.529	60	P
696.529	696.559	64	T
696.559	696.599	74	sp
696.599	696.768	28	IH1
696.768	696.918	58	N
696.918	697.676	74	sp
697.676	697.866	62	S
697.866	697.946	57	M
697.946	698.075	10	AO1
698.075	698.105	56	L
698.105	698.285	69	Z
698.285	698.485	44	UW1
698.485	698.744	69	Z
698.744	705.608	73	ns
705.608	708.312	73	ns
708.312	708.572	32	IY1
708.572	709.16	74	sp
709.16	709.35	32	IY1
709.35	709.41	66	V
709.41	709.509	6	AH0
709.509	709.639	58	N
709.639	709.709	74	sp
709.709	709.958	16	AY1
709.958	710.088	51	G
710.088	710.218	28	IH1
710.218	710.288	64	T
710.288	710.338	49	DH
710.338	710.368	6	AH0
710.368	710.547	57	M
710.547	710.617	7	AH1
710.617	710.667	58	N
710.667	710.697	48	D
710.697	710.836	31	IY0
710.836	710.896	46	B
710.896	710.996	56	L
710.996	711.116	44	UW1
711.116	711.365	69	Z
711.365	718.818	73	ns
718.818	721.402	73	ns
721.402	721.462	49	DH
721.462	721.722	25	EY1
721.722	721.821	74	sp
721.821	722.101	35	OW1
722.101	722.26	58	N
722.26	722.52	74	sp
722.52	722.739	25	EY1
722.739	722.859	46	B
722.859	722.989	28	IH1
722.989	723.049	51	G
723.049	723.308	52	HH
723.308	723.538	13	AW1
723.538	723.707	62	S
723.707	723.817	74	sp
723.817	723.917	28	IH1
723.917	724.066	58	N
724.066	724.236	10	AO1
724.236	724.356	62	S
724.356	724.456	64	T
724.456	724.515	6	AH0
724.515	724.635	58	N
724.635	724.705	64	T
724.705	724.805	19	EH1
724.805	724.924	54	K
724.924	725.044	62	S
725.044	725.134	6	AH0
725.134	725.234	62	S
725.234	731.998	73	ns
731.998	734.413	73	ns
734.413	734.443	46	B
734.443	734.533	56	L
734.533	734.652	44	UW1
734.652	734.822	47	CH
734.822	735.041	32	IY1
735.041	735.081	69	Z
735.081	735.231	62	S
735.231	735.311	57	M
735.311	735.341	19	EH1
735.341	735.47	56	L
735.47	735.52	69	Z
735.52	735.69	50	F
735.69	735.76	7	AH1
735.76	735.84	58	N
735.84	736.099	31	IY0
736.099	736.358	74	sp
736.358	745.318	73	ns
745.318	745.617	74	sp
745.617	747.603	73	ns
747.603	747.653	49	DH
747.653	747.703	6	AH0
747.703	747.942	46	B
747.942	748.112	28	IH1
748.112	748.212	51	G
748.212	748.311	74	sp
748.311	748.361	48	D
748.361	748.591	10	AO1
748.591	748.68	51	G
748.68	748.86	56	L
748.86	749.03	7	AH1
749.03	749.109	66	V
749.109	749.139	48	D
749.139	749.229	64	T
749.229	749.289	6	AH0
749.289	749.539	47	CH
749.539	749.818	44	UW1
749.818	749.898	74	sp
749.898	750.087	1	AA1
750.087	750.387	58	N
750.387	750.616	74	sp
750.616	750.656	49	DH
750.656	750.875	7	AH1
750.875	751.095	35	OW1
751.095	751.125	56	L
751.125	751.195	48	D
751.195	751.344	61	R
751.344	751.524	4	AE1
751.524	751.554	51	G
751.554	751.684	48	D
751.684	751.903	1	AA1
751.903	751.973	56	L
751.973	758.358	73	ns
758.358	760.653	73	ns
760.653	760.723	51	G
760.723	760.803	19	EH1
760.803	760.933	62	S
760.933	760.992	74	sp
760.992	761.042	49	DH
761.042	761.092	6	AH0
761.092	761.242	54	K
761.242	761.272	67	W
761.272	761.342	19	EH1
761.342	761.551	63	SH
761.551	761.581	6	AH0
761.581	761.711	58	N
761.711	761.771	50	F
761.771	761.821	61	R
761.821	761.86	7	AH1
761.86	761.97	57	M
761.97	762.01	49	DH
762.01	762.1564817046674	6	AH0
762.1564817046674	762.329	4	AE1
762.329	762.399	58	N
762.399	762.549	62	S
762.549	762.699	21	ER0
762.699	770.172	73	ns
770.172	772.496	73	ns
772.496	772.706	62	S
772.706	772.756	67	W
772.756	772.895	28	IH1
772.895	773.025	59	NG
773.025	773.155	68	Y
773.155	773.185	41	UH1
773.185	773.344	61	R
773.344	773.454	74	sp
773.454	773.694	1	AA1
773.694	773.743	61	R
773.743	773.893	57	M
773.893	773.933	69	Z
773.933	774.123	4	AE1
774.123	774.192	69	Z
774.192	774.362	52	HH
774.362	774.492	16	AY1
774.492	774.711	4	AE1
774.711	774.831	69	Z
774.831	774.901	68	Y
774.901	774.981	44	UW1
774.981	775.12	54	K
775.12	775.32	4	AE1
775.32	775.41	58	N
775.41	782.553	73	ns
782.553	784.898	73	ns
784.898	784.978	60	P
784.978	785.008	56	L
785.008	785.178	32	IY1
785.178	785.207	69	Z
785.207	785.417	62	S
785.417	785.467	28	IH1
785.467	785.796	59	NG
785.796	785.966	53	JH
785.966	786.085	7	AH1
786.085	786.345	62	S
786.345	786.375	64	T
786.375	786.425	74	sp
786.425	786.475	49	DH
786.475	786.704	6	AH0
786.704	786.774	74	sp
786.774	786.924	54	K
786.924	786.963	56	L
786.963	787.163	7	AH1
787.163	787.233	46	B
787.233	787.353	74	sp
787.353	787.392	65	TH
787.392	787.592	32	IY1
787.592	787.732	57	M
787.732	788.161	74	sp
788.161	804.404	73	ns
804.404	806.619	73	ns
806.619	806.669	49	DH
806.669	806.848	7	AH1
806.848	806.928	74	sp
806.928	807.128	4	AE1
807.128	807.287	59	NG
807.287	807.347	51	G
807.347	807.427	61	R
807.427	807.517	31	IY0
807.517	807.686	46	B
807.686	807.906	38	OY1
807.906	808.026	48	D
808.026	808.365	28	IH1
808.365	808.495	58	N
808.495	808.544	64	T
808.544	808.764	74	sp
808.764	808.884	56	L
808.884	808.993	41	UH1
808.993	809.143	54	K
809.143	809.343	7	AH1
809.343	809.472	60	P
