137.386	137.546	16	AY1
137.546	137.73499999999999	64	T
137.73499999999999	137.815	41	UH1
137.815	137.95499999999998	54	K
137.95499999999998	138.07399999999998	52	HH
138.07399999999998	138.224	22	ER1
138.224	138.374	67	W
138.374	138.553	22	ER1
138.553	138.613	48	D
138.613	138.73299999999998	69	Z
138.73299999999998	138.85299999999998	50	F
138.85299999999998	138.95299999999997	10	AO1
138.95299999999997	139.03199999999998	61	R
139.03199999999998	139.142	28	IH1
139.142	139.172	64	T
139.172	187.0762844912151	74	sp
187.0762844912151	187.18761904761902	10	AO1
187.18761904761902	187.21761904761902	61	R
187.21761904761902	187.25761904761902	6	AH0
187.25761904761902	187.31761904761902	58	N
187.31761904761902	187.37661904761902	53	JH
187.37661904761902	187.46661904761902	53	JH
187.46661904761902	187.55661904761902	44	UW1
187.55661904761902	187.71661904761902	62	S
187.71661904761902	187.82561904761903	64	T
187.82561904761903	187.95561904761902	25	EY1
187.95561904761902	187.99561904761902	62	S
187.99561904761902	188.06561904761904	64	T
188.06561904761904	188.19561904761903	62	S
188.19561904761903	189.322619047619	74	sp
189.322619047619	189.37261904761903	50	F
189.37261904761903	189.45261904761904	7	AH1
189.45261904761904	189.57161904761904	58	N
189.57161904761904	189.75161904761902	31	IY0
189.75161904761902	189.98061904761903	4	AE1
189.98061904761903	190.09061904761901	50	F
190.09061904761901	190.15061904761902	64	T
190.15061904761902	190.26061904761903	21	ER0
190.26061904761903	190.429619047619	64	T
190.429619047619	190.56961904761903	44	UW1
190.56961904761903	190.60961904761902	65	TH
190.60961904761902	190.679619047619	60	P
190.679619047619	190.87861904761903	26	EY2
190.87861904761903	191.09861904761902	62	S
191.09861904761902	191.13861904761902	64	T
191.13861904761902	200.0645804988662	74	sp
200.0645804988662	200.1045804988662	61	R
200.1045804988662	200.2745804988662	1	AA1
200.2745804988662	200.46458049886618	46	B
200.46458049886618	200.6335804988662	6	AH0
200.6335804988662	200.8535804988662	58	N
200.8535804988662	201.0025804988662	74	sp
201.0025804988662	201.2425804988662	56	L
201.2425804988662	201.5015804988662	16	AY1
201.5015804988662	201.60158049886618	54	K
201.60158049886618	201.63158049886619	62	S
201.63158049886619	201.7115804988662	74	sp
201.7115804988662	201.7615804988662	49	DH
201.7615804988662	201.8205804988662	6	AH0
201.8205804988662	202.00058049886619	54	K
202.00058049886619	202.0905804988662	7	AH1
202.0905804988662	202.1405804988662	56	L
202.1405804988662	202.2695804988662	21	ER0
202.2695804988662	202.3295804988662	68	Y
202.3295804988662	202.4195804988662	19	EH1
202.4195804988662	202.5795804988662	56	L
202.5795804988662	202.7185804988662	34	OW0
202.7185804988662	211.67274376417234	74	sp
211.67274376417234	211.85274376417235	28	IH1
211.85274376417235	211.88274376417235	69	Z
211.88274376417235	212.09174376417235	63	SH
212.09174376417235	212.24174376417233	32	IY1
212.24174376417233	212.37174376417235	51	G
212.37174376417235	212.57074376417233	35	OW1
212.57074376417233	212.63074376417234	27	IH0
212.63074376417234	212.71074376417235	59	NG
212.71074376417235	212.84074376417234	67	W
212.84074376417234	212.88974376417235	28	IH1
212.88974376417235	212.99974376417234	65	TH
212.99974376417234	213.16974376417235	68	Y
213.16974376417235	213.22974376417233	44	UW1
213.22974376417233	223.94714285714284	74	sp
223.94714285714284	224.01714285714286	74	sp
224.01714285714286	224.20614285714285	67	W
224.20614285714285	224.35614285714286	28	IH1
224.35614285714286	224.64514285714284	47	CH
224.64514285714284	224.88514285714285	74	sp
224.88514285714285	224.91514285714285	65	TH
224.91514285714285	225.14414285714284	32	IY1
225.14414285714284	225.17414285714284	6	AH0
225.17414285714284	225.20414285714284	64	T
225.20414285714284	225.45414285714284	21	ER0
225.45414285714284	225.84314285714285	74	sp
225.84314285714285	226.04214285714286	63	SH
226.04214285714286	226.29214285714286	35	OW1
226.29214285714286	226.44114285714286	69	Z
226.44114285714286	226.61114285714285	57	M
226.61114285714285	226.69114285714286	7	AH1
226.69114285714286	226.76114285714286	49	DH
226.76114285714286	226.82014285714286	21	ER0
226.82014285714286	226.96014285714284	51	G
226.96014285714284	227.15014285714284	44	UW1
227.15014285714284	227.48914285714284	62	S
227.48914285714284	236.586	74	sp
236.586	236.686	54	K
236.686	236.85600000000002	7	AH1
236.85600000000002	236.91500000000002	64	T
236.91500000000002	237.055	25	EY1
237.055	237.305	62	S
237.305	237.37400000000002	57	M
237.37400000000002	237.574	10	AO1
237.574	237.69400000000002	56	L
237.69400000000002	237.80300000000003	54	K
237.80300000000003	237.953	10	AO1
237.953	237.99300000000002	61	R
237.99300000000002	238.08300000000003	58	N
238.08300000000003	238.282	21	ER0
238.282	238.562	10	AO1
238.562	238.632	50	F
238.632	238.83100000000002	74	sp
238.83100000000002	239.04100000000003	32	IY1
239.04100000000003	239.20000000000002	47	CH
239.20000000000002	239.27	74	sp
239.27	239.47000000000003	19	EH1
239.47000000000003	239.739	53	JH
239.739	248.4003733312127	74	sp
248.4003733312127	248.4492970521542	49	DH
248.4492970521542	248.67829705215422	25	EY1
248.67829705215422	248.9182970521542	10	AO1
248.9182970521542	248.9682970521542	56	L
248.9682970521542	249.07729705215422	18	EH0
249.07729705215422	249.1872970521542	58	N
249.1872970521542	249.3072970521542	53	JH
249.3072970521542	249.6562970521542	38	OY1
249.6562970521542	249.8962970521542	16	AY1
249.8962970521542	250.15529705215422	62	S
250.15529705215422	250.2652970521542	54	K
250.2652970521542	250.34529705215422	61	R
250.34529705215422	250.4542970521542	32	IY1
250.4542970521542	250.56429705215422	57	M
250.56429705215422	250.68429705215422	62	S
250.68429705215422	250.7942970521542	7	AH1
250.7942970521542	250.90329705215422	58	N
250.90329705215422	250.96329705215422	48	D
250.96329705215422	251.18329705215422	26	EY2
251.18329705215422	251.4022970521542	69	Z
251.4022970521542	261.7693424036281	74	sp
261.7693424036281	261.86934240362814	64	T
261.86934240362814	262.0793424036281	1	AA1
262.0793424036281	262.4183424036281	57	M
262.4183424036281	262.46834240362807	61	R
262.46834240362807	262.78734240362814	32	IY1
262.78734240362814	262.90734240362815	48	D
262.90734240362815	262.9673424036281	69	Z
262.9673424036281	263.8653424036281	74	sp
263.8653424036281	263.9843424036281	49	DH
263.9843424036281	264.06986954707764	6	AH0
264.06986954707764	264.2443424036281	62	S
264.2443424036281	264.4233424036281	25	EY1
264.4233424036281	264.5933424036281	57	M
264.5933424036281	264.6933424036281	74	sp
264.6933424036281	264.7533424036281	46	B
264.7533424036281	264.92234240362814	41	UH1
264.92234240362814	265.1523424036281	54	K
265.1523424036281	265.2723424036281	19	EH1
265.2723424036281	265.3013424036281	66	V
265.3013424036281	265.4013424036281	21	ER0
265.4013424036281	265.4713424036281	31	IY0
265.4713424036281	265.57134240362814	58	N
265.57134240362814	265.8203424036281	16	AY1
265.8203424036281	265.85034240362813	64	T
265.85034240362813	274.539410430839	74	sp
274.539410430839	274.599410430839	52	HH
274.599410430839	274.868410430839	32	IY1
274.868410430839	274.978410430839	74	sp
274.978410430839	275.29741043083897	25	EY1
275.29741043083897	275.327410430839	64	T
275.327410430839	275.526410430839	50	F
275.526410430839	275.69641043083897	10	AO1
275.69641043083897	275.83641043083895	61	R
275.83641043083895	275.88641043083896	74	sp
275.88641043083896	276.145410430839	19	EH1
276.145410430839	276.29541043083896	51	G
276.29541043083896	276.335410430839	69	Z
276.335410430839	276.404410430839	50	F
276.404410430839	276.44441043083896	61	R
276.44441043083896	276.50441043083896	21	ER0
276.50441043083896	276.604410430839	46	B
276.604410430839	276.68441043083897	61	R
276.68441043083897	276.714410430839	19	EH1
276.714410430839	276.80441043083897	54	K
276.80441043083897	276.913410430839	50	F
276.913410430839	277.02341043083896	6	AH0
277.02341043083896	277.22341043083895	62	S
277.22341043083895	277.312410430839	64	T
277.312410430839	286.5283446712018	74	sp
286.5283446712018	286.5883446712018	49	DH
286.5883446712018	286.81834467120177	25	EY1
286.81834467120177	287.0673446712018	10	AO1
287.0673446712018	287.1073446712018	50	F
287.1073446712018	287.15734467120177	64	T
287.15734467120177	287.2273446712018	6	AH0
287.2273446712018	287.3463446712018	58	N
287.3463446712018	287.4063446712018	51	G
287.4063446712018	287.6563446712018	35	OW1
287.6563446712018	287.6763446712018	74	sp
287.6763446712018	288.0153446712018	13	AW1
288.0153446712018	288.1053446712018	64	T
288.1053446712018	288.9733446712018	74	sp
288.9733446712018	289.1423446712018	28	IH1
289.1423446712018	289.3623446712018	58	N
289.3623446712018	289.4423446712018	49	DH
289.4423446712018	289.5713446712018	31	IY0
289.5713446712018	289.7813446712018	32	IY1
289.7813446712018	289.8513446712018	66	V
289.8513446712018	289.93134467120177	58	N
289.93134467120177	289.9603446712018	27	IH0
289.9603446712018	290.1703446712018	59	NG
290.1703446712018	302.4706575963719	74	sp
302.4706575963719	302.5006575963719	62	S
302.5006575963719	302.55065759637193	60	P
302.55065759637193	302.7796575963719	21	ER0
302.7796575963719	302.9296575963719	28	IH1
302.9296575963719	303.1386575963719	59	NG
303.1386575963719	303.3586575963719	62	S
303.3586575963719	303.41865759637193	64	T
303.41865759637193	303.4486575963719	61	R
303.4486575963719	303.7776575963719	32	IY1
303.7776575963719	303.80765759637194	64	T
303.80765759637194	304.0066575963719	74	sp
304.0066575963719	304.3566575963719	28	IH1
304.3566575963719	304.4356575963719	69	Z
304.4356575963719	304.4956575963719	74	sp
304.4956575963719	304.6856575963719	62	S
304.6856575963719	304.7456575963719	64	T
304.7456575963719	304.7756575963719	61	R
304.7756575963719	304.9346575963719	25	EY1
304.9346575963719	304.9746575963719	64	T
304.9746575963719	305.0346575963719	6	AH0
305.0346575963719	305.1246575963719	52	HH
305.1246575963719	305.28365759637194	19	EH1
305.28365759637194	305.39457941186504	48	D
305.39457941186504	314.7767800453514	74	sp
314.7767800453514	314.85678004535146	74	sp
314.85678004535146	315.06678004535144	28	IH1
315.06678004535144	315.20578004535145	69	Z
315.20578004535145	315.30578004535147	74	sp
315.30578004535147	315.3657800453514	49	DH
315.3657800453514	315.57578004535145	28	IH1
315.57578004535145	315.64478004535147	62	S
315.64478004535147	315.89478004535147	74	sp
315.89478004535147	315.95478004535147	62	S
315.95478004535147	316.1537800453514	32	IY1
316.1537800453514	316.37378004535145	62	S
316.37378004535145	316.54278004535144	11	AO2
316.54278004535144	316.78278004535144	62	S
316.78278004535144	317.00178004535144	25	EY1
317.00178004535144	317.0817800453514	50	F
317.0817800453514	325.22848072562357	74	sp
325.22848072562357	325.3284807256236	49	DH
325.3284807256236	325.4384807256236	28	IH1
325.4384807256236	325.50748072562357	62	S
325.50748072562357	325.63748072562356	74	sp
325.63748072562356	325.7274807256236	67	W
325.7274807256236	325.7774807256236	7	AH1
325.7774807256236	325.9564807256236	69	Z
325.9564807256236	326.1164807256236	74	sp
326.1164807256236	326.34648072562356	32	IY1
326.34648072562356	326.3954807256236	69	Z
326.3954807256236	326.5154807256236	31	IY0
326.5154807256236	326.63548072562355	50	F
326.63548072562355	326.75548072562356	10	AO1
326.75548072562356	326.83448072562356	61	R
326.83448072562356	327.02448072562356	7	AH1
327.02448072562356	327.1044807256236	62	S
327.1044807256236	336.26784580498867	74	sp
336.26784580498867	336.48784580498864	16	AY1
336.48784580498864	336.67684580498866	62	S
336.67684580498866	336.8368458049886	10	AO1
336.8368458049886	337.12584580498867	25	EY1
337.12584580498867	337.3058458049886	60	P
337.3058458049886	337.50584580498867	22	ER1
337.50584580498867	337.60484580498866	60	P
337.60484580498866	337.6448458049886	6	AH0
337.6448458049886	337.85484580498866	56	L
337.85484580498866	337.98484580498865	54	K
337.98484580498865	338.07384580498865	61	R
338.07384580498865	338.24384580498867	4	AE1
338.24384580498867	338.32384580498865	46	B
338.32384580498865	338.46284580498866	74	sp
338.46284580498866	338.7628458049886	1	AA1
338.7628458049886	338.9118458049886	58	N
338.9118458049886	338.9618458049886	49	DH
338.9618458049886	338.99184580498866	6	AH0
338.99184580498866	339.13184580498864	46	B
339.13184580498864	339.3608458049886	32	IY1
339.3608458049886	339.6762720613819	47	CH
339.6762720613819	367.6872647561152	74	sp
367.6872647561152	367.8862647561152	47	CH
367.8862647561152	368.0562647561152	1	AA1
368.0562647561152	368.0862647561152	61	R
368.0862647561152	368.1862647561152	56	L
368.1862647561152	368.7642647561152	31	IY0
368.7642647561152	369.14213405268	69	Z
369.14213405268	369.3432647561152	74	sp
369.3432647561152	369.60226475611523	48	D
369.60226475611523	369.7522647561152	22	ER1
369.7522647561152	369.8022647561152	64	T
369.8022647561152	369.9222647561152	31	IY0
369.9222647561152	370.00126475611523	48	D
370.00126475611523	370.0812647561152	28	IH1
370.0812647561152	370.2712647561152	63	SH
370.2712647561152	370.3212647561152	6	AH0
370.3212647561152	370.5550282596463	69	Z
370.5550282596463	381.33251700680273	74	sp
381.33251700680273	381.5315170068027	63	SH
381.5315170068027	381.6415170068027	41	UH1
381.6415170068027	381.73151700680273	48	D
381.73151700680273	381.8615170068027	53	JH
381.8615170068027	382.0405170068027	21	ER0
382.0405170068027	382.2705170068027	4	AE1
382.2705170068027	382.4795170068027	50	F
382.4795170068027	382.5595170068027	62	S
382.5595170068027	382.6795170068027	74	sp
382.6795170068027	382.71951700680273	46	B
382.71951700680273	382.9585170068027	31	IY0
382.9585170068027	383.11851700680273	54	K
383.11851700680273	383.26751700680273	4	AE1
383.26751700680273	383.3075170068027	60	P
383.3075170068027	383.3375170068027	64	T
383.3375170068027	383.5375170068027	74	sp
383.5375170068027	383.8065170068027	28	IH1
383.8065170068027	384.0165170068027	58	N
384.0165170068027	384.0565170068027	74	sp
384.0565170068027	384.2855170068027	62	S
384.2855170068027	384.3655170068027	57	M
384.3655170068027	384.6245170068027	10	AO1
384.6245170068027	384.6945170068027	56	L
384.6945170068027	385.0335170068027	74	sp
385.0335170068027	385.2035170068027	69	Z
385.2035170068027	385.4625170068027	44	UW1
385.4625170068027	385.6909751624299	69	Z
385.6909751624299	395.2478911564626	74	sp
395.2478911564626	395.44789115646256	32	IY1
395.44789115646256	395.50789115646256	66	V
395.50789115646256	395.5978911564626	6	AH0
395.5978911564626	395.83689115646257	58	N
395.83689115646257	396.5448911564626	74	sp
396.5448911564626	396.83489115646256	16	AY1
396.83489115646256	397.04389115646256	51	G
397.04389115646256	397.2038911564626	19	EH1
397.2038911564626	397.2738911564626	64	T
397.2738911564626	397.5128911564626	74	sp
397.5128911564626	397.5528911564626	49	DH
397.5528911564626	397.6028911564626	7	AH1
397.6028911564626	397.7828911564626	57	M
397.7828911564626	397.8618911564626	7	AH1
397.8618911564626	397.9818911564626	58	N
397.9818911564626	398.0218911564626	48	D
398.0218911564626	398.1718911564626	31	IY0
398.1718911564626	398.2908911564626	46	B
398.2908911564626	398.4008911564626	56	L
398.4008911564626	398.5908911564626	44	UW1
398.5908911564626	398.7498911564626	69	Z
398.7498911564626	409.4304761904762	74	sp
409.4304761904762	409.5694761904762	49	DH
409.5694761904762	409.86947619047623	25	EY1
409.86947619047623	410.0084761904762	74	sp
410.0084761904762	410.3674761904762	35	OW1
410.3674761904762	410.48747619047623	58	N
410.48747619047623	410.5874761904762	74	sp
410.5874761904762	410.7574761904762	25	EY1
410.7574761904762	410.9264761904762	46	B
410.9264761904762	411.1064761904762	28	IH1
411.1064761904762	411.1464761904762	51	G
411.1464761904762	411.3154761904762	52	HH
411.3154761904762	411.6154761904762	13	AW1
411.6154761904762	411.8144761904762	62	S
411.8144761904762	412.0644761904762	74	sp
412.0644761904762	412.1834761904762	28	IH1
412.1834761904762	412.3034761904762	58	N
412.3034761904762	412.33347619047623	74	sp
412.33347619047623	412.5434761904762	10	AO1
412.5434761904762	412.7124761904762	62	S
412.7124761904762	412.7824761904762	64	T
412.7824761904762	412.8424761904762	6	AH0
412.8424761904762	413.0514761904762	58	N
413.0514761904762	413.2814761904762	74	sp
413.2814761904762	413.3614761904762	64	T
413.3614761904762	413.47047619047623	19	EH1
413.47047619047623	413.59047619047624	54	K
413.59047619047624	413.7104761904762	62	S
413.7104761904762	413.8104761904762	6	AH0
413.8104761904762	413.9094761904762	62	S
413.9094761904762	423.2597732426304	74	sp
423.2597732426304	423.28977324263036	46	B
423.28977324263036	423.34977324263036	56	L
423.34977324263036	423.5197732426304	44	UW1
423.5197732426304	423.7287732426304	47	CH
423.7287732426304	423.9977732426304	32	IY1
423.9977732426304	424.0977732426304	69	Z
424.0977732426304	424.1977732426304	74	sp
424.1977732426304	424.3177732426304	62	S
424.3177732426304	424.4367732426304	57	M
424.4367732426304	424.5267732426304	19	EH1
424.5267732426304	424.6867732426304	56	L
424.6867732426304	424.7167732426304	69	Z
424.7167732426304	424.9357732426304	50	F
424.9357732426304	425.0257732426304	7	AH1
425.0257732426304	425.1057732426304	58	N
425.1057732426304	425.31577324263037	31	IY0
425.31577324263037	437.1453968253968	74	sp
437.1453968253968	437.1953968253968	49	DH
437.1953968253968	437.28539682539684	7	AH1
437.28539682539684	437.49439682539685	46	B
437.49439682539685	437.7143968253968	28	IH1
437.7143968253968	437.7743968253968	51	G
437.7743968253968	437.97339682539683	74	sp
437.97339682539683	438.03339682539684	48	D
438.03339682539684	438.30239682539684	10	AO1
438.30239682539684	438.4423968253968	51	G
438.4423968253968	438.61239682539684	56	L
438.61239682539684	438.8513968253968	7	AH1
438.8513968253968	438.90139682539683	66	V
438.90139682539683	438.9313968253968	48	D
438.9313968253968	438.9913968253968	74	sp
438.9913968253968	439.0913968253968	64	T
439.0913968253968	439.1503968253968	6	AH0
439.1503968253968	439.41039682539684	47	CH
439.41039682539684	439.7693968253968	44	UW1
439.7693968253968	439.8393968253968	74	sp
439.8393968253968	440.1383968253968	1	AA1
440.1383968253968	440.2983968253968	58	N
440.2983968253968	440.32839682539685	49	DH
440.32839682539685	440.54739682539685	7	AH1
440.54739682539685	440.8873968253968	35	OW1
440.8873968253968	440.9163968253968	56	L
440.9163968253968	440.9963968253968	48	D
440.9963968253968	441.07639682539684	61	R
441.07639682539684	441.3063968253968	4	AE1
441.3063968253968	441.3853968253968	51	G
441.3853968253968	441.4553968253968	74	sp
441.4553968253968	441.5053968253968	48	D
441.5053968253968	441.72539682539684	1	AA1
441.72539682539684	441.82439682539683	56	L
441.82439682539683	451.3574603174603	74	sp
451.3574603174603	451.4374603174603	51	G
451.4374603174603	451.5864603174603	19	EH1
451.5864603174603	451.7464603174603	62	S
451.7464603174603	451.7864603174603	74	sp
451.7864603174603	451.8364603174603	49	DH
451.8364603174603	451.9064603174603	6	AH0
451.9064603174603	452.0754603174603	54	K
452.0754603174603	452.1354603174603	67	W
452.1354603174603	452.2154603174603	19	EH1
452.2154603174603	452.4354603174603	63	SH
452.4354603174603	452.5344603174603	6	AH0
452.5344603174603	452.7244603174603	58	N
452.7244603174603	453.0034603174603	74	sp
453.0034603174603	453.0534603174603	50	F
453.0534603174603	453.0934603174603	61	R
453.0934603174603	453.2234603174603	7	AH1
453.2234603174603	453.3924603174603	57	M
453.3924603174603	453.4224603174603	49	DH
453.4224603174603	453.588254766985	6	AH0
453.588254766985	453.8014603174603	4	AE1
453.8014603174603	453.8914603174603	58	N
453.8914603174603	454.0414603174603	62	S
454.0414603174603	454.2304603174603	21	ER0
454.2304603174603	464.0201409298551	74	sp
464.0201409298551	464.3037906774017	62	S
464.3037906774017	464.3557729992619	67	W
464.3557729992619	464.47364011901357	27	IH0
464.47364011901357	464.5743748215246	59	NG
464.5743748215246	464.7338329358981	27	IH0
464.7338329358981	464.86310821027473	59	NG
464.86310821027473	464.91163356433026	68	Y
464.91163356433026	465.0185537310306	6	AH0
465.0185537310306	465.1317340836375	61	R
465.1317340836375	465.31909586125187	1	AA1
465.31909586125187	465.4268996656935	61	R
465.4268996656935	465.553259862703	57	M
465.553259862703	465.64953089675424	69	Z
465.64953089675424	465.88369489820536	4	AE1
465.88369489820536	465.96348887657757	69	Z
465.96348887657757	466.1367657666609	52	HH
466.1367657666609	466.53863825009654	16	AY1
466.53863825009654	466.7459504814481	4	AE1
466.7459504814481	466.8677325407598	69	Z
466.8677325407598	466.93066134583876	68	Y
466.93066134583876	467.0018094722427	44	UW1
467.0018094722427	467.10589603685105	54	K
467.10589603685105	467.3524309666807	4	AE1
467.3524309666807	467.48851117884476	58	N
467.48851117884476	478.84532583865007	74	sp
478.84532583865007	478.99554425467534	60	P
478.99554425467534	479.0900401766673	56	L
479.0900401766673	479.18458941498903	32	IY1
479.18458941498903	479.3290794739228	69	Z
479.3290794739228	479.4750702266866	62	S
479.4750702266866	479.69951421298316	28	IH1
479.69951421298316	479.94524939785583	59	NG
479.94524939785583	480.0197493863569	53	JH
480.0197493863569	480.21061513848315	7	AH1
480.21061513848315	480.3714372074043	62	S
480.3714372074043	480.48189192506993	64	T
480.48189192506993	480.65072788657096	49	DH
480.65072788657096	480.8648877330259	6	AH0
480.8648877330259	482.0081942041969	74	sp
482.0081942041969	482.23330821053884	54	K
482.23330821053884	482.2651191692266	56	L
482.2651191692266	483.24153887339065	7	AH1
483.24153887339065	483.38999001393324	46	B
483.38999001393324	483.9266188636678	74	sp
483.9266188636678	483.95535983013724	65	TH
483.95535983013724	484.15682923515936	32	IY1
484.15682923515936	484.29732763603	57	M
484.29732763603	494.1101133786848	74	sp
494.1101133786848	494.22011337868474	49	DH
494.22011337868474	494.34011337868475	7	AH1
494.34011337868475	494.45011337868476	74	sp
494.45011337868476	494.5691133786848	4	AE1
494.5691133786848	494.7591133786848	59	NG
494.7591133786848	494.80911337868474	51	G
494.80911337868474	494.90911337868476	61	R
494.90911337868476	495.18811337868476	31	IY0
495.18811337868476	495.46711337868476	74	sp
495.46711337868476	495.53711337868475	46	B
495.53711337868475	495.87611337868475	38	OY1
495.87611337868475	496.0361133786848	48	D
496.0361133786848	496.3651133786848	28	IH1
496.3651133786848	496.45511337868476	58	N
496.45511337868476	496.4851133786848	64	T
496.4851133786848	496.97411337868476	74	sp
496.97411337868476	497.06411337868474	56	L
497.06411337868474	497.18311337868477	41	UH1
497.18311337868477	497.31311337868476	54	K
497.31311337868476	497.4131133786848	74	sp
497.4131133786848	497.66211337868475	7	AH1
497.66211337868475	497.6921133786848	60	P
497.6921133786848	515.1101133786848	74	sp
515.1101133786848	515.1501133786849	61	R
515.1501133786849	515.3201133786848	1	AA1
515.3201133786848	515.5101133786848	46	B
