14.299	14.349	48	D
14.349	14.469	61	R
14.469	14.579	10	AO1
14.579	14.739	19	EH1
14.739	14.848	66	V
14.848	14.918	61	R
14.918	15.028	31	IY0
15.028	15.247	13	AW1
15.247	15.277	64	T
15.277	15.417	21	ER0
15.417	15.527	56	L
15.527	15.696	16	AY1
15.696	15.776	58	N
15.776	15.906	50	F
15.906	16.175	22	ER1
16.175	16.335	62	S
16.335	16.365	64	T
16.365	16.405	49	DH
16.405	16.475	19	EH1
16.475	16.604	58	N
16.604	16.684	50	F
16.684	16.744	28	IH1
16.744	16.934	56	L
16.934	17.013	28	IH1
17.013	17.103	58	N
17.103	17.153	49	DH
17.153	17.253	31	IY0
17.253	17.353	29	IH2
17.353	17.392	58	N
17.392	17.552	64	T
17.552	17.672	28	IH1
17.672	17.752	61	R
17.752	17.851	31	IY0
17.851	18.061	21	ER0
18.061	21.683	73	ns
21.683	21.723	74	sp
21.723	24.077	73	ns
24.077	24.107	49	DH
24.107	24.147	6	AH0
24.147	24.307	67	W
24.307	24.506	10	AO1
24.506	24.536	64	T
24.536	24.716	21	ER0
24.716	24.806	54	K
24.806	24.846	6	AH0
24.846	24.915	58	N
24.915	25.045	64	T
25.045	25.285	25	EY1
25.285	25.374	58	N
25.374	25.404	48	D
25.404	25.544	64	T
25.544	25.664	44	UW1
25.664	25.803	57	M
25.803	25.863	7	AH1
25.863	26.013	47	CH
26.013	26.143	54	K
26.143	26.182	56	L
26.182	26.332	10	AO1
26.332	26.472	61	R
26.472	26.711	31	IY0
26.711	26.741	58	N
26.741	26.771	6	AH0
26.771	26.821	58	N
26.821	26.851	48	D
26.851	26.981	62	S
26.981	27.031	64	T
27.031	27.19	7	AH1
27.19	27.23	59	NG
27.23	27.29	52	HH
27.29	27.32	6	AH0
27.32	27.41	69	Z
27.41	27.759	16	AY1
27.759	28.118	69	Z
28.118	32.758	73	ns
32.758	32.827	74	sp
32.827	38.774	73	ns
38.774	38.894	53	JH
38.894	39.103	1	AA1
39.103	39.213	58	N
39.213	39.323	69	Z
39.323	39.422	74	sp
39.422	39.462	46	B
39.462	39.562	61	R
39.562	39.662	7	AH1
39.662	39.712	49	DH
39.712	39.881	21	ER0
39.881	40.231	74	sp
40.231	40.31	61	R
40.31	40.41	31	IY0
40.41	40.57	60	P
40.57	40.769	25	EY1
40.769	40.829	58	N
40.829	40.899	64	T
40.899	40.959	6	AH0
40.959	41.039	48	D
41.039	41.069	49	DH
41.069	41.109	6	AH0
41.109	41.178	51	G
41.178	41.358	21	ER0
41.358	41.548	1	AA1
41.548	41.707	70	ZH
41.707	41.777	48	D
41.777	42.017	10	AO1
42.017	42.146	61	R
42.146	47.195	73	ns
47.195	53.091	73	ns
53.091	53.261	47	CH
53.261	53.421	4	AE1
53.421	53.6	56	L
53.6	53.67	6	AH0
53.67	53.75	58	N
53.75	53.87	53	JH
53.87	53.909	74	sp
53.909	54.159	32	IY1
54.159	54.378	47	CH
54.378	54.418	74	sp
54.418	54.538	53	JH
54.538	54.628	19	EH1
54.628	54.758	58	N
54.758	54.837	61	R
54.837	54.877	6	AH0
54.877	55.027	56	L
55.027	55.276	69	Z
55.276	55.346	29	IH2
55.346	55.406	58	N
55.406	55.526	64	T
55.526	55.566	19	EH1
55.566	55.725	56	L
55.725	55.765	6	AH0
55.765	55.895	53	JH
55.895	55.975	6	AH0
55.975	56.065	58	N
56.065	56.334	62	S
56.334	60.095	73	ns
60.095	67.099	73	ns
67.099	67.219	5	AE2
67.219	67.319	57	M
67.319	67.379	46	B
67.379	67.409	6	AH0
67.409	67.529	48	D
67.529	67.628	19	EH1
67.628	67.698	54	K
67.698	67.828	62	S
67.828	67.888	64	T
67.888	67.968	61	R
67.968	67.997	6	AH0
67.997	68.147	62	S
68.147	68.287	60	P
68.287	68.367	28	IH1
68.367	68.486	54	K
68.486	68.646	60	P
68.646	68.806	2	AA2
68.806	68.935	54	K
68.935	69.005	6	AH0
69.005	69.075	64	T
69.075	69.135	62	S
69.135	69.165	6	AH0
69.165	69.324	54	K
69.324	69.454	1	AA1
69.454	69.494	57	M
69.494	69.594	60	P
69.594	69.654	56	L
69.654	69.684	27	IH0
69.684	69.843	63	SH
69.843	70.013	57	M
70.013	70.192	10	AO1
70.192	70.282	61	R
70.282	73.804	73	ns
73.804	80.878	73	ns
80.878	80.938	6	AH0
80.938	81.068	57	M
81.068	81.158	7	AH1
81.158	81.327	62	S
81.327	81.377	54	K
81.377	81.427	68	Y
81.427	81.457	6	AH0
81.457	81.537	56	L
81.537	81.656	21	ER0
81.656	81.916	4	AE1
81.916	81.966	46	B
81.966	82.036	48	D
82.036	82.065	6	AH0
82.065	82.175	57	M
82.175	82.205	6	AH0
82.205	82.275	58	N
82.275	82.315	6	AH0
82.315	82.455	69	Z
82.455	82.544	51	G
82.544	82.594	6	AH0
82.594	82.654	48	D
82.654	82.784	50	F
82.784	82.824	21	ER0
82.824	82.894	68	Y
82.894	82.924	41	UH1
82.924	82.993	61	R
82.993	83.093	46	B
83.093	83.382	4	AE1
83.382	83.512	54	K
83.512	87.174	73	ns
87.174	93.4	73	ns
93.4	93.44	49	DH
93.44	93.649	25	EY1
93.649	93.948	35	OW1
93.948	94.018	58	N
94.018	94.068	6	AH0
94.068	94.208	46	B
94.208	94.338	28	IH1
94.338	94.407	51	G
94.407	94.567	52	HH
94.567	94.807	13	AW1
94.807	94.996	62	S
94.996	95.026	6	AH0
95.026	95.106	58	N
95.106	95.136	49	DH
95.136	95.166	6	AH0
95.166	95.295	61	R
95.295	95.325	6	AH0
95.325	95.435	57	M
95.435	95.595	35	OW1
95.595	95.625	64	T
95.625	95.764	54	K
95.764	95.864	7	AH1
95.864	95.924	58	N
95.924	96.064	64	T
96.064	96.104	61	R
96.104	96.143	31	IY0
96.143	96.323	62	S
96.323	96.592	17	AY2
96.592	96.672	48	D
96.672	100.244	73	ns
100.244	107.488	73	ns
107.488	107.528	49	DH
107.528	107.63942720971487	6	AH0
107.63942720971487	107.807	61	R
107.807	108.106	35	OW1
108.106	108.475	69	Z
108.475	108.545	74	sp
108.545	108.695	54	K
108.695	108.775	9	AO0
108.775	108.825	61	R
108.825	108.984	62	S
108.984	109.254	1	AA1
109.254	109.353	70	ZH
109.353	109.533	62	S
109.533	109.613	57	M
109.613	109.643	19	EH1
109.643	109.733	56	L
109.733	109.763	48	D
109.763	109.962	62	S
109.962	110.092	67	W
110.092	110.271	32	IY1
110.271	110.311	64	T
110.311	114.352	73	ns
114.352	120.498	73	ns
120.498	120.538	49	DH
120.538	120.648	4	AE1
120.648	120.708	64	T
120.708	120.847	60	P
120.847	120.957	28	IH1
120.957	121.017	54	K
121.017	121.157	60	P
121.157	121.296	2	AA2
121.296	121.406	54	K
121.406	121.456	6	AH0
121.456	121.506	64	T
121.506	121.546	67	W
121.546	121.576	6	AH0
121.576	121.715	69	Z
121.715	121.805	54	K
121.805	121.965	1	AA1
121.965	122.025	64	T
122.025	122.134	61	R
122.134	122.204	19	EH1
122.204	122.254	48	D
122.254	122.374	52	HH
122.374	122.504	4	AE1
122.504	122.583	58	N
122.583	122.653	48	D
122.653	122.733	6	AH0
122.733	122.793	48	D
122.793	127.293	73	ns
127.293	132.261	73	ns
132.261	132.471	6	AH0
132.471	132.511	58	N
132.511	132.541	6	AH0
132.541	132.611	48	D
132.611	132.651	7	AH1
132.651	132.86	56	L
132.86	132.95	64	T
132.95	133.119	57	M
133.119	133.219	25	EY1
133.219	133.409	56	L
133.409	133.489	46	B
133.489	133.588	6	AH0
133.588	133.658	46	B
133.658	133.828	44	UW1
133.828	133.898	58	N
133.898	134.017	69	Z
134.017	134.127	64	T
134.127	134.297	32	IY1
134.297	134.387	65	TH
134.387	134.516	21	ER0
134.516	134.626	53	JH
134.626	134.706	6	AH0
134.706	135.115	62	S
135.115	135.145	64	T
135.145	135.374	74	sp
135.374	135.434	58	N
135.434	135.574	1	AA1
135.574	135.614	64	T
135.614	135.853	62	S
135.853	135.983	44	UW1
135.983	136.013	64	T
136.013	136.043	6	AH0
136.043	136.173	46	B
136.173	136.202	6	AH0
136.202	136.282	56	L
136.282	136.492	50	F
136.492	136.661	21	ER0
136.661	136.781	74	sp
136.781	136.921	32	IY1
136.921	136.951	64	T
136.951	137.021	27	IH0
137.021	137.14	59	NG
137.14	137.37	63	SH
137.37	137.45	19	EH1
137.45	137.619	56	L
137.619	137.699	50	F
137.699	137.879	29	IH2
137.879	138.158	63	SH
138.158	141.83	73	ns
141.83	141.899	74	sp
141.899	151.428	73	ns
151.428	151.508	52	HH
151.508	151.587	22	ER1
151.587	151.837	67	W
151.837	151.887	10	AO1
151.887	151.947	61	R
151.947	152.036	48	D
152.036	152.186	61	R
152.186	152.276	36	OW2
152.276	152.306	46	B
152.306	152.446	54	K
152.446	152.485	6	AH0
152.485	152.555	58	N
152.555	152.735	62	S
152.735	152.795	28	IH1
152.795	153.014	62	S
153.014	153.044	6	AH0
153.044	153.144	66	V
153.144	153.274	35	OW1
153.274	153.334	58	N
153.334	153.383	56	L
153.383	153.413	31	IY0
153.413	153.623	62	S
153.623	153.683	54	K
153.683	153.882	22	ER1
153.882	153.942	64	T
153.942	154.032	62	S
154.032	154.062	6	AH0
154.062	154.132	58	N
154.132	154.162	48	D
154.162	154.202	46	B
154.202	154.311	56	L
154.311	154.471	13	AW1
154.471	154.611	62	S
154.611	154.69	6	AH0
154.69	154.97	69	Z
154.97	158.921	73	ns
158.921	159.001	74	sp
159.001	166.833	73	ns
166.833	166.883	49	DH
166.883	167.0268475654295	6	AH0
167.0268475654295	167.132	64	T
167.132	167.342	44	UW1
167.342	167.541	1	AA1
167.541	167.621	61	R
167.621	167.651	64	T
167.651	167.701	6	AH0
167.701	167.87	62	S
167.87	167.91	27	IH0
167.91	167.94	54	K
167.94	168.08	62	S
168.08	168.18	47	CH
168.18	168.329	25	EY1
168.329	168.369	58	N
168.369	168.509	53	JH
168.509	168.549	48	D
168.549	168.729	10	AO1
168.729	168.758	64	T
168.758	168.848	6	AH0
168.848	168.938	51	G
168.938	169.048	61	R
169.048	169.217	5	AE2
169.217	169.277	50	F
169.277	169.537	62	S
169.537	173.228	73	ns
173.228	179.943	73	ns
179.943	180.023	46	B
180.023	180.093	7	AH1
180.093	180.143	64	T
180.143	180.222	21	ER0
180.222	180.332	62	S
180.332	180.372	54	K
180.372	180.552	2	AA2
180.552	180.751	47	CH
180.751	180.911	50	F
180.911	181.13	7	AH1
181.13	181.39	53	JH
181.39	181.47	51	G
181.47	181.699	35	OW1
181.699	181.829	69	Z
181.829	181.859	74	sp
181.859	181.958	67	W
181.958	182.048	19	EH1
182.048	182.188	56	L
182.188	182.268	67	W
182.268	182.298	28	IH1
182.298	182.407	65	TH
182.407	182.437	66	V
182.437	182.477	6	AH0
182.477	182.557	58	N
182.557	182.597	28	IH1
182.597	182.807	56	L
182.807	182.836	6	AH0
182.836	183.026	16	AY1
183.026	183.216	62	S
183.216	183.325	54	K
183.325	183.425	61	R
183.425	183.525	32	IY1
183.525	183.61331301338768	57	M
183.61331301338768	187.326	73	ns
187.326	195.119	73	ns
195.119	195.268	61	R
195.268	195.4332118957529	28	IH1
195.4332118957529	195.71546589385306	47	CH
195.71546589385306	196.755	74	sp
196.755	196.865	60	P
196.865	197.044	22	ER1
197.044	197.194	47	CH
197.194	197.234	6	AH0
197.234	197.314	62	S
197.314	197.343	64	T
197.343	197.613	62	S
197.613	197.723	19	EH1
197.723	197.872	66	V
197.872	198.002	21	ER0
198.002	198.032	6	AH0
198.032	198.221	56	L
198.221	198.411	62	S
198.411	198.611	16	AY1
198.611	198.68	58	N
198.68	198.74	48	D
198.74	198.93	10	AO1
198.93	198.98	64	T
198.98	199.04	6	AH0
199.04	199.07	51	G
199.07	199.219	61	R
199.219	199.429	5	AE2
199.429	199.519	50	F
199.519	199.798	62	S
199.798	201.005	74	sp
201.005	201.165	21	ER0
201.165	201.265	56	L
201.265	201.295	28	IH1
201.295	201.404	65	TH
201.404	201.454	6	AH0
201.454	201.554	51	G
201.554	201.664	61	R
201.664	201.813	5	AE2
201.813	201.953	50	F
201.953	202.063	62	S
230.867	230.957	19	EH1
230.957	231.017	58	N
231.017	231.127	31	IY0
231.127	231.236	54	K
231.236	231.316	2	AA2
231.316	231.356	58	N
231.356	231.436	64	T
231.436	231.466	61	R
231.466	231.496	6	AH0
231.496	231.566	46	B
231.566	231.715	68	Y
231.715	231.755	44	UW1
231.755	231.945	63	SH
231.945	231.975	6	AH0
231.975	232.025	58	N
232.025	232.095	69	Z
232.095	232.124	67	W
232.124	232.154	6	AH0
232.154	232.184	56	L
232.184	232.224	46	B
232.224	232.274	32	IY1
232.274	232.354	51	G
232.354	232.494	61	R
232.494	232.553	25	EY1
232.553	232.633	64	T
232.633	232.673	56	L
232.673	232.763	31	IY0
232.763	232.793	6	AH0
232.793	232.933	60	P
232.933	232.992	61	R
232.992	233.032	32	IY1
233.032	233.272	63	SH
233.272	233.302	31	IY0
233.302	233.501	26	EY2
233.501	233.541	64	T
233.541	233.601	6	AH0
233.601	233.701	48	D
233.701	247.709	73	ns
247.709	248.747	73	ns
248.747	248.787	49	DH
248.787	248.826	6	AH0
248.826	248.936	54	K
248.936	249.096	61	R
249.096	249.186	4	AE1
249.186	249.256	58	N
249.256	249.305	46	B
249.305	249.355	20	EH2
249.355	249.475	61	R
249.475	249.575	31	IY0
249.575	249.645	46	B
249.645	249.934	1	AA1
249.934	250.024	51	G
250.024	250.403	74	sp
250.403	250.503	51	G
250.503	250.592	28	IH1
250.592	250.642	64	T
250.642	250.762	62	S
250.762	250.852	66	V
250.852	250.882	19	EH1
250.882	251.012	61	R
251.012	251.241	31	IY0
251.241	251.421	74	sp
251.421	251.55	60	P
251.55	251.61	61	R
251.61	251.64	28	IH1
251.64	251.68	64	T
251.68	251.8	31	IY0
251.8	251.83	6	AH0
251.83	251.909	58	N
251.909	251.959	74	sp
251.959	252.219	10	AO1
252.219	252.269	64	T
252.269	252.309	6	AH0
252.309	252.49199537330705	57	M
252.49199537330705	256.719	73	ns
256.719	265.309	73	ns
265.309	265.389	52	HH
265.389	265.489	13	AW1
265.489	265.578	48	D
265.578	265.838	44	UW1
265.838	265.898	38	OY1
265.898	266.037	62	S
266.037	266.097	64	T
266.097	266.187	21	ER0
266.187	266.257	69	Z
266.257	266.297	74	sp
266.297	266.377	57	M
266.377	266.446	25	EY1
266.446	266.536	54	K
266.536	266.666	60	P
266.666	266.875	22	ER1
266.875	266.955	56	L
266.955	267.255	69	Z
267.255	273.251	73	ns
273.251	278.419	73	ns
278.419	278.569	57	M
278.569	278.739	25	EY1
278.739	278.988	16	AY1
278.988	279.138	74	sp
279.138	279.297	10	AO1
279.297	279.347	61	R
279.347	279.377	48	D
279.377	279.547	21	ER0
279.547	279.587	6	AH0
279.587	279.786	60	P
279.786	279.876	1	AA1
279.876	279.916	61	R
279.916	280.115	50	F
280.115	280.504	25	EY1
280.504	280.794	4	AE1
280.794	280.973	50	F
280.973	281.043	64	T
281.043	281.263	21	ER0
281.263	281.432	16	AY1
281.432	281.612	32	IY1
281.612	281.642	64	T
281.642	281.712	74	sp
281.712	281.772	48	D
281.772	281.841	28	IH1
281.841	281.911	58	N
281.911	282.031	21	ER0
282.031	289.434	73	ns
289.434	295.73	73	ns
295.73	295.76	6	AH0
295.76	295.79	69	Z
295.79	295.969	63	SH
295.969	296.029	32	IY1
296.029	296.129	51	G
296.129	296.309	35	OW1
296.309	296.339	27	IH0
296.339	296.438	59	NG
296.438	296.508	67	W
296.508	296.548	28	IH1
296.548	296.708	65	TH
296.708	296.857	68	Y
296.857	296.897	44	UW1
296.897	300.978	73	ns
300.978	301.018	74	sp
301.018	306.156	73	ns
306.156	306.236	54	K
306.236	306.266	6	AH0
306.266	306.386	58	N
306.386	306.426	49	DH
306.426	306.705	31	IY0
306.705	306.964	74	sp
306.964	307.194	25	EY1
307.194	307.294	53	JH
307.294	307.324	6	AH0
307.324	307.383	58	N
307.383	307.523	62	S
307.523	307.653	31	IY0
307.653	307.693	35	OW1
307.693	307.842	66	V
307.842	307.942	21	ER0
307.942	308.052	65	TH
308.052	308.182	61	R
308.182	308.271	36	OW2
308.271	308.401	25	EY1
308.401	308.531	56	L
308.531	308.641	31	IY0
308.641	308.67	6	AH0
308.67	308.74	58	N
308.74	308.89	50	F
308.89	308.99	10	AO1
308.99	309.06	61	R
309.06	309.219	62	S
309.219	309.299	6	AH0
309.299	309.578	69	Z
309.578	313.849	73	ns
313.849	327.059	73	ns
327.059	327.109	48	D
327.109	327.248	61	R
327.248	327.378	10	AO1
327.378	327.528	19	EH1
327.528	327.647	66	V
327.647	327.727	61	R
327.727	327.847	31	IY0
327.847	328.046	13	AW1
328.046	328.076	64	T
328.076	328.226	21	ER0
328.226	328.326	56	L
328.326	328.495	16	AY1
328.495	328.565	58	N
328.565	328.695	50	F
328.695	328.914	22	ER1
328.914	329.064	62	S
329.064	329.094	64	T
329.094	329.134	49	DH
329.134	329.164	19	EH1
329.164	329.284	58	N
329.284	329.443	50	F
329.443	329.503	28	IH1
329.503	329.693	56	L
329.693	329.773	6	AH0
329.773	329.872	58	N
329.872	329.902	49	DH
329.902	330.062	31	IY0
330.062	330.092	29	IH2
330.092	330.172	58	N
330.172	330.291	64	T
330.291	330.411	28	IH1
330.411	330.521	61	R
330.521	330.581	31	IY0
330.581	330.79	21	ER0
330.79	335.879	73	ns
335.879	335.919	74	sp
335.919	341.306	73	ns
341.306	341.346	49	DH
341.346	341.376	6	AH0
341.376	341.526	67	W
341.526	341.755	10	AO1
341.755	341.785	64	T
341.785	341.925	21	ER0
341.925	342.035	54	K
342.035	342.075	6	AH0
342.075	342.174	58	N
342.174	342.334	64	T
342.334	342.543	25	EY1
342.543	342.773	58	N
342.773	342.833	48	D
342.833	343.032	64	T
343.032	343.212	44	UW1
343.212	343.352	57	M
343.352	343.412	7	AH1
343.412	343.581	47	CH
343.581	343.701	54	K
343.701	343.741	56	L
343.741	343.86	10	AO1
343.86	343.98	61	R
343.98	344.11	31	IY0
344.11	344.2	58	N
344.2	344.23	6	AH0
344.23	344.26	58	N
344.26	344.29	48	D
344.29	344.449	62	S
344.449	344.499	64	T
344.499	344.579	7	AH1
344.579	344.659	59	NG
344.659	344.689	52	HH
344.689	344.719	6	AH0
344.719	344.868	69	Z
344.868	345.187	16	AY1
345.187	345.567	69	Z
345.567	349.218	73	ns
349.218	357.39	73	ns
357.39	357.5	53	JH
357.5	357.579	1	AA1
357.579	357.759	58	N
357.759	357.849	69	Z
357.849	357.948	46	B
357.948	358.018	61	R
358.018	358.118	7	AH1
358.118	358.178	49	DH
358.178	358.298	21	ER0
358.298	358.387	61	R
358.387	358.487	31	IY0
358.487	358.627	60	P
358.627	358.797	25	EY1
358.797	358.856	58	N
358.856	358.916	64	T
358.916	358.996	6	AH0
358.996	359.026	48	D
359.026	359.056	49	DH
359.056	359.086	6	AH0
359.086	359.136	51	G
359.136	359.345	21	ER0
359.345	359.535	1	AA1
359.535	359.695	70	ZH
359.695	359.774	48	D
359.774	360.064	10	AO1
360.064	360.134	61	R
360.134	365.372	73	ns
365.372	371.907	73	ns
371.907	372.056	47	CH
372.056	372.156	4	AE1
372.156	372.256	56	L
372.256	372.286	6	AH0
372.286	372.396	58	N
372.396	372.555	53	JH
372.555	372.745	32	IY1
372.745	372.944	47	CH
372.944	373.074	53	JH
373.074	373.154	19	EH1
373.154	373.224	58	N
373.224	373.363	21	ER0
373.363	373.393	6	AH0
373.393	373.513	56	L
373.513	373.623	69	Z
373.623	373.753	74	sp
373.753	373.792	29	IH2
373.792	373.872	58	N
373.872	373.982	64	T
373.982	374.052	19	EH1
374.052	374.221	56	L
374.221	374.271	6	AH0
374.271	374.361	53	JH
374.361	374.401	6	AH0
374.401	374.541	58	N
374.541	374.8	62	S
374.8	378.641	73	ns
378.641	378.981	74	sp
378.981	386.384	73	ns
386.384	386.534	5	AE2
386.534	386.613	57	M
386.613	386.643	46	B
386.643	386.673	6	AH0
386.673	386.813	48	D
386.813	386.903	19	EH1
386.903	386.963	54	K
386.963	387.092	62	S
387.092	387.142	64	T
387.142	387.172	61	R
387.172	387.202	6	AH0
387.202	387.332	62	S
387.332	387.352	74	sp
387.352	387.431	60	P
387.431	387.511	28	IH1
387.511	387.591	54	K
387.591	387.761	60	P
387.761	387.9	2	AA2
387.9	388.01	54	K
388.01	388.05	6	AH0
388.05	388.08	64	T
388.08	388.18	62	S
388.18	388.21	6	AH0
388.21	388.329	54	K
388.329	388.479	1	AA1
388.479	388.509	57	M
388.509	388.629	60	P
388.629	388.659	56	L
388.659	388.689	27	IH0
388.689	388.878	63	SH
388.878	389.008	57	M
389.008	389.108	10	AO1
389.108	389.138	61	R
389.138	390.824	73	ns
390.824	398.217	73	ns
398.217	398.247	6	AH0
398.247	398.377	57	M
398.377	398.456	7	AH1
398.456	398.616	62	S
398.616	398.646	54	K
398.646	398.716	68	Y
398.716	398.766	6	AH0
398.766	398.826	56	L
398.826	398.935	21	ER0
398.935	398.965	74	sp
398.965	399.205	4	AE1
399.205	399.295	46	B
399.295	399.324	48	D
399.324	399.364	6	AH0
399.364	399.454	57	M
399.454	399.484	6	AH0
399.484	399.574	58	N
399.574	399.614	6	AH0
399.614	399.773	69	Z
399.773	399.833	51	G
399.833	399.883	6	AH0
399.883	399.943	48	D
399.943	400.073	50	F
400.073	400.123	61	R
400.123	400.153	21	ER0
400.153	400.182	68	Y
400.182	400.242	41	UH1
400.242	400.282	61	R
400.282	400.382	46	B
400.382	400.641	4	AE1
400.641	400.801	54	K
400.801	404.662	73	ns
404.662	411.986	73	ns
411.986	412.036	49	DH
412.036	412.175	25	EY1
412.175	412.345	35	OW1
412.345	412.415	58	N
412.415	412.475	6	AH0
412.475	412.594	46	B
412.594	412.674	28	IH1
412.674	412.744	51	G
412.744	412.924	52	HH
412.924	413.133	13	AW1
413.133	413.323	62	S
413.323	413.353	6	AH0
413.353	413.422	58	N
413.422	413.462	49	DH
413.462	413.492	6	AH0
413.492	413.562	61	R
413.562	413.592	6	AH0
413.592	413.722	57	M
413.722	413.851	35	OW1
413.851	413.901	64	T
413.901	414.031	54	K
414.031	414.091	7	AH1
414.091	414.151	58	N
414.151	414.3	64	T
414.3	414.33	61	R
414.33	414.37	31	IY0
414.37	414.57	62	S
414.57	414.749	17	AY2
414.749	414.919	48	D
414.919	418.79	73	ns
418.79	424.517	73	ns
424.517	424.557	49	DH
424.557	424.587	6	AH0
424.587	424.777	61	R
424.777	424.966	35	OW1
424.966	425.076	69	Z
425.076	425.206	54	K
425.206	425.246	9	AO0
425.246	425.345	61	R
425.345	425.495	62	S
425.495	425.704	1	AA1
425.704	425.804	70	ZH
425.804	425.974	62	S
425.974	426.034	57	M
426.034	426.064	19	EH1
426.064	426.193	56	L
426.193	426.223	48	D
426.223	426.453	62	S
426.453	426.573	67	W
426.573	426.772	32	IY1
426.772	426.942	64	T
426.942	430.414	73	ns
430.414	438.545	73	ns
438.545	438.595	49	DH
438.595	438.695	4	AE1
438.695	438.865	64	T
438.865	438.904	60	P
438.904	438.984	28	IH1
438.984	439.104	54	K
439.104	439.204	60	P
439.204	439.324	2	AA2
439.324	439.473	54	K
439.473	439.503	6	AH0
439.503	439.533	64	T
439.533	439.613	67	W
439.613	439.643	6	AH0
439.643	439.773	69	Z
439.773	439.882	54	K
439.882	440.052	1	AA1
440.052	440.082	64	T
440.082	440.152	74	sp
440.152	440.271	61	R
440.271	440.351	19	EH1
440.351	440.421	48	D
440.421	440.561	52	HH
440.561	440.68	4	AE1
440.68	440.79	58	N
440.79	440.85	48	D
440.85	440.96	6	AH0
440.96	441.05	48	D
441.05	445.21	73	ns
445.21	453.132	73	ns
453.132	453.212	4	AE1
453.212	453.272	58	N
453.272	453.352	6	AH0
453.352	453.441	48	D
453.441	453.481	7	AH1
453.481	453.671	56	L
453.671	453.761	64	T
453.761	453.87	57	M
453.87	453.95	25	EY1
453.95	454.19	56	L
454.19	454.27	46	B
454.27	454.389	6	AH0
454.389	454.509	46	B
454.509	454.629	44	UW1
454.629	454.739	58	N
454.739	454.888	69	Z
454.888	455.028	64	T
455.028	455.207	32	IY1
455.207	455.317	65	TH
455.317	455.407	21	ER0
455.407	455.507	58	N
455.507	455.756	1	AA1
455.756	455.796	64	T
455.796	455.906	74	sp
455.906	456.175	62	S
456.175	456.325	44	UW1
456.325	456.355	64	T
456.355	456.405	6	AH0
456.405	456.504	46	B
456.504	456.534	6	AH0
456.534	456.664	56	L
456.664	456.904	50	F
456.904	457.063	21	ER0
457.063	457.263	32	IY1
457.263	457.303	64	T
457.303	457.343	27	IH0
457.343	457.472	59	NG
457.472	457.692	63	SH
457.692	457.722	19	EH1
457.722	457.752	56	L
457.752	458.211	50	F
458.211	458.46	29	IH2
458.46	458.769	63	SH
458.769	462.401	73	ns
462.401	472.837	73	ns
472.837	472.867	52	HH
472.867	472.947	21	ER0
472.947	473.157	67	W
473.157	473.256	10	AO1
473.256	473.286	61	R
473.286	473.406	48	D
473.406	473.566	61	R
473.566	473.646	36	OW2
473.646	473.675	46	B
473.675	473.775	54	K
473.775	473.815	6	AH0
473.815	473.875	58	N
473.875	474.065	62	S
474.065	474.114	28	IH1
474.114	474.414	62	S
474.414	474.444	6	AH0
474.444	474.514	66	V
474.514	474.623	35	OW1
474.623	474.713	58	N
474.713	474.753	56	L
474.753	474.783	31	IY0
474.783	474.963	62	S
474.963	475.002	54	K
475.002	475.182	22	ER1
475.182	475.212	64	T
475.212	475.322	62	S
475.322	475.352	6	AH0
475.352	475.412	58	N
475.412	475.441	48	D
475.441	475.471	46	B
475.471	475.591	56	L
475.591	475.751	13	AW1
475.751	475.95	62	S
475.95	476.0	6	AH0
476.0	476.349	69	Z
476.349	481.428	73	ns
481.428	488.951	73	ns
488.951	488.991	49	DH
488.991	489.041	6	AH0
489.041	489.2	64	T
489.2	489.42	44	UW1
489.42	489.609	1	AA1
489.609	489.699	61	R
489.699	489.729	64	T
489.729	489.759	6	AH0
489.759	489.948	62	S
489.948	489.988	27	IH0
489.988	490.018	54	K
490.018	490.188	62	S
490.188	490.298	47	CH
490.298	490.497	25	EY1
490.497	490.567	58	N
490.567	490.737	53	JH
490.737	490.777	48	D
490.777	490.916	10	AO1
490.916	490.966	64	T
490.966	491.036	6	AH0
491.036	491.106	51	G
491.106	491.216	61	R
491.216	491.395	5	AE2
491.395	491.485	50	F
491.485	491.734	62	S
491.734	497.292	73	ns
497.292	497.332	74	sp
497.332	504.954	73	ns
504.954	505.014	46	B
505.014	505.084	7	AH1
505.084	505.114	64	T
505.114	505.184	21	ER0
505.184	505.304	62	S
505.304	505.353	54	K
505.353	505.473	2	AA2
505.473	505.633	47	CH
505.633	505.782	50	F
505.782	506.082	7	AH1
506.082	506.371	53	JH
506.371	506.66	74	sp
506.66	507.0	19	EH1
507.0	508.975	74	sp
508.975	509.005	46	B
509.005	509.035	7	AH1
509.035	509.085	64	T
509.085	509.205	21	ER0
509.205	509.295	62	S
509.295	509.374	54	K
509.374	509.494	2	AA2
509.494	509.654	47	CH
509.654	509.724	50	F
509.724	509.853	7	AH1
509.853	510.073	53	JH
510.073	510.192	51	G
510.192	510.362	35	OW1
510.362	510.442	69	Z
510.442	510.621	67	W
510.621	510.701	19	EH1
510.701	510.871	56	L
510.871	510.941	67	W
510.941	510.971	28	IH1
510.971	511.1	65	TH
511.1	511.15	66	V
511.15	511.21	6	AH0
511.21	511.3	58	N
511.3	511.33	28	IH1
511.33	511.48	56	L
511.48	511.509	6	AH0
511.509	511.749	16	AY1
511.749	511.958	62	S
511.958	512.058	54	K
512.058	512.198	61	R
512.198	512.318	32	IY1
512.318	512.407	57	M
512.407	526.086	73	ns
526.086	526.166	61	R
526.166	526.226	28	IH1
526.226	526.386	47	CH
526.386	526.416	74	sp
526.416	526.505	60	P
526.505	526.695	22	ER1
526.695	526.805	47	CH
526.805	526.845	6	AH0
526.845	526.944	62	S
526.944	526.974	64	T
526.974	527.104	62	S
527.104	527.184	19	EH1
527.184	527.343	66	V
527.343	527.383	21	ER0
527.383	527.413	6	AH0
527.413	527.473	56	L
527.473	527.663	62	S
527.663	527.902	16	AY1
527.902	528.002	58	N
528.002	528.042	48	D
528.042	528.132	56	L
528.132	528.172	28	IH1
528.172	528.291	65	TH
528.291	528.351	6	AH0
528.351	528.431	51	G
528.431	528.541	61	R
528.541	528.7	5	AE2
528.7	528.89	50	F
528.89	529.159	62	S
529.159	533.24	73	ns
533.24	541.382	73	ns
541.382	541.501	19	EH1
541.501	541.571	58	N
541.571	541.641	31	IY0
541.641	541.771	54	K
541.771	541.89	2	AA2
541.89	541.96	58	N
541.96	542.05	64	T
542.05	542.11	61	R
542.11	542.14	6	AH0
542.14	542.24	46	B
542.24	542.359	68	Y
542.359	542.389	44	UW1
542.389	542.579	63	SH
542.579	542.619	6	AH0
542.619	542.748	58	N
542.748	542.838	69	Z
542.838	542.878	67	W
542.878	542.908	6	AH0
542.908	542.958	56	L
542.958	543.078	46	B
543.078	543.158	31	IY0
543.158	543.217	51	G
543.217	543.367	61	R
543.367	543.487	25	EY1
543.487	543.527	64	T
543.527	543.597	56	L
543.597	543.686	31	IY0
543.686	543.716	6	AH0
543.716	543.866	60	P
543.866	543.916	61	R
543.916	543.956	32	IY1
543.956	544.215	63	SH
544.215	544.245	31	IY0
544.245	544.405	26	EY2
544.405	544.455	64	T
544.455	544.514	6	AH0
544.514	544.584	48	D
544.584	553.065	73	ns
553.065	558.982	73	ns
558.982	559.012	49	DH
559.012	559.061	6	AH0
559.061	559.191	54	K
559.191	559.361	61	R
559.361	559.391	4	AE1
559.391	559.451	58	N
559.451	559.51	46	B
559.51	559.56	20	EH2
559.56	559.67	61	R
559.67	559.7	31	IY0
559.7	559.84	46	B
559.84	560.169	1	AA1
560.169	560.229	51	G
560.229	560.269	74	sp
560.269	560.358	51	G
560.358	560.418	28	IH1
560.418	560.478	64	T
560.478	560.598	62	S
560.598	560.668	66	V
560.668	560.708	19	EH1
560.708	560.817	61	R
560.817	560.887	31	IY0
560.887	561.037	60	P
561.037	561.067	61	R
561.067	561.097	28	IH1
561.097	561.167	64	T
561.167	561.296	31	IY0
561.296	561.326	6	AH0
561.326	561.406	58	N
561.406	561.646	10	AO1
561.646	561.685	64	T
561.685	561.725	6	AH0
561.725	561.765	57	M
561.765	568.43	73	ns
568.43	573.209	73	ns
573.209	573.289	52	HH
573.289	573.399	13	AW1
573.399	573.479	48	D
573.479	573.728	44	UW1
573.728	573.788	38	OY1
573.788	573.938	62	S
573.938	573.978	64	T
573.978	574.077	21	ER0
574.077	574.157	69	Z
574.157	574.247	57	M
574.247	574.347	25	EY1
574.347	574.417	54	K
574.417	574.526	60	P
574.526	574.736	22	ER1
574.736	574.865	56	L
574.865	575.155	69	Z
575.155	578.866	73	ns
578.866	586.08	73	ns
586.08	586.21	57	M
586.21	586.24	25	EY1
586.24	586.529	16	AY1
586.529	586.569	74	sp
586.569	586.758	10	AO1
586.758	586.788	61	R
586.788	586.818	48	D
586.818	586.998	21	ER0
586.998	587.028	6	AH0
587.028	587.168	60	P
587.168	587.267	1	AA1
587.267	587.307	61	R
587.307	587.487	50	F
587.487	587.756	25	EY1
587.756	587.926	4	AE1
587.926	588.016	50	F
588.016	588.075	64	T
588.075	588.205	21	ER0
588.205	588.295	16	AY1
588.295	588.475	32	IY1
588.475	588.504	64	T
588.504	588.604	48	D
588.604	588.734	28	IH1
588.734	588.794	58	N
588.794	588.943	21	ER0
588.943	595.149	73	ns
595.149	600.128	73	ns
600.128	600.208	28	IH1
600.208	600.268	69	Z
600.268	600.417	63	SH
600.417	600.457	32	IY1
600.457	600.567	51	G
600.567	600.687	35	OW1
600.687	600.787	27	IH0
600.787	601.076	59	NG
601.076	601.196	74	sp
601.196	601.265	64	T
601.265	601.295	6	AH0
601.295	601.395	74	sp
601.395	601.425	46	B
601.425	601.565	32	IY1
601.565	601.685	67	W
601.685	601.744	28	IH1
601.744	601.884	65	TH
601.884	601.994	68	Y
601.994	602.054	44	UW1
602.054	606.264	73	ns
606.264	613.428	73	ns
613.428	613.548	54	K
613.548	613.587	6	AH0
613.587	613.707	58	N
613.707	613.747	49	DH
613.747	613.887	31	IY0
613.887	614.136	25	EY1
614.136	614.216	53	JH
614.216	614.256	6	AH0
614.256	614.316	58	N
614.316	614.446	62	S
614.446	614.625	31	IY0
614.625	614.775	35	OW1
614.775	614.914	66	V
614.914	614.994	21	ER0
614.994	615.144	65	TH
615.144	615.324	61	R
615.324	615.553	36	OW2
615.553	615.643	25	EY1
615.643	615.812	56	L
615.812	615.902	31	IY0
615.902	615.982	6	AH0
615.982	616.042	58	N
616.042	616.162	50	F
616.162	616.291	10	AO1
616.291	616.361	61	R
616.361	616.511	62	S
616.511	616.561	6	AH0
616.561	616.88	69	Z
616.88	631.0	74	sp
