18.789	18.881	58	N	37
18.881	19.062	4	AE1	37
19.062	19.122	58	N	37
19.122	19.213	62	S	37
19.213	19.367	31	IY0	37
19.367	19.392	52	HH	37
19.392	19.547	4	AE1	37
19.547	19.646	69	Z	37
19.646	19.687	49	DH	37
19.687	19.777	6	AH0	37
19.777	19.827	46	B	37
19.827	19.966	19	EH1	37
19.966	20.096	62	S	37
20.096	20.136	64	T	37
20.136	20.186	51	G	37
20.186	20.256	61	R	37
20.256	20.446	25	EY1	37
20.446	20.585	48	D	37
20.585	20.625	69	Z	37
20.625	20.645	74	sp	37
20.645	20.795	28	IH1	37
20.795	20.986	58	N	37
20.986	21.056	49	DH	37
21.056	21.189	6	AH0	37
21.189	21.268	54	K	37
21.268	21.291	56	L	37
21.291	21.514	4	AE1	37
21.514	21.802	62	S	37
26.991	27.03	74	sp	27
27.03	27.18	16	AY1	27
27.18	27.34	64	T	27
27.34	27.46	41	UH1	27
27.46	27.539	54	K	27
27.539	27.579	52	HH	27
27.579	27.699	22	ER1	27
27.699	27.849	67	W	27
27.849	28.038	22	ER1	27
28.038	28.117	48	D	27
28.117	28.207	50	F	27
28.207	28.338	10	AO1	27
28.338	28.447	61	R	27
28.447	28.567	6	AH0	27
28.567	28.597	64	T	27
28.597	28.806	74	sp	27
36.308	36.428	10	AO1	6
36.428	36.498	61	R	6
36.498	36.538	6	AH0	6
36.538	36.578	58	N	6
36.578	36.608	53	JH	6
36.608	36.787	53	JH	6
36.787	36.898	44	UW1	6
36.898	37.047	62	S	6
37.047	37.097	64	T	6
37.097	37.276	25	EY1	6
37.276	37.337	62	S	6
37.337	37.377	64	T	6
37.377	37.466	62	S	6
37.466	37.556	50	F	6
37.556	37.665	7	AH1	6
37.665	37.706	58	N	6
37.706	38.084	31	IY0	6
38.084	38.145	74	sp	6
38.145	38.314	4	AE1	6
38.314	38.354	50	F	6
38.354	38.454	64	T	6
38.454	38.563	21	ER0	6
38.563	38.673	64	T	6
38.673	38.803	44	UW1	6
38.803	38.942	65	TH	6
38.942	39.032	60	P	6
39.032	39.262	26	EY2	6
39.262	39.292	62	S	6
39.292	39.322	64	T	6
48.73	49.02	74	sp	40
49.02	49.13	61	R	40
49.13	49.27	1	AA1	40
49.27	49.299	46	B	40
49.299	49.409	6	AH0	40
49.409	49.479	58	N	40
49.479	49.508	56	L	40
49.508	49.718	16	AY1	40
49.718	49.808	54	K	40
49.808	49.918	62	S	40
49.918	49.997	74	sp	40
49.997	50.167	49	DH	40
50.167	50.247	7	AH1	40
50.247	50.396	54	K	40
50.396	50.476	7	AH1	40
50.476	50.576	56	L	40
50.576	50.736	21	ER0	40
50.736	50.845	68	Y	40
50.845	50.956	19	EH1	40
50.956	51.206	56	L	40
51.206	51.274	34	OW0	40
51.274	51.614	74	sp	40
59.735	59.945	28	IH1	4
59.945	59.975	69	Z	4
59.975	60.145	63	SH	4
60.145	60.294	32	IY1	4
60.294	60.414	51	G	4
60.414	60.603	35	OW1	4
60.603	60.654	27	IH0	4
60.654	60.813	59	NG	4
60.813	60.913	67	W	4
60.913	60.972	28	IH1	4
60.972	61.112	65	TH	4
61.112	61.282	68	Y	4
61.282	61.431	44	UW1	4
61.431	61.761	74	sp	4
69.413	69.674	74	sp	29
69.674	69.862	67	W	29
69.862	70.043	28	IH1	29
70.043	70.231	47	CH	29
70.231	70.272	74	sp	29
70.272	70.352	65	TH	29
70.352	70.541	32	IY1	29
70.541	70.572	6	AH0	29
70.572	70.602	64	T	29
70.602	70.921	21	ER0	29
70.921	71.099	74	sp	29
71.099	71.299	63	SH	29
71.299	71.558	35	OW1	29
71.558	71.788	69	Z	29
71.788	71.957	74	sp	29
71.957	72.078	57	M	29
72.078	72.218	7	AH1	29
72.218	72.278	49	DH	29
72.278	72.447	21	ER0	29
72.447	72.576	51	G	29
72.576	72.806	44	UW1	29
72.806	73.115	62	S	29
73.115	73.255	74	sp	29
82.055	82.194	74	sp	18
82.194	82.305	54	K	18
82.305	82.444	7	AH1	18
82.444	82.474	64	T	18
82.474	82.713	25	EY1	18
82.713	82.913	62	S	18
82.913	82.983	57	M	18
82.983	83.162	10	AO1	18
83.162	83.192	56	L	18
83.192	83.332	54	K	18
83.332	83.401	10	AO1	18
83.401	83.462	61	R	18
83.462	83.511	58	N	18
83.511	83.651	21	ER0	18
83.651	83.9	10	AO1	18
83.9	84.04	50	F	18
84.04	84.12	74	sp	18
84.12	84.299	32	IY1	18
84.299	84.469	47	CH	18
84.469	84.559	74	sp	18
84.559	84.808	19	EH1	18
84.808	85.118	53	JH	18
85.118	85.308	74	sp	18
93.618	93.668	49	DH	7
93.668	93.808	25	EY1	7
93.808	94.078	10	AO1	7
94.078	94.157	56	L	7
94.157	94.207	18	EH0	7
94.207	94.308	58	N	7
94.308	94.406	53	JH	7
94.406	94.596	38	OY1	7
94.596	94.895	16	AY1	7
94.895	95.055	62	S	7
95.055	95.115	54	K	7
95.115	95.145	61	R	7
95.145	95.255	32	IY1	7
95.255	95.334	57	M	7
95.334	95.484	62	S	7
95.484	95.575	7	AH1	7
95.575	95.694	58	N	7
95.694	95.733	48	D	7
95.733	95.963	26	EY2	7
95.963	96.053	69	Z	7
96.053	96.382	74	sp	7
104.264	104.374	64	T	43
104.374	104.563	1	AA1	43
104.563	104.603	57	M	43
104.603	104.724	61	R	43
104.724	104.883	32	IY1	43
104.883	104.953	48	D	43
104.953	104.983	69	Z	43
104.983	105.013	49	DH	43
105.013	105.132	6	AH0	43
105.132	105.302	62	S	43
105.302	105.492	25	EY1	43
105.492	105.591	57	M	43
105.591	105.691	46	B	43
105.691	105.802	41	UH1	43
105.802	105.9	54	K	43
105.9	105.941	74	sp	43
105.941	106.111	19	EH1	43
106.111	106.171	66	V	43
106.171	106.24	61	R	43
106.24	106.359	31	IY0	43
106.359	106.419	58	N	43
106.419	106.659	16	AY1	43
106.659	106.689	64	T	43
106.689	107.138	74	sp	43
114.84	115.219	74	sp	21
115.219	115.26	52	HH	21
115.26	115.528	32	IY1	21
115.528	116.218	74	sp	21
116.218	116.556	25	EY1	21
116.556	116.596	64	T	21
116.596	116.766	74	sp	21
116.766	116.806	50	F	21
116.806	116.945	10	AO1	21
116.945	117.115	61	R	21
117.115	117.145	74	sp	21
117.145	117.434	19	EH1	21
117.434	117.555	51	G	21
117.555	117.654	69	Z	21
117.654	117.913	74	sp	21
117.913	117.944	50	F	21
117.944	118.004	10	AO1	21
118.004	118.063	61	R	21
118.063	118.133	46	B	21
118.133	118.192	61	R	21
118.192	118.252	19	EH1	21
118.252	118.392	54	K	21
118.392	118.492	50	F	21
118.492	118.572	6	AH0	21
118.572	118.822	62	S	21
118.822	118.882	64	T	21
128.111	128.161	49	DH	8
128.161	128.389	25	EY1	8
128.389	128.6	10	AO1	8
128.6	128.729	50	F	8
128.729	128.788	6	AH0	8
128.788	128.909	58	N	8
128.909	128.939	51	G	8
128.939	129.129	35	OW1	8
129.129	129.528	13	AW1	8
129.528	129.597	64	T	8
129.597	129.957	74	sp	8
129.957	130.046	28	IH1	8
130.046	130.145	58	N	8
130.145	130.186	49	DH	8
130.186	130.256	6	AH0	8
130.256	130.485	32	IY1	8
130.485	130.565	66	V	8
130.565	130.645	58	N	8
130.645	130.794	27	IH0	8
130.794	130.924	59	NG	8
130.924	131.274	74	sp	8
139.675	139.774	74	sp	17
139.774	139.913	62	S	17
139.913	139.984	60	P	17
139.984	140.054	21	ER0	17
140.054	140.094	28	IH1	17
140.094	140.293	59	NG	17
140.293	140.433	62	S	17
140.433	140.473	64	T	17
140.473	140.523	61	R	17
140.523	140.901	32	IY1	17
140.901	140.931	64	T	17
140.931	141.141	74	sp	17
141.141	141.431	28	IH1	17
141.431	141.47	69	Z	17
141.47	141.62	62	S	17
141.62	141.669	64	T	17
141.669	141.75	61	R	17
141.75	141.899	25	EY1	17
141.899	141.969	64	T	17
141.969	142.029	6	AH0	17
142.029	142.189	52	HH	17
142.189	142.418	19	EH1	17
142.418	142.528	48	D	17
142.528	142.768	74	sp	17
151.458	151.707	28	IH1	12
151.707	151.907	69	Z	12
151.907	152.246	74	sp	12
152.246	152.425	49	DH	12
152.425	152.655	28	IH1	12
152.655	152.835	62	S	12
152.835	152.954	74	sp	12
152.954	153.184	62	S	12
153.184	153.413	32	IY1	12
153.413	153.573	62	S	12
153.573	153.822	11	AO2	12
153.822	154.012	62	S	12
154.012	154.291	25	EY1	12
154.291	154.561	50	F	12
163.88	163.939	49	DH	9
163.939	164.089	28	IH1	9
164.089	164.239	62	S	9
164.239	164.388	67	W	9
164.388	164.478	7	AH1	9
164.478	164.618	69	Z	9
164.618	164.678	74	sp	9
164.678	164.917	32	IY1	9
164.917	164.947	69	Z	9
164.947	165.097	31	IY0	9
165.097	165.207	50	F	9
165.207	165.306	10	AO1	9
165.306	165.422	61	R	9
165.422	165.496	7	AH1	9
165.496	165.802	62	S	9
173.448	173.697	16	AY1	31
173.697	173.857	62	S	31
173.857	174.145	10	AO1	31
174.145	174.416	25	EY1	31
174.416	174.544	60	P	31
174.544	174.685	22	ER1	31
174.685	174.745	60	P	31
174.745	174.775	6	AH0	31
174.775	174.974	56	L	31
174.974	175.244	74	sp	31
175.244	175.363	54	K	31
175.363	175.423	61	R	31
175.423	175.683	4	AE1	31
175.683	175.743	46	B	31
175.743	175.832	74	sp	31
175.832	176.092	1	AA1	31
176.092	176.202	58	N	31
176.202	176.241	49	DH	31
176.241	176.291	6	AH0	31
176.291	176.361	46	B	31
176.361	176.621	32	IY1	31
176.621	176.83	47	CH	31
186.688	186.748	48	D	15
186.748	186.987	35	OW1	15
186.987	187.097	58	N	15
187.097	187.147	74	sp	15
187.147	187.217	48	D	15
187.217	187.626	44	UW1	15
187.626	187.725	74	sp	15
187.725	187.875	47	CH	15
187.875	187.965	1	AA1	15
187.965	188.085	61	R	15
188.085	188.214	56	L	15
188.214	188.464	31	IY0	15
188.464	188.633	69	Z	15
188.633	188.752	74	sp	15
188.752	188.823	48	D	15
188.823	189.002	22	ER1	15
189.002	189.052	64	T	15
189.052	189.151	31	IY0	15
189.151	189.242	48	D	15
189.242	189.372	28	IH1	15
189.372	189.561	63	SH	15
189.561	189.781	6	AH0	15
189.781	189.851	69	Z	15
199.598	199.678	74	sp	11
199.678	199.877	63	SH	11
199.877	200.067	41	UH1	11
200.067	200.207	48	D	11
200.207	200.306	53	JH	11
200.306	200.397	21	ER0	11
200.397	200.736	4	AE1	11
200.736	200.766	50	F	11
200.766	200.925	62	S	11
200.925	200.995	74	sp	11
200.995	201.044	46	B	11
201.044	201.195	31	IY0	11
201.195	201.344	54	K	11
201.344	201.474	4	AE1	11
201.474	201.504	60	P	11
201.504	201.534	64	T	11
201.534	201.933	74	sp	11
201.933	202.262	28	IH1	11
202.262	202.372	58	N	11
202.372	202.881	74	sp	11
202.881	203.001	62	S	11
203.001	203.05	57	M	11
203.05	203.35	10	AO1	11
203.35	203.41	56	L	11
203.41	203.508	69	Z	11
203.508	203.839	44	UW1	11
203.839	204.078	69	Z	11
204.078	204.427	74	sp	11
214.365	214.554	32	IY1	30
214.554	214.604	66	V	30
214.604	214.684	6	AH0	30
214.684	214.784	58	N	30
214.784	215.073	16	AY1	30
215.073	215.143	51	G	30
215.143	215.303	19	EH1	30
215.303	215.401	64	T	30
215.401	215.532	49	DH	30
215.532	215.772	6	AH0	30
215.772	215.961	57	M	30
215.961	216.05	7	AH1	30
216.05	216.181	58	N	30
216.181	216.211	48	D	30
216.211	216.37	26	EY2	30
216.37	216.47	46	B	30
216.47	216.59	56	L	30
216.59	216.909	44	UW1	30
216.909	217.089	69	Z	30
217.089	217.318	74	sp	30
225.599	225.659	49	DH	33
225.659	225.929	25	EY1	33
225.929	226.228	74	sp	33
226.228	226.477	35	OW1	33
226.477	226.567	58	N	33
226.567	226.806	25	EY1	33
226.806	226.856	46	B	33
226.856	227.006	28	IH1	33
227.006	227.046	51	G	33
227.046	227.196	52	HH	33
227.196	227.395	13	AW1	33
227.395	227.585	62	S	33
227.585	227.675	74	sp	33
227.675	227.924	28	IH1	33
227.924	228.163	58	N	33
228.163	228.363	74	sp	33
228.363	228.622	10	AO1	33
228.622	228.812	62	S	33
228.812	228.862	64	T	33
228.862	228.931	6	AH0	33
228.931	229.05	58	N	33
229.05	229.141	64	T	33
229.141	229.241	19	EH1	33
229.241	229.381	54	K	33
229.381	229.451	62	S	33
229.451	229.5	6	AH0	33
229.5	229.898	62	S	33
240.056	240.116	46	B	36
240.116	240.306	56	L	36
240.306	240.535	44	UW1	36
240.535	240.755	47	CH	36
240.755	240.994	32	IY1	36
240.994	241.044	69	Z	36
241.044	241.254	62	S	36
241.254	241.304	57	M	36
241.304	241.363	19	EH1	36
241.363	241.562	56	L	36
241.562	241.733	69	Z	36
241.733	241.802	50	F	36
241.802	241.901	7	AH1	36
241.901	241.942	58	N	36
241.942	242.142	31	IY0	36
242.142	242.601	74	sp	36
250.592	250.662	49	DH	25
250.662	250.702	6	AH0	25
250.702	250.862	46	B	25
250.862	251.091	28	IH1	25
251.091	251.181	51	G	25
251.181	251.321	74	sp	25
251.321	251.381	48	D	25
251.381	251.63	10	AO1	25
251.63	251.66	51	G	25
251.66	251.929	56	L	25
251.929	252.109	7	AH1	25
252.109	252.139	66	V	25
252.139	252.169	48	D	25
252.169	252.239	74	sp	25
252.239	252.388	64	T	25
252.388	252.478	6	AH0	25
252.478	252.538	74	sp	25
252.538	252.698	47	CH	25
252.698	253.077	44	UW1	25
253.077	253.117	74	sp	25
253.117	253.416	1	AA1	25
253.416	253.636	58	N	25
253.636	253.935	74	sp	25
253.935	253.975	49	DH	25
253.975	254.133	7	AH1	25
254.133	254.504	35	OW1	25
254.504	254.673	56	L	25
254.673	254.703	48	D	25
254.703	254.992	74	sp	25
254.992	255.212	61	R	25
255.212	255.501	4	AE1	25
255.501	255.591	51	G	25
255.591	255.731	74	sp	25
255.731	255.841	48	D	25
255.841	256.139	1	AA1	25
256.139	256.22	56	L	25
256.22	256.389	74	sp	25
267.504	267.574	51	G	19
267.574	267.752	19	EH1	19
267.752	267.903	62	S	19
267.903	267.952	49	DH	19
267.952	268.062	7	AH1	19
268.062	268.173	54	K	19
268.173	268.232	67	W	19
268.232	268.332	19	EH1	19
268.332	268.452	62	S	19
268.452	268.562	47	CH	19
268.562	268.721	6	AH0	19
268.721	268.771	58	N	19
268.771	268.891	69	Z	19
268.891	268.981	50	F	19
268.981	269.06	61	R	19
269.06	269.17	7	AH1	19
269.17	269.293	57	M	19
269.293	269.341	49	DH	19
269.341	269.487	31	IY0	19
269.487	269.678	4	AE1	19
269.678	269.738	58	N	19
269.738	269.879	62	S	19
269.879	270.108	21	ER0	19
270.108	270.178	74	sp	19
278.358	278.559	62	S	14
278.559	278.678	67	W	14
278.678	278.709	28	IH1	14
278.709	278.938	59	NG	14
278.938	279.048	68	Y	14
279.048	279.077	41	UH1	14
279.077	279.127	61	R	14
279.127	279.337	1	AA1	14
279.337	279.507	61	R	14
279.507	279.536	57	M	14
279.536	279.617	69	Z	14
279.617	279.846	4	AE1	14
279.846	279.946	69	Z	14
279.946	280.154	52	HH	14
280.154	280.404	16	AY1	14
280.404	280.654	4	AE1	14
280.654	280.824	69	Z	14
280.824	280.942	68	Y	14
280.942	280.993	44	UW1	14
280.993	281.163	54	K	14
281.163	281.422	4	AE1	14
281.422	281.562	58	N	14
281.562	281.961	74	sp	14
290.641	290.771	60	P	28
290.771	290.831	56	L	28
290.831	291.12	32	IY1	28
291.12	291.19	69	Z	28
291.19	291.37	62	S	28
291.37	291.42	28	IH1	28
291.42	291.779	59	NG	28
291.779	291.909	53	JH	28
291.909	292.048	7	AH1	28
292.048	292.188	62	S	28
292.188	292.228	64	T	28
292.228	292.358	74	sp	28
292.358	292.427	49	DH	28
292.427	292.767	7	AH1	28
292.767	293.166	74	sp	28
293.166	293.315	54	K	28
293.315	293.365	56	L	28
293.365	293.535	7	AH1	28
293.535	293.635	46	B	28
293.635	293.944	74	sp	28
293.944	293.983	65	TH	28
293.983	294.262	32	IY1	28
294.262	294.343	57	M	28
294.343	294.762	74	sp	28
304.25	304.579	74	sp	41
304.579	304.646	49	DH	41
304.646	304.796	6	AH0	41
304.796	304.884	6	AH0	41
304.884	305.029	4	AE1	41
305.029	305.129	59	NG	41
305.129	305.158	51	G	41
305.158	305.257	61	R	41
305.257	305.398	31	IY0	41
305.398	305.458	46	B	41
305.458	305.707	38	OY1	41
305.707	305.846	48	D	41
305.846	305.966	28	IH1	41
305.966	306.017	48	D	41
306.017	306.156	6	AH0	41
306.156	306.185	58	N	41
306.185	306.226	64	T	41
306.226	306.365	56	L	41
306.365	306.446	41	UH1	41
306.446	306.555	54	K	41
306.555	306.695	7	AH1	41
306.695	306.735	60	P	41
341.187	341.255	58	N	37
341.255	341.456	4	AE1	37
341.456	341.516	58	N	37
341.516	341.606	62	S	37
341.606	341.767	31	IY0	37
341.767	341.812	52	HH	37
341.812	341.954	4	AE1	37
341.954	342.024	69	Z	37
342.024	342.124	49	DH	37
342.124	342.194	7	AH1	37
342.194	342.284	46	B	37
342.284	342.434	19	EH1	37
342.434	342.562	62	S	37
342.562	342.593	64	T	37
342.593	342.623	51	G	37
342.623	342.702	61	R	37
342.702	342.873	25	EY1	37
342.873	342.942	48	D	37
342.942	342.992	69	Z	37
342.992	343.182	28	IH1	37
343.182	343.272	58	N	37
343.272	343.302	49	DH	37
343.302	343.362	6	AH0	37
343.362	343.481	54	K	37
343.481	343.511	56	L	37
343.511	343.641	4	AE1	37
343.641	343.959	62	S	37
353.688	353.868	16	AY1	27
353.868	354.036	64	T	27
354.036	354.187	41	UH1	27
354.187	354.297	54	K	27
354.297	354.337	52	HH	27
354.337	354.446	22	ER1	27
354.446	354.586	67	W	27
354.586	354.736	22	ER1	27
354.736	354.815	48	D	27
354.815	354.856	74	sp	27
354.856	354.915	50	F	27
354.915	355.095	61	R	27
355.095	355.125	21	ER0	27
355.125	355.214	6	AH0	27
355.214	355.255	64	T	27
371.997	372.136	10	AO1	6
372.136	372.175	61	R	6
372.175	372.206	6	AH0	6
372.206	372.276	58	N	6
372.276	372.326	53	JH	6
372.326	372.406	53	JH	6
372.406	372.545	44	UW1	6
372.545	372.654	62	S	6
372.654	372.714	64	T	6
372.714	372.875	25	EY1	6
372.875	372.913	62	S	6
372.913	372.944	64	T	6
372.944	373.004	62	S	6
373.004	373.084	50	F	6
373.084	373.204	7	AH1	6
373.204	373.254	58	N	6
373.254	373.314	31	IY0	6
373.314	373.653	4	AE1	6
373.653	373.723	50	F	6
373.723	373.773	64	T	6
373.773	373.862	21	ER0	6
373.862	373.952	64	T	6
373.952	374.101	44	UW1	6
374.101	374.151	65	TH	6
374.151	374.271	60	P	6
374.271	374.471	26	EY2	6
374.471	374.69	62	S	6
374.69	374.72	64	T	6
383.25	383.61	74	sp	40
383.61	383.72	61	R	40
383.72	383.85	1	AA1	40
383.85	383.88	46	B	40
383.88	384.009	6	AH0	40
384.009	384.089	58	N	40
384.089	384.129	56	L	40
384.129	384.288	16	AY1	40
384.288	384.377	54	K	40
384.377	384.408	62	S	40
384.408	384.458	74	sp	40
384.458	384.517	49	DH	40
384.517	384.577	6	AH0	40
384.577	384.728	54	K	40
384.728	384.817	7	AH1	40
384.817	384.897	56	L	40
384.897	385.007	21	ER0	40
385.007	385.057	68	Y	40
385.057	385.226	19	EH1	40
385.226	385.346	56	L	40
385.346	385.536	34	OW0	40
385.536	385.755	74	sp	40
394.296	394.795	74	sp	4
394.795	395.043	28	IH1	4
395.043	395.074	69	Z	4
395.074	395.233	63	SH	4
395.233	395.353	32	IY1	4
395.353	395.442	51	G	4
395.442	395.642	35	OW1	4
395.642	395.723	27	IH0	4
395.723	395.822	59	NG	4
395.822	395.932	67	W	4
395.932	395.971	28	IH1	4
395.971	396.142	65	TH	4
396.142	396.31	68	Y	4
396.31	396.481	44	UW1	4
405.6	405.82	67	W	29
405.82	405.939	28	IH1	29
405.939	406.099	47	CH	29
406.099	406.159	74	sp	29
406.159	406.228	65	TH	29
406.228	406.329	32	IY1	29
406.329	406.398	6	AH0	29
406.398	406.428	64	T	29
406.428	406.558	21	ER0	29
406.558	406.767	63	SH	29
406.767	406.966	35	OW1	29
406.966	407.096	69	Z	29
407.096	407.226	57	M	29
407.226	407.346	7	AH1	29
407.346	407.396	49	DH	29
407.396	407.495	21	ER0	29
407.495	407.646	51	G	29
407.646	407.834	44	UW1	29
407.834	408.144	62	S	29
408.144	408.593	74	sp	29
416.356	416.475	54	K	18
416.475	416.615	7	AH1	18
416.615	416.665	64	T	18
416.665	416.764	6	AH0	18
416.764	416.954	62	S	18
416.954	416.994	57	M	18
416.994	417.154	10	AO1	18
417.154	417.214	56	L	18
417.214	417.284	54	K	18
417.284	417.373	10	AO1	18
417.373	417.433	61	R	18
417.433	417.483	58	N	18
417.483	417.642	21	ER0	18
417.642	417.702	74	sp	18
417.702	417.892	10	AO1	18
417.892	417.962	50	F	18
417.962	418.101	74	sp	18
418.101	418.31	32	IY1	18
418.31	418.541	47	CH	18
418.541	418.8	19	EH1	18
418.8	419.108	53	JH	18
419.108	419.449	74	sp	18
428.238	428.269	49	DH	7
428.269	428.387	25	EY1	7
428.387	428.767	10	AO1	7
428.767	428.797	56	L	7
428.797	428.827	6	AH0	7
428.827	428.927	58	N	7
428.927	429.026	53	JH	7
429.026	429.187	38	OY1	7
429.187	429.276	74	sp	7
429.276	429.466	16	AY1	7
429.466	429.586	62	S	7
429.586	429.675	54	K	7
429.675	429.704	61	R	7
429.704	429.815	32	IY1	7
429.815	429.875	57	M	7
429.875	430.014	62	S	7
430.014	430.103	7	AH1	7
430.103	430.204	58	N	7
430.204	430.244	48	D	7
430.244	430.474	26	EY2	7
430.474	430.757	69	Z	7
439.442	439.572	64	T	43
439.572	439.781	1	AA1	43
439.781	439.812	57	M	43
439.812	439.942	61	R	43
439.942	440.082	32	IY1	43
440.082	440.142	48	D	43
440.142	440.182	69	Z	43
440.182	440.221	74	sp	43
440.221	440.291	49	DH	43
440.291	440.351	6	AH0	43
440.351	440.511	62	S	43
440.511	440.69	25	EY1	43
440.69	440.79	57	M	43
440.79	440.85	46	B	43
440.85	440.95	41	UH1	43
440.95	441.089	54	K	43
441.089	441.249	19	EH1	43
441.249	441.298	66	V	43
441.298	441.389	61	R	43
441.389	441.469	31	IY0	43
441.469	441.529	58	N	43
441.529	441.808	16	AY1	43
441.808	441.858	64	T	43
441.858	442.317	74	sp	43
452.572	452.613	52	HH	21
452.613	452.903	32	IY1	21
452.903	452.933	74	sp	21
452.933	453.212	25	EY1	21
453.212	453.242	64	T	21
453.242	453.291	74	sp	21
453.291	453.341	50	F	21
453.341	453.451	10	AO1	21
453.451	453.571	61	R	21
453.571	453.851	19	EH1	21
453.851	453.94	51	G	21
453.94	454.019	69	Z	21
454.019	454.11	50	F	21
454.11	454.209	21	ER0	21
454.209	454.25	46	B	21
454.25	454.329	61	R	21
454.329	454.369	19	EH1	21
454.369	454.499	54	K	21
454.499	454.569	50	F	21
454.569	454.678	6	AH0	21
454.678	454.887	62	S	21
454.887	455.014	64	T	21
469.026	469.076	49	DH	8
469.076	469.264	25	EY1	8
469.264	469.475	10	AO1	8
469.475	469.524	50	F	8
469.524	469.654	64	T	8
469.654	469.724	6	AH0	8
469.724	469.844	58	N	8
469.844	469.874	51	G	8
469.874	470.034	35	OW1	8
470.034	470.413	13	AW1	8
470.413	470.473	64	T	8
470.473	470.772	28	IH1	8
470.772	470.872	58	N	8
470.872	470.922	49	DH	8
470.922	471.071	31	IY0	8
471.071	471.25	32	IY1	8
471.25	471.3	66	V	8
471.3	471.411	58	N	8
471.411	471.44	27	IH0	8
471.44	471.637	59	NG	8
471.637	471.85	69	Z	8
479.452	479.622	62	S	17
479.622	479.661	60	P	17
479.661	479.732	61	R	17
479.732	479.772	28	IH1	17
479.772	479.93	59	NG	17
479.93	480.071	62	S	17
480.071	480.111	64	T	17
480.111	480.211	61	R	17
480.211	480.36	32	IY1	17
480.36	480.389	64	T	17
480.389	480.788	28	IH1	17
480.788	480.858	69	Z	17
480.858	480.999	62	S	17
480.999	481.048	64	T	17
481.048	481.129	61	R	17
481.129	481.308	25	EY1	17
481.308	481.358	64	T	17
481.358	481.387	74	sp	17
481.387	481.438	6	AH0	17
481.438	481.558	52	HH	17
481.558	481.776	19	EH1	17
481.776	481.916	48	D	17
481.916	482.236	74	sp	17
490.776	490.807	74	sp	12
490.807	491.086	28	IH1	12
491.086	491.285	69	Z	12
491.285	491.435	49	DH	12
491.435	491.595	28	IH1	12
491.595	491.635	62	S	12
491.635	491.844	62	S	12
491.844	492.014	32	IY1	12
492.014	492.153	62	S	12
492.153	492.322	11	AO2	12
492.322	492.493	62	S	12
492.493	492.762	25	EY1	12
492.762	492.802	50	F	12
501.273	501.333	49	DH	9
501.333	501.471	28	IH1	9
501.471	501.622	62	S	9
501.622	501.732	67	W	9
501.732	501.802	7	AH1	9
501.802	501.981	69	Z	9
501.981	502.221	32	IY1	9
502.221	502.25	69	Z	9
502.25	502.42	31	IY0	9
502.42	502.529	50	F	9
502.529	502.69	21	ER0	9
502.69	502.788	7	AH1	9
502.788	502.819	62	S	9
511.07	511.26	16	AY1	31
511.26	511.399	62	S	31
511.399	511.538	10	AO1	31
511.538	511.668	6	AH0	31
511.668	511.819	60	P	31
511.819	511.947	22	ER1	31
511.947	512.008	60	P	31
512.008	512.048	6	AH0	31
512.048	512.197	56	L	31
512.197	512.298	54	K	31
512.298	512.337	61	R	31
512.337	512.547	4	AE1	31
512.547	512.616	46	B	31
512.616	512.636	74	sp	31
512.636	512.895	1	AA1	31
512.895	512.986	58	N	31
512.986	513.025	49	DH	31
513.025	513.066	6	AH0	31
513.066	513.135	46	B	31
513.135	513.375	32	IY1	31
513.375	513.674	47	CH	31
513.674	513.803	74	sp	31
523.511	523.572	48	D	15
523.572	523.89	35	OW1	15
523.89	523.971	58	N	15
523.971	524.081	74	sp	15
524.081	524.14	48	D	15
524.14	524.299	44	UW1	15
524.299	524.529	47	CH	15
524.529	524.59	1	AA1	15
524.59	524.719	61	R	15
524.719	524.808	56	L	15
524.808	524.928	31	IY0	15
524.928	525.058	69	Z	15
525.058	525.119	74	sp	15
525.119	525.188	48	D	15
525.188	525.368	22	ER1	15
525.368	525.398	64	T	15
525.398	525.518	31	IY0	15
525.518	525.667	48	D	15
525.667	525.756	28	IH1	15
525.756	525.937	63	SH	15
525.937	526.025	6	AH0	15
526.025	526.375	69	Z	15
526.375	526.565	74	sp	15
535.534	535.724	63	SH	11
535.724	535.933	41	UH1	11
535.933	536.043	48	D	11
536.043	536.143	53	JH	11
536.143	536.192	21	ER0	11
536.192	536.523	4	AE1	11
536.523	536.582	50	F	11
536.582	536.672	62	S	11
536.672	536.712	46	B	11
536.712	536.861	32	IY1	11
536.861	537.001	54	K	11
537.001	537.12	4	AE1	11
537.12	537.231	60	P	11
537.231	537.311	64	T	11
537.311	537.39	74	sp	11
537.39	537.69	28	IH1	11
537.69	537.938	58	N	11
537.938	537.999	74	sp	11
537.999	538.139	62	S	11
538.139	538.249	57	M	11
538.249	538.467	10	AO1	11
538.467	538.528	56	L	11
538.528	538.648	69	Z	11
538.648	539.006	44	UW1	11
539.006	539.316	69	Z	11
548.485	548.855	74	sp	30
548.855	549.024	32	IY1	30
549.024	549.073	66	V	30
549.073	549.124	6	AH0	30
549.124	549.183	58	N	30
549.183	549.482	16	AY1	30
549.482	549.562	51	G	30
549.562	549.763	19	EH1	30
549.763	549.802	64	T	30
549.802	549.871	74	sp	30
549.871	549.932	49	DH	30
549.932	549.981	6	AH0	30
549.981	550.121	57	M	30
550.121	550.192	7	AH1	30
550.192	550.311	58	N	30
550.311	550.341	48	D	30
550.341	550.49	26	EY2	30
550.49	550.581	46	B	30
550.581	550.73	56	L	30
550.73	551.07	44	UW1	30
551.07	551.287	69	Z	30
560.597	560.957	74	sp	33
560.957	560.996	49	DH	33
560.996	561.255	25	EY1	33
561.255	561.476	35	OW1	33
561.476	561.505	58	N	33
561.505	561.625	25	EY1	33
561.625	561.735	46	B	33
561.735	561.894	28	IH1	33
561.894	561.934	51	G	33
561.934	561.965	74	sp	33
561.965	562.085	52	HH	33
562.085	562.293	13	AW1	33
562.293	562.413	62	S	33
562.413	562.553	74	sp	33
562.553	562.773	28	IH1	33
562.773	562.852	58	N	33
562.852	562.923	74	sp	33
562.923	563.111	10	AO1	33
563.111	563.261	62	S	33
563.261	563.302	64	T	33
563.302	563.402	6	AH0	33
563.402	563.471	58	N	33
563.471	563.571	64	T	33
563.571	563.65	19	EH1	33
563.65	563.791	54	K	33
563.791	563.87	62	S	33
563.87	563.95	6	AH0	33
563.95	564.21	62	S	33
564.21	564.389	74	sp	33
574.006	574.047	46	B	36
574.047	574.096	56	L	36
574.096	574.287	44	UW1	36
574.287	574.376	47	CH	36
574.376	574.546	32	IY1	36
574.546	574.645	69	Z	36
574.645	574.706	74	sp	36
574.706	574.736	62	S	36
574.736	574.765	57	M	36
574.765	574.846	19	EH1	36
574.846	574.995	56	L	36
574.995	575.144	69	Z	36
575.144	575.205	50	F	36
575.205	575.313	7	AH1	36
575.313	575.354	58	N	36
575.354	575.573	31	IY0	36
575.573	575.842	74	sp	36
584.384	584.443	49	DH	25
584.443	584.484	6	AH0	25
584.484	584.592	46	B	25
584.592	584.832	28	IH1	25
584.832	584.962	51	G	25
584.962	585.441	74	sp	25
585.441	585.561	48	D	25
585.561	585.909	10	AO1	25
585.909	585.98	51	G	25
585.98	586.12	74	sp	25
586.12	586.269	56	L	25
586.269	586.409	7	AH1	25
586.409	586.509	66	V	25
586.509	586.548	48	D	25
586.548	586.748	74	sp	25
586.748	586.847	64	T	25
586.847	586.898	6	AH0	25
586.898	587.138	47	CH	25
587.138	587.437	44	UW1	25
587.437	587.736	1	AA1	25
587.736	587.936	58	N	25
587.936	587.966	74	sp	25
587.966	588.095	49	DH	25
588.095	588.245	7	AH1	25
588.245	588.563	35	OW1	25
588.563	588.594	56	L	25
588.594	588.703	48	D	25
588.703	588.813	74	sp	25
588.813	589.033	61	R	25
589.033	589.312	4	AE1	25
589.312	589.402	51	G	25
589.402	589.652	74	sp	25
589.652	589.821	48	D	25
589.821	590.14	1	AA1	25
590.14	590.231	56	L	25
590.231	590.719	74	sp	25
601.664	602.024	74	sp	19
602.024	602.094	51	G	19
602.094	602.273	19	EH1	19
602.273	602.383	62	S	19
602.383	602.403	74	sp	19
602.403	602.442	49	DH	19
602.442	602.523	6	AH0	19
602.523	602.621	54	K	19
602.621	602.662	67	W	19
602.662	602.772	19	EH1	19
602.772	602.981	63	SH	19
602.981	603.061	6	AH0	19
603.061	603.24	58	N	19
603.24	603.301	74	sp	19
603.301	603.39	50	F	19
603.39	603.451	61	R	19
603.451	603.57	7	AH1	19
603.57	603.74	57	M	19
603.74	603.789	49	DH	19
603.789	603.899	7	AH1	19
603.899	604.139	4	AE1	19
604.139	604.198	58	N	19
604.198	604.339	62	S	19
604.339	604.518	21	ER0	19
604.518	604.758	74	sp	19
612.419	612.57	62	S	14
612.57	612.649	67	W	14
612.649	612.679	28	IH1	14
612.679	612.839	59	NG	14
612.839	612.869	68	Y	14
612.869	612.958	10	AO1	14
612.958	612.989	61	R	14
612.989	613.178	1	AA1	14
613.178	613.258	61	R	14
613.258	613.308	57	M	14
613.308	613.388	69	Z	14
613.388	613.538	19	EH1	14
613.538	613.626	69	Z	14
613.626	613.736	52	HH	14
613.736	613.917	16	AY1	14
613.917	614.236	4	AE1	14
614.236	614.426	69	Z	14
614.426	614.585	68	Y	14
614.585	614.615	44	UW1	14
614.615	614.755	54	K	14
614.755	615.043	4	AE1	14
615.043	615.214	58	N	14
622.447	622.567	60	P	28
622.567	622.626	56	L	28
622.626	622.807	32	IY1	28
622.807	622.846	69	Z	28
622.846	622.966	62	S	28
622.966	623.015	28	IH1	28
623.015	623.236	59	NG	28
623.236	623.365	53	JH	28
623.365	623.485	7	AH1	28
623.485	623.684	62	S	28
623.684	623.714	64	T	28
623.714	623.984	74	sp	28
623.984	624.014	49	DH	28
624.014	624.043	7	AH1	28
624.043	624.114	54	K	28
624.114	624.173	56	L	28
624.173	624.312	7	AH1	28
624.312	624.452	46	B	28
624.452	624.582	74	sp	28
624.582	624.631	65	TH	28
624.631	624.902	32	IY1	28
624.902	625.071	57	M	28
625.071	625.559	74	sp	28
634.100210169502	634.135	49	DH	41
634.135	634.407	31	IY0	41
634.407	634.559	4	AE1	41
634.559	634.69	59	NG	41
634.69	634.739	51	G	41
634.739	634.808	61	R	41
634.808	634.958	31	IY0	41
634.958	635.048	46	B	41
635.048	635.308	38	OY1	41
635.308	635.438	48	D	41
635.438	635.548	28	IH1	41
635.548	635.596	48	D	41
635.596	635.736	6	AH0	41
635.736	635.767	58	N	41
635.767	635.886	56	L	41
635.886	635.937	41	UH1	41
635.937	636.035	54	K	41
636.035	636.236	7	AH1	41
636.236	636.265	60	P	41
