8.425027973659468	8.523	58	N
8.523	8.752	4	AE1
8.752	8.912	58	N
8.912	9.012	62	S
9.012	9.211	31	IY0
9.211	9.401	52	HH
9.401	9.66	4	AE1
9.66	9.75	69	Z
9.75	9.84	74	sp
9.84	9.919	49	DH
9.919	9.959	6	AH0
9.959	10.069	46	B
10.069	10.269	19	EH1
10.269	10.438	62	S
10.438	10.518	64	T
10.518	10.558	51	G
10.558	10.588	61	R
10.588	10.827	25	EY1
10.827	10.957	48	D
10.957	11.007	69	Z
11.007	11.037	6	AH0
11.037	11.177	58	N
11.177	11.306	52	HH
11.306	11.336	21	ER0
11.336	11.416	74	sp
11.416	11.506	54	K
11.506	11.596	56	L
11.596	11.814010528775448	4	AE1
11.814010528775448	12.05641690361442	62	S
12.05641690361442	15.018	73	ns
15.018	15.447	74	sp
15.447	17.732	73	ns
17.732	18.031	16	AY1
18.031	18.32	64	T
18.32	18.622190468786975	41	UH1
18.622190468786975	18.909	54	K
18.909	18.999	52	HH
18.999	19.198	22	ER1
19.198	19.388	67	W
19.388	19.597	22	ER1
19.597	19.697	48	D
19.697	19.837	50	F
19.837	20.036	10	AO1
20.036	20.066	61	R
20.066	20.247896969569922	6	AH0
20.247896969569922	20.370760474625293	64	T
20.370760474625293	30.602	73	ns
30.602	33.107	73	ns
33.107	33.456	10	AO1
33.456	33.486	61	R
33.486	33.516	6	AH0
33.516	33.626	58	N
33.626	33.765	53	JH
33.765	33.845	74	sp
33.845	33.975	53	JH
33.975	34.154	44	UW1
34.154	34.364	62	S
34.364	34.474	74	sp
34.474	34.563	64	T
34.563	34.833	25	EY1
34.833	34.973	62	S
34.973	35.102	64	T
35.102	35.340129236225984	62	S
35.340129236225984	35.441	74	sp
35.441	35.481	50	F
35.481	35.681	7	AH1
35.681	35.86	58	N
35.86	35.89	31	IY0
35.89	36.19	4	AE1
36.19	36.349	50	F
36.349	36.439	64	T
36.439	36.609	21	ER0
36.609	36.699	74	sp
36.699	36.808	64	T
36.808	36.968	44	UW1
36.968	37.098	65	TH
37.098	37.227	60	P
37.227	37.407	26	EY2
37.407	37.587	62	S
37.587	37.726	64	T
37.726	40.759	73	ns
40.759	50.068	73	ns
50.068	50.148	61	R
50.148	50.358	1	AA1
50.358	50.417	46	B
50.417	50.527	6	AH0
50.527	50.747	58	N
50.747	50.777	56	L
50.777	50.956	16	AY1
50.956	51.086	54	K
51.086	51.196	62	S
51.196	51.236	74	sp
51.236	51.295	49	DH
51.295	51.345	6	AH0
51.345	51.525	54	K
51.525	51.844	7	AH1
51.844	51.904	56	L
51.904	51.934	21	ER0
51.934	51.964	68	Y
51.964	52.064	19	EH1
52.064	52.293	56	L
52.293	52.393	34	OW0
52.393	56.603	73	ns
56.603	63.408	73	ns
63.408	63.587	28	IH1
63.587	63.617	69	Z
63.617	63.917	63	SH
63.917	64.056	32	IY1
64.056	64.106	74	sp
64.106	64.166	51	G
64.166	64.466528760035	35	OW1
64.466528760035	64.58773194745449	27	IH0
64.58773194745449	64.97292563897943	59	NG
64.97292563897943	65.02439548569181	67	W
65.02439548569181	65.13065581438835	28	IH1
65.13065581438835	65.30332884852021	65	TH
65.30332884852021	65.3917826002077	68	Y
65.3917826002077	65.653	44	UW1
65.653	70.033	73	ns
70.033	76.538	73	ns
76.538	76.738	67	W
76.738	76.927	28	IH1
76.927	77.127	47	CH
77.127	77.356	65	TH
77.356	77.556	32	IY1
77.556	77.596	6	AH0
77.596	77.636	64	T
77.636	77.855	21	ER0
77.855	78.124	63	SH
78.124	78.454	35	OW1
78.454	78.593	69	Z
78.593	78.653	57	M
78.653	78.943	7	AH1
78.943	79.022	49	DH
79.022	79.172	21	ER0
79.172	79.362	51	G
79.362	79.581	44	UW1
79.581	79.91	62	S
79.91	80.16	74	sp
80.16	83.722	73	ns
83.722	92.232	73	ns
92.232	92.362	54	K
92.362	92.532	7	AH1
92.532	92.562	64	T
92.562	92.751	25	EY1
92.751	93.021	62	S
93.021	93.15	57	M
93.15	93.45	10	AO1
93.45	93.519	56	L
93.519	93.569	74	sp
93.569	93.729	54	K
93.729	94.208	10	AO1
94.208	94.248	61	R
94.248	94.278	58	N
94.278	94.308	21	ER0
94.308	94.338	74	sp
94.338	94.647	10	AO1
94.647	94.956	50	F
94.956	95.285	32	IY1
95.285	95.485	47	CH
95.485	95.794	19	EH1
95.794	96.153	53	JH
96.153	101.012	73	ns
101.012	108.845	73	ns
108.845	108.885	49	DH
108.885	109.11346851314195	25	EY1
109.11346851314195	109.473	10	AO1
109.473	109.503	56	L
109.503	109.533	6	AH0
109.533	109.782	58	N
109.782	109.952	53	JH
109.952	110.162	38	OY1
110.162	110.481	16	AY1
110.481	110.71	62	S
110.71	110.76	74	sp
110.76	110.85	54	K
110.85	110.88	61	R
110.88	110.99	32	IY1
110.99	111.149	57	M
111.149	111.349	62	S
111.349	111.479	7	AH1
111.479	111.588	58	N
111.588	111.638	48	D
111.638	111.838	26	EY2
111.838	112.067	69	Z
112.067	116.218	73	ns
116.218	116.318	74	sp
116.318	124.18	73	ns
124.18	124.29	64	T
124.29	124.489	1	AA1
124.489	124.699	57	M
124.699	124.739	61	R
124.739	124.978	32	IY1
124.978	125.078	48	D
125.078	125.108	69	Z
125.108	125.217	74	sp
125.217	125.267	49	DH
125.267	125.327	6	AH0
125.327	125.547	62	S
125.547	125.776	25	EY1
125.776	125.906	57	M
125.906	125.986	46	B
125.986	126.155	41	UH1
126.155	126.185	54	K
126.185	126.265	74	sp
126.265	126.485	19	EH1
126.485	126.534	66	V
126.534	126.594	61	R
126.594	126.664	31	IY0
126.664	126.824	58	N
126.824	126.983	16	AY1
126.983	127.1406540226058	64	T
127.1406540226058	130.934	73	ns
130.934	138.358	73	ns
138.358	138.537	52	HH
138.537	138.866	32	IY1
138.866	139.156	25	EY1
139.156	139.345	64	T
139.345	139.465	50	F
139.465	139.675	10	AO1
139.675	139.784	61	R
139.784	139.874	74	sp
139.874	140.213	19	EH1
140.213	140.333	51	G
140.333	140.632	69	Z
140.632	140.672	74	sp
140.672	140.792	50	F
140.792	140.942	10	AO1
140.942	141.012	61	R
141.012	141.141	46	B
141.141	141.231	61	R
141.231	141.311	19	EH1
141.311	141.441	54	K
141.441	141.58	50	F
141.58	141.77	6	AH0
141.77	141.989	62	S
141.989	142.15362718877768	64	T
142.15362718877768	145.601	73	ns
145.601	152.695	73	ns
152.695	152.725	49	DH
152.725	152.914	25	EY1
152.914	153.204	10	AO1
153.204	153.343	50	F
153.343	153.503	64	T
153.503	153.573	6	AH0
153.573	153.852	58	N
153.852	153.872	74	sp
153.872	153.952	51	G
153.952	154.212	35	OW1
154.212	154.601	13	AW1
154.601	154.66	64	T
154.66	154.91	6	AH0
154.91	154.98	58	N
154.98	155.189	19	EH1
155.189	155.299	66	V
155.299	155.419	21	ER0
155.419	155.638	31	IY0
155.638	155.908	32	IY1
155.908	155.938	66	V
155.938	155.978	58	N
155.978	156.137	27	IH0
156.137	156.377	59	NG
156.377	160.298	73	ns
160.298	168.539	73	ns
168.539	168.798	62	S
168.798	168.908	60	P
168.908	168.938	61	R
168.938	169.018	28	IH1
169.018	169.277	59	NG
169.277	169.457	62	S
169.457	169.597	64	T
169.597	169.626	61	R
169.626	169.896	32	IY1
169.896	169.926	64	T
169.926	170.135	28	IH1
170.135	170.175	69	Z
170.175	170.365	62	S
170.365	170.445	64	T
170.445	170.475	61	R
170.475	170.664	25	EY1
170.664	170.714	64	T
170.714	170.804	6	AH0
170.804	170.924	52	HH
170.924	171.093	19	EH1
171.093	171.24661979309417	48	D
171.24661979309417	175.084	73	ns
175.084	182.896	73	ns
182.896	183.186	28	IH1
183.186	183.265	69	Z
183.265	183.415	74	sp
183.415	183.625	49	DH
183.625	183.675	6	AH0
183.675	183.764	62	S
183.764	184.044	62	S
184.044	184.503	10	AO1
184.503	184.932	62	S
184.932	185.221	25	EY1
185.221	185.43265449320884	50	F
185.43265449320884	190.349	73	ns
190.349	190.499	74	sp
190.499	198.241	73	ns
198.241	198.271	49	DH
198.271	198.491	28	IH1
198.491	198.73	62	S
198.73	198.91	67	W
198.91	199.119	6	AH0
199.119	199.309	69	Z
199.309	199.359	74	sp
199.359	199.588	32	IY1
199.588	199.778	69	Z
199.778	199.958	31	IY0
199.958	200.097	50	F
200.097	200.277	10	AO1
200.277	200.307	61	R
200.307	200.606	7	AH1
200.606	200.935	62	S
200.935	201.035	74	sp
201.035	204.916	73	ns
204.916	216.51	73	ns
216.51	216.749	16	AY1
216.749	216.949	62	S
216.949	217.069	10	AO1
217.069	217.298	6	AH0
217.298	217.498	60	P
217.498	217.667	22	ER1
217.667	217.787	60	P
217.787	217.827	6	AH0
217.827	217.977	56	L
217.977	218.007	74	sp
218.007	218.126	54	K
218.126	218.166	61	R
218.166	218.356	4	AE1
218.356	218.485	46	B
218.485	218.59966607641607	1	AA1
218.59966607641607	218.70924704038438	58	N
218.70924704038438	218.76071688709675	49	DH
218.76071688709675	218.89188198033153	6	AH0
218.89188198033153	218.99980262666395	46	B
218.99980262666395	219.38333600055302	32	IY1
219.38333600055302	219.613	47	CH
219.613	220.032	74	sp
220.032	223.694	73	ns
223.694	231.137	73	ns
231.137	231.207	48	D
231.207	231.466	35	OW1
231.466	231.496	58	N
231.496	231.656	74	sp
231.656	231.845	48	D
231.845	232.314	44	UW1
232.314	232.484	47	CH
232.484	232.573	1	AA1
232.573	232.883	61	R
232.883	232.982	56	L
232.982	233.072	31	IY0
233.072	233.2464555287227	69	Z
233.2464555287227	233.322	74	sp
233.322	233.402	48	D
233.402	233.531	22	ER1
233.531	233.561	64	T
233.561	233.741	31	IY0
233.741	233.801	48	D
233.801	233.96	28	IH1
233.96	234.15	63	SH
234.15	234.38092067450046	6	AH0
234.38092067450046	234.59012069662177	69	Z
234.59012069662177	238.979	73	ns
238.979	245.993	73	ns
245.993	246.212	63	SH
246.212	246.362	41	UH1
246.362	246.492	48	D
246.492	246.621	53	JH
246.621	246.821	21	ER0
246.821	247.19	4	AE1
247.19	247.22	50	F
247.22	247.46	62	S
247.46	247.539	74	sp
247.539	247.579	46	B
247.579	247.739	32	IY1
247.739	247.879	54	K
247.879	248.038	19	EH1
248.038	248.138	60	P
248.138	248.258	64	T
248.258	248.397	28	IH1
248.397	248.567	58	N
248.567	248.637	74	sp
248.637	248.737	62	S
248.737	248.767	57	M
248.767	249.056	10	AO1
249.056	249.156	56	L
249.156	249.385	69	Z
249.385	249.615	44	UW1
249.615	249.924	69	Z
249.924	252.997	73	ns
252.997	253.057	74	sp
253.057	261.707	73	ns
261.707	261.967	32	IY1
261.967	261.997	66	V
261.997	262.296	6	AH0
262.296	262.336	58	N
262.336	262.695	16	AY1
262.695	262.875	51	G
262.875	263.114	19	EH1
263.114	263.184	64	T
263.184	263.513	74	sp
263.513	263.563	49	DH
263.563	263.7560224935791	6	AH0
263.7560224935791	263.8871875868139	57	M
263.8871875868139	264.03329553877165	7	AH1
264.03329553877165	264.182	58	N
264.182	264.241	48	D
264.241	264.471	26	EY2
264.471	264.551	74	sp
264.551	264.601	46	B
264.601	264.81	56	L
264.81	264.89	44	UW1
264.89	265.199	69	Z
265.199	269.679	73	ns
269.679	277.86	73	ns
277.86	277.91	49	DH
277.91	278.24	25	EY1
278.24	278.27	74	sp
278.27	278.56241428918963	35	OW1
278.56241428918963	278.6753158884297	58	N
278.6753158884297	278.9509286159863	25	EY1
278.9509286159863	279.06881116813406	46	B
279.06881116813406	279.25476674335295	28	IH1
279.25476674335295	279.36756805920555	51	G
279.36756805920555	279.497	52	HH
279.497	279.876	13	AW1
279.876	280.056	62	S
280.056	280.115	74	sp
280.115	280.375	28	IH1
280.375	280.435	58	N
280.435	280.634	10	AO1
280.634	280.884	62	S
280.884	280.934	64	T
280.934	281.013	6	AH0
281.013	281.173	58	N
281.173	281.283	64	T
281.283	281.392	19	EH1
281.392	281.532	54	K
281.532	281.662	62	S
281.662	281.792	6	AH0
281.792	282.031	62	S
282.031	286.69	73	ns
286.69	295.041	73	ns
295.041	295.071	46	B
295.071	295.201	56	L
295.201	295.451	44	UW1
295.451	295.5	74	sp
295.5	295.65	47	CH
295.65	296.039	32	IY1
296.039	296.109	69	Z
296.109	296.358	62	S
296.358	296.388	57	M
296.388	296.568	19	EH1
296.568	296.738	56	L
296.738	296.977	69	Z
296.977	297.017	74	sp
297.017	297.047	50	F
297.047	297.256	7	AH1
297.256	297.346	58	N
297.346	297.52225267651886	31	IY0
297.52225267651886	301.686	73	ns
301.686	308.551	73	ns
308.551	308.641	49	DH
308.641	308.83	7	AH1
308.83	308.86	74	sp
308.86	308.9	46	B
308.9	309.09	28	IH1
309.09	309.129	51	G
309.129	309.369	48	D
309.369	309.668	1	AA1
309.668	309.878	66	V
309.878	310.506	74	sp
310.506	310.586	53	JH
310.586	310.716	32	IY1
310.716	310.856	74	sp
310.856	311.015	56	L
311.015	311.215	7	AH1
311.215	311.245	66	V
311.245	311.484	69	Z
311.484	311.614	64	T
311.614	311.734	27	IH0
311.734	312.003	47	CH
312.003	312.212	44	UW1
312.212	312.592	1	AA1
312.592	312.711	58	N
312.711	312.761	49	DH
312.761	312.921	31	IY0
312.921	313.13	35	OW1
313.13	313.2	56	L
313.2	313.31	48	D
313.31	313.44	61	R
313.44	313.689	4	AE1
313.689	313.759	51	G
313.759	313.889	48	D
313.889	314.088	1	AA1
314.088	314.138	56	L
314.138	314.777	74	sp
314.777	317.67	73	ns
317.67	327.508	73	ns
327.508	327.558	51	G
327.558	327.797	19	EH1
327.797	327.927	62	S
327.927	327.997	74	sp
327.997	328.076	49	DH
328.076	328.186	6	AH0
328.186	328.316	54	K
328.316	328.376	67	W
328.376	328.505	19	EH1
328.505	328.835	63	SH
328.835	328.914	6	AH0
328.914	329.094	58	N
329.094	329.174	50	F
329.174	329.214	61	R
329.214	329.373	7	AH1
329.373	329.403	57	M
329.403	329.433	49	DH
329.433	329.6109603468912	6	AH0
329.6109603468912	329.842	4	AE1
329.842	329.972	58	N
329.972	330.092	62	S
330.092	330.231	21	ER0
330.231	334.232	73	ns
334.232	340.867	73	ns
340.867	340.987	74	sp
340.987	341.047	62	S
341.047	341.077	67	W
341.077	341.107	28	IH1
341.107	341.406	59	NG
341.406	341.436	68	Y
341.436	341.596	10	AO1
341.596	341.636	61	R
341.636	341.705	74	sp
341.705	342.164	1	AA1
342.164	342.194	61	R
342.194	342.344	57	M
342.344	342.504	69	Z
342.504	342.643	52	HH
342.643	343.2235166953821	16	AY1
343.2235166953821	343.471	4	AE1
343.471	343.64523737489645	69	Z
343.64523737489645	343.711	74	sp
343.711	343.761	49	DH
343.761	343.91	31	IY0
343.91	344.1	68	Y
344.1	344.15	44	UW1
344.15	344.369	54	K
344.369	344.619	4	AE1
344.619	344.6875270001649	58	N
344.6875270001649	348.6	73	ns
348.6	357.569	73	ns
357.569	357.619	60	P
357.619	357.699	56	L
357.699	358.008	32	IY1
358.008	358.16816048827275	69	Z
358.16816048827275	358.437	62	S
358.437	358.487	28	IH1
358.487	358.976	59	NG
358.976	359.126	53	JH
359.126	359.335	6	AH0
359.335	359.445	62	S
359.445	359.475	64	T
359.475	359.595	74	sp
359.595	360.114	4	AE1
360.114	360.313	69	Z
360.313	360.752	74	sp
360.752	360.892	49	DH
360.892	361.101	31	IY0
361.101	361.251	74	sp
361.251	361.291	54	K
361.291	361.331	56	L
361.331	361.53	7	AH1
361.53	361.63	46	B
361.63	361.79	74	sp
361.79	361.82	65	TH
361.82	362.079	32	IY1
362.079	362.179	57	M
362.179	366.599	73	ns
366.599	375.648	73	ns
375.648	375.688	49	DH
375.688	375.91344863323553	6	AH0
375.91344863323553	376.147	4	AE1
376.147	376.247	59	NG
376.247	376.307	51	G
376.307	376.337	61	R
376.337	376.536	31	IY0
376.536	376.706	46	B
376.706	377.025	38	OY1
377.025	377.205	48	D
377.205	377.484	28	IH1
377.484	377.614	48	D
377.614	377.644	6	AH0
377.644	377.674	58	N
377.674	377.773	56	L
377.773	377.843	41	UH1
377.843	377.993	54	K
377.993	378.163	7	AH1
378.163	378.3903642627785	60	P
421.075	421.155	58	N
421.155	421.384	4	AE1
421.384	421.514	58	N
421.514	421.594	62	S
421.594	421.763	31	IY0
421.763	421.843	52	HH
421.843	422.143	4	AE1
422.143	422.242	69	Z
422.242	422.332	74	sp
422.332	422.402	49	DH
422.402	422.452	6	AH0
422.452	422.592	46	B
422.592	422.831	19	EH1
422.831	423.051	62	S
423.051	423.1	64	T
423.1	423.15	51	G
423.15	423.18	61	R
423.18	423.41	25	EY1
423.41	423.49	48	D
423.49	423.579	69	Z
423.579	423.769	28	IH1
423.769	423.799	58	N
423.799	423.829	49	DH
423.829	423.929	7	AH1
423.929	424.058	54	K
424.058	424.098	56	L
424.098	424.348	4	AE1
424.348	424.567	62	S
424.567	428.169	73	ns
428.169	434.983	73	ns
434.983	435.213	16	AY1
435.213	435.373	64	T
435.373	435.502	41	UH1
435.502	435.662	54	K
435.662	435.722	52	HH
435.722	435.861	22	ER1
435.861	436.031	67	W
436.031	436.201	22	ER1
436.201	436.27	48	D
436.27	436.42	50	F
436.42	436.63	10	AO1
436.63	436.729	61	R
436.729	436.839	6	AH0
436.839	436.869	64	T
436.869	440.82	73	ns
440.82	447.734	73	ns
447.734	447.864	10	AO1
447.864	447.944	61	R
447.944	448.203	6	AH0
448.203	448.233	58	N
448.233	448.443	53	JH
448.443	448.473	74	sp
448.473	448.592	53	JH
448.592	448.802	44	UW1
448.802	449.021	62	S
449.021	449.171	74	sp
449.171	449.271	64	T
449.271	449.48	25	EY1
449.48	449.56	62	S
449.56	449.62	64	T
449.62	449.76	62	S
449.76	449.83	50	F
449.83	449.959	7	AH1
449.959	449.989	58	N
449.989	450.139	31	IY0
450.139	450.319	4	AE1
450.319	450.368	50	F
450.368	450.518	64	T
450.518	450.648	21	ER0
450.648	450.817	64	T
450.817	450.947	44	UW1
450.947	450.987	65	TH
450.987	451.157	60	P
451.157	451.326	26	EY2
451.326	451.546	62	S
451.546	451.6881952120713	64	T
451.6881952120713	455.168	73	ns
455.168	462.361	73	ns
462.361	462.391	74	sp
462.391	462.451	61	R
462.451	462.66	1	AA1
462.66	462.76	46	B
462.76	462.83	6	AH0
462.83	463.0	58	N
463.0	463.119	56	L
463.119	463.319	16	AY1
463.319	463.439	54	K
463.439	463.499	62	S
463.499	463.608	74	sp
463.608	463.648	49	DH
463.648	463.708	6	AH0
463.708	463.868	54	K
463.868	463.948	7	AH1
463.948	464.067	56	L
464.067	464.207	21	ER0
464.207	464.307	68	Y
464.307	464.407	19	EH1
464.407	464.696	56	L
464.696	464.756	34	OW0
464.756	468.757	73	ns
468.757	475.611	73	ns
475.611	475.821	28	IH1
475.821	475.851	69	Z
475.851	476.06	63	SH
476.06	476.28	32	IY1
476.28	476.349	51	G
476.349	476.629	35	OW1
476.629	476.689	27	IH0
476.689	477.078	59	NG
477.078	477.587	74	sp
477.587	477.746	67	W
477.746	477.836	28	IH1
477.836	477.886	65	TH
477.886	477.996	74	sp
477.996	478.245	68	Y
478.245	478.365	44	UW1
478.365	481.777	73	ns
481.777	492.183	73	ns
492.183	492.373	67	W
492.373	492.553	28	IH1
492.553	492.802	47	CH
492.802	492.902	65	TH
492.902	493.201	32	IY1
493.201	493.231	6	AH0
493.231	493.261	64	T
493.261	493.291	21	ER0
493.291	493.5	63	SH
493.5	493.73	35	OW1
493.73	493.86	69	Z
493.86	493.89	57	M
493.89	494.129	7	AH1
494.129	494.219	49	DH
494.219	494.309	21	ER0
494.309	494.438	51	G
494.438	494.648	44	UW1
494.648	494.947	62	S
494.947	499.766	73	ns
499.766	506.421	73	ns
506.421	506.541	54	K
506.541	506.631	7	AH1
506.631	506.77991619728084	64	T
506.77991619728084	506.98	25	EY1
506.98	507.179	62	S
507.179	507.289	57	M
507.289	507.479	10	AO1
507.479	507.539	56	L
507.539	507.598	74	sp
507.598	507.718	54	K
507.718	507.798	10	AO1
507.798	507.878	61	R
507.878	507.997	58	N
507.997	508.167	21	ER0
508.167	508.257	74	sp
508.257	508.516	10	AO1
508.516	508.696	50	F
508.696	508.945	32	IY1
508.945	509.135	47	CH
509.135	509.394	19	EH1
509.394	509.704	53	JH
509.704	514.363	73	ns
514.363	522.465	73	ns
522.465	522.495	49	DH
522.495	522.654	25	EY1
522.654	522.993	10	AO1
522.993	523.023	56	L
523.023	523.093	6	AH0
523.093	523.253	58	N
523.253	523.432	53	JH
523.432	523.7159163863685	38	OY1
523.7159163863685	524.021	16	AY1
524.021	524.191	62	S
524.191	524.221	74	sp
524.221	524.32	54	K
524.32	524.35	61	R
524.35	524.47	32	IY1
524.47	524.59	57	M
524.59	524.789	62	S
524.789	524.899	7	AH1
524.899	525.009	58	N
525.009	525.069	48	D
525.069	525.308	26	EY2
525.308	525.568	69	Z
525.568	530.666	73	ns
530.666	539.296	73	ns
539.296	539.436	64	T
539.436	539.665	1	AA1
539.665	539.775	57	M
539.775	539.845	61	R
539.845	540.025	32	IY1
540.025	540.104	48	D
540.104	540.204	69	Z
540.204	540.254	74	sp
540.254	540.334	49	DH
540.334	540.364	6	AH0
540.364	540.593	62	S
540.593	540.753	25	EY1
540.753	540.893	57	M
540.893	540.953	46	B
540.953	541.102	41	UH1
541.102	541.242	54	K
541.242	541.392	19	EH1
541.392	541.501	66	V
541.501	541.541	61	R
541.541	541.661	31	IY0
541.661	541.772998896758	58	N
541.772998896758	541.9805386012436	16	AY1
541.9805386012436	542.0386497184994	64	T
542.0386497184994	547.388	73	ns
547.388	555.46	73	ns
555.46	555.559	52	HH
555.559	555.809	32	IY1
555.809	556.118	25	EY1
556.118	556.168	64	T
556.168	556.338	74	sp
556.338	556.378	50	F
556.378	556.587	10	AO1
556.587	556.777	61	R
556.777	556.817	74	sp
556.817	557.066	19	EH1
557.066	557.275	53	JH
557.275	557.425	6	AH0
557.425	557.844	69	Z
557.844	558.403	74	sp
558.403	558.662	19	EH1
558.662	558.842	51	G
558.842	559.021	69	Z
559.021	559.111	50	F
559.111	559.261	21	ER0
559.261	559.321	46	B
559.321	559.351	61	R
559.351	559.49	19	EH1
559.49	559.53	54	K
559.53	559.74	50	F
559.74	559.84	6	AH0
559.84	559.919	62	S
559.919	560.0328852254521	64	T
560.0328852254521	565.257	73	ns
565.257	573.08	73	ns
573.08	573.239	49	DH
573.239	573.469	25	EY1
573.469	573.768	10	AO1
573.768	573.968	50	F
573.968	574.037	64	T
574.037	574.157	6	AH0
574.157	574.357	58	N
574.357	574.397	51	G
574.397	574.656	35	OW1
574.656	574.696	74	sp
574.696	575.285	13	AW1
575.285	575.324	64	T
575.324	576.043	74	sp
576.043	576.482	6	AH0
576.482	576.631	58	N
576.631	576.871	74	sp
576.871	576.931	49	DH
576.931	577.08	31	IY0
577.08	577.36	32	IY1
577.36	577.45	66	V
577.45	577.48	58	N
577.48	577.519	27	IH0
577.519	577.749	59	NG
577.749	582.558	73	ns
582.558	590.47	73	ns
590.47	590.7	62	S
590.7	590.769	60	P
590.769	590.849	61	R
590.849	590.889	28	IH1
590.889	591.148	59	NG
591.148	591.358	62	S
591.358	591.458	64	T
591.458	591.508	61	R
591.508	591.677	32	IY1
591.677	591.707	64	T
591.707	591.897	28	IH1
591.897	591.937	69	Z
591.937	592.116	62	S
592.116	592.186	64	T
592.186	592.216	61	R
592.216	592.376	25	EY1
592.376	592.436	64	T
592.436	592.525	6	AH0
592.525	592.665	52	HH
592.665	592.885	19	EH1
592.885	592.954	48	D
592.954	592.974	74	sp
592.974	602.243	73	ns
602.243	606.364	73	ns
606.364	606.553	28	IH1
606.553	606.703	69	Z
606.703	606.893	74	sp
606.893	606.933	49	DH
606.933	607.062	6	AH0
607.062	607.252	62	S
607.252	607.511	62	S
607.511	607.711	32	IY1
607.711	607.91	62	S
607.91	608.1	11	AO2
608.1	608.409	62	S
608.409	608.639	25	EY1
608.639	608.689	50	F
608.689	613.957	73	ns
613.957	620.552	73	ns
620.552	620.582	49	DH
620.582	620.781	28	IH1
620.781	621.011	62	S
621.011	621.17	67	W
621.17	621.35	7	AH1
621.35	621.559	69	Z
621.559	621.749	32	IY1
621.749	621.929	69	Z
621.929	622.068	31	IY0
622.068	622.228	50	F
622.228	622.397	10	AO1
622.397	622.467	61	R
622.467	622.697	7	AH1
622.697	623.016	62	S
623.016	627.735	73	ns
627.735	634.979	73	ns
634.979	635.238	16	AY1
635.238	635.428	62	S
635.428	635.677	10	AO1
635.677	635.707	6	AH0
635.707	635.907	60	P
635.907	636.007	22	ER1
636.007	636.166	60	P
636.166	636.206	6	AH0
636.206	636.366	56	L
636.366	636.406	74	sp
636.406	636.505	54	K
636.505	636.535	61	R
636.535	636.735	4	AE1
636.735	636.825	46	B
636.825	636.964	1	AA1
636.964	637.0213020631229	58	N
637.0213020631229	637.0694512745636	49	DH
637.0694512745636	637.1652482805072	31	IY0
637.1652482805072	637.2715086092037	46	B
637.2715086092037	637.7264356414357	32	IY1
637.7264356414357	637.962	47	CH
637.962	641.893	73	ns
641.893	650.563	73	ns
650.563	650.623	48	D
650.623	650.833	35	OW1
650.833	650.863	58	N
650.863	650.933	64	T
650.933	651.092	48	D
651.092	651.262	44	UW1
651.262	651.491	47	CH
651.491	651.591	1	AA1
651.591	651.641	61	R
651.641	651.791	56	L
651.791	651.92	31	IY0
651.92	652.07	69	Z
652.07	652.12	74	sp
652.12	652.18	48	D
652.18	652.27	22	ER1
652.27	652.299	64	T
652.299	652.509	31	IY0
652.509	652.649	48	D
652.649	652.748	28	IH1
652.748	652.948	63	SH
652.948	653.118	6	AH0
653.118	653.377	69	Z
653.377	658.076	73	ns
658.076	666.387	73	ns
666.387	666.707	63	SH
666.707	666.886	41	UH1
666.886	667.006	48	D
667.006	667.126	53	JH
667.126	667.325	21	ER0
667.325	667.645	4	AE1
667.645	667.695	50	F
667.695	667.914	62	S
667.914	667.954	74	sp
667.954	668.004	46	B
668.004	668.203	32	IY1
668.203	668.223	74	sp
668.223	668.353	54	K
668.353	668.483	4	AE1
668.483	668.612	60	P
668.612	668.722	64	T
668.722	668.802	28	IH1
668.802	669.091	58	N
669.091	669.351	74	sp
669.351	669.55	62	S
669.55	669.65	57	M
669.65	669.81	10	AO1
669.81	669.919	56	L
669.919	670.119	69	Z
670.119	670.398	44	UW1
670.398	670.678	69	Z
670.678	675.487	73	ns
675.487	682.98	73	ns
682.98	683.189	32	IY1
683.189	683.319	66	V
683.319	683.379	6	AH0
683.379	683.539	58	N
683.539	683.768	16	AY1
683.768	683.898	51	G
683.898	684.067	19	EH1
684.067	684.107	64	T
684.107	684.177	74	sp
684.177	684.227	49	DH
684.227	684.297	7	AH1
684.297	684.466	57	M
684.466	684.566	7	AH1
684.566	684.676	58	N
684.676	684.726	48	D
684.726	684.905	26	EY2
684.905	684.965	74	sp
684.965	685.035	46	B
685.035	685.245	56	L
685.245	685.344	44	UW1
685.344	685.674	69	Z
685.674	690.712	73	ns
690.712	690.822	74	sp
690.822	699.881	73	ns
699.881	700.051	49	DH
700.051	700.38	25	EY1
700.38	700.889	35	OW1
700.889	701.009	58	N
701.009	701.029	74	sp
701.029	701.258	25	EY1
701.258	701.298	46	B
701.298	701.328	28	IH1
701.328	701.358	51	G
701.358	701.508	52	HH
701.508	701.697	13	AW1
701.697	701.877	62	S
701.877	701.917	6	AH0
701.917	702.026	58	N
702.026	702.266	10	AO1
702.266	702.515	62	S
702.515	702.605	64	T
702.605	702.635	6	AH0
702.635	702.745	58	N
702.745	702.785	64	T
702.785	702.944	19	EH1
702.944	703.094	54	K
703.094	703.254	62	S
703.254	703.353	6	AH0
703.353	703.563	62	S
703.563	707.414	73	ns
707.414	715.586	73	ns
715.586	715.636	46	B
715.636	715.745	56	L
715.745	715.935	44	UW1
715.935	715.975	74	sp
715.975	716.154	47	CH
716.154	716.374	32	IY1
716.374	716.474	69	Z
716.474	716.623	62	S
716.623	716.653	57	M
716.653	716.773	19	EH1
716.773	716.953	56	L
716.953	717.002	69	Z
717.002	717.242	50	F
717.242	717.352	7	AH1
717.352	717.611	58	N
717.611	717.641	31	IY0
717.641	718.868	73	ns
718.868	728.057	73	ns
728.057	730.671	73	ns
730.671	730.701	49	DH
730.701	730.801	6	AH0
730.801	730.961	46	B
730.961	731.17	28	IH1
731.17	731.3	51	G
731.3	731.43	48	D
731.43	731.709	10	AO1
731.709	731.849	51	G
731.849	732.018	56	L
732.018	732.158	7	AH1
732.158	732.188	66	V
732.188	732.338	69	Z
732.338	732.368	74	sp
732.368	732.477	64	T
732.477	732.527	6	AH0
732.527	732.777	47	CH
732.777	732.946	44	UW1
732.946	733.265	1	AA1
733.265	733.375	58	N
733.375	733.425	49	DH
733.425	733.565	31	IY0
733.565	733.814	35	OW1
733.814	733.914	56	L
733.914	733.994	48	D
733.994	734.064	61	R
734.064	734.283	4	AE1
734.283	734.343	51	G
734.343	734.453	48	D
734.453	734.612	1	AA1
734.612	734.652	56	L
734.652	739.741	73	ns
739.741	747.872	73	ns
747.872	747.952	51	G
747.952	748.102	19	EH1
748.102	748.231	62	S
748.231	748.311	74	sp
748.311	748.351	49	DH
748.351	748.461	7	AH1
748.461	748.601	54	K
748.601	748.68	67	W
748.68	748.8	19	EH1
748.8	749.109	63	SH
749.109	749.139	6	AH0
749.139	749.269	58	N
749.269	749.369	50	F
749.369	749.419	61	R
749.419	749.539	7	AH1
749.539	749.598	57	M
749.598	749.628	49	DH
749.628	749.748	31	IY0
749.748	750.027	4	AE1
750.027	750.147	58	N
750.147	750.267	62	S
750.267	750.5168997173231	21	ER0
750.5168997173231	754.936	73	ns
754.936	764.345	73	ns
764.345	764.554	62	S
764.554	764.584	67	W
764.584	764.614	28	IH1
764.614	764.794	59	NG
764.794	764.914	68	Y
764.914	764.993	10	AO1
764.993	765.043	61	R
765.043	765.123	74	sp
765.123	765.373	1	AA1
765.373	765.442	61	R
765.442	765.482	57	M
765.482	765.572	69	Z
765.572	765.682	19	EH1
765.682	765.802	69	Z
765.802	765.941	52	HH
765.941	766.161	16	AY1
766.161	766.33	19	EH1
766.33	766.48	69	Z
766.48	766.6	68	Y
766.6	766.65	44	UW1
766.65	766.819	54	K
766.819	767.029	4	AE1
767.029	767.079	58	N
767.079	771.738	73	ns
771.738	779.401	73	ns
779.401	779.52	60	P
779.52	779.6	56	L
779.6	779.79	32	IY1
779.79	779.84	69	Z
779.84	780.129	62	S
780.129	780.199	28	IH1
780.199	780.548	59	NG
780.548	780.578	49	DH
780.578	780.688	7	AH1
780.688	780.817	74	sp
780.817	780.857	54	K
780.857	780.897	56	L
780.897	781.087	7	AH1
781.087	781.147	46	B
781.147	781.276	74	sp
781.276	781.356	65	TH
781.356	781.576	32	IY1
781.576	781.725	57	M
781.725	797.5	73	ns
797.5	797.55007118504	49	DH
797.55007118504	797.6597524323957	6	AH0
797.6597524323957	797.8754934416731	25	EY1
797.8754934416731	797.963490276375	58	N
797.963490276375	797.9983569467284	51	G
797.9983569467284	798.0896744167021	61	R
798.0896744167021	798.2641080518573	31	IY0
798.2641080518573	798.3603619747864	46	B
798.3603619747864	798.6692255550129	38	OY1
798.6692255550129	798.7173302665013	48	D
798.7173302665013	798.8186096422902	28	IH1
798.8186096422902	798.850155677372	48	D
798.850155677372	798.964717594248	6	AH0
798.964717594248	799.0012445822374	58	N
799.0012445822374	799.0395879546857	64	T
799.0395879546857	799.1458482833822	56	L
799.1458482833822	799.2637308355299	41	UH1
799.2637308355299	799.4131594227593	54	K
799.4131594227593	799.645603891783	7	AH1
799.645603891783	799.8099753377355	60	P
799.8099753377355	813.274	74	sp
