23.78875283446712	24.08775283446712	16	AY1
24.08775283446712	24.376752834467123	64	T
24.376752834467123	24.678943303254098	41	UH1
24.678943303254098	24.96575283446712	54	K
24.96575283446712	25.05575283446712	52	HH
25.05575283446712	25.254752834467123	22	ER1
25.254752834467123	25.444752834467124	67	W
25.444752834467124	25.653752834467124	22	ER1
25.653752834467124	25.75375283446712	48	D
25.75375283446712	25.893752834467122	50	F
25.893752834467122	26.092752834467124	10	AO1
26.092752834467124	26.12275283446712	61	R
26.12275283446712	26.304649804037044	6	AH0
26.304649804037044	26.427513309092415	64	T
26.427513309092415	40.740045351473924	74	sp
40.740045351473924	41.08904535147393	10	AO1
41.08904535147393	41.11904535147392	61	R
41.11904535147392	41.14904535147392	6	AH0
41.14904535147392	41.25904535147392	58	N
41.25904535147392	41.398045351473925	53	JH
41.398045351473925	41.478045351473924	74	sp
41.478045351473924	41.608045351473926	53	JH
41.608045351473926	41.78704535147393	44	UW1
41.78704535147393	41.99704535147392	62	S
41.99704535147392	42.10704535147392	74	sp
42.10704535147392	42.19604535147393	64	T
42.19604535147393	42.46604535147392	25	EY1
42.46604535147392	42.606045351473924	62	S
42.606045351473924	42.73504535147392	64	T
42.73504535147392	42.97317458769991	62	S
42.97317458769991	43.07404535147393	74	sp
43.07404535147393	43.114045351473926	50	F
43.114045351473926	43.31404535147392	7	AH1
43.31404535147392	43.493045351473924	58	N
43.493045351473924	43.523045351473925	31	IY0
43.523045351473925	43.82304535147392	4	AE1
43.82304535147392	43.98204535147392	50	F
43.98204535147392	44.072045351473925	64	T
44.072045351473925	44.24204535147393	21	ER0
44.24204535147393	44.33204535147392	74	sp
44.33204535147392	44.441045351473925	64	T
44.441045351473925	44.60104535147393	44	UW1
44.60104535147393	44.731045351473924	65	TH
44.731045351473924	44.86004535147392	60	P
44.86004535147392	45.04004535147392	26	EY2
45.04004535147392	45.22004535147393	62	S
45.22004535147393	45.359045351473924	64	T
45.359045351473924	56.57931972789115	74	sp
56.57931972789115	56.65931972789116	61	R
56.65931972789116	56.86931972789115	1	AA1
56.86931972789115	56.92831972789116	46	B
56.92831972789116	57.03831972789116	6	AH0
57.03831972789116	57.258319727891156	58	N
57.258319727891156	57.28831972789116	56	L
57.28831972789116	57.46731972789116	16	AY1
57.46731972789116	57.597319727891154	54	K
57.597319727891154	57.707319727891154	62	S
57.707319727891154	57.74731972789115	74	sp
57.74731972789115	57.80631972789116	49	DH
57.80631972789116	57.856319727891155	6	AH0
57.856319727891155	58.036319727891154	54	K
58.036319727891154	58.35531972789116	7	AH1
58.35531972789116	58.41531972789116	56	L
58.41531972789116	58.44531972789115	21	ER0
58.44531972789115	58.475319727891154	68	Y
58.475319727891154	58.575319727891156	19	EH1
58.575319727891156	58.804319727891155	56	L
58.804319727891155	58.904319727891156	34	OW0
58.904319727891156	70.00607709750567	74	sp
70.00607709750567	70.18507709750567	28	IH1
70.18507709750567	70.21507709750566	69	Z
70.21507709750566	70.51507709750567	63	SH
70.51507709750567	70.65407709750566	32	IY1
70.65407709750566	70.70407709750566	74	sp
70.70407709750566	70.76407709750566	51	G
70.76407709750566	71.06460585754067	35	OW1
71.06460585754067	71.18580904496015	27	IH0
71.18580904496015	71.5710027364851	59	NG
71.5710027364851	71.62247258319748	67	W
71.62247258319748	71.72873291189401	28	IH1
71.72873291189401	71.90140594602587	65	TH
71.90140594602587	71.98985969771337	68	Y
71.98985969771337	72.25107709750567	44	UW1
72.25107709750567	83.70956916099773	74	sp
83.70956916099773	83.90956916099773	67	W
83.90956916099773	84.09856916099774	28	IH1
84.09856916099774	84.29856916099773	47	CH
84.29856916099773	84.52756916099773	65	TH
84.52756916099773	84.72756916099773	32	IY1
84.72756916099773	84.76756916099774	6	AH0
84.76756916099774	84.80756916099773	64	T
84.80756916099773	85.02656916099774	21	ER0
85.02656916099774	85.29556916099773	63	SH
85.29556916099773	85.62556916099773	35	OW1
85.62556916099773	85.76456916099774	69	Z
85.76456916099774	85.82456916099774	57	M
85.82456916099774	86.11456916099773	7	AH1
86.11456916099773	86.19356916099774	49	DH
86.19356916099774	86.34356916099773	21	ER0
86.34356916099773	86.53356916099773	51	G
86.53356916099773	86.75256916099774	44	UW1
86.75256916099774	87.08156916099773	62	S
87.08156916099773	100.88498866213152	74	sp
100.88498866213152	101.01498866213151	54	K
101.01498866213151	101.18498866213152	7	AH1
101.18498866213152	101.21498866213152	64	T
101.21498866213152	101.40398866213152	25	EY1
101.40398866213152	101.67398866213152	62	S
101.67398866213152	101.80298866213153	57	M
101.80298866213153	102.10298866213152	10	AO1
102.10298866213152	102.17198866213153	56	L
102.17198866213153	102.22198866213152	74	sp
102.22198866213152	102.38198866213152	54	K
102.38198866213152	102.86098866213152	10	AO1
102.86098866213152	102.90098866213152	61	R
102.90098866213152	102.93098866213153	58	N
102.93098866213153	102.96098866213153	21	ER0
102.96098866213153	102.99098866213151	74	sp
102.99098866213151	103.29998866213153	10	AO1
103.29998866213153	103.60898866213152	50	F
103.60898866213152	103.93798866213152	32	IY1
103.93798866213152	104.13798866213152	47	CH
104.13798866213152	104.44698866213152	19	EH1
104.44698866213152	104.80598866213153	53	JH
104.80598866213153	116.19410430839002	74	sp
116.19410430839002	116.23410430839003	49	DH
116.23410430839003	116.46257282153198	25	EY1
116.46257282153198	116.82210430839002	10	AO1
116.82210430839002	116.85210430839003	56	L
116.85210430839003	116.88210430839003	6	AH0
116.88210430839003	117.13110430839002	58	N
117.13110430839002	117.30110430839002	53	JH
117.30110430839002	117.51110430839003	38	OY1
117.51110430839003	117.83010430839002	16	AY1
117.83010430839002	118.05910430839002	62	S
118.05910430839002	118.10910430839003	74	sp
118.10910430839003	118.19910430839002	54	K
118.19910430839002	118.22910430839002	61	R
118.22910430839002	118.33910430839002	32	IY1
118.33910430839002	118.49810430839003	57	M
118.49810430839003	118.69810430839003	62	S
118.69810430839003	118.82810430839002	7	AH1
118.82810430839002	118.93710430839002	58	N
118.93710430839002	118.98710430839003	48	D
118.98710430839003	119.18710430839002	26	EY2
119.18710430839002	119.41610430839002	69	Z
119.41610430839002	131.05814058956915	74	sp
131.05814058956915	131.16814058956913	64	T
131.16814058956913	131.36714058956915	1	AA1
131.36714058956915	131.57714058956913	57	M
131.57714058956913	131.61714058956915	61	R
131.61714058956915	131.85614058956912	32	IY1
131.85614058956912	131.95614058956915	48	D
131.95614058956915	131.98614058956915	69	Z
131.98614058956915	132.09514058956916	74	sp
132.09514058956916	132.14514058956914	49	DH
132.14514058956914	132.20514058956914	6	AH0
132.20514058956914	132.42514058956914	62	S
132.42514058956914	132.65414058956912	25	EY1
132.65414058956912	132.78414058956915	57	M
132.78414058956915	132.86414058956916	46	B
132.86414058956916	133.03314058956914	41	UH1
133.03314058956914	133.06314058956914	54	K
133.06314058956914	133.14314058956916	74	sp
133.14314058956916	133.36314058956913	19	EH1
133.36314058956913	133.41214058956916	66	V
133.41214058956916	133.47214058956914	61	R
133.47214058956914	133.54214058956916	31	IY0
133.54214058956916	133.70214058956913	58	N
133.70214058956913	133.86114058956915	16	AY1
133.86114058956915	134.01879461217493	64	T
134.01879461217493	145.4803628117914	74	sp
145.4803628117914	145.6593628117914	52	HH
145.6593628117914	145.9883628117914	32	IY1
145.9883628117914	146.2783628117914	25	EY1
146.2783628117914	146.4673628117914	64	T
146.4673628117914	146.5873628117914	50	F
146.5873628117914	146.7973628117914	10	AO1
146.7973628117914	146.90636281179138	61	R
146.90636281179138	146.99636281179139	74	sp
146.99636281179139	147.33536281179138	19	EH1
147.33536281179138	147.4553628117914	51	G
147.4553628117914	147.7543628117914	69	Z
147.7543628117914	147.7943628117914	74	sp
147.7943628117914	147.9143628117914	50	F
147.9143628117914	148.0643628117914	10	AO1
148.0643628117914	148.1343628117914	61	R
148.1343628117914	148.26336281179138	46	B
148.26336281179138	148.35336281179138	61	R
148.35336281179138	148.4333628117914	19	EH1
148.4333628117914	148.5633628117914	54	K
148.5633628117914	148.7023628117914	50	F
148.7023628117914	148.8923628117914	6	AH0
148.8923628117914	149.1113628117914	62	S
149.1113628117914	149.27599000056907	64	T
149.27599000056907	160.26137930094652	74	sp
160.26137930094652	160.29137930094652	49	DH
160.29137930094652	160.4803793009465	25	EY1
160.4803793009465	160.77037930094653	10	AO1
160.77037930094653	160.9093793009465	50	F
160.9093793009465	161.0693793009465	64	T
161.0693793009465	161.13937930094653	6	AH0
161.13937930094653	161.41837930094653	58	N
161.41837930094653	161.43837930094654	74	sp
161.43837930094654	161.51837930094652	51	G
161.51837930094652	161.7783793009465	35	OW1
161.7783793009465	162.16737930094652	13	AW1
162.16737930094652	162.22637930094652	64	T
162.22637930094652	162.47637930094652	6	AH0
162.47637930094652	162.5463793009465	58	N
162.5463793009465	162.75537930094652	19	EH1
162.75537930094652	162.86537930094653	66	V
162.86537930094653	162.98537930094653	21	ER0
162.98537930094653	163.20437930094653	31	IY0
163.20437930094653	163.4743793009465	32	IY1
163.4743793009465	163.5043793009465	66	V
163.5043793009465	163.54437930094653	58	N
163.54437930094653	163.70337930094652	27	IH0
163.70337930094652	163.94337930094653	59	NG
163.94337930094653	175.0888888888889	74	sp
175.0888888888889	175.34788888888892	62	S
175.34788888888892	175.4578888888889	60	P
175.4578888888889	175.4878888888889	61	R
175.4878888888889	175.56788888888892	28	IH1
175.56788888888892	175.8268888888889	59	NG
175.8268888888889	176.0068888888889	62	S
176.0068888888889	176.14688888888892	64	T
176.14688888888892	176.17588888888892	61	R
176.17588888888892	176.4458888888889	32	IY1
176.4458888888889	176.4758888888889	64	T
176.4758888888889	176.6848888888889	28	IH1
176.6848888888889	176.72488888888893	69	Z
176.72488888888893	176.91488888888892	62	S
176.91488888888892	176.9948888888889	64	T
176.9948888888889	177.0248888888889	61	R
177.0248888888889	177.2138888888889	25	EY1
177.2138888888889	177.2638888888889	64	T
177.2638888888889	177.35388888888892	6	AH0
177.35388888888892	177.47388888888892	52	HH
177.47388888888892	177.6428888888889	19	EH1
177.6428888888889	177.79650868198308	48	D
177.79650868198308	190.420589569161	74	sp
190.420589569161	190.71058956916102	28	IH1
190.71058956916102	190.789589569161	69	Z
190.789589569161	190.939589569161	74	sp
190.939589569161	191.149589569161	49	DH
191.149589569161	191.19958956916102	6	AH0
191.19958956916102	191.28858956916102	62	S
191.28858956916102	191.56858956916102	62	S
191.56858956916102	192.027589569161	10	AO1
192.027589569161	192.456589569161	62	S
192.456589569161	192.745589569161	25	EY1
192.745589569161	192.95724406236985	50	F
192.95724406236985	204.88371882086167	74	sp
204.88371882086167	204.91371882086165	49	DH
204.91371882086165	205.13371882086167	28	IH1
205.13371882086167	205.37271882086165	62	S
205.37271882086165	205.55271882086166	67	W
205.55271882086166	205.76171882086166	6	AH0
205.76171882086166	205.95171882086166	69	Z
205.95171882086166	206.00171882086167	74	sp
206.00171882086167	206.23071882086165	32	IY1
206.23071882086165	206.42071882086165	69	Z
206.42071882086165	206.60071882086166	31	IY0
206.60071882086166	206.73971882086167	50	F
206.73971882086167	206.91971882086165	10	AO1
206.91971882086165	206.94971882086165	61	R
206.94971882086165	207.24871882086165	7	AH1
207.24871882086165	207.57771882086166	62	S
207.57771882086166	207.67771882086166	74	sp
207.67771882086166	223.6625850340136	74	sp
223.6625850340136	223.9015850340136	16	AY1
223.9015850340136	224.10158503401362	62	S
224.10158503401362	224.2215850340136	10	AO1
224.2215850340136	224.4505850340136	6	AH0
224.4505850340136	224.6505850340136	60	P
224.6505850340136	224.8195850340136	22	ER1
224.8195850340136	224.93958503401362	60	P
224.93958503401362	224.9795850340136	6	AH0
224.9795850340136	225.12958503401362	56	L
225.12958503401362	225.15958503401362	74	sp
225.15958503401362	225.27858503401362	54	K
225.27858503401362	225.3185850340136	61	R
225.3185850340136	225.5085850340136	4	AE1
225.5085850340136	225.63758503401363	46	B
225.63758503401363	225.75225111042968	1	AA1
225.75225111042968	225.861832074398	58	N
225.861832074398	225.91330192111036	49	DH
225.91330192111036	226.04446701434514	6	AH0
226.04446701434514	226.15238766067756	46	B
226.15238766067756	226.53592103456663	32	IY1
226.53592103456663	226.7655850340136	47	CH
226.7655850340136	238.9166439909297	74	sp
238.9166439909297	238.9866439909297	48	D
238.9866439909297	239.24564399092972	35	OW1
239.24564399092972	239.27564399092972	58	N
239.27564399092972	239.43564399092972	74	sp
239.43564399092972	239.6246439909297	48	D
239.6246439909297	240.0936439909297	44	UW1
240.0936439909297	240.26364399092972	47	CH
240.26364399092972	240.35264399092972	1	AA1
240.35264399092972	240.66264399092972	61	R
240.66264399092972	240.7616439909297	56	L
240.7616439909297	240.85164399092972	31	IY0
240.85164399092972	241.0260995196524	69	Z
241.0260995196524	241.10164399092972	74	sp
241.10164399092972	241.1816439909297	48	D
241.1816439909297	241.31064399092972	22	ER1
241.31064399092972	241.34064399092972	64	T
241.34064399092972	241.52064399092973	31	IY0
241.52064399092973	241.5806439909297	48	D
241.5806439909297	241.73964399092972	28	IH1
241.73964399092972	241.92964399092972	63	SH
241.92964399092972	242.16056466543017	6	AH0
242.16056466543017	242.36976468755148	69	Z
242.36976468755148	252.93496598639456	74	sp
252.93496598639456	253.15396598639455	63	SH
253.15396598639455	253.30396598639456	41	UH1
253.30396598639456	253.43396598639455	48	D
253.43396598639455	253.56296598639457	53	JH
253.56296598639457	253.76296598639456	21	ER0
253.76296598639456	254.13196598639456	4	AE1
254.13196598639456	254.16196598639456	50	F
254.16196598639456	254.40196598639457	62	S
254.40196598639457	254.48096598639455	74	sp
254.48096598639455	254.52096598639457	46	B
254.52096598639457	254.68096598639457	32	IY1
254.68096598639457	254.82096598639455	54	K
254.82096598639455	254.97996598639457	19	EH1
254.97996598639457	255.07996598639457	60	P
255.07996598639457	255.19996598639457	64	T
255.19996598639457	255.33896598639456	28	IH1
255.33896598639456	255.50896598639457	58	N
255.50896598639457	255.57896598639456	74	sp
255.57896598639456	255.67896598639456	62	S
255.67896598639456	255.70896598639456	57	M
255.70896598639456	255.99796598639458	10	AO1
255.99796598639458	256.09796598639457	56	L
256.09796598639457	256.32696598639455	69	Z
256.32696598639455	256.5569659863946	44	UW1
256.5569659863946	256.8659659863946	69	Z
256.8659659863946	269.678820861678	74	sp
269.678820861678	269.938820861678	32	IY1
269.938820861678	269.968820861678	66	V
269.968820861678	270.267820861678	6	AH0
270.267820861678	270.307820861678	58	N
270.307820861678	270.666820861678	16	AY1
270.666820861678	270.846820861678	51	G
270.846820861678	271.085820861678	19	EH1
271.085820861678	271.155820861678	64	T
271.155820861678	271.484820861678	74	sp
271.484820861678	271.534820861678	49	DH
271.534820861678	271.7278433552571	6	AH0
271.7278433552571	271.8590084484919	57	M
271.8590084484919	272.00511640044965	7	AH1
272.00511640044965	272.153820861678	58	N
272.153820861678	272.212820861678	48	D
272.212820861678	272.442820861678	26	EY2
272.442820861678	272.522820861678	74	sp
272.522820861678	272.572820861678	46	B
272.572820861678	272.781820861678	56	L
272.781820861678	272.861820861678	44	UW1
272.861820861678	273.170820861678	69	Z
273.170820861678	286.6326530612245	74	sp
286.6326530612245	286.6826530612245	49	DH
286.6826530612245	287.0126530612245	25	EY1
287.0126530612245	287.0426530612245	74	sp
287.0426530612245	287.33506735041414	35	OW1
287.33506735041414	287.4479689496542	58	N
287.4479689496542	287.7235816772108	25	EY1
287.7235816772108	287.84146422935856	46	B
287.84146422935856	288.02741980457745	28	IH1
288.02741980457745	288.14022112043006	51	G
288.14022112043006	288.2696530612245	52	HH
288.2696530612245	288.6486530612245	13	AW1
288.6486530612245	288.8286530612245	62	S
288.8286530612245	288.8876530612245	74	sp
288.8876530612245	289.1476530612245	28	IH1
289.1476530612245	289.2076530612245	58	N
289.2076530612245	289.4066530612245	10	AO1
289.4066530612245	289.6566530612245	62	S
289.6566530612245	289.70665306122453	64	T
289.70665306122453	289.7856530612245	6	AH0
289.7856530612245	289.9456530612245	58	N
289.9456530612245	290.0556530612245	64	T
290.0556530612245	290.1646530612245	19	EH1
290.1646530612245	290.3046530612245	54	K
290.3046530612245	290.4346530612245	62	S
290.4346530612245	290.5646530612245	6	AH0
290.5646530612245	290.8036530612245	62	S
290.8036530612245	301.71374149659863	74	sp
301.71374149659863	301.74374149659866	46	B
301.74374149659866	301.87374149659865	56	L
301.87374149659865	302.12374149659865	44	UW1
302.12374149659865	302.17274149659863	74	sp
302.17274149659863	302.3227414965986	47	CH
302.3227414965986	302.7117414965986	32	IY1
302.7117414965986	302.7817414965986	69	Z
302.7817414965986	303.03074149659864	62	S
303.03074149659864	303.0607414965986	57	M
303.0607414965986	303.2407414965986	19	EH1
303.2407414965986	303.41074149659863	56	L
303.41074149659863	303.6497414965986	69	Z
303.6497414965986	303.68974149659863	74	sp
303.68974149659863	303.71974149659866	50	F
303.71974149659866	303.9287414965986	7	AH1
303.9287414965986	304.01874149659864	58	N
304.01874149659864	304.1949941731175	31	IY0
304.1949941731175	317.6233106575964	74	sp
317.6233106575964	317.7133106575964	49	DH
317.7133106575964	317.9023106575964	7	AH1
317.9023106575964	317.9323106575964	74	sp
317.9323106575964	317.9723106575964	46	B
317.9723106575964	318.1623106575964	28	IH1
318.1623106575964	318.2013106575964	51	G
318.2013106575964	318.44131065759643	48	D
318.44131065759643	318.7403106575964	1	AA1
318.7403106575964	318.9503106575964	66	V
318.9503106575964	319.5783106575964	74	sp
319.5783106575964	319.6583106575964	53	JH
319.6583106575964	319.7883106575964	32	IY1
319.7883106575964	319.9283106575964	74	sp
319.9283106575964	320.0873106575964	56	L
320.0873106575964	320.2873106575964	7	AH1
320.2873106575964	320.3173106575964	66	V
320.3173106575964	320.5563106575964	69	Z
320.5563106575964	320.6863106575964	64	T
320.6863106575964	320.8063106575964	27	IH0
320.8063106575964	321.0753106575964	47	CH
321.0753106575964	321.2843106575964	44	UW1
321.2843106575964	321.6643106575964	1	AA1
321.6643106575964	321.7833106575964	58	N
321.7833106575964	321.8333106575964	49	DH
321.8333106575964	321.9933106575964	31	IY0
321.9933106575964	322.2023106575964	35	OW1
322.2023106575964	322.2723106575964	56	L
322.2723106575964	322.3823106575964	48	D
322.3823106575964	322.5123106575964	61	R
322.5123106575964	322.7613106575964	4	AE1
322.7613106575964	322.8313106575964	51	G
322.8313106575964	322.9613106575964	48	D
322.9613106575964	323.1603106575964	1	AA1
323.1603106575964	323.2103106575964	56	L
323.2103106575964	334.15410430839	74	sp
334.15410430839	334.20410430839	51	G
334.20410430839	334.44310430839005	19	EH1
334.44310430839005	334.57310430839004	62	S
334.57310430839004	334.64310430839004	74	sp
334.64310430839004	334.72210430839004	49	DH
334.72210430839004	334.83210430839	6	AH0
334.83210430839	334.96210430839	54	K
334.96210430839	335.02210430839	67	W
335.02210430839	335.15110430839	19	EH1
335.15110430839	335.48110430839	63	SH
335.48110430839	335.56010430839	6	AH0
335.56010430839	335.74010430839	58	N
335.74010430839	335.82010430839	50	F
335.82010430839	335.86010430839	61	R
335.86010430839	336.01910430839	7	AH1
336.01910430839	336.04910430839004	57	M
336.04910430839004	336.07910430839	49	DH
336.07910430839	336.2570646552812	6	AH0
336.2570646552812	336.48810430839	4	AE1
336.48810430839	336.61810430839	58	N
336.61810430839	336.73810430839	62	S
336.73810430839	336.87710430839	21	ER0
336.87710430839	348.5690702947846	74	sp
348.5690702947846	348.6290702947846	62	S
348.6290702947846	348.65907029478456	67	W
348.65907029478456	348.6890702947846	28	IH1
348.6890702947846	348.98807029478456	59	NG
348.98807029478456	349.01807029478454	68	Y
349.01807029478454	349.17807029478456	10	AO1
349.17807029478456	349.2180702947846	61	R
349.2180702947846	349.28707029478454	74	sp
349.28707029478454	349.74607029478454	1	AA1
349.74607029478454	349.7760702947846	61	R
349.7760702947846	349.92607029478455	57	M
349.92607029478455	350.0860702947846	69	Z
350.0860702947846	350.22507029478453	52	HH
350.22507029478453	350.80558699016666	16	AY1
350.80558699016666	351.05307029478456	4	AE1
351.05307029478456	351.227307669681	69	Z
351.227307669681	351.29307029478457	74	sp
351.29307029478457	351.3430702947846	49	DH
351.3430702947846	351.4920702947846	31	IY0
351.4920702947846	351.6820702947846	68	Y
351.6820702947846	351.73207029478453	44	UW1
351.73207029478453	351.9510702947846	54	K
351.9510702947846	352.2010702947846	4	AE1
352.2010702947846	352.26959729494945	58	N
352.26959729494945	366.6409977324263	74	sp
366.6409977324263	366.6909977324263	60	P
366.6909977324263	366.7709977324263	56	L
366.7709977324263	367.07999773242625	32	IY1
367.07999773242625	367.240158220699	69	Z
367.240158220699	367.5089977324263	62	S
367.5089977324263	367.5589977324263	28	IH1
367.5589977324263	368.04799773242627	59	NG
368.04799773242627	368.19799773242624	53	JH
368.19799773242624	368.40699773242625	6	AH0
368.40699773242625	368.51699773242626	62	S
368.51699773242626	368.5469977324263	64	T
368.5469977324263	368.6669977324263	74	sp
368.6669977324263	369.18599773242624	4	AE1
369.18599773242624	369.38499773242626	69	Z
369.38499773242626	369.8239977324263	74	sp
369.8239977324263	369.96399773242626	49	DH
369.96399773242626	370.17299773242627	31	IY0
370.17299773242627	370.32299773242624	74	sp
370.32299773242624	370.36299773242627	54	K
370.36299773242627	370.4029977324263	56	L
370.4029977324263	370.60199773242624	7	AH1
370.60199773242624	370.70199773242626	46	B
370.70199773242626	370.8619977324263	74	sp
370.8619977324263	370.89199773242626	65	TH
370.89199773242626	371.1509977324263	32	IY1
371.1509977324263	371.25099773242624	57	M
371.25099773242624	382.2653968253968	74	sp
382.2653968253968	382.30539682539677	49	DH
382.30539682539677	382.5308454586323	6	AH0
382.5308454586323	382.7643968253968	4	AE1
382.7643968253968	382.8643968253968	59	NG
382.8643968253968	382.9243968253968	51	G
382.9243968253968	382.95439682539677	61	R
382.95439682539677	383.1533968253968	31	IY0
383.1533968253968	383.3233968253968	46	B
383.3233968253968	383.64239682539676	38	OY1
383.64239682539676	383.82239682539677	48	D
383.82239682539677	384.10139682539676	28	IH1
384.10139682539676	384.23139682539676	48	D
384.23139682539676	384.2613968253968	6	AH0
384.2613968253968	384.29139682539676	58	N
384.29139682539676	384.3903968253968	56	L
384.3903968253968	384.4603968253968	41	UH1
384.4603968253968	384.6103968253968	54	K
384.6103968253968	384.7803968253968	7	AH1
384.7803968253968	385.0077610881753	60	P
385.0077610881753	428.13768707482996	74	sp
428.13768707482996	428.39668707482997	62	S
428.39668707482997	428.50668707483	60	P
428.50668707483	428.53668707482996	61	R
428.53668707482996	428.61668707483	28	IH1
428.61668707483	428.87568707482995	59	NG
428.87568707482995	429.05568707482996	62	S
429.05568707482996	429.19568707482995	64	T
429.19568707482995	429.22468707482994	61	R
429.22468707482994	429.4946870748299	32	IY1
429.4946870748299	429.52468707482996	64	T
429.52468707482996	429.73368707482996	28	IH1
429.73368707482996	429.77368707483	69	Z
429.77368707483	429.96368707483	62	S
429.96368707483	430.04368707482996	64	T
430.04368707482996	430.07368707483	61	R
430.07368707483	430.26268707482996	25	EY1
430.26268707482996	430.31268707482997	64	T
430.31268707482997	430.40268707482994	6	AH0
430.40268707482994	430.52268707482995	52	HH
430.52268707482995	430.69168707482993	19	EH1
430.69168707482993	430.84530686792414	48	D
430.84530686792414	440.77460317460316	74	sp
440.77460317460316	440.8046031746032	46	B
440.8046031746032	440.9346031746032	56	L
440.9346031746032	441.1846031746032	44	UW1
441.1846031746032	441.23360317460316	74	sp
441.23360317460316	441.38360317460314	47	CH
441.38360317460314	441.77260317460315	32	IY1
441.77260317460315	441.84260317460314	69	Z
441.84260317460314	442.09160317460316	62	S
442.09160317460316	442.12160317460314	57	M
442.12160317460314	442.30160317460314	19	EH1
442.30160317460314	442.47160317460316	56	L
442.47160317460316	442.71060317460314	69	Z
442.71060317460314	442.75060317460316	74	sp
442.75060317460316	442.7806031746032	50	F
442.7806031746032	442.98960317460313	7	AH1
442.98960317460313	443.07960317460316	58	N
443.07960317460316	443.255855851122	31	IY0
443.255855851122	455.043537414966	74	sp
455.043537414966	455.153537414966	64	T
455.153537414966	455.35253741496604	1	AA1
455.35253741496604	455.562537414966	57	M
455.562537414966	455.60253741496604	61	R
455.60253741496604	455.841537414966	32	IY1
455.841537414966	455.941537414966	48	D
455.941537414966	455.971537414966	69	Z
455.971537414966	456.080537414966	74	sp
456.080537414966	456.130537414966	49	DH
456.130537414966	456.190537414966	6	AH0
456.190537414966	456.41053741496603	62	S
456.41053741496603	456.639537414966	25	EY1
456.639537414966	456.769537414966	57	M
456.769537414966	456.849537414966	46	B
456.849537414966	457.018537414966	41	UH1
457.018537414966	457.048537414966	54	K
457.048537414966	457.128537414966	74	sp
457.128537414966	457.348537414966	19	EH1
457.348537414966	457.397537414966	66	V
457.397537414966	457.457537414966	61	R
457.457537414966	457.527537414966	31	IY0
457.527537414966	457.687537414966	58	N
457.687537414966	457.846537414966	16	AY1
457.846537414966	458.0041914375718	64	T
458.0041914375718	468.6936054421769	74	sp
468.6936054421769	468.89360544217686	67	W
468.89360544217686	469.0826054421769	28	IH1
469.0826054421769	469.2826054421769	47	CH
469.2826054421769	469.51160544217686	65	TH
469.51160544217686	469.71160544217685	32	IY1
469.71160544217685	469.75160544217687	6	AH0
469.75160544217687	469.7916054421769	64	T
469.7916054421769	470.0106054421769	21	ER0
470.0106054421769	470.27960544217683	63	SH
470.27960544217683	470.60960544217687	35	OW1
470.60960544217687	470.7486054421769	69	Z
470.7486054421769	470.8086054421769	57	M
470.8086054421769	471.09860544217685	7	AH1
471.09860544217685	471.17760544217685	49	DH
471.17760544217685	471.32760544217683	21	ER0
471.32760544217683	471.5176054421769	51	G
471.5176054421769	471.7366054421769	44	UW1
471.7366054421769	472.0656054421769	62	S
472.0656054421769	481.7615419501134	74	sp
481.7615419501134	481.8515419501134	49	DH
481.8515419501134	482.0405419501134	7	AH1
482.0405419501134	482.0705419501134	74	sp
482.0705419501134	482.1105419501134	46	B
482.1105419501134	482.30054195011337	28	IH1
482.30054195011337	482.3395419501134	51	G
482.3395419501134	482.5795419501134	48	D
482.5795419501134	482.8785419501134	1	AA1
482.8785419501134	483.0885419501134	66	V
483.0885419501134	483.71654195011337	74	sp
483.71654195011337	483.7965419501134	53	JH
483.7965419501134	483.9265419501134	32	IY1
483.9265419501134	484.0665419501134	74	sp
484.0665419501134	484.2255419501134	56	L
484.2255419501134	484.42554195011337	7	AH1
484.42554195011337	484.4555419501134	66	V
484.4555419501134	484.6945419501134	69	Z
484.6945419501134	484.82454195011337	64	T
484.82454195011337	484.9445419501134	27	IH0
484.9445419501134	485.2135419501134	47	CH
485.2135419501134	485.4225419501134	44	UW1
485.4225419501134	485.8025419501134	1	AA1
485.8025419501134	485.9215419501134	58	N
485.9215419501134	485.9715419501134	49	DH
485.9715419501134	486.1315419501134	31	IY0
486.1315419501134	486.3405419501134	35	OW1
486.3405419501134	486.4105419501134	56	L
486.4105419501134	486.5205419501134	48	D
486.5205419501134	486.6505419501134	61	R
486.6505419501134	486.8995419501134	4	AE1
486.8995419501134	486.9695419501134	51	G
486.9695419501134	487.0995419501134	48	D
487.0995419501134	487.2985419501134	1	AA1
487.2985419501134	487.3485419501134	56	L
487.3485419501134	499.7755102040816	74	sp
499.7755102040816	499.85551020408167	61	R
499.85551020408167	500.06551020408165	1	AA1
500.06551020408165	500.1245102040816	46	B
500.1245102040816	500.23451020408163	6	AH0
500.23451020408163	500.45451020408166	58	N
500.45451020408166	500.48451020408163	56	L
500.48451020408163	500.66351020408166	16	AY1
500.66351020408166	500.79351020408166	54	K
500.79351020408166	500.9035102040816	62	S
500.9035102040816	500.94351020408163	74	sp
500.94351020408163	501.00251020408166	49	DH
501.00251020408166	501.0525102040816	6	AH0
501.0525102040816	501.2325102040816	54	K
501.2325102040816	501.55151020408164	7	AH1
501.55151020408164	501.61151020408164	56	L
501.61151020408164	501.64151020408167	21	ER0
501.64151020408167	501.67151020408164	68	Y
501.67151020408164	501.77151020408166	19	EH1
501.77151020408166	502.00051020408165	56	L
502.00051020408165	502.1005102040816	34	OW0
502.1005102040816	514.3491156462585	74	sp
514.3491156462585	514.5881156462585	16	AY1
514.5881156462585	514.7881156462586	62	S
514.7881156462586	514.9081156462585	10	AO1
514.9081156462585	515.1371156462585	6	AH0
515.1371156462585	515.3371156462586	60	P
515.3371156462586	515.5061156462585	22	ER1
515.5061156462585	515.6261156462585	60	P
515.6261156462585	515.6661156462585	6	AH0
515.6661156462585	515.8161156462585	56	L
515.8161156462585	515.8461156462586	74	sp
515.8461156462586	515.9651156462585	54	K
515.9651156462585	516.0051156462584	61	R
516.0051156462584	516.1951156462585	4	AE1
516.1951156462585	516.3241156462585	46	B
516.3241156462585	516.4387817226745	1	AA1
516.4387817226745	516.5483626866429	58	N
516.5483626866429	516.5998325333553	49	DH
516.5998325333553	516.73099762659	6	AH0
516.73099762659	516.8389182729225	46	B
516.8389182729225	517.2224516468116	32	IY1
517.2224516468116	517.4521156462586	47	CH
517.4521156462586	530.6471655328799	74	sp
530.6471655328799	530.6971655328798	49	DH
530.6971655328798	531.0271655328798	25	EY1
531.0271655328798	531.0571655328798	74	sp
531.0571655328798	531.3495798220695	35	OW1
531.3495798220695	531.4624814213096	58	N
531.4624814213096	531.7380941488661	25	EY1
531.7380941488661	531.8559767010139	46	B
531.8559767010139	532.0419322762327	28	IH1
532.0419322762327	532.1547335920854	51	G
532.1547335920854	532.2841655328798	52	HH
532.2841655328798	532.6631655328798	13	AW1
532.6631655328798	532.8431655328798	62	S
532.8431655328798	532.9021655328798	74	sp
532.9021655328798	533.1621655328798	28	IH1
533.1621655328798	533.2221655328799	58	N
533.2221655328799	533.4211655328799	10	AO1
533.4211655328799	533.6711655328799	62	S
533.6711655328799	533.7211655328799	64	T
533.7211655328799	533.8001655328799	6	AH0
533.8001655328799	533.9601655328798	58	N
533.9601655328798	534.0701655328799	64	T
534.0701655328799	534.1791655328798	19	EH1
534.1791655328798	534.3191655328799	54	K
534.3191655328799	534.4491655328798	62	S
534.4491655328798	534.5791655328799	6	AH0
534.5791655328799	534.8181655328799	62	S
534.8181655328799	547.3199092970522	74	sp
547.3199092970522	547.3899092970521	48	D
547.3899092970521	547.6489092970521	35	OW1
547.6489092970521	547.6789092970522	58	N
547.6789092970522	547.8389092970522	74	sp
547.8389092970522	548.0279092970521	48	D
548.0279092970521	548.4969092970522	44	UW1
548.4969092970522	548.6669092970521	47	CH
548.6669092970521	548.7559092970522	1	AA1
548.7559092970522	549.0659092970521	61	R
549.0659092970521	549.1649092970522	56	L
549.1649092970522	549.2549092970521	31	IY0
549.2549092970521	549.4293648257749	69	Z
549.4293648257749	549.5049092970521	74	sp
549.5049092970521	549.5849092970521	48	D
549.5849092970521	549.7139092970522	22	ER1
549.7139092970522	549.7439092970521	64	T
549.7439092970521	549.9239092970522	31	IY0
549.9239092970522	549.9839092970522	48	D
549.9839092970522	550.1429092970521	28	IH1
550.1429092970521	550.3329092970522	63	SH
550.3329092970522	550.5638299715527	6	AH0
550.5638299715527	550.773029993674	69	Z
550.773029993674	565.264671201814	74	sp
565.264671201814	565.524671201814	32	IY1
565.524671201814	565.554671201814	66	V
565.554671201814	565.853671201814	6	AH0
565.853671201814	565.8936712018141	58	N
565.8936712018141	566.2526712018141	16	AY1
566.2526712018141	566.4326712018141	51	G
566.4326712018141	566.671671201814	19	EH1
566.671671201814	566.7416712018141	64	T
566.7416712018141	567.0706712018141	74	sp
567.0706712018141	567.120671201814	49	DH
567.120671201814	567.3136936953931	6	AH0
567.3136936953931	567.4448587886279	57	M
567.4448587886279	567.5909667405857	7	AH1
567.5909667405857	567.7396712018141	58	N
567.7396712018141	567.798671201814	48	D
567.798671201814	568.0286712018141	26	EY2
568.0286712018141	568.1086712018141	74	sp
568.1086712018141	568.1586712018141	46	B
568.1586712018141	568.3676712018141	56	L
568.3676712018141	568.447671201814	44	UW1
568.447671201814	568.756671201814	69	Z
568.756671201814	582.4071655328798	74	sp
582.4071655328798	582.5861655328798	52	HH
582.5861655328798	582.9151655328799	32	IY1
582.9151655328799	583.2051655328798	25	EY1
583.2051655328798	583.3941655328798	64	T
583.3941655328798	583.5141655328798	50	F
583.5141655328798	583.7241655328799	10	AO1
583.7241655328799	583.8331655328798	61	R
583.8331655328798	583.9231655328798	74	sp
583.9231655328798	584.2621655328799	19	EH1
584.2621655328799	584.3821655328799	51	G
584.3821655328799	584.6811655328798	69	Z
584.6811655328798	584.7211655328798	74	sp
584.7211655328798	584.8411655328798	50	F
584.8411655328798	584.9911655328799	10	AO1
584.9911655328799	585.0611655328798	61	R
585.0611655328798	585.1901655328799	46	B
585.1901655328799	585.2801655328799	61	R
585.2801655328799	585.3601655328798	19	EH1
585.3601655328798	585.4901655328798	54	K
585.4901655328798	585.6291655328798	50	F
585.6291655328798	585.8191655328799	6	AH0
585.8191655328799	586.0381655328798	62	S
586.0381655328798	586.2027927216575	64	T
586.2027927216575	597.5512925170068	74	sp
597.5512925170068	597.8502925170068	16	AY1
597.8502925170068	598.1392925170069	64	T
598.1392925170069	598.4414829857938	41	UH1
598.4414829857938	598.7282925170068	54	K
598.7282925170068	598.8182925170069	52	HH
598.8182925170069	599.0172925170068	22	ER1
599.0172925170068	599.2072925170069	67	W
599.2072925170069	599.4162925170068	22	ER1
599.4162925170068	599.5162925170068	48	D
599.5162925170068	599.6562925170068	50	F
599.6562925170068	599.8552925170068	10	AO1
599.8552925170068	599.8852925170069	61	R
599.8852925170069	600.0671894865768	6	AH0
600.0671894865768	600.1900529916321	64	T
600.1900529916321	613.9531972789116	74	sp
613.9531972789116	614.1321972789116	28	IH1
614.1321972789116	614.1621972789115	69	Z
614.1621972789115	614.4621972789116	63	SH
614.4621972789116	614.6011972789116	32	IY1
614.6011972789116	614.6511972789116	74	sp
614.6511972789116	614.7111972789116	51	G
614.7111972789116	615.0117260389466	35	OW1
615.0117260389466	615.1329292263661	27	IH0
615.1329292263661	615.518122917891	59	NG
615.518122917891	615.5695927646034	67	W
615.5695927646034	615.6758530932999	28	IH1
615.6758530932999	615.8485261274318	65	TH
615.8485261274318	615.9369798791192	68	Y
615.9369798791192	616.1981972789116	44	UW1
616.1981972789116	627.7659863945578	74	sp
627.7659863945578	627.8059863945577	49	DH
627.8059863945577	628.0314350277933	6	AH0
628.0314350277933	628.2649863945578	4	AE1
628.2649863945578	628.3649863945577	59	NG
628.3649863945577	628.4249863945578	51	G
628.4249863945578	628.4549863945577	61	R
628.4549863945577	628.6539863945577	31	IY0
628.6539863945577	628.8239863945578	46	B
628.8239863945578	629.1429863945577	38	OY1
629.1429863945577	629.3229863945578	48	D
629.3229863945578	629.6019863945578	28	IH1
629.6019863945578	629.7319863945577	48	D
629.7319863945577	629.7619863945578	6	AH0
629.7619863945578	629.7919863945577	58	N
629.7919863945577	629.8909863945578	56	L
629.8909863945578	629.9609863945577	41	UH1
629.9609863945577	630.1109863945578	54	K
630.1109863945578	630.2809863945578	7	AH1
630.2809863945578	630.5083506573362	60	P
630.5083506573362	641.832925170068	74	sp
641.832925170068	641.8929251700681	62	S
641.8929251700681	641.9229251700681	67	W
641.9229251700681	641.952925170068	28	IH1
641.952925170068	642.251925170068	59	NG
642.251925170068	642.281925170068	68	Y
642.281925170068	642.4419251700681	10	AO1
642.4419251700681	642.481925170068	61	R
642.481925170068	642.550925170068	74	sp
642.550925170068	643.0099251700681	1	AA1
643.0099251700681	643.039925170068	61	R
643.039925170068	643.189925170068	57	M
643.189925170068	643.349925170068	69	Z
643.349925170068	643.488925170068	52	HH
643.488925170068	644.0694418654501	16	AY1
644.0694418654501	644.3169251700681	4	AE1
644.3169251700681	644.4911625449645	69	Z
644.4911625449645	644.5569251700681	74	sp
644.5569251700681	644.606925170068	49	DH
644.606925170068	644.755925170068	31	IY0
644.755925170068	644.945925170068	68	Y
644.945925170068	644.995925170068	44	UW1
644.995925170068	645.214925170068	54	K
645.214925170068	645.464925170068	4	AE1
645.464925170068	645.533452170233	58	N
645.533452170233	658.0475017499261	74	sp
658.0475017499261	658.0775017499261	49	DH
658.0775017499261	658.2665017499261	25	EY1
658.2665017499261	658.5565017499262	10	AO1
658.5565017499262	658.695501749926	50	F
658.695501749926	658.8555017499261	64	T
658.8555017499261	658.9255017499261	6	AH0
658.9255017499261	659.2045017499261	58	N
659.2045017499261	659.224501749926	74	sp
659.224501749926	659.3045017499261	51	G
659.3045017499261	659.5645017499261	35	OW1
659.5645017499261	659.9535017499261	13	AW1
659.9535017499261	660.0125017499261	64	T
660.0125017499261	660.2625017499261	6	AH0
660.2625017499261	660.3325017499261	58	N
660.3325017499261	660.541501749926	19	EH1
660.541501749926	660.6515017499261	66	V
660.6515017499261	660.7715017499261	21	ER0
660.7715017499261	660.9905017499261	31	IY0
660.9905017499261	661.2605017499261	32	IY1
661.2605017499261	661.2905017499261	66	V
661.2905017499261	661.330501749926	58	N
661.330501749926	661.4895017499261	27	IH0
661.4895017499261	661.7295017499262	59	NG
661.7295017499262	675.4560544217687	74	sp
675.4560544217687	675.4860544217687	49	DH
675.4860544217687	675.7060544217687	28	IH1
675.7060544217687	675.9450544217688	62	S
675.9450544217688	676.1250544217687	67	W
676.1250544217687	676.3340544217688	6	AH0
676.3340544217688	676.5240544217687	69	Z
676.5240544217687	676.5740544217688	74	sp
676.5740544217688	676.8030544217687	32	IY1
676.8030544217687	676.9930544217688	69	Z
676.9930544217688	677.1730544217687	31	IY0
677.1730544217687	677.3120544217687	50	F
677.3120544217687	677.4920544217687	10	AO1
677.4920544217687	677.5220544217688	61	R
677.5220544217688	677.8210544217687	7	AH1
677.8210544217687	678.1500544217688	62	S
678.1500544217688	678.2500544217687	74	sp
678.2500544217687	690.73768707483	74	sp
690.73768707483	691.02768707483	28	IH1
691.02768707483	691.10668707483	69	Z
691.10668707483	691.25668707483	74	sp
691.25668707483	691.46668707483	49	DH
691.46668707483	691.5166870748301	6	AH0
691.5166870748301	691.60568707483	62	S
691.60568707483	691.88568707483	62	S
691.88568707483	692.3446870748301	10	AO1
692.3446870748301	692.77368707483	62	S
692.77368707483	693.06268707483	25	EY1
693.06268707483	693.2743415680388	50	F
693.2743415680388	707.3678004535147	74	sp
707.3678004535147	707.5868004535148	63	SH
707.5868004535148	707.7368004535148	41	UH1
707.7368004535148	707.8668004535148	48	D
707.8668004535148	707.9958004535148	53	JH
707.9958004535148	708.1958004535147	21	ER0
708.1958004535147	708.5648004535147	4	AE1
708.5648004535147	708.5948004535147	50	F
708.5948004535147	708.8348004535147	62	S
708.8348004535147	708.9138004535148	74	sp
708.9138004535148	708.9538004535148	46	B
708.9538004535148	709.1138004535147	32	IY1
709.1138004535147	709.2538004535147	54	K
709.2538004535147	709.4128004535148	19	EH1
709.4128004535148	709.5128004535147	60	P
709.5128004535147	709.6328004535147	64	T
709.6328004535147	709.7718004535147	28	IH1
709.7718004535147	709.9418004535148	58	N
709.9418004535148	710.0118004535148	74	sp
710.0118004535148	710.1118004535148	62	S
710.1118004535148	710.1418004535147	57	M
710.1418004535147	710.4308004535147	10	AO1
710.4308004535147	710.5308004535148	56	L
710.5308004535148	710.7598004535148	69	Z
710.7598004535148	710.9898004535148	44	UW1
710.9898004535148	711.2988004535148	69	Z
711.2988004535148	739.741224489796	74	sp
739.741224489796	739.7812244897959	49	DH
739.7812244897959	740.0096930029379	25	EY1
740.0096930029379	740.3692244897959	10	AO1
740.3692244897959	740.399224489796	56	L
740.399224489796	740.429224489796	6	AH0
740.429224489796	740.678224489796	58	N
740.678224489796	740.8482244897959	53	JH
740.8482244897959	741.058224489796	38	OY1
741.058224489796	741.3772244897959	16	AY1
741.3772244897959	741.606224489796	62	S
741.606224489796	741.6562244897959	74	sp
741.6562244897959	741.746224489796	54	K
741.746224489796	741.7762244897959	61	R
741.7762244897959	741.886224489796	32	IY1
741.886224489796	742.0452244897959	57	M
742.0452244897959	742.245224489796	62	S
742.245224489796	742.375224489796	7	AH1
742.375224489796	742.4842244897959	58	N
742.4842244897959	742.534224489796	48	D
742.534224489796	742.7342244897959	26	EY2
742.7342244897959	742.963224489796	69	Z
742.963224489796	754.8213151927438	74	sp
754.8213151927438	755.1703151927438	10	AO1
755.1703151927438	755.2003151927438	61	R
755.2003151927438	755.2303151927438	6	AH0
755.2303151927438	755.3403151927438	58	N
755.3403151927438	755.4793151927438	53	JH
755.4793151927438	755.5593151927438	74	sp
755.5593151927438	755.6893151927438	53	JH
755.6893151927438	755.8683151927438	44	UW1
755.8683151927438	756.0783151927438	62	S
756.0783151927438	756.1883151927439	74	sp
756.1883151927439	756.2773151927438	64	T
756.2773151927438	756.5473151927438	25	EY1
756.5473151927438	756.6873151927438	62	S
756.6873151927438	756.8163151927438	64	T
756.8163151927438	757.0544444289698	62	S
757.0544444289698	757.1553151927438	74	sp
757.1553151927438	757.1953151927438	50	F
757.1953151927438	757.3953151927439	7	AH1
757.3953151927439	757.5743151927438	58	N
757.5743151927438	757.6043151927438	31	IY0
757.6043151927438	757.9043151927438	4	AE1
757.9043151927438	758.0633151927439	50	F
758.0633151927439	758.1533151927438	64	T
758.1533151927438	758.3233151927438	21	ER0
758.3233151927438	758.4133151927438	74	sp
758.4133151927438	758.5223151927438	64	T
758.5223151927438	758.6823151927438	44	UW1
758.6823151927438	758.8123151927438	65	TH
758.8123151927438	758.9413151927438	60	P
758.9413151927438	759.1213151927439	26	EY2
759.1213151927439	759.3013151927438	62	S
759.3013151927438	759.4403151927438	64	T
759.4403151927438	771.6620408163266	74	sp
771.6620408163266	771.7120408163266	51	G
771.7120408163266	771.9510408163267	19	EH1
771.9510408163267	772.0810408163265	62	S
772.0810408163265	772.1510408163266	74	sp
772.1510408163266	772.2300408163267	49	DH
772.2300408163267	772.3400408163266	6	AH0
772.3400408163266	772.4700408163266	54	K
772.4700408163266	772.5300408163266	67	W
772.5300408163266	772.6590408163265	19	EH1
772.6590408163265	772.9890408163266	63	SH
772.9890408163266	773.0680408163266	6	AH0
773.0680408163266	773.2480408163266	58	N
773.2480408163266	773.3280408163266	50	F
773.3280408163266	773.3680408163266	61	R
773.3680408163266	773.5270408163266	7	AH1
773.5270408163266	773.5570408163267	57	M
773.5570408163267	773.5870408163266	49	DH
773.5870408163266	773.7650011632178	6	AH0
773.7650011632178	773.9960408163265	4	AE1
773.9960408163265	774.1260408163266	58	N
774.1260408163266	774.2460408163265	62	S
774.2460408163265	774.3850408163266	21	ER0
774.3850408163266	787.384126984127	74	sp
787.384126984127	787.434126984127	60	P
787.434126984127	787.514126984127	56	L
787.514126984127	787.8231269841269	32	IY1
787.8231269841269	787.9832874723998	69	Z
787.9832874723998	788.252126984127	62	S
788.252126984127	788.302126984127	28	IH1
788.302126984127	788.791126984127	59	NG
788.791126984127	788.9411269841269	53	JH
788.9411269841269	789.1501269841269	6	AH0
789.1501269841269	789.2601269841269	62	S
789.2601269841269	789.290126984127	64	T
789.290126984127	789.4101269841269	74	sp
789.4101269841269	789.9291269841269	4	AE1
789.9291269841269	790.128126984127	69	Z
790.128126984127	790.567126984127	74	sp
790.567126984127	790.707126984127	49	DH
790.707126984127	790.916126984127	31	IY0
790.916126984127	791.0661269841269	74	sp
791.0661269841269	791.106126984127	54	K
791.106126984127	791.146126984127	56	L
791.146126984127	791.3451269841269	7	AH1
791.3451269841269	791.445126984127	46	B
791.445126984127	791.605126984127	74	sp
791.605126984127	791.6351269841269	65	TH
791.6351269841269	791.894126984127	32	IY1
791.894126984127	791.994126984127	57	M
791.994126984127	805.7944671201814	74	sp
805.7944671201814	805.9244671201814	54	K
805.9244671201814	806.0944671201814	7	AH1
806.0944671201814	806.1244671201814	64	T
806.1244671201814	806.3134671201814	25	EY1
806.3134671201814	806.5834671201814	62	S
806.5834671201814	806.7124671201814	57	M
806.7124671201814	807.0124671201814	10	AO1
807.0124671201814	807.0814671201814	56	L
807.0814671201814	807.1314671201814	74	sp
807.1314671201814	807.2914671201814	54	K
807.2914671201814	807.7704671201814	10	AO1
807.7704671201814	807.8104671201814	61	R
807.8104671201814	807.8404671201814	58	N
807.8404671201814	807.8704671201814	21	ER0
807.8704671201814	807.9004671201814	74	sp
807.9004671201814	808.2094671201814	10	AO1
808.2094671201814	808.5184671201814	50	F
808.5184671201814	808.8474671201814	32	IY1
808.8474671201814	809.0474671201814	47	CH
809.0474671201814	809.3564671201814	19	EH1
809.3564671201814	809.7154671201814	53	JH
809.7154671201814	817.8075283446713	74	sp
