23.78875283446712	24.08775283446712	211	I
24.08775283446712	24.96575283446712	88888	TOOK
24.96575283446712	25.254752834467123	204	HER
25.254752834467123	25.75375283446712	88888	WORD
25.75375283446712	26.12275283446712	161	FOR
26.12275283446712	26.427513309092415	225	IT
26.427513309092415	40.740045351473924	99999	sp
40.740045351473924	41.398045351473925	303	ORANGE
41.398045351473925	41.478045351473924	99999	sp
41.478045351473924	41.99704535147392	230	JUICE
41.99704535147392	42.10704535147392	99999	sp
42.10704535147392	42.97317458769991	425	TASTES
42.97317458769991	43.07404535147393	99999	sp
43.07404535147393	43.523045351473925	171	FUNNY
43.523045351473925	44.24204535147393	10	AFTER
44.24204535147393	44.33204535147392	99999	sp
44.33204535147392	45.359045351473924	449	TOOTHPASTE
45.359045351473924	56.57931972789115	99999	sp
56.57931972789115	57.258319727891156	368	ROBIN
57.258319727891156	57.707319727891154	242	LIKES
57.707319727891154	57.74731972789115	99999	sp
57.74731972789115	57.856319727891155	434	THE
57.856319727891155	58.44531972789115	88888	COLOR
58.44531972789115	58.904319727891156	493	YELLOW
58.904319727891156	70.00607709750567	99999	sp
70.00607709750567	70.21507709750566	224	IS
70.21507709750566	70.65407709750566	375	SHE
70.65407709750566	70.70407709750566	99999	sp
70.70407709750566	71.5710027364851	187	GOING
71.5710027364851	71.90140594602587	487	WITH
71.90140594602587	72.25107709750567	495	YOU
72.25107709750567	83.70956916099773	99999	sp
83.70956916099773	84.29856916099773	483	WHICH
84.29856916099773	85.02656916099774	88888	THEATRE
85.02656916099774	85.76456916099774	88888	SHOWS
85.76456916099774	86.34356916099773	88888	MOTHER
86.34356916099773	87.08156916099773	88888	GOOSE
87.08156916099773	100.88498866213152	99999	sp
100.88498866213152	101.21498866213152	88888	CUT
101.21498866213152	101.40398866213152	1	A
101.40398866213152	102.17198866213153	392	SMALL
102.17198866213153	102.22198866213152	99999	sp
102.22198866213152	102.96098866213153	88888	CORNER
102.96098866213153	102.99098866213151	99999	sp
102.99098866213151	103.60898866213152	88888	OFF
103.60898866213152	104.13798866213152	132	EACH
104.13798866213152	104.80598866213153	88888	EDGE
104.80598866213153	116.19410430839002	99999	sp
116.19410430839002	116.46257282153198	438	THEY
116.46257282153198	116.85210430839003	14	ALL
116.85210430839003	117.51110430839003	139	ENJOY
117.51110430839003	118.05910430839002	212	ICE
118.05910430839002	118.10910430839003	99999	sp
118.10910430839003	118.49810430839003	112	CREAM
118.49810430839003	119.41610430839002	417	SUNDAES
119.41610430839002	131.05814058956915	99999	sp
131.05814058956915	131.57714058956913	88888	TOM
131.57714058956913	131.98614058956915	88888	READS
131.98614058956915	132.09514058956916	99999	sp
132.09514058956916	132.20514058956914	434	THE
132.20514058956914	132.78414058956915	88888	SAME
132.78414058956915	133.06314058956914	88888	BOOK
133.06314058956914	133.14314058956916	99999	sp
133.14314058956916	133.54214058956916	145	EVERY
133.54214058956916	134.01879461217493	88888	NIGHT
134.01879461217493	145.4803628117914	99999	sp
145.4803628117914	145.9883628117914	202	HE
145.9883628117914	146.4673628117914	88888	ATE
146.4673628117914	146.90636281179138	88888	FOUR
146.90636281179138	146.99636281179139	99999	sp
146.99636281179139	147.7543628117914	88888	EGGS
147.7543628117914	147.7943628117914	99999	sp
147.7943628117914	148.1343628117914	161	FOR
148.1343628117914	149.27599000056907	88888	BREAKFAST
149.27599000056907	160.26137930094652	99999	sp
160.26137930094652	160.4803793009465	438	THEY
160.4803793009465	161.41837930094653	296	OFTEN
161.41837930094653	161.43837930094654	99999	sp
161.43837930094654	161.7783793009465	184	GO
161.7783793009465	162.22637930094652	306	OUT
162.22637930094652	162.5463793009465	217	IN
162.5463793009465	163.20437930094653	145	EVERY
163.20437930094653	163.94337930094653	143	EVENING
163.94337930094653	175.0888888888889	99999	sp
175.0888888888889	175.8268888888889	88888	SPRING
175.8268888888889	176.4758888888889	88888	STREET
176.4758888888889	176.72488888888893	224	IS
176.72488888888893	177.2638888888889	88888	STRAIGHT
177.2638888888889	177.79650868198308	88888	AHEAD
177.79650868198308	190.420589569161	99999	sp
190.420589569161	190.789589569161	224	IS
190.789589569161	190.939589569161	99999	sp
190.939589569161	191.28858956916102	441	THIS
191.28858956916102	192.027589569161	370	SAW
192.027589569161	192.95724406236985	88888	SAFE
192.95724406236985	204.88371882086167	99999	sp
204.88371882086167	205.37271882086165	441	THIS
205.37271882086165	205.95171882086166	472	WAS
205.95171882086166	206.00171882086167	99999	sp
206.00171882086167	206.60071882086166	133	EASY
206.60071882086166	206.94971882086165	161	FOR
206.94971882086165	207.57771882086166	460	US
207.57771882086166	207.67771882086166	99999	sp
207.67771882086166	223.6625850340136	99999	sp
223.6625850340136	223.9015850340136	211	I
223.9015850340136	224.2215850340136	370	SAW
224.2215850340136	224.4505850340136	1	A
224.4505850340136	225.12958503401362	88888	PURPLE
225.12958503401362	225.15958503401362	99999	sp
225.15958503401362	225.63758503401363	110	CRAB
225.63758503401363	225.861832074398	297	ON
225.861832074398	226.04446701434514	434	THE
226.04446701434514	226.7655850340136	88888	BEACH
226.7655850340136	238.9166439909297	99999	sp
238.9166439909297	239.27564399092972	88888	DON'T
239.27564399092972	239.43564399092972	99999	sp
239.43564399092972	240.0936439909297	128	DO
240.0936439909297	241.0260995196524	88888	CHARLIE'S
241.0260995196524	241.10164399092972	99999	sp
241.10164399092972	241.52064399092973	88888	DIRTY
241.52064399092973	242.36976468755148	88888	DISHES
242.36976468755148	252.93496598639456	99999	sp
252.93496598639456	253.43396598639455	381	SHOULD
253.43396598639455	254.40196598639457	180	GIRAFFES
254.40196598639457	254.48096598639455	99999	sp
254.48096598639455	254.68096598639457	47	BE
254.68096598639457	255.19996598639457	234	KEPT
255.19996598639457	255.50896598639457	217	IN
255.50896598639457	255.57896598639456	99999	sp
255.57896598639456	256.09796598639457	392	SMALL
256.09796598639457	256.8659659863946	498	ZOOS
256.8659659863946	269.678820861678	99999	sp
269.678820861678	270.307820861678	142	EVEN
270.307820861678	270.666820861678	211	I
270.666820861678	271.155820861678	177	GET
271.155820861678	271.484820861678	99999	sp
271.484820861678	271.729503672893	434	THE
271.729503672893	272.442820861678	265	MONDAY
272.442820861678	272.522820861678	99999	sp
272.522820861678	273.170820861678	56	BLUES
273.170820861678	286.6326530612245	99999	sp
286.6326530612245	287.0126530612245	438	THEY
287.0126530612245	287.0426530612245	99999	sp
287.0426530612245	287.4479689496542	317	OWN
287.4479689496542	287.7235816772108	1	A
287.7235816772108	288.14022112043006	52	BIG
288.14022112043006	288.8286530612245	209	HOUSE
288.8286530612245	288.8876530612245	99999	sp
288.8876530612245	289.2076530612245	217	IN
289.2076530612245	289.9456530612245	88888	AUSTIN
289.9456530612245	290.8036530612245	88888	TEXAS
290.8036530612245	301.71374149659863	99999	sp
301.71374149659863	302.12374149659865	55	BLUE
302.12374149659865	302.17274149659863	99999	sp
302.17274149659863	302.7817414965986	88	CHEESE
302.7817414965986	303.6497414965986	88888	SMELLS
303.6497414965986	303.68974149659863	99999	sp
303.68974149659863	304.1949941731175	171	FUNNY
304.1949941731175	317.6233106575964	99999	sp
317.6233106575964	317.9023106575964	434	THE
317.9023106575964	317.9323106575964	99999	sp
317.9323106575964	318.2013106575964	52	BIG
318.2013106575964	318.9503106575964	88888	DOV
318.9503106575964	319.5783106575964	99999	sp
319.5783106575964	319.7883106575964	88888	G
319.7883106575964	319.9283106575964	99999	sp
319.9283106575964	320.5563106575964	88888	LOVES
320.5563106575964	320.8063106575964	446	TO
320.8063106575964	321.2843106575964	88888	CHEW
321.2843106575964	321.7833106575964	297	ON
321.7833106575964	321.9933106575964	434	THE
321.9933106575964	322.3823106575964	88888	OLD
322.3823106575964	322.8313106575964	88888	RAG
322.8313106575964	323.2103106575964	88888	DOLL
323.2103106575964	334.15410430839	99999	sp
334.15410430839	334.57310430839004	88888	GUESS
334.57310430839004	334.64310430839004	99999	sp
334.64310430839004	334.83210430839	434	THE
334.83210430839	335.74010430839	88888	QUESTION
335.74010430839	336.04910430839004	166	FROM
336.04910430839004	336.2570646552812	434	THE
336.2570646552812	336.87710430839	88888	ANSWER
336.87710430839	348.5690702947846	99999	sp
348.5690702947846	348.98807029478456	88888	SWING
348.98807029478456	349.2180702947846	496	YOUR
349.2180702947846	349.28707029478454	99999	sp
349.28707029478454	350.0860702947846	88888	ARMS
350.0860702947846	350.80558699016666	88888	HIGH
350.80558699016666	351.227307669681	34	AS
351.227307669681	351.29307029478457	99999	sp
351.29307029478457	351.4920702947846	434	THE
351.4920702947846	351.73207029478453	495	YOU
351.73207029478453	352.26959729494945	76	CAN
352.26959729494945	366.6409977324263	99999	sp
366.6409977324263	367.240158220699	331	PLEASE
367.240158220699	368.04799773242627	88888	SING
368.04799773242627	368.5469977324263	233	JUST
368.5469977324263	368.6669977324263	99999	sp
368.6669977324263	369.38499773242626	34	AS
369.38499773242626	369.8239977324263	99999	sp
369.8239977324263	370.17299773242627	434	THE
370.17299773242627	370.32299773242624	99999	sp
370.32299773242624	370.70199773242626	88888	CLUB
370.70199773242626	370.8619977324263	99999	sp
370.8619977324263	371.25099773242624	88888	THEME
371.25099773242624	382.2653968253968	99999	sp
382.2653968253968	382.5308454586323	434	THE
382.5308454586323	383.1533968253968	21	ANGRY
383.1533968253968	383.64239682539676	62	BOY
383.64239682539676	384.29139682539676	122	DIDN'T
384.29139682539676	384.6103968253968	249	LOOK
384.6103968253968	385.0077610881753	458	UP
385.0077610881753	428.13768707482996	99999	sp
