23.78875283446712	24.08775283446712	211	I
24.08775283446712	24.96575283446712	88888	TOOK
24.96575283446712	25.254752834467123	204	HER
25.254752834467123	25.75375283446712	88888	WORD
25.75375283446712	26.12275283446712	161	FOR
26.12275283446712	26.427513309092415	225	IT
26.427513309092415	40.740045351473924	99999	sp
40.740045351473924	41.398045351473925	303	ORANGE
41.398045351473925	41.478045351473924	99999	sp
41.478045351473924	41.99704535147392	230	JUICE
41.99704535147392	42.10704535147392	99999	sp
42.10704535147392	42.97317458769991	425	TASTES
42.97317458769991	43.07404535147393	99999	sp
43.07404535147393	43.523045351473925	171	FUNNY
43.523045351473925	44.24204535147393	10	AFTER
44.24204535147393	44.33204535147392	99999	sp
44.33204535147392	45.359045351473924	449	TOOTHPASTE
45.359045351473924	56.57931972789115	99999	sp
56.57931972789115	57.258319727891156	368	ROBIN
57.258319727891156	57.707319727891154	242	LIKES
57.707319727891154	57.74731972789115	99999	sp
57.74731972789115	57.856319727891155	434	THE
57.856319727891155	58.44531972789115	88888	COLOR
58.44531972789115	58.904319727891156	493	YELLOW
58.904319727891156	70.00607709750567	99999	sp
70.00607709750567	70.21507709750566	224	IS
70.21507709750566	70.65407709750566	375	SHE
70.65407709750566	70.70407709750566	99999	sp
70.70407709750566	71.5710027364851	187	GOING
71.5710027364851	71.90140594602587	487	WITH
71.90140594602587	72.25107709750567	495	YOU
72.25107709750567	83.70956916099773	99999	sp
83.70956916099773	84.29856916099773	483	WHICH
84.29856916099773	85.02656916099774	88888	THEATRE
85.02656916099774	85.76456916099774	88888	SHOWS
85.76456916099774	86.34356916099773	88888	MOTHER
86.34356916099773	87.08156916099773	88888	GOOSE
87.08156916099773	100.88498866213152	99999	sp
100.88498866213152	101.21498866213152	88888	CUT
101.21498866213152	101.40398866213152	1	A
101.40398866213152	102.17198866213153	392	SMALL
102.17198866213153	102.22198866213152	99999	sp
102.22198866213152	102.96098866213153	88888	CORNER
102.96098866213153	102.99098866213151	99999	sp
102.99098866213151	103.60898866213152	88888	OFF
103.60898866213152	104.13798866213152	132	EACH
104.13798866213152	104.80598866213153	88888	EDGE
104.80598866213153	116.19410430839002	99999	sp
116.19410430839002	116.46257282153198	438	THEY
116.46257282153198	116.85210430839003	14	ALL
116.85210430839003	117.51110430839003	139	ENJOY
117.51110430839003	118.05910430839002	212	ICE
118.05910430839002	118.10910430839003	99999	sp
118.10910430839003	118.49810430839003	112	CREAM
118.49810430839003	119.41610430839002	417	SUNDAES
119.41610430839002	131.05814058956915	99999	sp
131.05814058956915	131.57714058956913	88888	TOM
131.57714058956913	131.98614058956915	88888	READS
131.98614058956915	132.09514058956916	99999	sp
132.09514058956916	132.20514058956914	434	THE
132.20514058956914	132.78414058956915	88888	SAME
132.78414058956915	133.06314058956914	88888	BOOK
133.06314058956914	133.14314058956916	99999	sp
133.14314058956916	133.54214058956916	145	EVERY
133.54214058956916	134.01879461217493	88888	NIGHT
134.01879461217493	145.4803628117914	99999	sp
145.4803628117914	145.9883628117914	202	HE
145.9883628117914	146.4673628117914	88888	ATE
146.4673628117914	146.90636281179138	88888	FOUR
146.90636281179138	146.99636281179139	99999	sp
146.99636281179139	147.7543628117914	88888	EGGS
147.7543628117914	147.7943628117914	99999	sp
147.7943628117914	148.1343628117914	161	FOR
148.1343628117914	149.27599000056907	88888	BREAKFAST
149.27599000056907	160.26137930094652	99999	sp
160.26137930094652	160.4803793009465	438	THEY
160.4803793009465	161.41837930094653	296	OFTEN
161.41837930094653	161.43837930094654	99999	sp
161.43837930094654	161.7783793009465	184	GO
161.7783793009465	162.22637930094652	306	OUT
162.22637930094652	162.5463793009465	217	IN
162.5463793009465	163.20437930094653	145	EVERY
163.20437930094653	163.94337930094653	143	EVENING
163.94337930094653	175.0888888888889	99999	sp
175.0888888888889	175.8268888888889	88888	SPRING
175.8268888888889	176.4758888888889	88888	STREET
176.4758888888889	176.72488888888893	224	IS
176.72488888888893	177.2638888888889	88888	STRAIGHT
177.2638888888889	177.79650868198308	88888	AHEAD
177.79650868198308	190.420589569161	99999	sp
190.420589569161	190.789589569161	224	IS
190.789589569161	190.939589569161	99999	sp
190.939589569161	191.28858956916102	441	THIS
191.28858956916102	192.027589569161	370	SAW
192.027589569161	192.95724406236985	88888	SAFE
192.95724406236985	204.88371882086167	99999	sp
204.88371882086167	205.37271882086165	441	THIS
205.37271882086165	205.95171882086166	472	WAS
205.95171882086166	206.00171882086167	99999	sp
206.00171882086167	206.60071882086166	133	EASY
206.60071882086166	206.94971882086165	161	FOR
206.94971882086165	207.57771882086166	460	US
207.57771882086166	207.67771882086166	99999	sp
207.67771882086166	223.6625850340136	99999	sp
223.6625850340136	223.9015850340136	211	I
223.9015850340136	224.2215850340136	370	SAW
224.2215850340136	224.4505850340136	1	A
224.4505850340136	225.12958503401362	88888	PURPLE
225.12958503401362	225.15958503401362	99999	sp
225.15958503401362	225.63758503401363	110	CRAB
225.63758503401363	225.861832074398	297	ON
225.861832074398	226.04446701434514	434	THE
226.04446701434514	226.7655850340136	88888	BEACH
226.7655850340136	238.9166439909297	99999	sp
238.9166439909297	239.27564399092972	88888	DON'T
239.27564399092972	239.43564399092972	99999	sp
239.43564399092972	240.0936439909297	128	DO
240.0936439909297	241.0260995196524	88888	CHARLIE'S
241.0260995196524	241.10164399092972	99999	sp
241.10164399092972	241.52064399092973	88888	DIRTY
241.52064399092973	242.36976468755148	88888	DISHES
242.36976468755148	252.93496598639456	99999	sp
252.93496598639456	253.43396598639455	381	SHOULD
253.43396598639455	254.40196598639457	180	GIRAFFES
254.40196598639457	254.48096598639455	99999	sp
254.48096598639455	254.68096598639457	47	BE
254.68096598639457	255.19996598639457	234	KEPT
255.19996598639457	255.50896598639457	217	IN
255.50896598639457	255.57896598639456	99999	sp
255.57896598639456	256.09796598639457	392	SMALL
256.09796598639457	256.8659659863946	498	ZOOS
256.8659659863946	269.678820861678	99999	sp
269.678820861678	270.307820861678	142	EVEN
270.307820861678	270.666820861678	211	I
270.666820861678	271.155820861678	177	GET
271.155820861678	271.484820861678	99999	sp
271.484820861678	271.729503672893	434	THE
271.729503672893	272.442820861678	265	MONDAY
272.442820861678	272.522820861678	99999	sp
272.522820861678	273.170820861678	56	BLUES
273.170820861678	286.6326530612245	99999	sp
286.6326530612245	287.0126530612245	438	THEY
287.0126530612245	287.0426530612245	99999	sp
287.0426530612245	287.4479689496542	317	OWN
287.4479689496542	287.7235816772108	1	A
287.7235816772108	288.14022112043006	52	BIG
288.14022112043006	288.8286530612245	209	HOUSE
288.8286530612245	288.8876530612245	99999	sp
288.8876530612245	289.2076530612245	217	IN
289.2076530612245	289.9456530612245	88888	AUSTIN
289.9456530612245	290.8036530612245	88888	TEXAS
290.8036530612245	301.71374149659863	99999	sp
301.71374149659863	302.12374149659865	55	BLUE
302.12374149659865	302.17274149659863	99999	sp
302.17274149659863	302.7817414965986	88	CHEESE
302.7817414965986	303.6497414965986	88888	SMELLS
303.6497414965986	303.68974149659863	99999	sp
303.68974149659863	304.1949941731175	171	FUNNY
304.1949941731175	317.6233106575964	99999	sp
317.6233106575964	317.9023106575964	434	THE
317.9023106575964	317.9323106575964	99999	sp
317.9323106575964	318.2013106575964	52	BIG
318.2013106575964	318.9503106575964	88888	DOV
318.9503106575964	319.5783106575964	99999	sp
319.5783106575964	319.7883106575964	88888	G
319.7883106575964	319.9283106575964	99999	sp
319.9283106575964	320.5563106575964	88888	LOVES
320.5563106575964	320.8063106575964	446	TO
320.8063106575964	321.2843106575964	88888	CHEW
321.2843106575964	321.7833106575964	297	ON
321.7833106575964	321.9933106575964	434	THE
321.9933106575964	322.3823106575964	88888	OLD
322.3823106575964	322.8313106575964	88888	RAG
322.8313106575964	323.2103106575964	88888	DOLL
323.2103106575964	334.15410430839	99999	sp
334.15410430839	334.57310430839004	88888	GUESS
334.57310430839004	334.64310430839004	99999	sp
334.64310430839004	334.83210430839	434	THE
334.83210430839	335.74010430839	88888	QUESTION
335.74010430839	336.04910430839004	166	FROM
336.04910430839004	336.2570646552812	434	THE
336.2570646552812	336.87710430839	88888	ANSWER
336.87710430839	348.5690702947846	99999	sp
348.5690702947846	348.98807029478456	88888	SWING
348.98807029478456	349.2180702947846	496	YOUR
349.2180702947846	349.28707029478454	99999	sp
349.28707029478454	350.0860702947846	88888	ARMS
350.0860702947846	350.80558699016666	88888	HIGH
350.80558699016666	351.227307669681	34	AS
351.227307669681	351.29307029478457	99999	sp
351.29307029478457	351.4920702947846	434	THE
351.4920702947846	351.73207029478453	495	YOU
351.73207029478453	352.26959729494945	76	CAN
352.26959729494945	366.6409977324263	99999	sp
366.6409977324263	367.240158220699	331	PLEASE
367.240158220699	368.04799773242627	88888	SING
368.04799773242627	368.5469977324263	233	JUST
368.5469977324263	368.6669977324263	99999	sp
368.6669977324263	369.38499773242626	34	AS
369.38499773242626	369.8239977324263	99999	sp
369.8239977324263	370.17299773242627	434	THE
370.17299773242627	370.32299773242624	99999	sp
370.32299773242624	370.70199773242626	88888	CLUB
370.70199773242626	370.8619977324263	99999	sp
370.8619977324263	371.25099773242624	88888	THEME
371.25099773242624	382.2653968253968	99999	sp
382.2653968253968	382.5308454586323	434	THE
382.5308454586323	383.1533968253968	21	ANGRY
383.1533968253968	383.64239682539676	62	BOY
383.64239682539676	384.29139682539676	122	DIDN'T
384.29139682539676	384.6103968253968	249	LOOK
384.6103968253968	385.0077610881753	458	UP
385.0077610881753	428.13768707482996	99999	sp
428.13768707482996	428.87568707482995	88888	SPRING
428.87568707482995	429.52468707482996	88888	STREET
429.52468707482996	429.77368707483	224	IS
429.77368707483	430.31268707482997	88888	STRAIGHT
430.31268707482997	430.84530686792414	88888	AHEAD
430.84530686792414	440.77460317460316	99999	sp
440.77460317460316	441.1846031746032	55	BLUE
441.1846031746032	441.23360317460316	99999	sp
441.23360317460316	441.84260317460314	88	CHEESE
441.84260317460314	442.71060317460314	88888	SMELLS
442.71060317460314	442.75060317460316	99999	sp
442.75060317460316	443.255855851122	171	FUNNY
443.255855851122	455.043537414966	99999	sp
455.043537414966	455.562537414966	88888	TOM
455.562537414966	455.971537414966	88888	READS
455.971537414966	456.080537414966	99999	sp
456.080537414966	456.190537414966	434	THE
456.190537414966	456.769537414966	88888	SAME
456.769537414966	457.048537414966	88888	BOOK
457.048537414966	457.128537414966	99999	sp
457.128537414966	457.527537414966	145	EVERY
457.527537414966	458.0041914375718	88888	NIGHT
458.0041914375718	468.6936054421769	99999	sp
468.6936054421769	469.2826054421769	483	WHICH
469.2826054421769	470.0106054421769	88888	THEATRE
470.0106054421769	470.7486054421769	88888	SHOWS
470.7486054421769	471.32760544217683	88888	MOTHER
471.32760544217683	472.0656054421769	88888	GOOSE
472.0656054421769	481.7615419501134	99999	sp
481.7615419501134	482.0405419501134	434	THE
482.0405419501134	482.0705419501134	99999	sp
482.0705419501134	482.3395419501134	52	BIG
482.3395419501134	483.0885419501134	88888	DOV
483.0885419501134	483.71654195011337	99999	sp
483.71654195011337	483.9265419501134	88888	G
483.9265419501134	484.0665419501134	99999	sp
484.0665419501134	484.6945419501134	88888	LOVES
484.6945419501134	484.9445419501134	446	TO
484.9445419501134	485.4225419501134	88888	CHEW
485.4225419501134	485.9215419501134	297	ON
485.9215419501134	486.1315419501134	434	THE
486.1315419501134	486.5205419501134	88888	OLD
486.5205419501134	486.9695419501134	88888	RAG
486.9695419501134	487.3485419501134	88888	DOLL
487.3485419501134	499.7755102040816	99999	sp
499.7755102040816	500.45451020408166	368	ROBIN
500.45451020408166	500.9035102040816	242	LIKES
500.9035102040816	500.94351020408163	99999	sp
500.94351020408163	501.0525102040816	434	THE
501.0525102040816	501.64151020408167	88888	COLOR
501.64151020408167	502.1005102040816	493	YELLOW
502.1005102040816	514.3491156462585	99999	sp
514.3491156462585	514.5881156462585	211	I
514.5881156462585	514.9081156462585	370	SAW
514.9081156462585	515.1371156462585	1	A
515.1371156462585	515.8161156462585	88888	PURPLE
515.8161156462585	515.8461156462586	99999	sp
515.8461156462586	516.3241156462585	110	CRAB
516.3241156462585	516.5483626866429	297	ON
516.5483626866429	516.73099762659	434	THE
516.73099762659	517.4521156462586	88888	BEACH
517.4521156462586	530.6471655328799	99999	sp
530.6471655328799	531.0271655328798	438	THEY
531.0271655328798	531.0571655328798	99999	sp
531.0571655328798	531.4624814213096	317	OWN
531.4624814213096	531.7380941488661	1	A
531.7380941488661	532.1547335920854	52	BIG
532.1547335920854	532.8431655328798	209	HOUSE
532.8431655328798	532.9021655328798	99999	sp
532.9021655328798	533.2221655328799	217	IN
533.2221655328799	533.9601655328798	88888	AUSTIN
533.9601655328798	534.8181655328799	88888	TEXAS
534.8181655328799	547.3199092970522	99999	sp
547.3199092970522	547.6789092970522	88888	DON'T
547.6789092970522	547.8389092970522	99999	sp
547.8389092970522	548.4969092970522	128	DO
548.4969092970522	549.4293648257749	88888	CHARLIE'S
549.4293648257749	549.5049092970521	99999	sp
549.5049092970521	549.9239092970522	88888	DIRTY
549.9239092970522	550.773029993674	88888	DISHES
550.773029993674	565.264671201814	99999	sp
565.264671201814	565.8936712018141	142	EVEN
565.8936712018141	566.2526712018141	211	I
566.2526712018141	566.7416712018141	177	GET
566.7416712018141	567.0706712018141	99999	sp
567.0706712018141	567.315354013029	434	THE
567.315354013029	568.0286712018141	265	MONDAY
568.0286712018141	568.1086712018141	99999	sp
568.1086712018141	568.756671201814	56	BLUES
568.756671201814	582.4071655328798	99999	sp
582.4071655328798	582.9151655328799	202	HE
582.9151655328799	583.3941655328798	88888	ATE
583.3941655328798	583.8331655328798	88888	FOUR
583.8331655328798	583.9231655328798	99999	sp
583.9231655328798	584.6811655328798	88888	EGGS
584.6811655328798	584.7211655328798	99999	sp
584.7211655328798	585.0611655328798	161	FOR
585.0611655328798	586.2027927216575	88888	BREAKFAST
586.2027927216575	597.5512925170068	99999	sp
597.5512925170068	597.8502925170068	211	I
597.8502925170068	598.7282925170068	88888	TOOK
598.7282925170068	599.0172925170068	204	HER
599.0172925170068	599.5162925170068	88888	WORD
599.5162925170068	599.8852925170069	161	FOR
599.8852925170069	600.1900529916321	225	IT
600.1900529916321	613.9531972789116	99999	sp
613.9531972789116	614.1621972789115	224	IS
614.1621972789115	614.6011972789116	375	SHE
614.6011972789116	614.6511972789116	99999	sp
614.6511972789116	615.518122917891	187	GOING
615.518122917891	615.8485261274318	487	WITH
615.8485261274318	616.1981972789116	495	YOU
616.1981972789116	627.7659863945578	99999	sp
627.7659863945578	628.0314350277933	434	THE
628.0314350277933	628.6539863945577	21	ANGRY
628.6539863945577	629.1429863945577	62	BOY
629.1429863945577	629.7919863945577	122	DIDN'T
629.7919863945577	630.1109863945578	249	LOOK
630.1109863945578	630.5083506573362	458	UP
630.5083506573362	641.832925170068	99999	sp
641.832925170068	642.251925170068	88888	SWING
642.251925170068	642.481925170068	496	YOUR
642.481925170068	642.550925170068	99999	sp
642.550925170068	643.349925170068	88888	ARMS
643.349925170068	644.0694418654501	88888	HIGH
644.0694418654501	644.4911625449645	34	AS
644.4911625449645	644.5569251700681	99999	sp
644.5569251700681	644.755925170068	434	THE
644.755925170068	644.995925170068	495	YOU
644.995925170068	645.533452170233	76	CAN
645.533452170233	658.0475017499261	99999	sp
658.0475017499261	658.2665017499261	438	THEY
658.2665017499261	659.2045017499261	296	OFTEN
659.2045017499261	659.224501749926	99999	sp
659.224501749926	659.5645017499261	184	GO
659.5645017499261	660.0125017499261	306	OUT
660.0125017499261	660.3325017499261	217	IN
660.3325017499261	660.9905017499261	145	EVERY
660.9905017499261	661.7295017499262	143	EVENING
661.7295017499262	675.4560544217687	99999	sp
675.4560544217687	675.9450544217688	441	THIS
675.9450544217688	676.5240544217687	472	WAS
676.5240544217687	676.5740544217688	99999	sp
676.5740544217688	677.1730544217687	133	EASY
677.1730544217687	677.5220544217688	161	FOR
677.5220544217688	678.1500544217688	460	US
678.1500544217688	678.2500544217687	99999	sp
678.2500544217687	690.73768707483	99999	sp
690.73768707483	691.10668707483	224	IS
691.10668707483	691.25668707483	99999	sp
691.25668707483	691.60568707483	441	THIS
691.60568707483	692.3446870748301	370	SAW
692.3446870748301	693.2743415680388	88888	SAFE
693.2743415680388	707.3678004535147	99999	sp
707.3678004535147	707.8668004535148	381	SHOULD
707.8668004535148	708.8348004535147	180	GIRAFFES
708.8348004535147	708.9138004535148	99999	sp
708.9138004535148	709.1138004535147	47	BE
709.1138004535147	709.6328004535147	234	KEPT
709.6328004535147	709.9418004535148	217	IN
709.9418004535148	710.0118004535148	99999	sp
710.0118004535148	710.5308004535148	392	SMALL
710.5308004535148	711.2988004535148	498	ZOOS
711.2988004535148	739.741224489796	99999	sp
739.741224489796	740.0096930029379	438	THEY
740.0096930029379	740.399224489796	14	ALL
740.399224489796	741.058224489796	139	ENJOY
741.058224489796	741.606224489796	212	ICE
741.606224489796	741.6562244897959	99999	sp
741.6562244897959	742.0452244897959	112	CREAM
742.0452244897959	742.963224489796	417	SUNDAES
742.963224489796	754.8213151927438	99999	sp
754.8213151927438	755.4793151927438	303	ORANGE
755.4793151927438	755.5593151927438	99999	sp
755.5593151927438	756.0783151927438	230	JUICE
756.0783151927438	756.1883151927439	99999	sp
756.1883151927439	757.0544444289698	425	TASTES
757.0544444289698	757.1553151927438	99999	sp
757.1553151927438	757.6043151927438	171	FUNNY
757.6043151927438	758.3233151927438	10	AFTER
758.3233151927438	758.4133151927438	99999	sp
758.4133151927438	759.4403151927438	449	TOOTHPASTE
759.4403151927438	771.6620408163266	99999	sp
771.6620408163266	772.0810408163265	88888	GUESS
772.0810408163265	772.1510408163266	99999	sp
772.1510408163266	772.3400408163266	434	THE
772.3400408163266	773.2480408163266	88888	QUESTION
773.2480408163266	773.5570408163267	166	FROM
773.5570408163267	773.7650011632178	434	THE
773.7650011632178	774.3850408163266	88888	ANSWER
774.3850408163266	787.384126984127	99999	sp
787.384126984127	787.9832874723998	331	PLEASE
787.9832874723998	788.791126984127	88888	SING
788.791126984127	789.290126984127	233	JUST
789.290126984127	789.4101269841269	99999	sp
789.4101269841269	790.128126984127	34	AS
790.128126984127	790.567126984127	99999	sp
790.567126984127	790.916126984127	434	THE
790.916126984127	791.0661269841269	99999	sp
791.0661269841269	791.445126984127	88888	CLUB
791.445126984127	791.605126984127	99999	sp
791.605126984127	791.994126984127	88888	THEME
791.994126984127	805.7944671201814	99999	sp
805.7944671201814	806.1244671201814	88888	CUT
806.1244671201814	806.3134671201814	1	A
806.3134671201814	807.0814671201814	392	SMALL
807.0814671201814	807.1314671201814	99999	sp
807.1314671201814	807.8704671201814	88888	CORNER
807.8704671201814	807.9004671201814	99999	sp
807.9004671201814	808.5184671201814	88888	OFF
808.5184671201814	809.0474671201814	132	EACH
809.0474671201814	809.7154671201814	88888	EDGE
809.7154671201814	817.8075283446713	99999	sp
