8.425027973659468	8.523	58	N
8.523	8.752	4	AE1
8.752	8.912	58	N
8.912	9.012	62	S
9.012	9.211	31	IY0
9.211	9.401	52	HH
9.401	9.66	4	AE1
9.66	9.75	69	Z
9.75	9.84	74	sp
9.84	9.919	49	DH
9.919	9.959	6	AH0
9.959	10.069	46	B
10.069	10.269	19	EH1
10.269	10.438	62	S
10.438	10.518	64	T
10.518	10.558	51	G
10.558	10.588	61	R
10.588	10.827	25	EY1
10.827	10.957	48	D
10.957	11.007	69	Z
11.007	11.037	6	AH0
11.037	11.177	58	N
11.177	11.306	52	HH
11.306	11.336	21	ER0
11.336	11.416	74	sp
11.416	11.506	54	K
11.506	11.596	56	L
11.596	11.814010528775448	4	AE1
11.814010528775448	12.05641690361442	62	S
12.05641690361442	15.018	73	ns
15.018	15.447	74	sp
15.447	17.732	73	ns
17.732	18.031	16	AY1
18.031	18.32	64	T
18.32	18.622190468786975	41	UH1
18.622190468786975	18.909	54	K
18.909	18.999	52	HH
18.999	19.198	22	ER1
19.198	19.388	67	W
19.388	19.597	22	ER1
19.597	19.697	48	D
19.697	19.837	50	F
19.837	20.036	10	AO1
20.036	20.066	61	R
20.066	20.247896969569922	6	AH0
20.247896969569922	20.370760474625293	64	T
20.370760474625293	30.602	73	ns
30.602	33.107	73	ns
33.107	33.456	10	AO1
33.456	33.486	61	R
33.486	33.516	6	AH0
33.516	33.626	58	N
33.626	33.765	53	JH
33.765	33.845	74	sp
33.845	33.975	53	JH
33.975	34.154	44	UW1
34.154	34.364	62	S
34.364	34.474	74	sp
34.474	34.563	64	T
34.563	34.833	25	EY1
34.833	34.973	62	S
34.973	35.102	64	T
35.102	35.340129236225984	62	S
35.340129236225984	35.441	74	sp
35.441	35.481	50	F
35.481	35.681	7	AH1
35.681	35.86	58	N
35.86	35.89	31	IY0
35.89	36.19	4	AE1
36.19	36.349	50	F
36.349	36.439	64	T
36.439	36.609	21	ER0
36.609	36.699	74	sp
36.699	36.808	64	T
36.808	36.968	44	UW1
36.968	37.098	65	TH
37.098	37.227	60	P
37.227	37.407	26	EY2
37.407	37.587	62	S
37.587	37.726	64	T
37.726	40.759	73	ns
40.759	50.068	73	ns
50.068	50.148	61	R
50.148	50.358	1	AA1
50.358	50.417	46	B
50.417	50.527	6	AH0
50.527	50.747	58	N
50.747	50.777	56	L
50.777	50.956	16	AY1
50.956	51.086	54	K
51.086	51.196	62	S
51.196	51.236	74	sp
51.236	51.295	49	DH
51.295	51.345	6	AH0
51.345	51.525	54	K
51.525	51.844	7	AH1
51.844	51.904	56	L
51.904	51.934	21	ER0
51.934	51.964	68	Y
51.964	52.064	19	EH1
52.064	52.293	56	L
52.293	52.393	34	OW0
52.393	56.603	73	ns
56.603	63.408	73	ns
63.408	63.587	28	IH1
63.587	63.617	69	Z
63.617	63.917	63	SH
63.917	64.056	32	IY1
64.056	64.106	74	sp
64.106	64.166	51	G
64.166	64.466528760035	35	OW1
64.466528760035	64.58773194745449	27	IH0
64.58773194745449	64.97292563897943	59	NG
64.97292563897943	65.02439548569181	67	W
65.02439548569181	65.13065581438835	28	IH1
65.13065581438835	65.30332884852021	65	TH
65.30332884852021	65.3917826002077	68	Y
65.3917826002077	65.653	44	UW1
65.653	70.033	73	ns
70.033	76.538	73	ns
76.538	76.738	67	W
76.738	76.927	28	IH1
76.927	77.127	47	CH
77.127	77.356	65	TH
77.356	77.556	32	IY1
77.556	77.596	6	AH0
77.596	77.636	64	T
77.636	77.855	21	ER0
77.855	78.124	63	SH
78.124	78.454	35	OW1
78.454	78.593	69	Z
78.593	78.653	57	M
78.653	78.943	7	AH1
78.943	79.022	49	DH
79.022	79.172	21	ER0
79.172	79.362	51	G
79.362	79.581	44	UW1
79.581	79.91	62	S
79.91	80.16	74	sp
80.16	83.722	73	ns
83.722	92.232	73	ns
92.232	92.362	54	K
92.362	92.532	7	AH1
92.532	92.562	64	T
92.562	92.751	25	EY1
92.751	93.021	62	S
93.021	93.15	57	M
93.15	93.45	10	AO1
93.45	93.519	56	L
93.519	93.569	74	sp
93.569	93.729	54	K
93.729	94.208	10	AO1
94.208	94.248	61	R
94.248	94.278	58	N
94.278	94.308	21	ER0
94.308	94.338	74	sp
94.338	94.647	10	AO1
94.647	94.956	50	F
94.956	95.285	32	IY1
95.285	95.485	47	CH
95.485	95.794	19	EH1
95.794	96.153	53	JH
96.153	101.012	73	ns
101.012	108.845	73	ns
108.845	108.885	49	DH
108.885	109.11346851314195	25	EY1
109.11346851314195	109.473	10	AO1
109.473	109.503	56	L
109.503	109.533	6	AH0
109.533	109.782	58	N
109.782	109.952	53	JH
109.952	110.162	38	OY1
110.162	110.481	16	AY1
110.481	110.71	62	S
110.71	110.76	74	sp
110.76	110.85	54	K
110.85	110.88	61	R
110.88	110.99	32	IY1
110.99	111.149	57	M
111.149	111.349	62	S
111.349	111.479	7	AH1
111.479	111.588	58	N
111.588	111.638	48	D
111.638	111.838	26	EY2
111.838	112.067	69	Z
112.067	116.218	73	ns
116.218	116.318	74	sp
116.318	124.18	73	ns
124.18	124.29	64	T
124.29	124.489	1	AA1
124.489	124.699	57	M
124.699	124.739	61	R
124.739	124.978	32	IY1
124.978	125.078	48	D
125.078	125.108	69	Z
125.108	125.217	74	sp
125.217	125.267	49	DH
125.267	125.327	6	AH0
125.327	125.547	62	S
125.547	125.776	25	EY1
125.776	125.906	57	M
125.906	125.986	46	B
125.986	126.155	41	UH1
126.155	126.185	54	K
126.185	126.265	74	sp
126.265	126.485	19	EH1
126.485	126.534	66	V
126.534	126.594	61	R
126.594	126.664	31	IY0
126.664	126.824	58	N
126.824	126.983	16	AY1
126.983	127.1406540226058	64	T
127.1406540226058	130.934	73	ns
130.934	138.358	73	ns
138.358	138.537	52	HH
138.537	138.866	32	IY1
138.866	139.156	25	EY1
139.156	139.345	64	T
139.345	139.465	50	F
139.465	139.675	10	AO1
139.675	139.784	61	R
139.784	139.874	74	sp
139.874	140.213	19	EH1
140.213	140.333	51	G
140.333	140.632	69	Z
140.632	140.672	74	sp
140.672	140.792	50	F
140.792	140.942	10	AO1
140.942	141.012	61	R
141.012	141.141	46	B
141.141	141.231	61	R
141.231	141.311	19	EH1
141.311	141.441	54	K
141.441	141.58	50	F
141.58	141.77	6	AH0
141.77	141.989	62	S
141.989	142.15362718877768	64	T
142.15362718877768	145.601	73	ns
145.601	152.695	73	ns
152.695	152.725	49	DH
152.725	152.914	25	EY1
152.914	153.204	10	AO1
153.204	153.343	50	F
153.343	153.503	64	T
153.503	153.573	6	AH0
153.573	153.852	58	N
153.852	153.872	74	sp
153.872	153.952	51	G
153.952	154.212	35	OW1
154.212	154.601	13	AW1
154.601	154.66	64	T
154.66	154.91	6	AH0
154.91	154.98	58	N
154.98	155.189	19	EH1
155.189	155.299	66	V
155.299	155.419	21	ER0
155.419	155.638	31	IY0
155.638	155.908	32	IY1
155.908	155.938	66	V
155.938	155.978	58	N
155.978	156.137	27	IH0
156.137	156.377	59	NG
156.377	160.298	73	ns
160.298	168.539	73	ns
168.539	168.798	62	S
168.798	168.908	60	P
168.908	168.938	61	R
168.938	169.018	28	IH1
169.018	169.277	59	NG
169.277	169.457	62	S
169.457	169.597	64	T
169.597	169.626	61	R
169.626	169.896	32	IY1
169.896	169.926	64	T
169.926	170.135	28	IH1
170.135	170.175	69	Z
170.175	170.365	62	S
170.365	170.445	64	T
170.445	170.475	61	R
170.475	170.664	25	EY1
170.664	170.714	64	T
170.714	170.804	6	AH0
170.804	170.924	52	HH
170.924	171.093	19	EH1
171.093	171.24661979309417	48	D
171.24661979309417	175.084	73	ns
175.084	182.896	73	ns
182.896	183.186	28	IH1
183.186	183.265	69	Z
183.265	183.415	74	sp
183.415	183.625	49	DH
183.625	183.675	6	AH0
183.675	183.764	62	S
183.764	184.044	62	S
184.044	184.503	10	AO1
184.503	184.932	62	S
184.932	185.221	25	EY1
185.221	185.43265449320884	50	F
185.43265449320884	190.349	73	ns
190.349	190.499	74	sp
190.499	198.241	73	ns
198.241	198.271	49	DH
198.271	198.491	28	IH1
198.491	198.73	62	S
198.73	198.91	67	W
198.91	199.119	6	AH0
199.119	199.309	69	Z
199.309	199.359	74	sp
199.359	199.588	32	IY1
199.588	199.778	69	Z
199.778	199.958	31	IY0
199.958	200.097	50	F
200.097	200.277	10	AO1
200.277	200.307	61	R
200.307	200.606	7	AH1
200.606	200.935	62	S
200.935	201.035	74	sp
201.035	204.916	73	ns
204.916	216.51	73	ns
216.51	216.749	16	AY1
216.749	216.949	62	S
216.949	217.069	10	AO1
217.069	217.298	6	AH0
217.298	217.498	60	P
217.498	217.667	22	ER1
217.667	217.787	60	P
217.787	217.827	6	AH0
217.827	217.977	56	L
217.977	218.007	74	sp
218.007	218.126	54	K
218.126	218.166	61	R
218.166	218.356	4	AE1
218.356	218.485	46	B
218.485	218.59966607641607	1	AA1
218.59966607641607	218.70924704038438	58	N
218.70924704038438	218.76071688709675	49	DH
218.76071688709675	218.89188198033153	6	AH0
218.89188198033153	218.99980262666395	46	B
218.99980262666395	219.38333600055302	32	IY1
219.38333600055302	219.613	47	CH
219.613	220.032	74	sp
220.032	223.694	73	ns
223.694	231.137	73	ns
231.137	231.207	48	D
231.207	231.466	35	OW1
231.466	231.496	58	N
231.496	231.656	74	sp
231.656	231.845	48	D
231.845	232.314	44	UW1
232.314	232.484	47	CH
232.484	232.573	1	AA1
232.573	232.883	61	R
232.883	232.982	56	L
232.982	233.072	31	IY0
233.072	233.2464555287227	69	Z
233.2464555287227	233.322	74	sp
233.322	233.402	48	D
233.402	233.531	22	ER1
233.531	233.561	64	T
233.561	233.741	31	IY0
233.741	233.801	48	D
233.801	233.96	28	IH1
233.96	234.15	63	SH
234.15	234.38092067450046	6	AH0
234.38092067450046	234.59012069662177	69	Z
234.59012069662177	238.979	73	ns
238.979	245.993	73	ns
245.993	246.212	63	SH
246.212	246.362	41	UH1
246.362	246.492	48	D
246.492	246.621	53	JH
246.621	246.821	21	ER0
246.821	247.19	4	AE1
247.19	247.22	50	F
247.22	247.46	62	S
247.46	247.539	74	sp
247.539	247.579	46	B
247.579	247.739	32	IY1
247.739	247.879	54	K
247.879	248.038	19	EH1
248.038	248.138	60	P
248.138	248.258	64	T
248.258	248.397	28	IH1
248.397	248.567	58	N
248.567	248.637	74	sp
248.637	248.737	62	S
248.737	248.767	57	M
248.767	249.056	10	AO1
249.056	249.156	56	L
249.156	249.385	69	Z
249.385	249.615	44	UW1
249.615	249.924	69	Z
249.924	252.997	73	ns
252.997	253.057	74	sp
253.057	261.707	73	ns
261.707	261.967	32	IY1
261.967	261.997	66	V
261.997	262.296	6	AH0
262.296	262.336	58	N
262.336	262.695	16	AY1
262.695	262.875	51	G
262.875	263.114	19	EH1
263.114	263.184	64	T
263.184	263.513	74	sp
263.513	263.563	49	DH
263.563	263.7560224935791	6	AH0
263.7560224935791	263.8871875868139	57	M
263.8871875868139	264.03329553877165	7	AH1
264.03329553877165	264.182	58	N
264.182	264.241	48	D
264.241	264.471	26	EY2
264.471	264.551	74	sp
264.551	264.601	46	B
264.601	264.81	56	L
264.81	264.89	44	UW1
264.89	265.199	69	Z
265.199	269.679	73	ns
269.679	277.86	73	ns
277.86	277.91	49	DH
277.91	278.24	25	EY1
278.24	278.27	74	sp
278.27	278.56241428918963	35	OW1
278.56241428918963	278.6753158884297	58	N
278.6753158884297	278.9509286159863	25	EY1
278.9509286159863	279.06881116813406	46	B
279.06881116813406	279.25476674335295	28	IH1
279.25476674335295	279.36756805920555	51	G
279.36756805920555	279.497	52	HH
279.497	279.876	13	AW1
279.876	280.056	62	S
280.056	280.115	74	sp
280.115	280.375	28	IH1
280.375	280.435	58	N
280.435	280.634	10	AO1
280.634	280.884	62	S
280.884	280.934	64	T
280.934	281.013	6	AH0
281.013	281.173	58	N
281.173	281.283	64	T
281.283	281.392	19	EH1
281.392	281.532	54	K
281.532	281.662	62	S
281.662	281.792	6	AH0
281.792	282.031	62	S
282.031	286.69	73	ns
286.69	295.041	73	ns
295.041	295.071	46	B
295.071	295.201	56	L
295.201	295.451	44	UW1
295.451	295.5	74	sp
295.5	295.65	47	CH
295.65	296.039	32	IY1
296.039	296.109	69	Z
296.109	296.358	62	S
296.358	296.388	57	M
296.388	296.568	19	EH1
296.568	296.738	56	L
296.738	296.977	69	Z
296.977	297.017	74	sp
297.017	297.047	50	F
297.047	297.256	7	AH1
297.256	297.346	58	N
297.346	297.52225267651886	31	IY0
297.52225267651886	301.686	73	ns
301.686	308.551	73	ns
308.551	308.641	49	DH
308.641	308.83	7	AH1
308.83	308.86	74	sp
308.86	308.9	46	B
308.9	309.09	28	IH1
309.09	309.129	51	G
309.129	309.369	48	D
309.369	309.668	1	AA1
309.668	309.878	66	V
309.878	310.506	74	sp
310.506	310.586	53	JH
310.586	310.716	32	IY1
310.716	310.856	74	sp
310.856	311.015	56	L
311.015	311.215	7	AH1
311.215	311.245	66	V
311.245	311.484	69	Z
311.484	311.614	64	T
311.614	311.734	27	IH0
311.734	312.003	47	CH
312.003	312.212	44	UW1
312.212	312.592	1	AA1
312.592	312.711	58	N
312.711	312.761	49	DH
312.761	312.921	31	IY0
312.921	313.13	35	OW1
313.13	313.2	56	L
313.2	313.31	48	D
313.31	313.44	61	R
313.44	313.689	4	AE1
313.689	313.759	51	G
313.759	313.889	48	D
313.889	314.088	1	AA1
314.088	314.138	56	L
314.138	314.777	74	sp
314.777	317.67	73	ns
317.67	327.508	73	ns
327.508	327.558	51	G
327.558	327.797	19	EH1
327.797	327.927	62	S
327.927	327.997	74	sp
327.997	328.076	49	DH
328.076	328.186	6	AH0
328.186	328.316	54	K
328.316	328.376	67	W
328.376	328.505	19	EH1
328.505	328.835	63	SH
328.835	328.914	6	AH0
328.914	329.094	58	N
329.094	329.174	50	F
329.174	329.214	61	R
329.214	329.373	7	AH1
329.373	329.403	57	M
329.403	329.433	49	DH
329.433	329.6109603468912	6	AH0
329.6109603468912	329.842	4	AE1
329.842	329.972	58	N
329.972	330.092	62	S
330.092	330.231	21	ER0
330.231	334.232	73	ns
334.232	340.867	73	ns
340.867	340.987	74	sp
340.987	341.047	62	S
341.047	341.077	67	W
341.077	341.107	28	IH1
341.107	341.406	59	NG
341.406	341.436	68	Y
341.436	341.596	10	AO1
341.596	341.636	61	R
341.636	341.705	74	sp
341.705	342.164	1	AA1
342.164	342.194	61	R
342.194	342.344	57	M
342.344	342.504	69	Z
342.504	342.643	52	HH
342.643	343.2235166953821	16	AY1
343.2235166953821	343.471	4	AE1
343.471	343.64523737489645	69	Z
343.64523737489645	343.711	74	sp
343.711	343.761	49	DH
343.761	343.91	31	IY0
343.91	344.1	68	Y
344.1	344.15	44	UW1
344.15	344.369	54	K
344.369	344.619	4	AE1
344.619	344.6875270001649	58	N
344.6875270001649	348.6	73	ns
348.6	357.569	73	ns
357.569	357.619	60	P
357.619	357.699	56	L
357.699	358.008	32	IY1
358.008	358.16816048827275	69	Z
358.16816048827275	358.437	62	S
358.437	358.487	28	IH1
358.487	358.976	59	NG
358.976	359.126	53	JH
359.126	359.335	6	AH0
359.335	359.445	62	S
359.445	359.475	64	T
359.475	359.595	74	sp
359.595	360.114	4	AE1
360.114	360.313	69	Z
360.313	360.752	74	sp
360.752	360.892	49	DH
360.892	361.101	31	IY0
361.101	361.251	74	sp
361.251	361.291	54	K
361.291	361.331	56	L
361.331	361.53	7	AH1
361.53	361.63	46	B
361.63	361.79	74	sp
361.79	361.82	65	TH
361.82	362.079	32	IY1
362.079	362.179	57	M
362.179	366.599	73	ns
366.599	375.648	73	ns
375.648	375.688	49	DH
375.688	375.91344863323553	6	AH0
375.91344863323553	376.147	4	AE1
376.147	376.247	59	NG
376.247	376.307	51	G
376.307	376.337	61	R
376.337	376.536	31	IY0
376.536	376.706	46	B
376.706	377.025	38	OY1
377.025	377.205	48	D
377.205	377.484	28	IH1
377.484	377.614	48	D
377.614	377.644	6	AH0
377.644	377.674	58	N
377.674	377.773	56	L
377.773	377.843	41	UH1
377.843	377.993	54	K
377.993	378.163	7	AH1
378.163	378.3903642627785	60	P
