41.65804988662131	41.75704988662131	52	HH
41.75704988662131	41.96704988662131	13	AW1
41.96704988662131	42.14604988662131	48	D
42.14604988662131	42.29604988662131	44	UW1
42.29604988662131	42.66504988662131	68	Y
42.66504988662131	42.71504988662131	44	UW1
42.71504988662131	42.83504988662131	58	N
42.83504988662131	43.00504988662131	35	OW1
43.00504988662131	43.10404988662131	57	M
43.10404988662131	43.23404988662131	16	AY1
43.23404988662131	43.38404988662131	58	N
43.38404988662131	43.70832136838429	25	EY1
43.70832136838429	43.77304988662131	57	M
43.77304988662131	54.167528344671204	74	sp
54.167528344671204	54.4365283446712	4	AE1
54.4365283446712	54.466528344671204	48	D
54.466528344671204	54.526528344671206	74	sp
54.526528344671206	54.566528344671205	49	DH
54.566528344671205	54.685528344671205	6	AH0
54.685528344671205	54.8155283446712	58	N
54.8155283446712	54.9855283446712	7	AH1
54.9855283446712	55.0255283446712	57	M
55.0255283446712	55.124528344671205	46	B
55.124528344671205	55.264528344671206	21	ER0
55.264528344671206	55.4945283446712	64	T
55.4945283446712	55.563528344671205	6	AH0
55.563528344671205	55.713528344671204	51	G
55.713528344671204	56.042528344671204	19	EH1
56.042528344671204	56.072528344671206	49	DH
56.072528344671206	56.1025283446712	21	ER0
56.1025283446712	56.292528344671204	67	W
56.292528344671204	56.4125283446712	7	AH1
56.4125283446712	56.591528344671204	58	N
56.591528344671204	56.651528344671206	46	B
56.651528344671206	56.871528344671205	16	AY1
56.871528344671205	56.9005283446712	52	HH
56.9005283446712	57.0505283446712	67	W
57.0505283446712	57.2905283446712	7	AH1
57.2905283446712	57.4095283446712	58	N
57.4095283446712	67.22775510204082	74	sp
67.22775510204082	67.39775510204082	52	HH
67.39775510204082	67.64675510204081	32	IY1
67.64675510204081	67.76675510204082	67	W
67.76675510204082	67.7967551020408	6	AH0
67.7967551020408	67.97575510204081	56	L
67.97575510204081	68.10575510204082	6	AH0
68.10575510204082	68.18575510204082	56	L
68.18575510204082	68.47475510204082	13	AW1
68.47475510204082	68.60475510204081	25	EY1
68.60475510204081	68.76375510204082	61	R
68.76375510204082	69.02997301182731	19	EH1
69.02997301182731	69.08189944588958	61	R
69.08189944588958	69.23275510204081	56	L
69.23275510204081	69.62275510204081	16	AY1
69.62275510204081	95.18539682539682	74	sp
95.18539682539682	95.26539682539682	53	JH
95.26539682539682	95.43439682539682	1	AA1
95.43439682539682	95.65439682539682	58	N
95.65439682539682	95.70439682539681	62	S
95.70439682539681	95.96339682539681	6	AH0
95.96339682539681	96.00339682539682	58	N
96.00339682539682	96.08339682539682	69	Z
96.08339682539682	96.13339682539682	74	sp
96.13339682539682	96.16339682539682	46	B
96.16339682539682	96.27339682539682	61	R
96.27339682539682	96.41239682539681	7	AH1
96.41239682539681	96.46239682539682	49	DH
96.46239682539682	96.88139682539682	21	ER0
96.88139682539682	97.33039682539682	74	sp
97.33039682539682	97.62039682539681	60	P
97.62039682539681	97.65939682539681	21	ER0
97.65939682539681	98.52739682539682	74	sp
98.52739682539682	98.94739682539682	7	AH1
98.94739682539682	101.67039682539682	74	sp
101.67039682539682	101.86039682539682	61	R
101.86039682539682	102.06939682539682	31	IY0
102.06939682539682	102.42939682539682	60	P
102.42939682539682	102.56839682539682	25	EY1
102.56839682539682	103.18739682539682	58	N
103.18739682539682	103.37639682539681	64	T
103.37639682539681	103.97539682539681	6	AH0
103.97539682539681	104.10539682539681	48	D
104.10539682539681	104.14539682539682	49	DH
104.14539682539682	104.27439682539682	6	AH0
104.27439682539682	105.10339682539681	74	sp
105.10339682539681	105.13239682539681	60	P
105.13239682539681	105.23239682539682	22	ER1
105.23239682539682	105.26239682539682	47	CH
105.26239682539682	105.29239682539682	6	AH0
105.29239682539682	105.33239682539681	62	S
105.33239682539681	105.40239682539682	64	T
105.40239682539682	105.43239682539682	6	AH0
105.43239682539682	105.46239682539682	69	Z
105.46239682539682	105.98139682539681	74	sp
105.98139682539681	106.04039682539681	49	DH
106.04039682539681	106.11039682539682	6	AH0
106.11039682539682	106.38039682539682	64	T
106.38039682539682	106.41039682539682	67	W
106.41039682539682	106.47939682539682	7	AH1
106.47939682539682	106.58939682539682	64	T
106.58939682539682	106.74939682539681	74	sp
106.74939682539681	106.87839682539682	28	IH1
106.87839682539682	106.91839682539681	64	T
106.91839682539681	106.99839682539681	74	sp
106.99839682539681	107.02839682539681	62	S
107.02839682539681	107.20839682539682	28	IH1
107.20839682539682	107.24839682539681	69	Z
107.24839682539681	107.50739682539681	74	sp
107.50739682539681	107.61739682539681	35	OW1
107.61739682539681	107.66739682539682	61	R
107.66739682539682	107.78639682539682	31	IY0
107.78639682539682	107.90639682539681	60	P
107.90639682539681	107.98639682539681	25	EY1
107.98639682539681	108.02639682539682	58	N
108.02639682539682	108.14639682539682	64	T
108.14639682539682	108.27539682539681	6	AH0
108.27539682539681	108.33539682539681	48	D
108.33539682539681	108.44539682539681	74	sp
108.44539682539681	108.53539682539682	61	R
108.53539682539682	108.70439682539681	31	IY0
108.70439682539681	108.85439682539682	60	P
108.85439682539682	109.05439682539682	25	EY1
109.05439682539682	109.17339682539682	58	N
109.17339682539682	109.28339682539682	64	T
109.28339682539682	109.49339682539681	6	AH0
109.49339682539681	109.53239682539682	48	D
109.53239682539682	109.57239682539682	49	DH
109.57239682539682	109.73239682539682	6	AH0
109.73239682539682	110.96939682539681	74	sp
110.96939682539681	110.99939682539681	51	G
110.99939682539681	111.21939682539681	21	ER0
111.21939682539681	111.57800608131704	1	AA1
111.57800608131704	111.76739682539682	70	ZH
111.76739682539682	111.85739682539682	48	D
111.85739682539682	112.11739682539681	10	AO1
112.11739682539681	112.33639682539682	61	R
112.33639682539682	136.09496598639456	74	sp
136.09496598639456	136.15396598639455	52	HH
136.15396598639455	136.41396598639454	32	IY1
136.41396598639454	136.49396598639456	74	sp
136.49396598639456	136.76296598639453	25	EY1
136.76296598639453	136.88296598639454	64	T
136.88296598639454	137.03196598639454	50	F
137.03196598639454	137.17196598639455	10	AO1
137.17196598639455	137.30196598639455	61	R
137.30196598639455	138.20996598639454	74	sp
138.20996598639454	138.34896598639455	50	F
138.34896598639455	138.47896598639454	10	AO1
138.47896598639454	138.50896598639454	61	R
138.50896598639454	138.66896598639454	19	EH1
138.66896598639454	138.79796598639453	54	K
138.79796598639453	138.86796598639455	62	S
138.86796598639455	138.93796598639454	64	T
138.93796598639454	138.96796598639455	61	R
138.96796598639455	139.18796598639454	6	AH0
139.18796598639454	139.29696598639455	74	sp
139.29696598639455	139.53696598639453	19	EH1
139.53696598639453	139.65696598639454	51	G
139.65696598639454	139.73596598639455	69	Z
139.73596598639455	139.82596598639455	50	F
139.82596598639455	139.91596598639455	10	AO1
139.91596598639455	139.94596598639455	61	R
139.94596598639455	140.07596598639455	46	B
140.07596598639455	140.11496598639454	61	R
140.11496598639454	140.27496598639453	19	EH1
140.27496598639453	140.41496598639455	54	K
140.41496598639455	140.52496598639453	50	F
140.52496598639453	140.61396598639453	6	AH0
140.61396598639453	140.64396598639453	62	S
140.64396598639453	140.71396598639456	64	T
140.71396598639456	152.42657596371882	74	sp
152.42657596371882	152.5665759637188	53	JH
152.5665759637188	152.8065759637188	1	AA1
152.8065759637188	152.9355759637188	58	N
152.9355759637188	153.0955759637188	52	HH
153.0955759637188	153.1855759637188	19	EH1
153.1855759637188	153.3345759637188	56	L
153.3345759637188	153.4645759637188	60	P
153.4645759637188	153.5245759637188	64	T
153.5245759637188	153.66457596371882	52	HH
153.66457596371882	153.78357596371882	21	ER0
153.78357596371882	153.9335759637188	62	S
153.9335759637188	154.1235759637188	28	IH1
154.1235759637188	154.2025759637188	62	S
154.2025759637188	154.3125759637188	64	T
154.3125759637188	154.4425759637188	21	ER0
154.4425759637188	154.6125759637188	67	W
154.6125759637188	154.7615759637188	28	IH1
154.7615759637188	154.8515759637188	65	TH
154.8515759637188	154.99157596371882	52	HH
154.99157596371882	155.1505759637188	35	OW1
155.1505759637188	155.2105759637188	57	M
155.2105759637188	155.4105759637188	67	W
155.4105759637188	155.7938586334762	23	ER2
155.7938586334762	155.87319068551574	54	K
155.87319068551574	165.602	74	sp
165.602	165.632	48	D
165.632	165.851	28	IH1
165.851	165.961	48	D
165.961	166.251	68	Y
166.251	166.32	44	UW1
166.32	166.36	74	sp
166.36	166.61	32	IY1
166.61	166.64000000000001	64	T
166.64000000000001	166.749	74	sp
166.749	166.779	56	L
166.779	167.039	7	AH1
167.039	167.168	58	N
167.168	167.328	47	CH
167.328	167.388	68	Y
167.388	167.498	19	EH1
167.498	167.687	62	S
167.687	167.777	64	T
167.777	167.917	21	ER0
167.917	168.056	48	D
168.056	168.406	26	EY2
168.406	178.20853891617094	74	sp
178.20853891617094	178.25487301587302	48	D
178.25487301587302	178.59487301587302	44	UW1
178.59487301587302	178.71387301587302	74	sp
178.71387301587302	178.983873015873	10	AO1
178.983873015873	179.02387301587302	56	L
179.02387301587302	179.162873015873	50	F
179.162873015873	179.36287301587302	1	AA1
179.36287301587302	179.39287301587302	61	R
179.39287301587302	179.542873015873	57	M
179.542873015873	179.661873015873	21	ER0
179.661873015873	179.791873015873	69	Z
179.791873015873	179.841873015873	74	sp
179.841873015873	179.881873015873	51	G
179.881873015873	180.020873015873	61	R
180.020873015873	180.29087301587302	35	OW1
180.29087301587302	180.459873015873	74	sp
180.459873015873	180.519873015873	60	P
180.519873015873	180.649873015873	6	AH0
180.649873015873	180.84987301587302	64	T
180.84987301587302	181.098873015873	25	EY1
181.098873015873	181.238873015873	64	T
181.238873015873	181.58787301587301	34	OW0
181.58787301587301	181.81461678542507	69	Z
181.81461678542507	193.04462585034014	74	sp
193.04462585034014	193.12462585034015	57	M
193.12462585034015	193.38462585034014	16	AY1
193.38462585034014	193.50362585034014	50	F
193.50362585034014	193.68362585034015	25	EY1
193.68362585034015	193.71362585034015	66	V
193.71362585034015	193.78362585034014	61	R
193.78362585034014	193.87262585034014	6	AH0
193.87262585034014	193.93262585034014	64	T
193.93262585034014	194.17262585034015	16	AY1
194.17262585034015	194.24262585034015	62	S
194.24262585034015	194.34162585034017	74	sp
194.34162585034017	194.43162585034014	54	K
194.43162585034014	194.46162585034014	61	R
194.46162585034014	194.61162585034015	32	IY1
194.61162585034015	194.74062585034017	57	M
194.74062585034017	194.91062585034015	50	F
194.91062585034015	194.94062585034015	56	L
194.94062585034015	195.16062585034015	25	EY1
195.16062585034015	195.21962585034015	66	V
195.21962585034015	195.24962585034015	21	ER0
195.24962585034015	195.46962585034015	28	IH1
195.46962585034015	195.53962585034014	69	Z
195.53962585034014	195.57962585034016	74	sp
195.57962585034016	195.63862585034016	66	V
195.63862585034016	195.75862585034017	6	AH0
195.75862585034017	195.87862585034014	58	N
195.87862585034014	196.12762585034017	28	IH1
196.12762585034017	196.26762585034015	56	L
196.26762585034015	196.40762585034014	6	AH0
196.40762585034014	205.72544217687076	74	sp
205.72544217687076	205.84544217687073	60	P
205.84544217687073	205.99444217687073	28	IH1
205.99444217687073	206.15444217687073	54	K
206.15444217687073	206.43344217687076	25	EY1
206.43344217687076	206.59344217687075	60	P
206.59344217687075	206.63344217687074	61	R
206.63344217687074	206.90244217687075	16	AY1
206.90244217687075	206.99244217687075	69	Z
206.99244217687075	207.12244217687075	50	F
207.12244217687075	207.22244217687074	21	ER0
207.22244217687074	207.37457329186586	57	M
207.37457329186586	207.42361492403575	49	DH
207.42361492403575	207.6947863019164	6	AH0
207.6947863019164	207.72940392462456	46	B
207.72940392462456	208.15944217687075	4	AE1
208.15944217687075	208.19944217687075	51	G
208.19944217687075	218.1308843537415	74	sp
218.1308843537415	218.17088435374149	49	DH
218.17088435374149	218.4298843537415	25	EY1
218.4298843537415	218.47988435374148	74	sp
218.47988435374148	218.8098843537415	10	AO1
218.8098843537415	218.9288843537415	56	L
218.9288843537415	218.9788843537415	56	L
218.9788843537415	219.1988843537415	16	AY1
219.1988843537415	219.3278843537415	54	K
219.3278843537415	219.46788435374148	64	T
219.46788435374148	219.5778843537415	56	L
219.5778843537415	219.74788435374148	10	AO1
219.74788435374148	219.86688435374148	59	NG
219.86688435374148	220.05688435374148	52	HH
220.05688435374148	220.2558843537415	1	AA1
220.2558843537415	220.3758843537415	64	T
220.3758843537415	220.6158843537415	63	SH
220.6158843537415	220.9948843537415	13	AW1
220.9948843537415	221.3938843537415	21	ER0
221.3938843537415	221.50388435374148	69	Z
221.50388435374148	231.3257142857143	74	sp
231.3257142857143	231.4547142857143	67	W
231.4547142857143	231.71471428571428	32	IY1
231.71471428571428	231.80371428571428	1	AA1
231.80371428571428	232.0137142857143	61	R
232.0137142857143	232.23271428571428	35	OW1
232.23271428571428	232.4027142857143	60	P
232.4027142857143	232.48271428571428	6	AH0
232.48271428571428	232.6817142857143	58	N
232.6817142857143	232.8117142857143	74	sp
232.8117142857143	233.07171428571428	19	EH1
233.07171428571428	233.2007142857143	66	V
233.2007142857143	233.26071428571427	61	R
233.26071428571427	233.41071428571428	31	IY0
233.41071428571428	233.5697142857143	57	M
233.5697142857143	233.7997142857143	7	AH1
233.7997142857143	233.87971428571427	58	N
233.87971428571427	233.93971428571427	48	D
233.93971428571427	234.14076861086974	26	EY2
234.14076861086974	234.25948972879962	74	sp
234.25948972879962	234.48654241594906	32	IY1
234.48654241594906	234.60193449164296	66	V
234.60193449164296	234.78223460991467	58	N
234.78223460991467	235.0000371527869	27	IH0
235.0000371527869	235.1867142857143	59	NG
235.1867142857143	245.78140589569162	74	sp
245.78140589569162	245.93040589569162	67	W
245.93040589569162	246.2304058956916	32	IY1
246.2304058956916	246.4094058956916	67	W
246.4094058956916	246.57940589569162	19	EH1
246.57940589569162	246.6394058956916	56	L
246.6394058956916	246.76940589569162	54	K
246.76940589569162	246.9884058956916	6	AH0
246.9884058956916	247.01840589569161	57	M
247.01840589569161	247.04840589569162	57	M
247.04840589569162	247.2484058956916	19	EH1
247.2484058956916	247.3674058956916	58	N
247.3674058956916	247.5274058956916	31	IY0
247.5274058956916	247.6574058956916	58	N
247.6574058956916	247.8364058956916	68	Y
247.8364058956916	248.0164058956916	44	UW1
248.0164058956916	248.24089784170815	74	sp
248.24089784170815	248.55779053241648	62	S
248.55779053241648	248.5837537494476	64	T
248.5837537494476	248.7709052722136	44	UW1
248.7709052722136	248.80047449161017	48	D
248.80047449161017	248.95048419001225	6	AH0
248.95048419001225	249.0240466382671	58	N
249.0240466382671	249.05652598286935	64	T
249.05652598286935	249.18235014210967	62	S
249.18235014210967	249.4134058956916	32	IY1
249.4134058956916	249.60240589569162	47	CH
249.60240589569162	249.79240589569162	68	Y
249.79240589569162	250.0214058956916	28	IH1
250.0214058956916	250.0814058956916	61	R
250.0814058956916	259.231	74	sp
259.231	259.40099999999995	63	SH
259.40099999999995	259.73	32	IY1
259.73	259.9177677798981	74	sp
259.9177677798981	260.159	62	S
260.159	260.239	56	L
260.239	260.438	28	IH1
260.438	260.46799999999996	60	P
260.46799999999996	260.538	64	T
260.538	260.828	74	sp
260.828	261.04699999999997	1	AA1
261.04699999999997	261.157	58	N
261.157	261.197	49	DH
261.197	261.376	6	AH0
261.376	261.556	74	sp
261.556	261.586	62	S
261.586	261.616	64	T
261.616	262.05107724103055	19	EH1
262.05107724103055	262.145	61	R
262.145	262.4455683924567	69	Z
262.4455683924567	272.6303727495784	74	sp
272.6303727495784	272.7188662131519	52	HH
272.7188662131519	272.9978662131519	13	AW1
272.9978662131519	273.1578662131519	57	M
273.1578662131519	273.3178662131519	7	AH1
273.3178662131519	273.5868662131519	47	CH
273.5868662131519	273.8675452626671	74	sp
273.8675452626671	274.03477306310094	6	AH0
274.03477306310094	274.13141392649453	56	L
274.13141392649453	274.821888462262	13	AW1
274.821888462262	274.87294386142474	67	W
274.87294386142474	275.0779877478682	6	AH0
275.0779877478682	275.151550196123	58	N
275.151550196123	275.27345744862816	62	S
275.27345744862816	275.55437721917224	74	sp
275.55437721917224	275.5997501180402	48	D
275.5997501180402	275.79447424577364	44	UW1
275.79447424577364	275.99352557634563	68	Y
275.99352557634563	276.3419385225068	44	UW1
276.3419385225068	276.3650169376457	51	G
276.3650169376457	276.90959641248656	19	EH1
276.90959641248656	277.03220049291133	64	T
277.03220049291133	286.04308390022675	74	sp
286.04308390022675	286.23208390022677	54	K
286.23208390022677	286.2820839002268	1	AA1
286.2820839002268	286.44208390022675	61	R
286.44208390022675	286.78108390022675	56	L
286.78108390022675	286.85108390022674	56	L
286.85108390022674	287.12008390022675	28	IH1
287.12008390022675	287.19008390022674	66	V
287.19008390022674	287.22008390022677	69	Z
287.22008390022677	287.42008390022676	28	IH1
287.42008390022676	287.52908390022674	58	N
287.52908390022674	287.75908390022676	25	EY1
287.75908390022676	287.86908390022677	66	V
287.86908390022677	288.09808390022675	19	EH1
288.09808390022675	288.1380839002268	61	R
288.1380839002268	288.33808390022676	31	IY0
288.33808390022676	288.39708390022673	62	S
288.39708390022673	288.50708390022675	57	M
288.50708390022675	288.69708390022674	10	AO1
288.69708390022674	288.7270839002268	56	L
288.7270839002268	288.85608390022674	52	HH
288.85608390022674	289.2360839002268	35	OW1
289.2360839002268	289.40508390022677	57	M
289.40508390022677	298.9531065759637	74	sp
298.9531065759637	299.0921065759637	52	HH
299.0921065759637	299.3021065759637	13	AW1
299.3021065759637	299.47110657596374	48	D
299.47110657596374	299.7411065759637	44	UW1
299.7411065759637	300.3401065759637	74	sp
300.3401065759637	300.5491065759637	38	OY1
300.5491065759637	300.7291065759637	62	S
300.7291065759637	300.93810657596373	64	T
300.93810657596373	301.16810657596375	21	ER0
301.16810657596375	301.3571065759637	69	Z
301.3571065759637	301.4371065759637	57	M
301.4371065759637	301.64710657596373	25	EY1
301.64710657596373	301.71610657596375	54	K
301.71610657596375	302.19510657596373	74	sp
302.19510657596373	302.32510657596373	60	P
302.32510657596373	302.5741065759637	22	ER1
302.5741065759637	302.8641065759637	56	L
302.8641065759637	302.89410657596375	69	Z
302.89410657596375	317.07519274376415	74	sp
317.07519274376415	317.1051927437641	57	M
317.1051927437641	317.34519274376413	27	IH0
317.34519274376413	317.59419274376415	54	K
317.59419274376415	317.76419274376417	25	EY1
317.76419274376417	317.99319274376415	56	L
317.99319274376415	318.16319274376417	54	K
318.16319274376417	318.4221927437641	7	AH1
318.4221927437641	318.45219274376416	56	L
318.45219274376416	318.58219274376415	21	ER0
318.58219274376415	318.7111927437642	48	D
318.7111927437642	318.78119274376417	49	DH
318.78119274376417	319.07119274376413	7	AH1
319.07119274376413	319.45019274376415	74	sp
319.45019274376415	319.5401927437641	46	B
319.5401927437641	319.78919274376415	19	EH1
319.78919274376415	319.91919274376414	48	D
319.91919274376414	319.9491927437642	61	R
319.9491927437642	320.04819274376416	45	UW2
320.04819274376416	320.24819274376415	57	M
320.24819274376415	320.36819274376415	67	W
320.36819274376415	320.5471927437641	10	AO1
320.5471927437641	320.72719274376414	56	L
320.72719274376414	320.85719274376413	67	W
320.85719274376413	320.98619274376415	28	IH1
320.98619274376415	321.22619274376416	65	TH
321.22619274376416	321.8841927437641	74	sp
321.8841927437641	322.0041927437641	54	K
322.0041927437641	322.03419274376415	61	R
322.03419274376415	322.37319274376415	25	EY1
322.37319274376415	322.5931927437641	2	AA2
322.5931927437641	322.7744982327469	58	N
322.7744982327469	322.9677799595342	69	Z
322.9677799595342	330.56108843537413	74	sp
330.56108843537413	330.6910884353741	63	SH
330.6910884353741	330.88008843537415	32	IY1
330.88008843537415	331.07008843537415	28	IH1
331.07008843537415	331.1000884353742	69	Z
331.1000884353742	331.2607291062486	74	sp
331.2607291062486	331.3602547715346	64	T
331.3602547715346	331.48908843537413	10	AO1
331.48908843537413	331.60874489334327	56	L
331.60874489334327	331.8222202333769	21	ER0
331.8222202333769	331.8525106532466	49	DH
331.8525106532466	331.96808843537417	4	AE1
331.96808843537417	332.05602503525387	58	N
332.05602503525387	332.4260008779474	16	AY1
332.4260008779474	332.72608843537415	4	AE1
332.72608843537415	332.86608843537414	57	M
332.86608843537414	341.62603174603174	74	sp
341.62603174603174	341.68603174603174	49	DH
341.68603174603174	341.75603174603174	7	AH1
341.75603174603174	341.96503174603174	61	R
341.96503174603174	342.16503174603173	35	OW1
342.16503174603173	342.27403174603177	69	Z
342.27403174603177	342.43403174603174	6	AH0
342.43403174603174	342.47403174603176	69	Z
342.47403174603176	342.54403174603175	74	sp
342.54403174603175	342.5740317460317	62	S
342.5740317460317	342.62403174603173	57	M
342.62403174603173	342.94303174603175	19	EH1
342.94303174603175	343.0430317460318	56	L
343.0430317460318	343.29203174603174	48	D
343.29203174603174	343.34203174603175	66	V
343.34203174603175	343.51203174603177	19	EH1
343.51203174603177	343.57203174603177	61	R
343.57203174603177	343.74103174603175	31	IY0
343.74103174603175	343.80103174603175	74	sp
343.80103174603175	343.87103174603175	62	S
343.87103174603175	343.9610317460317	67	W
343.9610317460317	344.21003174603175	32	IY1
344.21003174603175	344.5012076622484	64	T
344.5012076622484	355.59954648526076	74	sp
355.59954648526076	355.62954648526073	62	S
355.62954648526073	355.6848767749083	64	T
355.6848767749083	355.96854648526073	32	IY1
355.96854648526073	356.07854648526074	66	V
356.07854648526074	356.26754648526077	74	sp
356.26754648526077	356.42754648526073	67	W
356.42754648526073	356.45754648526076	10	AO1
356.45754648526076	356.840473271604	61	R
356.840473271604	357.09554648526074	25	EY1
357.09554648526074	357.19554648526076	46	B
357.19554648526076	357.31554648526077	61	R
357.31554648526077	357.54454648526075	16	AY1
357.54454648526075	357.65454648526077	64	T
357.65454648526077	357.7745464852607	61	R
357.7745464852607	357.9835464852607	19	EH1
357.9835464852607	358.05354648526077	48	D
358.05354648526077	358.1135464852607	74	sp
358.1135464852607	358.5025464852607	63	SH
358.5025464852607	359.07154648526074	74	sp
359.07154648526074	359.13154648526074	62	S
359.13154648526074	359.23054648526073	67	W
359.23054648526073	359.40054648526075	19	EH1
359.40054648526075	359.6105464852607	64	T
359.6105464852607	359.90954648526076	21	ER0
359.90954648526076	372.4926077097506	74	sp
372.4926077097506	372.5526077097506	49	DH
372.5526077097506	372.66160770975057	6	AH0
372.66160770975057	372.94160770975054	64	T
372.94160770975054	373.14060770975055	44	UW1
373.14060770975055	373.2906077097506	65	TH
373.2906077097506	373.38060770975056	50	F
373.38060770975056	373.58960770975057	19	EH1
373.58960770975057	373.6296077097506	61	R
373.6296077097506	373.7496077097506	31	IY0
373.7496077097506	373.8986077097506	50	F
373.8986077097506	374.06860770975055	21	ER0
374.06860770975055	374.11860770975056	51	G
374.11860770975056	374.30860770975056	1	AA1
374.30860770975056	374.35760770975054	64	T
374.35760770975054	374.4376077097506	74	sp
374.4376077097506	374.53760770975055	64	T
374.53760770975055	374.64760770975056	27	IH0
374.64760770975056	374.80660770975055	54	K
374.80660770975055	375.0166077097506	7	AH1
375.0166077097506	375.17983362709657	57	M
375.17983362709657	375.2577232781899	67	W
375.2577232781899	375.4135025803767	19	EH1
375.4135025803767	375.51447064660886	58	N
375.51447064660886	376.213232553309	74	sp
376.213232553309	376.33736613816984	61	R
376.33736613816984	376.9049752830425	28	IH1
376.9049752830425	376.9395929057507	54	K
376.9395929057507	377.2015872570146	21	ER0
377.2015872570146	377.44445081842207	48	D
377.44445081842207	377.4826744434957	69	Z
377.4826744434957	377.56914857454285	64	T
377.56914857454285	377.76121085247075	44	UW1
377.76121085247075	377.88237253194933	65	TH
377.88237253194933	378.0136310180511	50	F
378.0136310180511	378.1968159382152	19	EH1
378.1968159382152	378.28052393820025	56	L
378.28052393820025	378.7286077097506	13	AW1
378.7286077097506	379.04736900734866	64	T
379.04736900734866	389.740589569161	74	sp
389.740589569161	389.800589569161	46	B
389.800589569161	389.930589569161	22	ER1
389.930589569161	390.119589569161	65	TH
390.119589569161	390.169589569161	48	D
390.169589569161	390.389589569161	26	EY2
390.389589569161	390.558589569161	60	P
390.558589569161	390.618589569161	1	AA1
390.618589569161	390.728589569161	61	R
390.728589569161	390.928589569161	64	T
390.928589569161	391.077589569161	31	IY0
391.077589569161	391.137589569161	69	Z
391.137589569161	391.217589569161	52	HH
391.217589569161	391.406589569161	4	AE1
391.406589569161	391.476589569161	66	V
391.476589569161	391.816589569161	74	sp
391.816589569161	391.925589569161	54	K
391.925589569161	392.07558956916097	7	AH1
392.07558956916097	392.195589569161	60	P
392.195589569161	392.304589569161	54	K
392.304589569161	392.47458956916097	26	EY2
392.47458956916097	392.604589569161	54	K
392.604589569161	392.644589569161	62	S
392.644589569161	392.883589569161	74	sp
392.883589569161	393.013589569161	4	AE1
393.013589569161	393.12358956916097	58	N
393.12358956916097	393.222589569161	48	D
393.222589569161	393.482589569161	16	AY1
393.482589569161	393.621589569161	62	S
393.621589569161	393.691589569161	54	K
393.691589569161	393.771589569161	61	R
393.771589569161	394.021589569161	32	IY1
394.021589569161	394.160589569161	57	M
394.160589569161	403.6954195011338	74	sp
403.6954195011338	403.7354195011338	46	B
403.7354195011338	403.9854195011338	1	AA1
403.9854195011338	404.0454195011338	46	B
404.0454195011338	404.1944195011338	56	L
404.1944195011338	404.3244195011338	41	UH1
404.3244195011338	404.4344195011338	54	K
404.4344195011338	404.5334195011338	64	T
404.5334195011338	404.6834195011338	50	F
404.6834195011338	404.8334195011338	10	AO1
404.8334195011338	404.92341950113376	61	R
404.92341950113376	405.1024195011338	63	SH
405.1024195011338	405.3524195011338	19	EH1
405.3524195011338	405.38241950113377	56	L
405.38241950113377	405.47141950113377	69	Z
405.47141950113377	405.5214195011338	74	sp
405.5214195011338	405.5714195011338	46	B
405.5714195011338	405.84141950113377	16	AY1
405.84141950113377	405.9204195011338	49	DH
405.9204195011338	406.1104195011338	6	AH0
406.1104195011338	406.2004195011338	74	sp
406.2004195011338	406.45941950113377	35	OW1
406.45941950113377	406.64941950113376	63	SH
406.64941950113376	406.9484195011338	6	AH0
406.9484195011338	407.04841950113376	58	N
407.04841950113376	427.8937868480726	74	sp
