427.8937868480726	427.9727868480726	48	D
427.9727868480726	428.3127868480726	44	UW1
428.3127868480726	428.4317868480726	74	sp
428.4317868480726	428.7017868480726	10	AO1
428.7017868480726	428.7417868480726	56	L
428.7417868480726	428.8807868480726	50	F
428.8807868480726	429.0807868480726	1	AA1
429.0807868480726	429.1107868480726	61	R
429.1107868480726	429.2607868480726	57	M
429.2607868480726	429.37978684807257	21	ER0
429.37978684807257	429.50978684807257	69	Z
429.50978684807257	429.5597868480726	74	sp
429.5597868480726	429.59978684807254	51	G
429.59978684807254	429.73878684807255	61	R
429.73878684807255	430.0087868480726	35	OW1
430.0087868480726	430.17778684807257	74	sp
430.17778684807257	430.2377868480726	60	P
430.2377868480726	430.36778684807257	6	AH0
430.36778684807257	430.5677868480726	64	T
430.5677868480726	430.8167868480726	25	EY1
430.8167868480726	430.95678684807257	64	T
430.95678684807257	431.30578684807256	34	OW0
431.30578684807256	431.5325306176246	69	Z
431.5325306176246	441.5451247165533	74	sp
441.5451247165533	441.57512471655326	57	M
441.57512471655326	441.81512471655327	27	IH0
441.81512471655327	442.0641247165533	54	K
442.0641247165533	442.2341247165533	25	EY1
442.2341247165533	442.4631247165533	56	L
442.4631247165533	442.6331247165533	54	K
442.6331247165533	442.89212471655327	7	AH1
442.89212471655327	442.9221247165533	56	L
442.9221247165533	443.0521247165533	21	ER0
443.0521247165533	443.1811247165533	48	D
443.1811247165533	443.2511247165533	49	DH
443.2511247165533	443.54112471655327	7	AH1
443.54112471655327	443.9201247165533	74	sp
443.9201247165533	444.01012471655326	46	B
444.01012471655326	444.2591247165533	19	EH1
444.2591247165533	444.3891247165533	48	D
444.3891247165533	444.4191247165533	61	R
444.4191247165533	444.5181247165533	45	UW2
444.5181247165533	444.7181247165533	57	M
444.7181247165533	444.8381247165533	67	W
444.8381247165533	445.01712471655327	10	AO1
445.01712471655327	445.1971247165533	56	L
445.1971247165533	445.32712471655327	67	W
445.32712471655327	445.4561247165533	28	IH1
445.4561247165533	445.6961247165533	65	TH
445.6961247165533	446.35412471655326	74	sp
446.35412471655326	446.47412471655326	54	K
446.47412471655326	446.5041247165533	61	R
446.5041247165533	446.8431247165533	25	EY1
446.8431247165533	447.06312471655326	2	AA2
447.06312471655326	447.24443020553605	58	N
447.24443020553605	447.43771193232334	69	Z
447.43771193232334	456.476	74	sp
456.476	456.506	48	D
456.506	456.725	28	IH1
456.725	456.83500000000004	48	D
456.83500000000004	457.125	68	Y
457.125	457.19399999999996	44	UW1
457.19399999999996	457.23400000000004	74	sp
457.23400000000004	457.48400000000004	32	IY1
457.48400000000004	457.514	64	T
457.514	457.623	74	sp
457.623	457.653	56	L
457.653	457.913	7	AH1
457.913	458.04200000000003	58	N
458.04200000000003	458.202	47	CH
458.202	458.262	68	Y
458.262	458.37199999999996	19	EH1
458.37199999999996	458.56100000000004	62	S
458.56100000000004	458.65099999999995	64	T
458.65099999999995	458.791	21	ER0
458.791	458.93	48	D
458.93	459.28	26	EY2
459.28	469.00391863403456	74	sp
469.00391863403456	469.13190476190476	52	HH
469.13190476190476	469.38090476190473	32	IY1
469.38090476190473	469.50090476190474	67	W
469.50090476190474	469.53090476190476	6	AH0
469.53090476190476	469.70990476190474	56	L
469.70990476190474	469.83990476190473	6	AH0
469.83990476190473	469.9199047619047	56	L
469.9199047619047	470.20890476190476	13	AW1
470.20890476190476	470.33890476190476	25	EY1
470.33890476190476	470.49790476190475	61	R
470.49790476190475	470.76412267169127	19	EH1
470.76412267169127	470.8160491057535	61	R
470.8160491057535	470.96690476190474	56	L
470.96690476190474	471.35690476190473	16	AY1
471.35690476190473	482.3378684807256	74	sp
482.3378684807256	482.3778684807256	49	DH
482.3778684807256	482.63686848072564	25	EY1
482.63686848072564	482.6868684807256	74	sp
482.6868684807256	483.01686848072563	10	AO1
483.01686848072563	483.1358684807256	56	L
483.1358684807256	483.1858684807256	56	L
483.1858684807256	483.40586848072564	16	AY1
483.40586848072564	483.5348684807256	54	K
483.5348684807256	483.6748684807256	64	T
483.6748684807256	483.7848684807256	56	L
483.7848684807256	483.9548684807256	10	AO1
483.9548684807256	484.0738684807256	59	NG
484.0738684807256	484.2638684807256	52	HH
484.2638684807256	484.4628684807256	1	AA1
484.4628684807256	484.5828684807256	64	T
484.5828684807256	484.8228684807256	63	SH
484.8228684807256	485.2018684807256	13	AW1
485.2018684807256	485.6008684807256	21	ER0
485.6008684807256	485.7108684807256	69	Z
485.7108684807256	496.122358276644	74	sp
496.122358276644	496.182358276644	46	B
496.182358276644	496.312358276644	22	ER1
496.312358276644	496.501358276644	65	TH
496.501358276644	496.551358276644	48	D
496.551358276644	496.771358276644	26	EY2
496.771358276644	496.94035827664396	60	P
496.94035827664396	497.00035827664396	1	AA1
497.00035827664396	497.110358276644	61	R
497.110358276644	497.31035827664397	64	T
497.31035827664397	497.45935827664397	31	IY0
497.45935827664397	497.51935827664397	69	Z
497.51935827664397	497.599358276644	52	HH
497.599358276644	497.788358276644	4	AE1
497.788358276644	497.85835827664397	66	V
497.85835827664397	498.198358276644	74	sp
498.198358276644	498.307358276644	54	K
498.307358276644	498.45735827664396	7	AH1
498.45735827664396	498.57735827664396	60	P
498.57735827664396	498.686358276644	54	K
498.686358276644	498.85635827664396	26	EY2
498.85635827664396	498.986358276644	54	K
498.986358276644	499.026358276644	62	S
499.026358276644	499.265358276644	74	sp
499.265358276644	499.395358276644	4	AE1
499.395358276644	499.50535827664396	58	N
499.50535827664396	499.604358276644	48	D
499.604358276644	499.864358276644	16	AY1
499.864358276644	500.003358276644	62	S
500.003358276644	500.073358276644	54	K
500.073358276644	500.153358276644	61	R
500.153358276644	500.403358276644	32	IY1
500.403358276644	500.542358276644	57	M
500.542358276644	510.85799999999995	74	sp
510.85799999999995	510.97799999999995	60	P
510.97799999999995	511.12699999999995	28	IH1
511.12699999999995	511.2869999999999	54	K
511.2869999999999	511.566	25	EY1
511.566	511.726	60	P
511.726	511.76599999999996	61	R
511.76599999999996	512.035	16	AY1
512.035	512.125	69	Z
512.125	512.255	50	F
512.255	512.355	21	ER0
512.355	512.5071311149951	57	M
512.5071311149951	512.556172747165	49	DH
512.556172747165	512.8273441250456	6	AH0
512.8273441250456	512.8619617477538	46	B
512.8619617477538	513.2919999999999	4	AE1
513.2919999999999	513.332	51	G
513.332	522.7342296217006	74	sp
522.7342296217006	522.9741247165533	4	AE1
522.9741247165533	523.0041247165533	48	D
523.0041247165533	523.0641247165534	74	sp
523.0641247165534	523.1041247165533	49	DH
523.1041247165533	523.2231247165533	6	AH0
523.2231247165533	523.3531247165533	58	N
523.3531247165533	523.5231247165533	7	AH1
523.5231247165533	523.5631247165534	57	M
523.5631247165534	523.6621247165533	46	B
523.6621247165533	523.8021247165533	21	ER0
523.8021247165533	524.0321247165533	64	T
524.0321247165533	524.1011247165534	6	AH0
524.1011247165534	524.2511247165534	51	G
524.2511247165534	524.5801247165533	19	EH1
524.5801247165533	524.6101247165533	49	DH
524.6101247165533	524.6401247165534	21	ER0
524.6401247165534	524.8301247165533	67	W
524.8301247165533	524.9501247165533	7	AH1
524.9501247165533	525.1291247165533	58	N
525.1291247165533	525.1891247165534	46	B
525.1891247165534	525.4091247165534	16	AY1
525.4091247165534	525.4381247165534	52	HH
525.4381247165534	525.5881247165534	67	W
525.5881247165534	525.8281247165534	7	AH1
525.8281247165534	525.9471247165533	58	N
525.9471247165533	535.982947845805	74	sp
535.982947845805	536.012947845805	62	S
536.012947845805	536.0682781354526	64	T
536.0682781354526	536.351947845805	32	IY1
536.351947845805	536.4619478458051	66	V
536.4619478458051	536.650947845805	74	sp
536.650947845805	536.810947845805	67	W
536.810947845805	536.840947845805	10	AO1
536.840947845805	537.2238746321483	61	R
537.2238746321483	537.478947845805	25	EY1
537.478947845805	537.578947845805	46	B
537.578947845805	537.698947845805	61	R
537.698947845805	537.927947845805	16	AY1
537.927947845805	538.0379478458051	64	T
538.0379478458051	538.157947845805	61	R
538.157947845805	538.366947845805	19	EH1
538.366947845805	538.436947845805	48	D
538.436947845805	538.4969478458049	74	sp
538.4969478458049	538.885947845805	63	SH
538.885947845805	539.454947845805	74	sp
539.454947845805	539.514947845805	62	S
539.514947845805	539.613947845805	67	W
539.613947845805	539.783947845805	19	EH1
539.783947845805	539.993947845805	64	T
539.993947845805	540.292947845805	21	ER0
540.292947845805	550.3403174603175	74	sp
550.3403174603175	550.3803174603174	46	B
550.3803174603174	550.6303174603174	1	AA1
550.6303174603174	550.6903174603174	46	B
550.6903174603174	550.8393174603175	56	L
550.8393174603175	550.9693174603174	41	UH1
550.9693174603174	551.0793174603175	54	K
551.0793174603175	551.1783174603174	64	T
551.1783174603174	551.3283174603175	50	F
551.3283174603175	551.4783174603174	10	AO1
551.4783174603174	551.5683174603174	61	R
551.5683174603174	551.7473174603174	63	SH
551.7473174603174	551.9973174603174	19	EH1
551.9973174603174	552.0273174603174	56	L
552.0273174603174	552.1163174603174	69	Z
552.1163174603174	552.1663174603175	74	sp
552.1663174603175	552.2163174603174	46	B
552.2163174603174	552.4863174603174	16	AY1
552.4863174603174	552.5653174603174	49	DH
552.5653174603174	552.7553174603174	6	AH0
552.7553174603174	552.8453174603175	74	sp
552.8453174603175	553.1043174603174	35	OW1
553.1043174603174	553.2943174603174	63	SH
553.2943174603174	553.5933174603174	6	AH0
553.5933174603174	553.6933174603174	58	N
553.6933174603174	562.4119727891157	74	sp
562.4119727891157	562.4719727891156	49	DH
562.4719727891156	562.5419727891157	7	AH1
562.5419727891157	562.7509727891156	61	R
562.7509727891156	562.9509727891157	35	OW1
562.9509727891157	563.0599727891157	69	Z
563.0599727891157	563.2199727891157	6	AH0
563.2199727891157	563.2599727891156	69	Z
563.2599727891156	563.3299727891157	74	sp
563.3299727891157	563.3599727891157	62	S
563.3599727891157	563.4099727891157	57	M
563.4099727891157	563.7289727891157	19	EH1
563.7289727891157	563.8289727891157	56	L
563.8289727891157	564.0779727891156	48	D
564.0779727891156	564.1279727891157	66	V
564.1279727891157	564.2979727891156	19	EH1
564.2979727891156	564.3579727891157	61	R
564.3579727891157	564.5269727891157	31	IY0
564.5269727891157	564.5869727891156	74	sp
564.5869727891156	564.6569727891157	62	S
564.6569727891157	564.7469727891157	67	W
564.7469727891157	564.9959727891157	32	IY1
564.9959727891157	565.2871487053324	64	T
565.2871487053324	573.9131972789115	74	sp
573.9131972789115	573.9731972789116	49	DH
573.9731972789116	574.0821972789115	6	AH0
574.0821972789115	574.3621972789115	64	T
574.3621972789115	574.5611972789115	44	UW1
574.5611972789115	574.7111972789115	65	TH
574.7111972789115	574.8011972789116	50	F
574.8011972789116	575.0101972789115	19	EH1
575.0101972789115	575.0501972789116	61	R
575.0501972789116	575.1701972789115	31	IY0
575.1701972789115	575.3191972789116	50	F
575.3191972789116	575.4891972789114	21	ER0
575.4891972789114	575.5391972789115	51	G
575.5391972789115	575.7291972789114	1	AA1
575.7291972789114	575.7781972789114	64	T
575.7781972789114	575.8581972789116	74	sp
575.8581972789116	575.9581972789115	64	T
575.9581972789115	576.0681972789115	27	IH0
576.0681972789115	576.2271972789115	54	K
576.2271972789115	576.4371972789115	7	AH1
576.4371972789115	576.6004231962575	57	M
576.6004231962575	576.6783128473509	67	W
576.6783128473509	576.8340921495376	19	EH1
576.8340921495376	576.9350602157698	58	N
576.9350602157698	577.63382212247	74	sp
577.63382212247	577.7579557073308	61	R
577.7579557073308	578.3255648522035	28	IH1
578.3255648522035	578.3601824749117	54	K
578.3601824749117	578.6221768261755	21	ER0
578.6221768261755	578.865040387583	48	D
578.865040387583	578.9032640126566	69	Z
578.9032640126566	578.9897381437038	64	T
578.9897381437038	579.1818004216317	44	UW1
579.1818004216317	579.3029621011103	65	TH
579.3029621011103	579.434220587212	50	F
579.434220587212	579.6174055073761	19	EH1
579.6174055073761	579.7011135073612	56	L
579.7011135073612	580.1491972789115	13	AW1
580.1491972789115	580.4679585765095	64	T
580.4679585765095	591.717	74	sp
591.717	591.8159999999999	52	HH
591.8159999999999	592.026	13	AW1
592.026	592.2049999999999	48	D
592.2049999999999	592.355	44	UW1
592.355	592.7239999999999	68	Y
592.7239999999999	592.774	44	UW1
592.774	592.894	58	N
592.894	593.064	35	OW1
593.064	593.163	57	M
593.163	593.293	16	AY1
593.293	593.443	58	N
593.443	593.7672714817629	25	EY1
593.7672714817629	593.832	57	M
593.832	605.0349499131463	74	sp
605.0349499131463	605.1563265306122	53	JH
605.1563265306122	605.3963265306122	1	AA1
605.3963265306122	605.5253265306121	58	N
605.5253265306121	605.6853265306122	52	HH
605.6853265306122	605.7753265306121	19	EH1
605.7753265306121	605.9243265306122	56	L
605.9243265306122	606.0543265306121	60	P
606.0543265306121	606.1143265306122	64	T
606.1143265306122	606.2543265306122	52	HH
606.2543265306122	606.3733265306122	21	ER0
606.3733265306122	606.5233265306122	62	S
606.5233265306122	606.7133265306122	28	IH1
606.7133265306122	606.7923265306122	62	S
606.7923265306122	606.9023265306122	64	T
606.9023265306122	607.0323265306122	21	ER0
607.0323265306122	607.2023265306121	67	W
607.2023265306121	607.3513265306121	28	IH1
607.3513265306121	607.4413265306122	65	TH
607.4413265306122	607.5813265306122	52	HH
607.5813265306122	607.7403265306122	35	OW1
607.7403265306122	607.8003265306122	57	M
607.8003265306122	608.0003265306121	67	W
608.0003265306121	608.3836092003696	23	ER2
608.3836092003696	608.4629412524091	54	K
608.4629412524091	616.9840362811791	74	sp
616.9840362811791	617.1730362811791	54	K
617.1730362811791	617.2230362811791	1	AA1
617.2230362811791	617.3830362811791	61	R
617.3830362811791	617.722036281179	56	L
617.722036281179	617.7920362811791	56	L
617.7920362811791	618.0610362811791	28	IH1
618.0610362811791	618.1310362811791	66	V
618.1310362811791	618.1610362811791	69	Z
618.1610362811791	618.3610362811792	28	IH1
618.3610362811792	618.4700362811791	58	N
618.4700362811791	618.7000362811791	25	EY1
618.7000362811791	618.8100362811791	66	V
618.8100362811791	619.039036281179	19	EH1
619.039036281179	619.0790362811791	61	R
619.0790362811791	619.2790362811791	31	IY0
619.2790362811791	619.338036281179	62	S
619.338036281179	619.4480362811792	57	M
619.4480362811792	619.6380362811791	10	AO1
619.6380362811791	619.6680362811792	56	L
619.6680362811792	619.7970362811791	52	HH
619.7970362811791	620.1770362811792	35	OW1
620.1770362811792	620.3460362811791	57	M
620.3460362811791	641.4325623582766	74	sp
641.4325623582766	641.6025623582766	63	SH
641.6025623582766	641.9315623582767	32	IY1
641.9315623582767	642.1193301381747	74	sp
642.1193301381747	642.3605623582766	62	S
642.3605623582766	642.4405623582766	56	L
642.4405623582766	642.6395623582766	28	IH1
642.6395623582766	642.6695623582766	60	P
642.6695623582766	642.7395623582767	64	T
642.7395623582767	643.0295623582766	74	sp
643.0295623582766	643.2485623582766	1	AA1
643.2485623582766	643.3585623582767	58	N
643.3585623582767	643.3985623582766	49	DH
643.3985623582766	643.5775623582766	6	AH0
643.5775623582766	643.7575623582766	74	sp
643.7575623582766	643.7875623582767	62	S
643.7875623582767	643.8175623582766	64	T
643.8175623582766	644.2526395993073	19	EH1
644.2526395993073	644.3465623582766	61	R
644.3465623582766	644.6471307507334	69	Z
644.6471307507334	654.339410430839	74	sp
654.339410430839	654.419410430839	57	M
654.419410430839	654.679410430839	16	AY1
654.679410430839	654.798410430839	50	F
654.798410430839	654.9784104308391	25	EY1
654.9784104308391	655.008410430839	66	V
655.008410430839	655.0784104308391	61	R
655.0784104308391	655.167410430839	6	AH0
655.167410430839	655.227410430839	64	T
655.227410430839	655.467410430839	16	AY1
655.467410430839	655.537410430839	62	S
655.537410430839	655.6364104308391	74	sp
655.6364104308391	655.726410430839	54	K
655.726410430839	655.756410430839	61	R
655.756410430839	655.9064104308391	32	IY1
655.9064104308391	656.0354104308391	57	M
656.0354104308391	656.205410430839	50	F
656.205410430839	656.235410430839	56	L
656.235410430839	656.455410430839	25	EY1
656.455410430839	656.514410430839	66	V
656.514410430839	656.544410430839	21	ER0
656.544410430839	656.764410430839	28	IH1
656.764410430839	656.8344104308391	69	Z
656.8344104308391	656.874410430839	74	sp
656.874410430839	656.9334104308391	66	V
656.9334104308391	657.053410430839	6	AH0
657.053410430839	657.173410430839	58	N
657.173410430839	657.422410430839	28	IH1
657.422410430839	657.562410430839	56	L
657.562410430839	657.702410430839	6	AH0
657.702410430839	671.2517913832199	74	sp
671.2517913832199	671.33179138322	53	JH
671.33179138322	671.50079138322	1	AA1
671.50079138322	671.7207913832199	58	N
671.7207913832199	671.77079138322	62	S
671.77079138322	672.02979138322	6	AH0
672.02979138322	672.0697913832199	58	N
672.0697913832199	672.14979138322	69	Z
672.14979138322	672.1997913832199	74	sp
672.1997913832199	672.2297913832199	46	B
672.2297913832199	672.3397913832199	61	R
672.3397913832199	672.4787913832199	7	AH1
672.4787913832199	672.52879138322	49	DH
672.52879138322	672.94779138322	21	ER0
672.94779138322	673.3967913832199	74	sp
673.3967913832199	673.6867913832199	60	P
673.6867913832199	673.72579138322	21	ER0
673.72579138322	674.5937913832199	74	sp
674.5937913832199	675.01379138322	7	AH1
675.01379138322	677.73679138322	74	sp
677.73679138322	677.9267913832199	61	R
677.9267913832199	678.13579138322	31	IY0
678.13579138322	678.49579138322	60	P
678.49579138322	678.63479138322	25	EY1
678.63479138322	679.2537913832199	58	N
679.2537913832199	679.44279138322	64	T
679.44279138322	680.0417913832199	6	AH0
680.0417913832199	680.1717913832199	48	D
680.1717913832199	680.21179138322	49	DH
680.21179138322	680.34079138322	6	AH0
680.34079138322	681.16979138322	74	sp
681.16979138322	681.1987913832199	60	P
681.1987913832199	681.29879138322	22	ER1
681.29879138322	681.3287913832199	47	CH
681.3287913832199	681.3587913832199	6	AH0
681.3587913832199	681.39879138322	62	S
681.39879138322	681.4687913832199	64	T
681.4687913832199	681.4987913832199	6	AH0
681.4987913832199	681.52879138322	69	Z
681.52879138322	682.0477913832199	74	sp
682.0477913832199	682.10679138322	49	DH
682.10679138322	682.1767913832199	6	AH0
682.1767913832199	682.44679138322	64	T
682.44679138322	682.47679138322	67	W
682.47679138322	682.5457913832199	7	AH1
682.5457913832199	682.6557913832199	64	T
682.6557913832199	682.8157913832199	74	sp
682.8157913832199	682.9447913832199	28	IH1
682.9447913832199	682.9847913832199	64	T
682.9847913832199	683.0647913832199	74	sp
683.0647913832199	683.0947913832199	62	S
683.0947913832199	683.27479138322	28	IH1
683.27479138322	683.3147913832199	69	Z
683.3147913832199	683.5737913832199	74	sp
683.5737913832199	683.68379138322	35	OW1
683.68379138322	683.7337913832199	61	R
683.7337913832199	683.8527913832199	31	IY0
683.8527913832199	683.9727913832199	60	P
683.9727913832199	684.05279138322	25	EY1
684.05279138322	684.09279138322	58	N
684.09279138322	684.21279138322	64	T
684.21279138322	684.34179138322	6	AH0
684.34179138322	684.4017913832199	48	D
684.4017913832199	684.5117913832199	74	sp
684.5117913832199	684.60179138322	61	R
684.60179138322	684.77079138322	31	IY0
684.77079138322	684.9207913832199	60	P
684.9207913832199	685.12079138322	25	EY1
685.12079138322	685.2397913832199	58	N
685.2397913832199	685.3497913832199	64	T
685.3497913832199	685.5597913832199	6	AH0
685.5597913832199	685.5987913832199	48	D
685.5987913832199	685.63879138322	49	DH
685.63879138322	685.79879138322	6	AH0
685.79879138322	687.0357913832199	74	sp
687.0357913832199	687.0657913832199	51	G
687.0657913832199	687.2857913832199	21	ER0
687.2857913832199	687.6444006391401	1	AA1
687.6444006391401	687.8337913832199	70	ZH
687.8337913832199	687.92379138322	48	D
687.92379138322	688.18379138322	10	AO1
688.18379138322	688.4027913832199	61	R
688.4027913832199	700.082358276644	74	sp
700.082358276644	700.182358276644	52	HH
700.182358276644	700.461358276644	13	AW1
700.461358276644	700.621358276644	57	M
700.621358276644	700.7813582766439	7	AH1
700.7813582766439	701.0503582766439	47	CH
701.0503582766439	701.331037326159	74	sp
701.331037326159	701.498265126593	6	AH0
701.498265126593	701.5949059899865	56	L
701.5949059899865	702.285380525754	13	AW1
702.285380525754	702.3364359249167	67	W
702.3364359249167	702.5414798113602	6	AH0
702.5414798113602	702.615042259615	58	N
702.615042259615	702.7369495121202	62	S
702.7369495121202	703.0178692826643	74	sp
703.0178692826643	703.0632421815322	48	D
703.0632421815322	703.2579663092656	44	UW1
703.2579663092656	703.4570176398377	68	Y
703.4570176398377	703.8054305859988	44	UW1
703.8054305859988	703.8285090011377	51	G
703.8285090011377	704.3730884759786	19	EH1
704.3730884759786	704.4956925564034	64	T
704.4956925564034	713.3265306122449	74	sp
713.3265306122449	713.3855306122449	52	HH
713.3855306122449	713.6455306122449	32	IY1
713.6455306122449	713.7255306122449	74	sp
713.7255306122449	713.994530612245	25	EY1
713.994530612245	714.114530612245	64	T
714.114530612245	714.263530612245	50	F
714.263530612245	714.4035306122449	10	AO1
714.4035306122449	714.5335306122449	61	R
714.5335306122449	715.441530612245	74	sp
715.441530612245	715.580530612245	50	F
715.580530612245	715.710530612245	10	AO1
715.710530612245	715.7405306122449	61	R
715.7405306122449	715.9005306122449	19	EH1
715.9005306122449	716.0295306122449	54	K
716.0295306122449	716.099530612245	62	S
716.099530612245	716.1695306122449	64	T
716.1695306122449	716.1995306122449	61	R
716.1995306122449	716.4195306122449	6	AH0
716.4195306122449	716.5285306122449	74	sp
716.5285306122449	716.768530612245	19	EH1
716.768530612245	716.888530612245	51	G
716.888530612245	716.9675306122449	69	Z
716.9675306122449	717.0575306122449	50	F
717.0575306122449	717.147530612245	10	AO1
717.147530612245	717.1775306122449	61	R
717.1775306122449	717.3075306122449	46	B
717.3075306122449	717.3465306122449	61	R
717.3465306122449	717.5065306122449	19	EH1
717.5065306122449	717.646530612245	54	K
717.646530612245	717.7565306122449	50	F
717.7565306122449	717.8455306122449	6	AH0
717.8455306122449	717.8755306122449	62	S
717.8755306122449	717.945530612245	64	T
717.945530612245	728.7907482993197	74	sp
728.7907482993197	728.9207482993197	63	SH
728.9207482993197	729.1097482993198	32	IY1
729.1097482993198	729.2997482993197	28	IH1
729.2997482993197	729.3297482993198	69	Z
729.3297482993198	729.4903889701942	74	sp
729.4903889701942	729.5899146354802	64	T
729.5899146354802	729.7187482993197	10	AO1
729.7187482993197	729.8384047572888	56	L
729.8384047572888	730.0518800973225	21	ER0
730.0518800973225	730.0821705171923	49	DH
730.0821705171923	730.1977482993198	4	AE1
730.1977482993198	730.2856848991994	58	N
730.2856848991994	730.6556607418929	16	AY1
730.6556607418929	730.9557482993198	4	AE1
730.9557482993198	731.0957482993197	57	M
731.0957482993197	742.0900680272109	74	sp
742.0900680272109	742.2290680272109	52	HH
742.2290680272109	742.4390680272109	13	AW1
742.4390680272109	742.608068027211	48	D
742.608068027211	742.8780680272109	44	UW1
742.8780680272109	743.4770680272109	74	sp
743.4770680272109	743.6860680272109	38	OY1
743.6860680272109	743.866068027211	62	S
743.866068027211	744.0750680272109	64	T
744.0750680272109	744.305068027211	21	ER0
744.305068027211	744.4940680272109	69	Z
744.4940680272109	744.5740680272108	57	M
744.5740680272108	744.7840680272109	25	EY1
744.7840680272109	744.853068027211	54	K
744.853068027211	745.3320680272109	74	sp
745.3320680272109	745.462068027211	60	P
745.462068027211	745.7110680272109	22	ER1
745.7110680272109	746.001068027211	56	L
746.001068027211	746.031068027211	69	Z
746.031068027211	757.1614512471656	74	sp
757.1614512471656	757.3104512471657	67	W
757.3104512471657	757.6104512471657	32	IY1
757.6104512471657	757.7894512471656	67	W
757.7894512471656	757.9594512471656	19	EH1
757.9594512471656	758.0194512471656	56	L
758.0194512471656	758.1494512471656	54	K
758.1494512471656	758.3684512471657	6	AH0
758.3684512471657	758.3984512471657	57	M
758.3984512471657	758.4284512471656	57	M
758.4284512471656	758.6284512471657	19	EH1
758.6284512471657	758.7474512471656	58	N
758.7474512471656	758.9074512471657	31	IY0
758.9074512471657	759.0374512471656	58	N
759.0374512471656	759.2164512471657	68	Y
759.2164512471657	759.3964512471656	44	UW1
759.3964512471656	759.6209431931821	74	sp
759.6209431931821	759.9378358838906	62	S
759.9378358838906	759.9637991009216	64	T
759.9637991009216	760.1509506236877	44	UW1
760.1509506236877	760.1805198430842	48	D
760.1805198430842	760.3305295414863	6	AH0
760.3305295414863	760.4040919897411	58	N
760.4040919897411	760.4365713343434	64	T
760.4365713343434	760.5623954935837	62	S
760.5623954935837	760.7934512471656	32	IY1
760.7934512471656	760.9824512471656	47	CH
760.9824512471656	761.1724512471657	68	Y
761.1724512471657	761.4014512471656	28	IH1
761.4014512471656	761.4614512471657	61	R
761.4614512471657	770.9815959091775	74	sp
770.9815959091775	771.1449047877329	67	W
771.1449047877329	771.3449694434244	32	IY1
771.3449694434244	771.4619552557288	1	AA1
771.4619552557288	771.6169459998524	61	R
771.6169459998524	771.9696402687873	35	OW1
771.9696402687873	772.0384157491729	60	P
772.0384157491729	772.1545403519114	6	AH0
772.1545403519114	772.2780408127962	58	N
772.2780408127962	772.479371044953	74	sp
772.479371044953	772.7357951274918	19	EH1
772.7357951274918	772.8600688251591	66	V
772.8600688251591	772.931373405788	61	R
772.931373405788	773.1377263414153	31	IY0
773.1377263414153	773.205887038662	57	M
773.205887038662	773.4055398644228	7	AH1
773.4055398644228	773.5002730929726	58	N
773.5002730929726	773.5701286885383	48	D
773.5701286885383	773.889462343522	24	EY0
773.889462343522	774.14539459955	32	IY1
774.14539459955	774.2941155820043	66	V
774.2941155820043	774.4214451902702	58	N
774.4214451902702	774.6423399391223	27	IH0
774.6423399391223	775.0031742566449	59	NG
775.0031742566449	834.4170521541951	74	sp
