41.65804988662131	41.96704988662131	210	HOW
41.96704988662131	42.29604988662131	128	DO
42.29604988662131	42.71504988662131	495	YOU
42.71504988662131	43.00504988662131	88888	KNOW
43.00504988662131	43.23404988662131	88888	MY
43.23404988662131	43.77304988662131	88888	NAME
43.77304988662131	54.167528344671204	99999	sp
54.167528344671204	54.466528344671204	7	ADD
54.466528344671204	54.526528344671206	99999	sp
54.526528344671206	54.685528344671205	434	THE
54.685528344671205	55.264528344671206	289	NUMBER
55.264528344671206	56.1025283446712	88888	TOGETHER
56.1025283446712	56.591528344671204	88888	ONE
56.591528344671204	56.871528344671205	73	BY
56.871528344671205	57.4095283446712	88888	ONE
57.4095283446712	67.22775510204082	99999	sp
67.22775510204082	67.64675510204081	202	HE
67.64675510204081	67.97575510204081	485	WILL
67.97575510204081	68.47475510204082	15	ALLOW
68.47475510204082	68.60475510204081	1	A
68.60475510204081	69.08189944588958	352	RARE
69.08189944588958	69.62275510204081	238	LIE
69.62275510204081	95.18539682539682	99999	sp
95.18539682539682	96.08339682539682	88888	JOHNSON'S
96.08339682539682	96.13339682539682	99999	sp
96.13339682539682	96.88139682539682	66	BROTHER
96.88139682539682	97.33039682539682	99999	sp
97.33039682539682	97.65939682539681	88888	P
97.65939682539681	98.52739682539682	99999	sp
98.52739682539682	98.94739682539682	88888	UH
98.94739682539682	101.67039682539682	99999	sp
101.67039682539682	104.10539682539681	363	REPAINTED
104.10539682539681	104.27439682539682	434	THE
104.27439682539682	108.44539682539681	99999	sp
108.44539682539681	109.53239682539682	363	REPAINTED
109.53239682539682	109.73239682539682	434	THE
109.73239682539682	110.96939682539681	99999	sp
110.96939682539681	111.76739682539682	173	GARAGE
111.76739682539682	112.33639682539682	129	DOOR
112.33639682539682	136.09496598639456	99999	sp
136.09496598639456	136.41396598639454	202	HE
136.41396598639454	136.49396598639456	99999	sp
136.49396598639456	136.88296598639454	88888	ATE
136.88296598639454	137.30196598639455	88888	FOUR
137.30196598639455	138.20996598639454	99999	sp
138.20996598639454	138.50896598639454	88888	FOUR
138.50896598639454	139.18796598639454	88888	EXTRA
139.18796598639454	139.29696598639455	99999	sp
139.29696598639455	139.73596598639455	88888	EGGS
139.73596598639455	139.94596598639455	161	FOR
139.94596598639455	140.71396598639456	88888	BREAKFAST
140.71396598639456	152.42657596371882	99999	sp
152.42657596371882	152.9355759637188	88888	JOHN
152.9355759637188	153.5245759637188	88888	HELPED
153.5245759637188	153.78357596371882	204	HER
153.78357596371882	154.4425759637188	88888	SISTER
154.4425759637188	154.8515759637188	487	WITH
154.8515759637188	155.87319068551574	88888	HOMEWORK
155.87319068551574	165.602	99999	sp
165.602	165.961	88888	DID
165.961	166.32	495	YOU
166.32	166.36	99999	sp
166.36	166.64000000000001	134	EAT
166.64000000000001	166.749	99999	sp
166.749	167.328	88888	LUNCH
167.328	168.406	88888	YESTERDAY
168.406	178.20853891617094	99999	sp
178.20853891617094	178.59487301587302	128	DO
178.59487301587302	178.71387301587302	99999	sp
178.71387301587302	179.02387301587302	14	ALL
179.02387301587302	179.791873015873	151	FARMERS
179.791873015873	179.841873015873	99999	sp
179.841873015873	180.29087301587302	197	GROW
180.29087301587302	180.459873015873	99999	sp
180.459873015873	181.81461678542507	338	POTATOES
181.81461678542507	193.04462585034014	99999	sp
193.04462585034014	193.38462585034014	88888	MY
193.38462585034014	193.93262585034014	88888	FAVORITE
193.93262585034014	194.24262585034015	212	ICE
194.24262585034015	194.34162585034017	99999	sp
194.34162585034017	194.74062585034017	112	CREAM
194.74062585034017	195.24962585034015	88888	FLAVOR
195.24962585034015	195.53962585034014	224	IS
195.53962585034014	195.57962585034016	99999	sp
195.57962585034016	196.40762585034014	463	VANILLA
196.40762585034014	205.72544217687076	99999	sp
205.72544217687076	206.15444217687073	325	PICK
206.15444217687073	206.43344217687076	1	A
206.43344217687076	206.99244217687075	88888	PRIZE
206.99244217687075	207.37457329186586	166	FROM
207.37457329186586	207.6947863019164	434	THE
207.6947863019164	208.19944217687075	88888	BAG
208.19944217687075	218.1308843537415	99999	sp
218.1308843537415	218.4298843537415	438	THEY
218.4298843537415	218.47988435374148	99999	sp
218.47988435374148	218.9288843537415	14	ALL
218.9288843537415	219.46788435374148	88888	LIKED
219.46788435374148	219.86688435374148	247	LONG
219.86688435374148	220.3758843537415	88888	HOT
220.3758843537415	221.50388435374148	88888	SHOWERS
221.50388435374148	231.3257142857143	99999	sp
231.3257142857143	231.71471428571428	476	WE
231.71471428571428	232.0137142857143	30	ARE
232.0137142857143	232.6817142857143	301	OPEN
232.6817142857143	232.8117142857143	99999	sp
232.8117142857143	233.41071428571428	145	EVERY
233.41071428571428	234.14076861086974	265	MONDAY
234.14076861086974	234.25948972879962	99999	sp
234.25948972879962	235.1867142857143	143	EVENING
235.1867142857143	245.78140589569162	99999	sp
245.78140589569162	246.2304058956916	476	WE
246.2304058956916	247.01840589569161	480	WELCOME
247.01840589569161	247.5274058956916	256	MANY
247.5274058956916	248.0164058956916	282	NEW
248.0164058956916	248.24089784170815	99999	sp
248.24089784170815	249.18235014210967	408	STUDENTS
249.18235014210967	249.60240589569162	132	EACH
249.60240589569162	250.0814058956916	491	YEAR
250.0814058956916	259.231	99999	sp
259.231	259.73	375	SHE
259.73	259.9177677798981	99999	sp
259.9177677798981	260.538	388	SLIPPED
260.538	260.828	99999	sp
260.828	261.157	297	ON
261.157	261.376	434	THE
261.376	261.556	99999	sp
261.556	262.4455683924567	88888	STAIRS
262.4455683924567	272.6303727495784	99999	sp
272.6303727495784	272.9978662131519	210	HOW
272.9978662131519	273.5868662131519	269	MUCH
273.5868662131519	273.8675452626671	99999	sp
273.8675452626671	275.27345744862816	16	ALLOWANCE
275.27345744862816	275.55437721917224	99999	sp
275.55437721917224	275.7945229908806	128	DO
275.7945229908806	276.3419385225068	495	YOU
276.3419385225068	277.03220049291133	177	GET
277.03220049291133	286.04308390022675	99999	sp
286.04308390022675	286.78108390022675	88888	CARL
286.78108390022675	287.22008390022677	88888	LIVES
287.22008390022677	287.52908390022674	217	IN
287.52908390022674	287.75908390022676	1	A
287.75908390022676	288.33808390022676	465	VERY
288.33808390022676	288.7270839002268	392	SMALL
288.7270839002268	289.40508390022677	88888	HOME
289.40508390022677	298.9531065759637	99999	sp
298.9531065759637	299.3021065759637	210	HOW
299.3021065759637	299.7411065759637	128	DO
299.7411065759637	300.3401065759637	99999	sp
300.3401065759637	301.3571065759637	318	OYSTERS
301.3571065759637	301.71610657596375	253	MAKE
301.71610657596375	302.19510657596373	99999	sp
302.19510657596373	302.89410657596375	320	PEARLS
302.89410657596375	317.07519274376415	99999	sp
317.07519274376415	317.99319274376415	88888	MIKHAIL
317.99319274376415	318.7111927437642	88888	COLORED
318.7111927437642	319.07119274376413	434	THE
319.07119274376413	319.45019274376415	99999	sp
319.45019274376415	320.24819274376415	88888	BEDROOM
320.24819274376415	320.72719274376414	88888	WALL
320.72719274376414	321.22619274376416	487	WITH
321.22619274376416	321.8841927437641	99999	sp
321.8841927437641	322.9677799595342	88888	CRAYONS
322.9677799595342	330.56108843537413	99999	sp
330.56108843537413	330.88008843537415	375	SHE
330.88008843537415	331.1000884353742	224	IS
331.1000884353742	331.2607291062486	99999	sp
331.2607291062486	331.8222202333769	88888	TALLER
331.8222202333769	332.05602503525387	432	THAN
332.05602503525387	332.4260008779474	211	I
332.4260008779474	332.86608843537414	88888	AM
332.86608843537414	341.62603174603174	99999	sp
341.62603174603174	341.75603174603174	434	THE
341.75603174603174	342.47403174603176	88888	ROSES
342.47403174603176	342.54403174603175	99999	sp
342.54403174603175	343.29203174603174	393	SMELLED
343.29203174603174	343.74103174603175	465	VERY
343.74103174603175	343.80103174603175	99999	sp
343.80103174603175	344.5012076622484	421	SWEET
344.5012076622484	355.59954648526076	99999	sp
355.59954648526076	356.07854648526074	405	STEVE
356.07854648526074	356.26754648526077	99999	sp
356.26754648526077	356.840473271604	490	WORE
356.840473271604	357.09554648526074	1	A
357.09554648526074	357.65454648526077	65	BRIGHT
357.65454648526077	358.05354648526077	356	RED
358.05354648526077	358.1135464852607	99999	sp
358.1135464852607	358.5025464852607	88888	S
358.5025464852607	359.07154648526074	99999	sp
359.07154648526074	359.90954648526076	420	SWEATER
359.90954648526076	372.4926077097506	99999	sp
372.4926077097506	372.66160770975057	434	THE
372.66160770975057	373.2906077097506	88888	TOOTH
373.2906077097506	373.7496077097506	88888	FAIRY
373.7496077097506	374.35760770975054	88888	FORGOT
374.35760770975054	374.4376077097506	99999	sp
374.4376077097506	374.64760770975056	446	TO
374.64760770975056	375.17983362709657	88888	COME
375.17983362709657	375.51447064660886	482	WHEN
375.51447064660886	376.213232553309	99999	sp
376.213232553309	377.4826744434957	88888	RICHARDS
377.4826744434957	377.88237253194933	88888	TOOTH
377.88237253194933	378.28052393820025	88888	FELL
378.28052393820025	379.04736900734866	306	OUT
379.04736900734866	389.740589569161	99999	sp
389.740589569161	390.389589569161	88888	BIRTHDAY
390.389589569161	391.137589569161	88888	PARTIES
391.137589569161	391.476589569161	88888	HAVE
391.476589569161	391.816589569161	99999	sp
391.816589569161	392.644589569161	88888	CUPCAKES
392.644589569161	392.883589569161	99999	sp
392.883589569161	393.222589569161	20	AND
393.222589569161	393.621589569161	212	ICE
393.621589569161	394.160589569161	112	CREAM
394.160589569161	403.6954195011338	99999	sp
403.6954195011338	404.0454195011338	88888	BOB
404.0454195011338	404.5334195011338	88888	LOOKED
404.5334195011338	404.92341950113376	161	FOR
404.92341950113376	405.47141950113377	88888	SHELLS
405.47141950113377	405.5214195011338	99999	sp
405.5214195011338	405.84141950113377	73	BY
405.84141950113377	406.1104195011338	434	THE
406.1104195011338	406.2004195011338	99999	sp
406.2004195011338	407.04841950113376	88888	OCEAN
407.04841950113376	427.8937868480726	99999	sp
