24.217	24.476	434	THE
24.476	25.175	88888	CATS
25.175	25.614	99999	sp
25.614	26.192	88888	MEOW
26.192	26.512	88888	ALWAYS
26.512	27.021	88888	HURTS
27.021	27.404086008272316	88888	MY
27.404086008272316	28.154134500282623	88888	EARS
35.831	36.14	210	HOW
36.14	36.469	128	DO
36.469	36.888	495	YOU
36.888	37.178	88888	KNOW
37.178	37.407	88888	MY
37.407	37.946	88888	NAME
37.946	41.737	99999	{NS}
41.737	47.664	99999	{NS}
47.664	47.963	7	ADD
47.963	48.023	99999	sp
48.023	48.182	434	THE
48.182	48.761	289	NUMBER
48.761	49.599	88888	TOGETHER
49.599	50.088	88888	ONE
50.088	50.368	73	BY
50.368	50.906	88888	ONE
50.906	54.169	99999	{NS}
54.169	61.173	99999	{NS}
61.173	61.592	202	HE
61.592	61.921	485	WILL
61.921	62.42	15	ALLOW
62.42	62.55	1	A
62.55	63.027144343848754	352	RARE
63.027144343848754	63.568	238	LIE
63.568	67.349	99999	{NS}
67.349	67.409	99999	sp
67.409	73.894	99999	{NS}
73.894	74.792	88888	JOHNSON'S
74.792	74.842	99999	sp
74.842	75.59	66	BROTHER
75.59	76.039	99999	sp
76.039	76.368	88888	P
76.368	77.236	99999	sp
77.236	77.656	88888	UH
77.656	80.379	99999	sp
80.379	82.814	363	REPAINTED
82.814	82.983	434	THE
87.154	88.241	363	REPAINTED
88.241	88.441	434	THE
88.441	89.678	99999	sp
89.678	90.476	173	GARAGE
90.476	91.045	129	DOOR
128.211	128.53	202	HE
128.53	128.61	99999	sp
128.61	128.999	88888	ATE
128.999	129.418	88888	FOUR
129.418	130.326	99999	sp
130.326	130.625	88888	FOUR
130.625	131.304	88888	EXTRA
131.304	131.413	99999	sp
131.413	131.852	88888	EGGS
131.852	132.062	161	FOR
132.062	132.83	88888	BREAKFAST
132.83	138.338	99999	{NS}
138.338	143.087	99999	{NS}
143.087	145.431	99999	{NS}
145.431	145.94	88888	JOHN
145.94	146.529	88888	HELPED
146.529	146.788	204	HER
146.788	147.447	88888	SISTER
147.447	147.856	487	WITH
147.856	148.87761472179693	88888	HOMEWORK
148.87761472179693	152.485	99999	{NS}
152.485	152.515	99999	sp
152.515	159.709	99999	{NS}
159.709	160.068	88888	DID
160.068	160.427	495	YOU
160.427	160.467	99999	sp
160.467	160.747	134	EAT
160.747	160.856	99999	sp
160.856	161.435	88888	LUNCH
161.435	162.513	88888	YESTERDAY
162.513	166.813	99999	{NS}
166.813	171.762	99999	{NS}
171.762	172.181	128	DO
172.181	172.3	99999	sp
172.3	172.61	14	ALL
172.61	173.378	151	FARMERS
173.378	173.428	99999	sp
173.428	173.877	197	GROW
173.877	174.046	99999	sp
174.046	175.40074376955207	338	POTATOES
175.40074376955207	178.277	99999	{NS}
178.277	186.408	99999	{NS}
186.408	186.748	88888	MY
186.748	187.296	88888	FAVORITE
187.296	187.606	212	ICE
187.606	187.705	99999	sp
187.705	188.104	112	CREAM
188.104	188.613	88888	FLAVOR
188.613	188.903	224	IS
188.903	188.943	99999	sp
188.943	189.771	463	VANILLA
189.771	193.083	99999	{NS}
193.083	200.217	99999	{NS}
200.217	200.646	325	PICK
200.646	200.925	1	A
200.925	201.484	88888	PRIZE
201.484	201.8661311149951	166	FROM
201.8661311149951	202.18634412504565	434	THE
202.18634412504565	202.691	88888	BAG
202.691	205.774	99999	{NS}
205.774	212.0	99999	{NS}
212.0	212.299	438	THEY
212.299	212.349	99999	sp
212.349	212.798	14	ALL
212.798	213.337	88888	LIKED
213.337	213.736	247	LONG
213.736	214.245	88888	HOT
214.245	215.373	88888	SHOWERS
215.373	215.502	99999	sp
215.502	218.176	99999	{NS}
218.176	224.592	99999	{NS}
224.592	224.981	476	WE
224.981	225.28	30	ARE
225.28	225.948	301	OPEN
225.948	226.078	99999	sp
226.078	226.677	145	EVERY
226.677	227.40705432515546	265	MONDAY
227.40705432515546	227.52577544308534	99999	sp
227.52577544308534	228.453	143	EVENING
228.453	229.331	99999	sp
229.331	231.446	99999	{NS}
231.446	238.55	99999	{NS}
238.55	238.999	476	WE
238.999	239.787	480	WELCOME
239.787	240.296	256	MANY
240.296	240.785	282	NEW
240.785	241.00949194601654	99999	sp
241.00949194601654	241.95094424641806	408	STUDENTS
241.95094424641806	242.371	132	EACH
242.371	242.85	491	YEAR
242.85	245.893	99999	{NS}
245.893	253.336	99999	{NS}
253.336	253.835	375	SHE
253.835	254.02276777989812	99999	sp
254.02276777989812	254.643	388	SLIPPED
254.643	254.933	99999	sp
254.933	255.262	297	ON
255.262	255.481	434	THE
255.481	255.661	99999	sp
255.661	256.55056839245674	88888	STAIRS
256.55056839245674	257.427	99999	sp
257.427	260.979	99999	{NS}
260.979	265.718	99999	{NS}
265.718	266.097	210	HOW
266.097	266.686	269	MUCH
266.686	266.96667904951516	99999	sp
266.96667904951516	268.37259123547625	16	ALLOWANCE
268.37259123547625	268.6535110060203	99999	sp
268.6535110060203	268.89365677772867	128	DO
268.89365677772867	269.44107230935487	495	YOU
269.44107230935487	270.1313342797594	177	GET
270.1313342797594	273.87	99999	{NS}
273.87	279.926	99999	{NS}
279.926	280.664	88888	CARL
280.664	281.103	88888	LIVES
281.103	281.412	217	IN
281.412	281.642	1	A
281.642	282.221	465	VERY
282.221	282.61	392	SMALL
282.61	283.288	88888	HOME
283.288	284.046	99999	sp
284.046	286.192	99999	{NS}
286.192	292.308	99999	{NS}
292.308	292.657	210	HOW
292.657	293.096	128	DO
293.096	293.695	99999	sp
293.695	294.712	318	OYSTERS
294.712	295.071	253	MAKE
295.071	295.55	99999	sp
295.55	296.249	320	PEARLS
296.249	302.315	99999	{NS}
302.315	307.024	99999	{NS}
307.024	307.2830881274001	88888	M
307.2830881274001	307.483	99999	sp
307.483	308.401	88888	MIKHAIL
308.401	309.119	88888	COLORED
309.119	309.479	434	THE
309.479	309.858	99999	sp
309.858	310.656	88888	BEDROOM
310.656	311.135	88888	WALL
311.135	311.634	487	WITH
311.634	312.292	99999	sp
312.292	313.37558721577005	88888	CRAYONS
325.662	325.981	375	SHE
325.981	326.201	224	IS
326.201	326.36164067087446	99999	sp
326.36164067087446	326.92313179800277	88888	TALLER
326.92313179800277	327.1569365998797	432	THAN
327.1569365998797	327.52691244257323	211	I
327.52691244257323	327.967	88888	AM
327.967	328.755	99999	sp
328.755	330.541	99999	{NS}
330.541	330.69	99999	sp
330.69	336.178	99999	{NS}
336.178	336.308	434	THE
336.308	337.026	88888	ROSES
337.026	337.096	99999	sp
337.096	337.844	393	SMELLED
337.844	338.293	465	VERY
338.293	338.353	99999	sp
338.353	339.0531759162167	421	SWEET
339.0531759162167	339.271	99999	sp
339.271	341.646	99999	{NS}
341.646	347.742	99999	{NS}
347.742	348.221	405	STEVE
348.221	348.41	99999	sp
348.41	348.9829267863433	490	WORE
348.9829267863433	349.238	1	A
349.238	349.797	65	BRIGHT
349.797	350.196	356	RED
350.196	350.256	99999	sp
350.256	350.645	88888	S
350.645	351.214	99999	sp
351.214	352.052	420	SWEATER
352.052	356.332	99999	{NS}
356.332	363.576	99999	{NS}
363.576	363.745	434	THE
363.745	364.374	88888	TOOTH
364.374	364.833	88888	FAIRY
364.833	365.441	88888	FORGOT
365.441	365.521	99999	sp
365.521	365.731	446	TO
365.731	366.263225917346	88888	COME
366.263225917346	366.5978629368583	482	WHEN
366.5978629368583	367.29662484355845	99999	sp
367.29662484355845	368.5660667337451	88888	RICHARDS
368.5660667337451	368.96576482219876	88888	TOOTH
368.96576482219876	369.3639162284497	88888	FELL
369.3639162284497	370.1307612975981	306	OUT
370.1307612975981	370.52	99999	sp
370.52	377.554	99999	{NS}
377.554	382.243	99999	{NS}
382.243	382.892	88888	BIRTHDAY
382.892	383.64	88888	PARTIES
383.64	383.979	88888	HAVE
383.979	384.319	99999	sp
384.319	385.147	88888	CUPCAKES
385.147	385.386	99999	sp
385.386	385.725	20	AND
385.725	386.124	212	ICE
386.124	386.663	112	CREAM
386.663	389.756	99999	{NS}
389.756	397.588	99999	{NS}
397.588	397.938	88888	BOB
397.938	398.426	88888	LOOKED
398.426	398.816	161	FOR
398.816	399.364	88888	SHELLS
399.364	399.414	99999	sp
399.414	399.734	73	BY
399.734	400.003	434	THE
400.003	400.093	99999	sp
400.093	400.941	88888	OCEAN
420.806	420.965	434	THE
420.965	421.674	88888	CAT'S
421.674	421.823	99999	sp
421.823	422.701	88888	MEOW
422.701	423.021	99999	sp
423.021	423.659	88888	ALWAYS
423.659	424.288	88888	HURTS
424.288	424.547	88888	MY
424.547	425.47066683899175	88888	EARS
425.47066683899175	427.899	99999	{NS}
427.899	434.864	99999	{NS}
434.864	435.193	210	HOW
435.193	435.412	128	DO
435.412	435.762	495	YOU
435.762	436.251	88888	KNOW
436.251	436.53	88888	MY
436.53	437.168	88888	NAME
437.168	442.047	99999	{NS}
442.047	450.348	99999	{NS}
450.348	450.488	99999	sp
450.488	450.787	7	ADD
450.787	450.967	434	THE
450.967	451.755	88888	NUMBERS
451.755	452.045	99999	sp
452.045	452.753	88888	TOGETHER
452.753	453.102	88888	ONE
453.102	453.382	73	BY
453.382	454.01	88888	ONE
454.01	454.589	99999	sp
454.589	457.612	99999	{NS}
457.612	462.75	99999	{NS}
462.75	463.06	202	HE
463.06	463.329	485	WILL
463.329	464.087	15	ALLOW
464.087	464.267	99999	sp
464.267	464.476	1	A
464.476	465.075	352	RARE
465.075	465.684	238	LIE
465.684	467.619	99999	{NS}
467.619	474.194	99999	{NS}
474.194	474.873	229	JOHN'S
474.873	475.022	99999	sp
475.022	475.791	66	BROTHER
475.791	477.297	363	REPAINTED
477.297	477.337	99999	sp
477.337	477.666	434	THE
477.666	478.125	99999	sp
478.125	478.914	173	GARAGE
478.914	479.442	129	DOOR
479.442	482.356	99999	{NS}
482.356	489.26	99999	{NS}
489.26	489.549	202	HE
489.549	489.948	88888	ATE
489.948	490.2507145614099	88888	FOUR
490.2507145614099	491.0889341048403	88888	EXTRA
491.0889341048403	491.523891107772	88888	EGGS
491.523891107772	491.714	161	FOR
491.714	493.0034564513107	88888	BREAKFAST
493.0034564513107	496.134	99999	{NS}
496.134	504.206	99999	{NS}
504.206	504.625	88888	JANE
504.625	505.164	88888	HELPED
505.164	505.433	204	HER
505.433	505.523	99999	sp
505.523	506.012	88888	SISTER
506.012	506.361	487	WITH
506.361	507.3895679213322	88888	HOMEWORK
507.3895679213322	510.991	99999	{NS}
510.991	511.07	99999	sp
511.07	517.157	99999	{NS}
517.157	517.486	88888	DID
517.486	517.675	495	YOU
517.675	518.264	134	EAT
518.264	518.713	88888	LUNCH
518.713	519.841	88888	YESTERDAY
519.841	522.704	99999	{NS}
522.704	529.459	99999	{NS}
529.459	529.688	128	DO
529.688	530.027	14	ALL
530.027	530.706	151	FARMERS
530.706	530.766	99999	sp
530.766	531.105	197	GROW
531.105	532.6485443495668	338	POTATOES
532.6485443495668	536.682	99999	{NS}
536.682	543.846	99999	{NS}
543.846	544.165	88888	MY
544.165	544.774	88888	FAVORITE
544.774	545.003	212	ICE
545.003	545.073	99999	sp
545.073	545.472	112	CREAM
545.472	546.031	88888	FLAVOR
546.031	546.34	224	IS
546.34	546.37	99999	sp
546.37	547.278	463	VANILLA
547.278	548.086	99999	sp
548.086	550.351	99999	{NS}
550.351	556.926	99999	{NS}
556.926	557.325	325	PICK
557.325	557.565	1	A
557.565	558.034	88888	PRIZE
558.034	558.343	166	FROM
558.343	558.563	434	THE
558.563	558.612	99999	sp
558.612	559.131	88888	BAG
559.131	562.414	99999	{NS}
562.414	568.011	99999	{NS}
568.011	568.27	438	THEY
568.27	568.3	99999	sp
568.3	568.65	14	ALL
568.65	569.049	241	LIKE
569.049	569.438	247	LONG
569.438	569.797	88888	HOT
569.797	570.9376871718711	88888	SHOWERS
570.9376871718711	574.257	99999	{NS}
574.257	583.496	99999	{NS}
583.496	583.835	476	WE
583.835	584.174	30	ARE
584.174	584.274	99999	sp
584.274	584.863	301	OPEN
584.863	585.012	99999	sp
585.012	585.811	145	EVERY
585.811	586.06	99999	sp
586.06	586.8289302945391	265	MONDAY
586.8289302945391	587.906	143	EVENING
587.906	591.837	99999	{NS}
591.837	598.093	99999	{NS}
598.093	598.5436782834264	476	WE
598.5436782834264	599.1801321935735	480	WELCOME
599.1801321935735	599.659	256	MANY
599.659	599.998	282	NEW
599.998	600.797	408	STUDENTS
600.797	601.196	132	EACH
601.196	601.675	491	YEAR
601.675	605.037	99999	{NS}
605.037	611.911	99999	{NS}
611.911	612.33	375	SHE
612.33	612.819	388	SLIPPED
612.819	613.158	297	ON
613.158	613.298	434	THE
613.298	614.096	88888	STAIRS
614.096	617.129	99999	{NS}
617.129	623.345	99999	{NS}
623.345	623.7991282570866	210	HOW
623.7991282570866	624.343	269	MUCH
624.343	625.53	16	ALLOWANCE
625.53	625.57	99999	sp
625.57	625.82	128	DO
625.82	626.139	495	YOU
626.139	626.169	99999	sp
626.169	626.598	177	GET
626.598	632.993	99999	{NS}
632.993	633.143	99999	sp
633.143	635.637	99999	{NS}
635.637	636.116	88888	CARL
636.116	636.495	88888	LIVED
636.495	636.775	217	IN
636.775	636.914	1	A
636.914	637.393	465	VERY
637.393	637.763	392	SMALL
637.763	638.381	88888	HOME
638.381	643.1	99999	{NS}
643.1	643.2	99999	sp
643.2	647.68	99999	{NS}
647.68	647.88	99999	sp
647.88	648.279	210	HOW
648.279	649.187	99999	sp
649.187	649.506	128	DO
649.506	650.294	318	OYSTERS
650.294	650.663	253	MAKE
650.663	650.733	99999	sp
650.733	651.511	320	PEARLS
651.511	654.375	99999	{NS}
654.375	661.808	99999	{NS}
661.808	662.466	88888	MIKHAIL
662.466	662.965	99999	sp
662.965	663.763	88888	MIKHAIL
663.763	664.013	99999	sp
664.013	664.671	88888	COLORED
664.671	664.811	99999	sp
664.811	665.17	434	THE
665.17	665.42	99999	sp
665.42	666.068	88888	BEDROOM
666.068	666.547	88888	WALL
666.547	666.797	99999	sp
666.797	667.216	487	WITH
667.216	667.315	99999	sp
667.315	668.223	88888	CRAYONS
668.223	668.932	99999	sp
668.932	670.109	99999	{NS}
670.109	693.077	99999	{NS}
693.077	693.456	375	SHE
693.456	693.775	224	IS
693.775	693.865	99999	sp
693.865	694.5446918120462	88888	TALLER
694.5446918120462	695.012	432	THAN
695.012	696.06	99999	sp
696.06	696.409	211	I
696.409	696.878	88888	AM
696.878	701.338	99999	{NS}
701.338	707.424	99999	{NS}
707.424	707.654	434	THE
707.654	708.292	88888	ROSES
708.292	708.362	99999	sp
708.362	708.851	393	SMELLED
708.851	708.921	99999	sp
708.921	709.42	465	VERY
709.42	709.47	99999	sp
709.47	710.2032950848193	421	SWEET
710.2032950848193	713.391	99999	{NS}
713.391	721.861	99999	{NS}
721.861	722.27	405	STEVE
722.27	722.37	99999	sp
722.37	722.7477688060251	490	WORE
722.7477688060251	723.039	1	A
723.039	723.637	65	BRIGHT
723.637	723.987	356	RED
723.987	724.306	99999	sp
724.306	725.274	420	SWEATER
725.274	728.806	99999	{NS}
728.806	728.945	99999	sp
728.945	734.243	99999	{NS}
734.243	734.393	434	THE
734.393	734.932	88888	TOOTH
734.932	735.281	88888	FAIRY
735.281	735.85	88888	FORGOT
735.85	735.939	99999	sp
735.939	736.199	446	TO
736.199	736.708	88888	COME
736.708	737.037	482	WHEN
737.037	737.396	99999	sp
737.396	738.174	88888	RICHARD'S
738.174	738.3202108387306	99999	sp
738.3202108387306	738.5769582071496	88888	TOOTH
738.5769582071496	738.7428343159596	99999	sp
738.7428343159596	739.0096784910018	88888	FELL
739.0096784910018	739.7565181397134	306	OUT
739.7565181397134	742.165	99999	{NS}
742.165	742.255	99999	sp
742.255	749.987	99999	{NS}
749.987	750.726	88888	BIRTHDAY
750.726	751.514	88888	PARTIES
751.514	751.873	88888	HAVE
751.873	752.182	99999	sp
752.182	753.13	88888	CUPCAKES
753.13	753.46	20	AND
753.46	753.909	212	ICE
753.909	753.948	99999	sp
753.948	754.447	112	CREAM
754.447	755.166	99999	sp
755.166	757.291	99999	{NS}
757.291	764.734	99999	{NS}
764.734	765.103	88888	BOB
765.103	765.582	88888	LOOKED
765.582	765.901	161	FOR
765.901	766.59	88888	SHELLS
766.59	766.64	99999	sp
766.64	766.929	73	BY
766.929	767.288	434	THE
767.288	767.997	88888	OCEAN
