41.65804988662131	41.75704988662131	52	HH
41.75704988662131	41.96704988662131	13	AW1
41.96704988662131	42.14604988662131	48	D
42.14604988662131	42.29604988662131	44	UW1
42.29604988662131	42.66504988662131	68	Y
42.66504988662131	42.71504988662131	44	UW1
42.71504988662131	42.83504988662131	58	N
42.83504988662131	43.00504988662131	35	OW1
43.00504988662131	43.10404988662131	57	M
43.10404988662131	43.23404988662131	16	AY1
43.23404988662131	43.38404988662131	58	N
43.38404988662131	43.70832136838429	25	EY1
43.70832136838429	43.77304988662131	57	M
43.77304988662131	54.167528344671204	74	sp
54.167528344671204	54.4365283446712	4	AE1
54.4365283446712	54.466528344671204	48	D
54.466528344671204	54.526528344671206	74	sp
54.526528344671206	54.566528344671205	49	DH
54.566528344671205	54.685528344671205	6	AH0
54.685528344671205	54.8155283446712	58	N
54.8155283446712	54.9855283446712	7	AH1
54.9855283446712	55.0255283446712	57	M
55.0255283446712	55.124528344671205	46	B
55.124528344671205	55.264528344671206	21	ER0
55.264528344671206	55.4945283446712	64	T
55.4945283446712	55.563528344671205	6	AH0
55.563528344671205	55.713528344671204	51	G
55.713528344671204	56.042528344671204	19	EH1
56.042528344671204	56.072528344671206	49	DH
56.072528344671206	56.1025283446712	21	ER0
56.1025283446712	56.292528344671204	67	W
56.292528344671204	56.4125283446712	7	AH1
56.4125283446712	56.591528344671204	58	N
56.591528344671204	56.651528344671206	46	B
56.651528344671206	56.871528344671205	16	AY1
56.871528344671205	56.9005283446712	52	HH
56.9005283446712	57.0505283446712	67	W
57.0505283446712	57.2905283446712	7	AH1
57.2905283446712	57.4095283446712	58	N
57.4095283446712	67.22775510204082	74	sp
67.22775510204082	67.39775510204082	52	HH
67.39775510204082	67.64675510204081	32	IY1
67.64675510204081	67.76675510204082	67	W
67.76675510204082	67.7967551020408	6	AH0
67.7967551020408	67.97575510204081	56	L
67.97575510204081	68.10575510204082	6	AH0
68.10575510204082	68.18575510204082	56	L
68.18575510204082	68.47475510204082	13	AW1
68.47475510204082	68.60475510204081	25	EY1
68.60475510204081	68.76375510204082	61	R
68.76375510204082	69.02997301182731	19	EH1
69.02997301182731	69.08189944588958	61	R
69.08189944588958	69.23275510204081	56	L
69.23275510204081	69.62275510204081	16	AY1
69.62275510204081	95.18539682539682	74	sp
95.18539682539682	95.26539682539682	53	JH
95.26539682539682	95.43439682539682	1	AA1
95.43439682539682	95.65439682539682	58	N
95.65439682539682	95.70439682539681	62	S
95.70439682539681	95.96339682539681	6	AH0
95.96339682539681	96.00339682539682	58	N
96.00339682539682	96.08339682539682	69	Z
96.08339682539682	96.13339682539682	74	sp
96.13339682539682	96.16339682539682	46	B
96.16339682539682	96.27339682539682	61	R
96.27339682539682	96.41239682539681	7	AH1
96.41239682539681	96.46239682539682	49	DH
96.46239682539682	96.88139682539682	21	ER0
96.88139682539682	97.33039682539682	74	sp
97.33039682539682	97.62039682539681	60	P
97.62039682539681	97.65939682539681	21	ER0
97.65939682539681	98.52739682539682	74	sp
98.52739682539682	98.94739682539682	7	AH1
98.94739682539682	101.67039682539682	74	sp
101.67039682539682	101.86039682539682	61	R
101.86039682539682	102.06939682539682	31	IY0
102.06939682539682	102.42939682539682	60	P
102.42939682539682	102.56839682539682	25	EY1
102.56839682539682	103.18739682539682	58	N
103.18739682539682	103.37639682539681	64	T
103.37639682539681	103.97539682539681	6	AH0
103.97539682539681	104.10539682539681	48	D
104.10539682539681	104.14539682539682	49	DH
104.14539682539682	104.27439682539682	6	AH0
104.27439682539682	105.10339682539681	74	sp
105.10339682539681	105.13239682539681	60	P
105.13239682539681	105.23239682539682	22	ER1
105.23239682539682	105.26239682539682	47	CH
105.26239682539682	105.29239682539682	6	AH0
105.29239682539682	105.33239682539681	62	S
105.33239682539681	105.40239682539682	64	T
105.40239682539682	105.43239682539682	6	AH0
105.43239682539682	105.46239682539682	69	Z
105.46239682539682	105.98139682539681	74	sp
105.98139682539681	106.04039682539681	49	DH
106.04039682539681	106.11039682539682	6	AH0
106.11039682539682	106.38039682539682	64	T
106.38039682539682	106.41039682539682	67	W
106.41039682539682	106.47939682539682	7	AH1
106.47939682539682	106.58939682539682	64	T
106.58939682539682	106.74939682539681	74	sp
106.74939682539681	106.87839682539682	28	IH1
106.87839682539682	106.91839682539681	64	T
106.91839682539681	106.99839682539681	74	sp
106.99839682539681	107.02839682539681	62	S
107.02839682539681	107.20839682539682	28	IH1
107.20839682539682	107.24839682539681	69	Z
107.24839682539681	107.50739682539681	74	sp
107.50739682539681	107.61739682539681	35	OW1
107.61739682539681	107.66739682539682	61	R
107.66739682539682	107.78639682539682	31	IY0
107.78639682539682	107.90639682539681	60	P
107.90639682539681	107.98639682539681	25	EY1
107.98639682539681	108.02639682539682	58	N
108.02639682539682	108.14639682539682	64	T
108.14639682539682	108.27539682539681	6	AH0
108.27539682539681	108.33539682539681	48	D
108.33539682539681	108.44539682539681	74	sp
108.44539682539681	108.53539682539682	61	R
108.53539682539682	108.70439682539681	31	IY0
108.70439682539681	108.85439682539682	60	P
108.85439682539682	109.05439682539682	25	EY1
109.05439682539682	109.17339682539682	58	N
109.17339682539682	109.28339682539682	64	T
109.28339682539682	109.49339682539681	6	AH0
109.49339682539681	109.53239682539682	48	D
109.53239682539682	109.57239682539682	49	DH
109.57239682539682	109.73239682539682	6	AH0
109.73239682539682	110.96939682539681	74	sp
110.96939682539681	110.99939682539681	51	G
110.99939682539681	111.21939682539681	21	ER0
111.21939682539681	111.57800608131704	1	AA1
111.57800608131704	111.76739682539682	70	ZH
111.76739682539682	111.85739682539682	48	D
111.85739682539682	112.11739682539681	10	AO1
112.11739682539681	112.33639682539682	61	R
112.33639682539682	136.09496598639456	74	sp
136.09496598639456	136.15396598639455	52	HH
136.15396598639455	136.41396598639454	32	IY1
136.41396598639454	136.49396598639456	74	sp
136.49396598639456	136.76296598639453	25	EY1
136.76296598639453	136.88296598639454	64	T
136.88296598639454	137.03196598639454	50	F
137.03196598639454	137.17196598639455	10	AO1
137.17196598639455	137.30196598639455	61	R
137.30196598639455	138.20996598639454	74	sp
138.20996598639454	138.34896598639455	50	F
138.34896598639455	138.47896598639454	10	AO1
138.47896598639454	138.50896598639454	61	R
138.50896598639454	138.66896598639454	19	EH1
138.66896598639454	138.79796598639453	54	K
138.79796598639453	138.86796598639455	62	S
138.86796598639455	138.93796598639454	64	T
138.93796598639454	138.96796598639455	61	R
138.96796598639455	139.18796598639454	6	AH0
139.18796598639454	139.29696598639455	74	sp
139.29696598639455	139.53696598639453	19	EH1
139.53696598639453	139.65696598639454	51	G
139.65696598639454	139.73596598639455	69	Z
139.73596598639455	139.82596598639455	50	F
139.82596598639455	139.91596598639455	10	AO1
139.91596598639455	139.94596598639455	61	R
139.94596598639455	140.07596598639455	46	B
140.07596598639455	140.11496598639454	61	R
140.11496598639454	140.27496598639453	19	EH1
140.27496598639453	140.41496598639455	54	K
140.41496598639455	140.52496598639453	50	F
140.52496598639453	140.61396598639453	6	AH0
140.61396598639453	140.64396598639453	62	S
140.64396598639453	140.71396598639456	64	T
140.71396598639456	152.42657596371882	74	sp
152.42657596371882	152.5665759637188	53	JH
152.5665759637188	152.8065759637188	1	AA1
152.8065759637188	152.9355759637188	58	N
152.9355759637188	153.0955759637188	52	HH
153.0955759637188	153.1855759637188	19	EH1
153.1855759637188	153.3345759637188	56	L
153.3345759637188	153.4645759637188	60	P
153.4645759637188	153.5245759637188	64	T
153.5245759637188	153.66457596371882	52	HH
153.66457596371882	153.78357596371882	21	ER0
153.78357596371882	153.9335759637188	62	S
153.9335759637188	154.1235759637188	28	IH1
154.1235759637188	154.2025759637188	62	S
154.2025759637188	154.3125759637188	64	T
154.3125759637188	154.4425759637188	21	ER0
154.4425759637188	154.6125759637188	67	W
154.6125759637188	154.7615759637188	28	IH1
154.7615759637188	154.8515759637188	65	TH
154.8515759637188	154.99157596371882	52	HH
154.99157596371882	155.1505759637188	35	OW1
155.1505759637188	155.2105759637188	57	M
155.2105759637188	155.4105759637188	67	W
155.4105759637188	155.7938586334762	23	ER2
155.7938586334762	155.87319068551574	54	K
155.87319068551574	165.602	74	sp
165.602	165.632	48	D
165.632	165.851	28	IH1
165.851	165.961	48	D
165.961	166.251	68	Y
166.251	166.32	44	UW1
166.32	166.36	74	sp
166.36	166.61	32	IY1
166.61	166.64000000000001	64	T
166.64000000000001	166.749	74	sp
166.749	166.779	56	L
166.779	167.039	7	AH1
167.039	167.168	58	N
167.168	167.328	47	CH
167.328	167.388	68	Y
167.388	167.498	19	EH1
167.498	167.687	62	S
167.687	167.777	64	T
167.777	167.917	21	ER0
167.917	168.056	48	D
168.056	168.406	26	EY2
168.406	178.20853891617094	74	sp
178.20853891617094	178.25487301587302	48	D
178.25487301587302	178.59487301587302	44	UW1
178.59487301587302	178.71387301587302	74	sp
178.71387301587302	178.983873015873	10	AO1
178.983873015873	179.02387301587302	56	L
179.02387301587302	179.162873015873	50	F
179.162873015873	179.36287301587302	1	AA1
179.36287301587302	179.39287301587302	61	R
179.39287301587302	179.542873015873	57	M
179.542873015873	179.661873015873	21	ER0
179.661873015873	179.791873015873	69	Z
179.791873015873	179.841873015873	74	sp
179.841873015873	179.881873015873	51	G
179.881873015873	180.020873015873	61	R
180.020873015873	180.29087301587302	35	OW1
180.29087301587302	180.459873015873	74	sp
180.459873015873	180.519873015873	60	P
180.519873015873	180.649873015873	6	AH0
180.649873015873	180.84987301587302	64	T
180.84987301587302	181.098873015873	25	EY1
181.098873015873	181.238873015873	64	T
181.238873015873	181.58787301587301	34	OW0
181.58787301587301	181.81461678542507	69	Z
181.81461678542507	193.04462585034014	74	sp
193.04462585034014	193.12462585034015	57	M
193.12462585034015	193.38462585034014	16	AY1
193.38462585034014	193.50362585034014	50	F
193.50362585034014	193.68362585034015	25	EY1
193.68362585034015	193.71362585034015	66	V
193.71362585034015	193.78362585034014	61	R
193.78362585034014	193.87262585034014	6	AH0
193.87262585034014	193.93262585034014	64	T
193.93262585034014	194.17262585034015	16	AY1
194.17262585034015	194.24262585034015	62	S
194.24262585034015	194.34162585034017	74	sp
194.34162585034017	194.43162585034014	54	K
194.43162585034014	194.46162585034014	61	R
194.46162585034014	194.61162585034015	32	IY1
194.61162585034015	194.74062585034017	57	M
194.74062585034017	194.91062585034015	50	F
194.91062585034015	194.94062585034015	56	L
194.94062585034015	195.16062585034015	25	EY1
195.16062585034015	195.21962585034015	66	V
195.21962585034015	195.24962585034015	21	ER0
195.24962585034015	195.46962585034015	28	IH1
195.46962585034015	195.53962585034014	69	Z
195.53962585034014	195.57962585034016	74	sp
195.57962585034016	195.63862585034016	66	V
195.63862585034016	195.75862585034017	6	AH0
195.75862585034017	195.87862585034014	58	N
195.87862585034014	196.12762585034017	28	IH1
196.12762585034017	196.26762585034015	56	L
196.26762585034015	196.40762585034014	6	AH0
196.40762585034014	205.72544217687076	74	sp
205.72544217687076	205.84544217687073	60	P
205.84544217687073	205.99444217687073	28	IH1
205.99444217687073	206.15444217687073	54	K
206.15444217687073	206.43344217687076	25	EY1
206.43344217687076	206.59344217687075	60	P
206.59344217687075	206.63344217687074	61	R
206.63344217687074	206.90244217687075	16	AY1
206.90244217687075	206.99244217687075	69	Z
206.99244217687075	207.12244217687075	50	F
207.12244217687075	207.22244217687074	21	ER0
207.22244217687074	207.37457329186586	57	M
207.37457329186586	207.42361492403575	49	DH
207.42361492403575	207.6947863019164	6	AH0
207.6947863019164	207.72940392462456	46	B
207.72940392462456	208.15944217687075	4	AE1
208.15944217687075	208.19944217687075	51	G
208.19944217687075	218.1308843537415	74	sp
218.1308843537415	218.17088435374149	49	DH
218.17088435374149	218.4298843537415	25	EY1
218.4298843537415	218.47988435374148	74	sp
218.47988435374148	218.8098843537415	10	AO1
218.8098843537415	218.9288843537415	56	L
218.9288843537415	218.9788843537415	56	L
218.9788843537415	219.1988843537415	16	AY1
219.1988843537415	219.3278843537415	54	K
219.3278843537415	219.46788435374148	64	T
219.46788435374148	219.5778843537415	56	L
219.5778843537415	219.74788435374148	10	AO1
219.74788435374148	219.86688435374148	59	NG
219.86688435374148	220.05688435374148	52	HH
220.05688435374148	220.2558843537415	1	AA1
220.2558843537415	220.3758843537415	64	T
220.3758843537415	220.6158843537415	63	SH
220.6158843537415	220.9948843537415	13	AW1
220.9948843537415	221.3938843537415	21	ER0
221.3938843537415	221.50388435374148	69	Z
221.50388435374148	231.3257142857143	74	sp
231.3257142857143	231.4547142857143	67	W
231.4547142857143	231.71471428571428	32	IY1
231.71471428571428	231.80371428571428	1	AA1
231.80371428571428	232.0137142857143	61	R
232.0137142857143	232.23271428571428	35	OW1
232.23271428571428	232.4027142857143	60	P
232.4027142857143	232.48271428571428	6	AH0
232.48271428571428	232.6817142857143	58	N
232.6817142857143	232.8117142857143	74	sp
232.8117142857143	233.07171428571428	19	EH1
233.07171428571428	233.2007142857143	66	V
233.2007142857143	233.26071428571427	61	R
233.26071428571427	233.41071428571428	31	IY0
233.41071428571428	233.5697142857143	57	M
233.5697142857143	233.7997142857143	7	AH1
233.7997142857143	233.87971428571427	58	N
233.87971428571427	233.93971428571427	48	D
233.93971428571427	234.14076861086974	26	EY2
234.14076861086974	234.25948972879962	74	sp
234.25948972879962	234.48654241594906	32	IY1
234.48654241594906	234.60193449164296	66	V
234.60193449164296	234.78223460991467	58	N
234.78223460991467	235.0000371527869	27	IH0
235.0000371527869	235.1867142857143	59	NG
235.1867142857143	245.78140589569162	74	sp
245.78140589569162	245.93040589569162	67	W
245.93040589569162	246.2304058956916	32	IY1
246.2304058956916	246.4094058956916	67	W
246.4094058956916	246.57940589569162	19	EH1
246.57940589569162	246.6394058956916	56	L
246.6394058956916	246.76940589569162	54	K
246.76940589569162	246.9884058956916	6	AH0
246.9884058956916	247.01840589569161	57	M
247.01840589569161	247.04840589569162	57	M
247.04840589569162	247.2484058956916	19	EH1
247.2484058956916	247.3674058956916	58	N
247.3674058956916	247.5274058956916	31	IY0
247.5274058956916	247.6574058956916	58	N
247.6574058956916	247.8364058956916	68	Y
247.8364058956916	248.0164058956916	44	UW1
248.0164058956916	248.24089784170815	74	sp
248.24089784170815	248.55779053241648	62	S
248.55779053241648	248.5837537494476	64	T
248.5837537494476	248.7709052722136	44	UW1
248.7709052722136	248.80047449161017	48	D
248.80047449161017	248.95048419001225	6	AH0
248.95048419001225	249.0240466382671	58	N
249.0240466382671	249.05652598286935	64	T
249.05652598286935	249.18235014210967	62	S
249.18235014210967	249.4134058956916	32	IY1
249.4134058956916	249.60240589569162	47	CH
249.60240589569162	249.79240589569162	68	Y
249.79240589569162	250.0214058956916	28	IH1
250.0214058956916	250.0814058956916	61	R
250.0814058956916	259.231	74	sp
259.231	259.40099999999995	63	SH
259.40099999999995	259.73	32	IY1
259.73	259.9177677798981	74	sp
259.9177677798981	260.159	62	S
260.159	260.239	56	L
260.239	260.438	28	IH1
260.438	260.46799999999996	60	P
260.46799999999996	260.538	64	T
260.538	260.828	74	sp
260.828	261.04699999999997	1	AA1
261.04699999999997	261.157	58	N
261.157	261.197	49	DH
261.197	261.376	6	AH0
261.376	261.556	74	sp
261.556	261.586	62	S
261.586	261.616	64	T
261.616	262.05107724103055	19	EH1
262.05107724103055	262.145	61	R
262.145	262.4455683924567	69	Z
262.4455683924567	272.6303727495784	74	sp
272.6303727495784	272.7188662131519	52	HH
272.7188662131519	272.9978662131519	13	AW1
272.9978662131519	273.1578662131519	57	M
273.1578662131519	273.3178662131519	7	AH1
273.3178662131519	273.5868662131519	47	CH
273.5868662131519	273.8675452626671	74	sp
273.8675452626671	274.03477306310094	6	AH0
274.03477306310094	274.13141392649453	56	L
274.13141392649453	274.821888462262	13	AW1
274.821888462262	274.87294386142474	67	W
274.87294386142474	275.0779877478682	6	AH0
275.0779877478682	275.151550196123	58	N
275.151550196123	275.27345744862816	62	S
275.27345744862816	275.55437721917224	74	sp
275.55437721917224	275.5997501180402	48	D
275.5997501180402	275.79447424577364	44	UW1
275.79447424577364	275.99352557634563	68	Y
275.99352557634563	276.3419385225068	44	UW1
276.3419385225068	276.3650169376457	51	G
276.3650169376457	276.90959641248656	19	EH1
276.90959641248656	277.03220049291133	64	T
277.03220049291133	286.04308390022675	74	sp
286.04308390022675	286.23208390022677	54	K
286.23208390022677	286.2820839002268	1	AA1
286.2820839002268	286.44208390022675	61	R
286.44208390022675	286.78108390022675	56	L
286.78108390022675	286.85108390022674	56	L
286.85108390022674	287.12008390022675	28	IH1
287.12008390022675	287.19008390022674	66	V
287.19008390022674	287.22008390022677	69	Z
287.22008390022677	287.42008390022676	28	IH1
287.42008390022676	287.52908390022674	58	N
287.52908390022674	287.75908390022676	25	EY1
287.75908390022676	287.86908390022677	66	V
287.86908390022677	288.09808390022675	19	EH1
288.09808390022675	288.1380839002268	61	R
288.1380839002268	288.33808390022676	31	IY0
288.33808390022676	288.39708390022673	62	S
288.39708390022673	288.50708390022675	57	M
288.50708390022675	288.69708390022674	10	AO1
288.69708390022674	288.7270839002268	56	L
288.7270839002268	288.85608390022674	52	HH
288.85608390022674	289.2360839002268	35	OW1
289.2360839002268	289.40508390022677	57	M
289.40508390022677	298.9531065759637	74	sp
298.9531065759637	299.0921065759637	52	HH
299.0921065759637	299.3021065759637	13	AW1
299.3021065759637	299.47110657596374	48	D
299.47110657596374	299.7411065759637	44	UW1
299.7411065759637	300.3401065759637	74	sp
300.3401065759637	300.5491065759637	38	OY1
300.5491065759637	300.7291065759637	62	S
300.7291065759637	300.93810657596373	64	T
300.93810657596373	301.16810657596375	21	ER0
301.16810657596375	301.3571065759637	69	Z
301.3571065759637	301.4371065759637	57	M
301.4371065759637	301.64710657596373	25	EY1
301.64710657596373	301.71610657596375	54	K
301.71610657596375	302.19510657596373	74	sp
302.19510657596373	302.32510657596373	60	P
302.32510657596373	302.5741065759637	22	ER1
302.5741065759637	302.8641065759637	56	L
302.8641065759637	302.89410657596375	69	Z
302.89410657596375	317.07519274376415	74	sp
317.07519274376415	317.1051927437641	57	M
317.1051927437641	317.34519274376413	27	IH0
317.34519274376413	317.59419274376415	54	K
317.59419274376415	317.76419274376417	25	EY1
317.76419274376417	317.99319274376415	56	L
317.99319274376415	318.16319274376417	54	K
318.16319274376417	318.4221927437641	7	AH1
318.4221927437641	318.45219274376416	56	L
318.45219274376416	318.58219274376415	21	ER0
318.58219274376415	318.7111927437642	48	D
318.7111927437642	318.78119274376417	49	DH
318.78119274376417	319.07119274376413	7	AH1
319.07119274376413	319.45019274376415	74	sp
319.45019274376415	319.5401927437641	46	B
319.5401927437641	319.78919274376415	19	EH1
319.78919274376415	319.91919274376414	48	D
319.91919274376414	319.9491927437642	61	R
319.9491927437642	320.04819274376416	45	UW2
320.04819274376416	320.24819274376415	57	M
320.24819274376415	320.36819274376415	67	W
320.36819274376415	320.5471927437641	10	AO1
320.5471927437641	320.72719274376414	56	L
320.72719274376414	320.85719274376413	67	W
320.85719274376413	320.98619274376415	28	IH1
320.98619274376415	321.22619274376416	65	TH
321.22619274376416	321.8841927437641	74	sp
321.8841927437641	322.0041927437641	54	K
322.0041927437641	322.03419274376415	61	R
322.03419274376415	322.37319274376415	25	EY1
322.37319274376415	322.5931927437641	2	AA2
322.5931927437641	322.7744982327469	58	N
322.7744982327469	322.9677799595342	69	Z
322.9677799595342	330.56108843537413	74	sp
330.56108843537413	330.6910884353741	63	SH
330.6910884353741	330.88008843537415	32	IY1
330.88008843537415	331.07008843537415	28	IH1
331.07008843537415	331.1000884353742	69	Z
331.1000884353742	331.2607291062486	74	sp
331.2607291062486	331.3602547715346	64	T
331.3602547715346	331.48908843537413	10	AO1
331.48908843537413	331.60874489334327	56	L
331.60874489334327	331.8222202333769	21	ER0
331.8222202333769	331.8525106532466	49	DH
331.8525106532466	331.96808843537417	4	AE1
331.96808843537417	332.05602503525387	58	N
332.05602503525387	332.4260008779474	16	AY1
332.4260008779474	332.72608843537415	4	AE1
332.72608843537415	332.86608843537414	57	M
332.86608843537414	341.62603174603174	74	sp
341.62603174603174	341.68603174603174	49	DH
341.68603174603174	341.75603174603174	7	AH1
341.75603174603174	341.96503174603174	61	R
341.96503174603174	342.16503174603173	35	OW1
342.16503174603173	342.27403174603177	69	Z
342.27403174603177	342.43403174603174	6	AH0
342.43403174603174	342.47403174603176	69	Z
342.47403174603176	342.54403174603175	74	sp
342.54403174603175	342.5740317460317	62	S
342.5740317460317	342.62403174603173	57	M
342.62403174603173	342.94303174603175	19	EH1
342.94303174603175	343.0430317460318	56	L
343.0430317460318	343.29203174603174	48	D
343.29203174603174	343.34203174603175	66	V
343.34203174603175	343.51203174603177	19	EH1
343.51203174603177	343.57203174603177	61	R
343.57203174603177	343.74103174603175	31	IY0
343.74103174603175	343.80103174603175	74	sp
343.80103174603175	343.87103174603175	62	S
343.87103174603175	343.9610317460317	67	W
343.9610317460317	344.21003174603175	32	IY1
344.21003174603175	344.5012076622484	64	T
344.5012076622484	355.59954648526076	74	sp
355.59954648526076	355.62954648526073	62	S
355.62954648526073	355.6848767749083	64	T
355.6848767749083	355.96854648526073	32	IY1
355.96854648526073	356.07854648526074	66	V
356.07854648526074	356.26754648526077	74	sp
356.26754648526077	356.42754648526073	67	W
356.42754648526073	356.45754648526076	10	AO1
356.45754648526076	356.840473271604	61	R
356.840473271604	357.09554648526074	25	EY1
357.09554648526074	357.19554648526076	46	B
357.19554648526076	357.31554648526077	61	R
357.31554648526077	357.54454648526075	16	AY1
357.54454648526075	357.65454648526077	64	T
357.65454648526077	357.7745464852607	61	R
357.7745464852607	357.9835464852607	19	EH1
357.9835464852607	358.05354648526077	48	D
358.05354648526077	358.1135464852607	74	sp
358.1135464852607	358.5025464852607	63	SH
358.5025464852607	359.07154648526074	74	sp
359.07154648526074	359.13154648526074	62	S
359.13154648526074	359.23054648526073	67	W
359.23054648526073	359.40054648526075	19	EH1
359.40054648526075	359.6105464852607	64	T
359.6105464852607	359.90954648526076	21	ER0
359.90954648526076	372.4926077097506	74	sp
372.4926077097506	372.5526077097506	49	DH
372.5526077097506	372.66160770975057	6	AH0
372.66160770975057	372.94160770975054	64	T
372.94160770975054	373.14060770975055	44	UW1
373.14060770975055	373.2906077097506	65	TH
373.2906077097506	373.38060770975056	50	F
373.38060770975056	373.58960770975057	19	EH1
373.58960770975057	373.6296077097506	61	R
373.6296077097506	373.7496077097506	31	IY0
373.7496077097506	373.8986077097506	50	F
373.8986077097506	374.06860770975055	21	ER0
374.06860770975055	374.11860770975056	51	G
374.11860770975056	374.30860770975056	1	AA1
374.30860770975056	374.35760770975054	64	T
374.35760770975054	374.4376077097506	74	sp
374.4376077097506	374.53760770975055	64	T
374.53760770975055	374.64760770975056	27	IH0
374.64760770975056	374.80660770975055	54	K
374.80660770975055	375.0166077097506	7	AH1
375.0166077097506	375.17983362709657	57	M
375.17983362709657	375.2577232781899	67	W
375.2577232781899	375.4135025803767	19	EH1
375.4135025803767	375.51447064660886	58	N
375.51447064660886	376.213232553309	74	sp
376.213232553309	376.33736613816984	61	R
376.33736613816984	376.9049752830425	28	IH1
376.9049752830425	376.9395929057507	54	K
376.9395929057507	377.2015872570146	21	ER0
377.2015872570146	377.44445081842207	48	D
377.44445081842207	377.4826744434957	69	Z
377.4826744434957	377.56914857454285	64	T
377.56914857454285	377.76121085247075	44	UW1
377.76121085247075	377.88237253194933	65	TH
377.88237253194933	378.0136310180511	50	F
378.0136310180511	378.1968159382152	19	EH1
378.1968159382152	378.28052393820025	56	L
378.28052393820025	378.7286077097506	13	AW1
378.7286077097506	379.04736900734866	64	T
379.04736900734866	389.740589569161	74	sp
389.740589569161	389.800589569161	46	B
389.800589569161	389.930589569161	22	ER1
389.930589569161	390.119589569161	65	TH
390.119589569161	390.169589569161	48	D
390.169589569161	390.389589569161	26	EY2
390.389589569161	390.558589569161	60	P
390.558589569161	390.618589569161	1	AA1
390.618589569161	390.728589569161	61	R
390.728589569161	390.928589569161	64	T
390.928589569161	391.077589569161	31	IY0
391.077589569161	391.137589569161	69	Z
391.137589569161	391.217589569161	52	HH
391.217589569161	391.406589569161	4	AE1
391.406589569161	391.476589569161	66	V
391.476589569161	391.816589569161	74	sp
391.816589569161	391.925589569161	54	K
391.925589569161	392.07558956916097	7	AH1
392.07558956916097	392.195589569161	60	P
392.195589569161	392.304589569161	54	K
392.304589569161	392.47458956916097	26	EY2
392.47458956916097	392.604589569161	54	K
392.604589569161	392.644589569161	62	S
392.644589569161	392.883589569161	74	sp
392.883589569161	393.013589569161	4	AE1
393.013589569161	393.12358956916097	58	N
393.12358956916097	393.222589569161	48	D
393.222589569161	393.482589569161	16	AY1
393.482589569161	393.621589569161	62	S
393.621589569161	393.691589569161	54	K
393.691589569161	393.771589569161	61	R
393.771589569161	394.021589569161	32	IY1
394.021589569161	394.160589569161	57	M
394.160589569161	403.6954195011338	74	sp
403.6954195011338	403.7354195011338	46	B
403.7354195011338	403.9854195011338	1	AA1
403.9854195011338	404.0454195011338	46	B
404.0454195011338	404.1944195011338	56	L
404.1944195011338	404.3244195011338	41	UH1
404.3244195011338	404.4344195011338	54	K
404.4344195011338	404.5334195011338	64	T
404.5334195011338	404.6834195011338	50	F
404.6834195011338	404.8334195011338	10	AO1
404.8334195011338	404.92341950113376	61	R
404.92341950113376	405.1024195011338	63	SH
405.1024195011338	405.3524195011338	19	EH1
405.3524195011338	405.38241950113377	56	L
405.38241950113377	405.47141950113377	69	Z
405.47141950113377	405.5214195011338	74	sp
405.5214195011338	405.5714195011338	46	B
405.5714195011338	405.84141950113377	16	AY1
405.84141950113377	405.9204195011338	49	DH
405.9204195011338	406.1104195011338	6	AH0
406.1104195011338	406.2004195011338	74	sp
406.2004195011338	406.45941950113377	35	OW1
406.45941950113377	406.64941950113376	63	SH
406.64941950113376	406.9484195011338	6	AH0
406.9484195011338	407.04841950113376	58	N
407.04841950113376	427.8937868480726	74	sp
427.8937868480726	427.9727868480726	48	D
427.9727868480726	428.3127868480726	44	UW1
428.3127868480726	428.4317868480726	74	sp
428.4317868480726	428.7017868480726	10	AO1
428.7017868480726	428.7417868480726	56	L
428.7417868480726	428.8807868480726	50	F
428.8807868480726	429.0807868480726	1	AA1
429.0807868480726	429.1107868480726	61	R
429.1107868480726	429.2607868480726	57	M
429.2607868480726	429.37978684807257	21	ER0
429.37978684807257	429.50978684807257	69	Z
429.50978684807257	429.5597868480726	74	sp
429.5597868480726	429.59978684807254	51	G
429.59978684807254	429.73878684807255	61	R
429.73878684807255	430.0087868480726	35	OW1
430.0087868480726	430.17778684807257	74	sp
430.17778684807257	430.2377868480726	60	P
430.2377868480726	430.36778684807257	6	AH0
430.36778684807257	430.5677868480726	64	T
430.5677868480726	430.8167868480726	25	EY1
430.8167868480726	430.95678684807257	64	T
430.95678684807257	431.30578684807256	34	OW0
431.30578684807256	431.5325306176246	69	Z
431.5325306176246	441.5451247165533	74	sp
441.5451247165533	441.57512471655326	57	M
441.57512471655326	441.81512471655327	27	IH0
441.81512471655327	442.0641247165533	54	K
442.0641247165533	442.2341247165533	25	EY1
442.2341247165533	442.4631247165533	56	L
442.4631247165533	442.6331247165533	54	K
442.6331247165533	442.89212471655327	7	AH1
442.89212471655327	442.9221247165533	56	L
442.9221247165533	443.0521247165533	21	ER0
443.0521247165533	443.1811247165533	48	D
443.1811247165533	443.2511247165533	49	DH
443.2511247165533	443.54112471655327	7	AH1
443.54112471655327	443.9201247165533	74	sp
443.9201247165533	444.01012471655326	46	B
444.01012471655326	444.2591247165533	19	EH1
444.2591247165533	444.3891247165533	48	D
444.3891247165533	444.4191247165533	61	R
444.4191247165533	444.5181247165533	45	UW2
444.5181247165533	444.7181247165533	57	M
444.7181247165533	444.8381247165533	67	W
444.8381247165533	445.01712471655327	10	AO1
445.01712471655327	445.1971247165533	56	L
445.1971247165533	445.32712471655327	67	W
445.32712471655327	445.4561247165533	28	IH1
445.4561247165533	445.6961247165533	65	TH
445.6961247165533	446.35412471655326	74	sp
446.35412471655326	446.47412471655326	54	K
446.47412471655326	446.5041247165533	61	R
446.5041247165533	446.8431247165533	25	EY1
446.8431247165533	447.06312471655326	2	AA2
447.06312471655326	447.24443020553605	58	N
447.24443020553605	447.43771193232334	69	Z
447.43771193232334	456.476	74	sp
456.476	456.506	48	D
456.506	456.725	28	IH1
456.725	456.83500000000004	48	D
456.83500000000004	457.125	68	Y
457.125	457.19399999999996	44	UW1
457.19399999999996	457.23400000000004	74	sp
457.23400000000004	457.48400000000004	32	IY1
457.48400000000004	457.514	64	T
457.514	457.623	74	sp
457.623	457.653	56	L
457.653	457.913	7	AH1
457.913	458.04200000000003	58	N
458.04200000000003	458.202	47	CH
458.202	458.262	68	Y
458.262	458.37199999999996	19	EH1
458.37199999999996	458.56100000000004	62	S
458.56100000000004	458.65099999999995	64	T
458.65099999999995	458.791	21	ER0
458.791	458.93	48	D
458.93	459.28	26	EY2
459.28	469.00391863403456	74	sp
469.00391863403456	469.13190476190476	52	HH
469.13190476190476	469.38090476190473	32	IY1
469.38090476190473	469.50090476190474	67	W
469.50090476190474	469.53090476190476	6	AH0
469.53090476190476	469.70990476190474	56	L
469.70990476190474	469.83990476190473	6	AH0
469.83990476190473	469.9199047619047	56	L
469.9199047619047	470.20890476190476	13	AW1
470.20890476190476	470.33890476190476	25	EY1
470.33890476190476	470.49790476190475	61	R
470.49790476190475	470.76412267169127	19	EH1
470.76412267169127	470.8160491057535	61	R
470.8160491057535	470.96690476190474	56	L
470.96690476190474	471.35690476190473	16	AY1
471.35690476190473	482.3378684807256	74	sp
482.3378684807256	482.3778684807256	49	DH
482.3778684807256	482.63686848072564	25	EY1
482.63686848072564	482.6868684807256	74	sp
482.6868684807256	483.01686848072563	10	AO1
483.01686848072563	483.1358684807256	56	L
483.1358684807256	483.1858684807256	56	L
483.1858684807256	483.40586848072564	16	AY1
483.40586848072564	483.5348684807256	54	K
483.5348684807256	483.6748684807256	64	T
483.6748684807256	483.7848684807256	56	L
483.7848684807256	483.9548684807256	10	AO1
483.9548684807256	484.0738684807256	59	NG
484.0738684807256	484.2638684807256	52	HH
484.2638684807256	484.4628684807256	1	AA1
484.4628684807256	484.5828684807256	64	T
484.5828684807256	484.8228684807256	63	SH
484.8228684807256	485.2018684807256	13	AW1
485.2018684807256	485.6008684807256	21	ER0
485.6008684807256	485.7108684807256	69	Z
485.7108684807256	496.122358276644	74	sp
496.122358276644	496.182358276644	46	B
496.182358276644	496.312358276644	22	ER1
496.312358276644	496.501358276644	65	TH
496.501358276644	496.551358276644	48	D
496.551358276644	496.771358276644	26	EY2
496.771358276644	496.94035827664396	60	P
496.94035827664396	497.00035827664396	1	AA1
497.00035827664396	497.110358276644	61	R
497.110358276644	497.31035827664397	64	T
497.31035827664397	497.45935827664397	31	IY0
497.45935827664397	497.51935827664397	69	Z
497.51935827664397	497.599358276644	52	HH
497.599358276644	497.788358276644	4	AE1
497.788358276644	497.85835827664397	66	V
497.85835827664397	498.198358276644	74	sp
498.198358276644	498.307358276644	54	K
498.307358276644	498.45735827664396	7	AH1
498.45735827664396	498.57735827664396	60	P
498.57735827664396	498.686358276644	54	K
498.686358276644	498.85635827664396	26	EY2
498.85635827664396	498.986358276644	54	K
498.986358276644	499.026358276644	62	S
499.026358276644	499.265358276644	74	sp
499.265358276644	499.395358276644	4	AE1
499.395358276644	499.50535827664396	58	N
499.50535827664396	499.604358276644	48	D
499.604358276644	499.864358276644	16	AY1
499.864358276644	500.003358276644	62	S
500.003358276644	500.073358276644	54	K
500.073358276644	500.153358276644	61	R
500.153358276644	500.403358276644	32	IY1
500.403358276644	500.542358276644	57	M
500.542358276644	510.85799999999995	74	sp
510.85799999999995	510.97799999999995	60	P
510.97799999999995	511.12699999999995	28	IH1
511.12699999999995	511.2869999999999	54	K
511.2869999999999	511.566	25	EY1
511.566	511.726	60	P
511.726	511.76599999999996	61	R
511.76599999999996	512.035	16	AY1
512.035	512.125	69	Z
512.125	512.255	50	F
512.255	512.355	21	ER0
512.355	512.5071311149951	57	M
512.5071311149951	512.556172747165	49	DH
512.556172747165	512.8273441250456	6	AH0
512.8273441250456	512.8619617477538	46	B
512.8619617477538	513.2919999999999	4	AE1
513.2919999999999	513.332	51	G
513.332	522.7342296217006	74	sp
522.7342296217006	522.9741247165533	4	AE1
522.9741247165533	523.0041247165533	48	D
523.0041247165533	523.0641247165534	74	sp
523.0641247165534	523.1041247165533	49	DH
523.1041247165533	523.2231247165533	6	AH0
523.2231247165533	523.3531247165533	58	N
523.3531247165533	523.5231247165533	7	AH1
523.5231247165533	523.5631247165534	57	M
523.5631247165534	523.6621247165533	46	B
523.6621247165533	523.8021247165533	21	ER0
523.8021247165533	524.0321247165533	64	T
524.0321247165533	524.1011247165534	6	AH0
524.1011247165534	524.2511247165534	51	G
524.2511247165534	524.5801247165533	19	EH1
524.5801247165533	524.6101247165533	49	DH
524.6101247165533	524.6401247165534	21	ER0
524.6401247165534	524.8301247165533	67	W
524.8301247165533	524.9501247165533	7	AH1
524.9501247165533	525.1291247165533	58	N
525.1291247165533	525.1891247165534	46	B
525.1891247165534	525.4091247165534	16	AY1
525.4091247165534	525.4381247165534	52	HH
525.4381247165534	525.5881247165534	67	W
525.5881247165534	525.8281247165534	7	AH1
525.8281247165534	525.9471247165533	58	N
525.9471247165533	535.982947845805	74	sp
535.982947845805	536.012947845805	62	S
536.012947845805	536.0682781354526	64	T
536.0682781354526	536.351947845805	32	IY1
536.351947845805	536.4619478458051	66	V
536.4619478458051	536.650947845805	74	sp
536.650947845805	536.810947845805	67	W
536.810947845805	536.840947845805	10	AO1
536.840947845805	537.2238746321483	61	R
537.2238746321483	537.478947845805	25	EY1
537.478947845805	537.578947845805	46	B
537.578947845805	537.698947845805	61	R
537.698947845805	537.927947845805	16	AY1
537.927947845805	538.0379478458051	64	T
538.0379478458051	538.157947845805	61	R
538.157947845805	538.366947845805	19	EH1
538.366947845805	538.436947845805	48	D
538.436947845805	538.4969478458049	74	sp
538.4969478458049	538.885947845805	63	SH
538.885947845805	539.454947845805	74	sp
539.454947845805	539.514947845805	62	S
539.514947845805	539.613947845805	67	W
539.613947845805	539.783947845805	19	EH1
539.783947845805	539.993947845805	64	T
539.993947845805	540.292947845805	21	ER0
540.292947845805	550.3403174603175	74	sp
550.3403174603175	550.3803174603174	46	B
550.3803174603174	550.6303174603174	1	AA1
550.6303174603174	550.6903174603174	46	B
550.6903174603174	550.8393174603175	56	L
550.8393174603175	550.9693174603174	41	UH1
550.9693174603174	551.0793174603175	54	K
551.0793174603175	551.1783174603174	64	T
551.1783174603174	551.3283174603175	50	F
551.3283174603175	551.4783174603174	10	AO1
551.4783174603174	551.5683174603174	61	R
551.5683174603174	551.7473174603174	63	SH
551.7473174603174	551.9973174603174	19	EH1
551.9973174603174	552.0273174603174	56	L
552.0273174603174	552.1163174603174	69	Z
552.1163174603174	552.1663174603175	74	sp
552.1663174603175	552.2163174603174	46	B
552.2163174603174	552.4863174603174	16	AY1
552.4863174603174	552.5653174603174	49	DH
552.5653174603174	552.7553174603174	6	AH0
552.7553174603174	552.8453174603175	74	sp
552.8453174603175	553.1043174603174	35	OW1
553.1043174603174	553.2943174603174	63	SH
553.2943174603174	553.5933174603174	6	AH0
553.5933174603174	553.6933174603174	58	N
553.6933174603174	562.4119727891157	74	sp
562.4119727891157	562.4719727891156	49	DH
562.4719727891156	562.5419727891157	7	AH1
562.5419727891157	562.7509727891156	61	R
562.7509727891156	562.9509727891157	35	OW1
562.9509727891157	563.0599727891157	69	Z
563.0599727891157	563.2199727891157	6	AH0
563.2199727891157	563.2599727891156	69	Z
563.2599727891156	563.3299727891157	74	sp
563.3299727891157	563.3599727891157	62	S
563.3599727891157	563.4099727891157	57	M
563.4099727891157	563.7289727891157	19	EH1
563.7289727891157	563.8289727891157	56	L
563.8289727891157	564.0779727891156	48	D
564.0779727891156	564.1279727891157	66	V
564.1279727891157	564.2979727891156	19	EH1
564.2979727891156	564.3579727891157	61	R
564.3579727891157	564.5269727891157	31	IY0
564.5269727891157	564.5869727891156	74	sp
564.5869727891156	564.6569727891157	62	S
564.6569727891157	564.7469727891157	67	W
564.7469727891157	564.9959727891157	32	IY1
564.9959727891157	565.2871487053324	64	T
565.2871487053324	573.9131972789115	74	sp
573.9131972789115	573.9731972789116	49	DH
573.9731972789116	574.0821972789115	6	AH0
574.0821972789115	574.3621972789115	64	T
574.3621972789115	574.5611972789115	44	UW1
574.5611972789115	574.7111972789115	65	TH
574.7111972789115	574.8011972789116	50	F
574.8011972789116	575.0101972789115	19	EH1
575.0101972789115	575.0501972789116	61	R
575.0501972789116	575.1701972789115	31	IY0
575.1701972789115	575.3191972789116	50	F
575.3191972789116	575.4891972789114	21	ER0
575.4891972789114	575.5391972789115	51	G
575.5391972789115	575.7291972789114	1	AA1
575.7291972789114	575.7781972789114	64	T
575.7781972789114	575.8581972789116	74	sp
575.8581972789116	575.9581972789115	64	T
575.9581972789115	576.0681972789115	27	IH0
576.0681972789115	576.2271972789115	54	K
576.2271972789115	576.4371972789115	7	AH1
576.4371972789115	576.6004231962575	57	M
576.6004231962575	576.6783128473509	67	W
576.6783128473509	576.8340921495376	19	EH1
576.8340921495376	576.9350602157698	58	N
576.9350602157698	577.63382212247	74	sp
577.63382212247	577.7579557073308	61	R
577.7579557073308	578.3255648522035	28	IH1
578.3255648522035	578.3601824749117	54	K
578.3601824749117	578.6221768261755	21	ER0
578.6221768261755	578.865040387583	48	D
578.865040387583	578.9032640126566	69	Z
578.9032640126566	578.9897381437038	64	T
578.9897381437038	579.1818004216317	44	UW1
579.1818004216317	579.3029621011103	65	TH
579.3029621011103	579.434220587212	50	F
579.434220587212	579.6174055073761	19	EH1
579.6174055073761	579.7011135073612	56	L
579.7011135073612	580.1491972789115	13	AW1
580.1491972789115	580.4679585765095	64	T
580.4679585765095	591.717	74	sp
591.717	591.8159999999999	52	HH
591.8159999999999	592.026	13	AW1
592.026	592.2049999999999	48	D
592.2049999999999	592.355	44	UW1
592.355	592.7239999999999	68	Y
592.7239999999999	592.774	44	UW1
592.774	592.894	58	N
592.894	593.064	35	OW1
593.064	593.163	57	M
593.163	593.293	16	AY1
593.293	593.443	58	N
593.443	593.7672714817629	25	EY1
593.7672714817629	593.832	57	M
593.832	605.0349499131463	74	sp
605.0349499131463	605.1563265306122	53	JH
605.1563265306122	605.3963265306122	1	AA1
605.3963265306122	605.5253265306121	58	N
605.5253265306121	605.6853265306122	52	HH
605.6853265306122	605.7753265306121	19	EH1
605.7753265306121	605.9243265306122	56	L
605.9243265306122	606.0543265306121	60	P
606.0543265306121	606.1143265306122	64	T
606.1143265306122	606.2543265306122	52	HH
606.2543265306122	606.3733265306122	21	ER0
606.3733265306122	606.5233265306122	62	S
606.5233265306122	606.7133265306122	28	IH1
606.7133265306122	606.7923265306122	62	S
606.7923265306122	606.9023265306122	64	T
606.9023265306122	607.0323265306122	21	ER0
607.0323265306122	607.2023265306121	67	W
607.2023265306121	607.3513265306121	28	IH1
607.3513265306121	607.4413265306122	65	TH
607.4413265306122	607.5813265306122	52	HH
607.5813265306122	607.7403265306122	35	OW1
607.7403265306122	607.8003265306122	57	M
607.8003265306122	608.0003265306121	67	W
608.0003265306121	608.3836092003696	23	ER2
608.3836092003696	608.4629412524091	54	K
608.4629412524091	616.9840362811791	74	sp
616.9840362811791	617.1730362811791	54	K
617.1730362811791	617.2230362811791	1	AA1
617.2230362811791	617.3830362811791	61	R
617.3830362811791	617.722036281179	56	L
617.722036281179	617.7920362811791	56	L
617.7920362811791	618.0610362811791	28	IH1
618.0610362811791	618.1310362811791	66	V
618.1310362811791	618.1610362811791	69	Z
618.1610362811791	618.3610362811792	28	IH1
618.3610362811792	618.4700362811791	58	N
618.4700362811791	618.7000362811791	25	EY1
618.7000362811791	618.8100362811791	66	V
618.8100362811791	619.039036281179	19	EH1
619.039036281179	619.0790362811791	61	R
619.0790362811791	619.2790362811791	31	IY0
619.2790362811791	619.338036281179	62	S
619.338036281179	619.4480362811792	57	M
619.4480362811792	619.6380362811791	10	AO1
619.6380362811791	619.6680362811792	56	L
619.6680362811792	619.7970362811791	52	HH
619.7970362811791	620.1770362811792	35	OW1
620.1770362811792	620.3460362811791	57	M
620.3460362811791	641.4325623582766	74	sp
641.4325623582766	641.6025623582766	63	SH
641.6025623582766	641.9315623582767	32	IY1
641.9315623582767	642.1193301381747	74	sp
642.1193301381747	642.3605623582766	62	S
642.3605623582766	642.4405623582766	56	L
642.4405623582766	642.6395623582766	28	IH1
642.6395623582766	642.6695623582766	60	P
642.6695623582766	642.7395623582767	64	T
642.7395623582767	643.0295623582766	74	sp
643.0295623582766	643.2485623582766	1	AA1
643.2485623582766	643.3585623582767	58	N
643.3585623582767	643.3985623582766	49	DH
643.3985623582766	643.5775623582766	6	AH0
643.5775623582766	643.7575623582766	74	sp
643.7575623582766	643.7875623582767	62	S
643.7875623582767	643.8175623582766	64	T
643.8175623582766	644.2526395993073	19	EH1
644.2526395993073	644.3465623582766	61	R
644.3465623582766	644.6471307507334	69	Z
644.6471307507334	654.339410430839	74	sp
654.339410430839	654.419410430839	57	M
654.419410430839	654.679410430839	16	AY1
654.679410430839	654.798410430839	50	F
654.798410430839	654.9784104308391	25	EY1
654.9784104308391	655.008410430839	66	V
655.008410430839	655.0784104308391	61	R
655.0784104308391	655.167410430839	6	AH0
655.167410430839	655.227410430839	64	T
655.227410430839	655.467410430839	16	AY1
655.467410430839	655.537410430839	62	S
655.537410430839	655.6364104308391	74	sp
655.6364104308391	655.726410430839	54	K
655.726410430839	655.756410430839	61	R
655.756410430839	655.9064104308391	32	IY1
655.9064104308391	656.0354104308391	57	M
656.0354104308391	656.205410430839	50	F
656.205410430839	656.235410430839	56	L
656.235410430839	656.455410430839	25	EY1
656.455410430839	656.514410430839	66	V
656.514410430839	656.544410430839	21	ER0
656.544410430839	656.764410430839	28	IH1
656.764410430839	656.8344104308391	69	Z
656.8344104308391	656.874410430839	74	sp
656.874410430839	656.9334104308391	66	V
656.9334104308391	657.053410430839	6	AH0
657.053410430839	657.173410430839	58	N
657.173410430839	657.422410430839	28	IH1
657.422410430839	657.562410430839	56	L
657.562410430839	657.702410430839	6	AH0
657.702410430839	671.2517913832199	74	sp
671.2517913832199	671.33179138322	53	JH
671.33179138322	671.50079138322	1	AA1
671.50079138322	671.7207913832199	58	N
671.7207913832199	671.77079138322	62	S
671.77079138322	672.02979138322	6	AH0
672.02979138322	672.0697913832199	58	N
672.0697913832199	672.14979138322	69	Z
672.14979138322	672.1997913832199	74	sp
672.1997913832199	672.2297913832199	46	B
672.2297913832199	672.3397913832199	61	R
672.3397913832199	672.4787913832199	7	AH1
672.4787913832199	672.52879138322	49	DH
672.52879138322	672.94779138322	21	ER0
672.94779138322	673.3967913832199	74	sp
673.3967913832199	673.6867913832199	60	P
673.6867913832199	673.72579138322	21	ER0
673.72579138322	674.5937913832199	74	sp
674.5937913832199	675.01379138322	7	AH1
675.01379138322	677.73679138322	74	sp
677.73679138322	677.9267913832199	61	R
677.9267913832199	678.13579138322	31	IY0
678.13579138322	678.49579138322	60	P
678.49579138322	678.63479138322	25	EY1
678.63479138322	679.2537913832199	58	N
679.2537913832199	679.44279138322	64	T
679.44279138322	680.0417913832199	6	AH0
680.0417913832199	680.1717913832199	48	D
680.1717913832199	680.21179138322	49	DH
680.21179138322	680.34079138322	6	AH0
680.34079138322	681.16979138322	74	sp
681.16979138322	681.1987913832199	60	P
681.1987913832199	681.29879138322	22	ER1
681.29879138322	681.3287913832199	47	CH
681.3287913832199	681.3587913832199	6	AH0
681.3587913832199	681.39879138322	62	S
681.39879138322	681.4687913832199	64	T
681.4687913832199	681.4987913832199	6	AH0
681.4987913832199	681.52879138322	69	Z
681.52879138322	682.0477913832199	74	sp
682.0477913832199	682.10679138322	49	DH
682.10679138322	682.1767913832199	6	AH0
682.1767913832199	682.44679138322	64	T
682.44679138322	682.47679138322	67	W
682.47679138322	682.5457913832199	7	AH1
682.5457913832199	682.6557913832199	64	T
682.6557913832199	682.8157913832199	74	sp
682.8157913832199	682.9447913832199	28	IH1
682.9447913832199	682.9847913832199	64	T
682.9847913832199	683.0647913832199	74	sp
683.0647913832199	683.0947913832199	62	S
683.0947913832199	683.27479138322	28	IH1
683.27479138322	683.3147913832199	69	Z
683.3147913832199	683.5737913832199	74	sp
683.5737913832199	683.68379138322	35	OW1
683.68379138322	683.7337913832199	61	R
683.7337913832199	683.8527913832199	31	IY0
683.8527913832199	683.9727913832199	60	P
683.9727913832199	684.05279138322	25	EY1
684.05279138322	684.09279138322	58	N
684.09279138322	684.21279138322	64	T
684.21279138322	684.34179138322	6	AH0
684.34179138322	684.4017913832199	48	D
684.4017913832199	684.5117913832199	74	sp
684.5117913832199	684.60179138322	61	R
684.60179138322	684.77079138322	31	IY0
684.77079138322	684.9207913832199	60	P
684.9207913832199	685.12079138322	25	EY1
685.12079138322	685.2397913832199	58	N
685.2397913832199	685.3497913832199	64	T
685.3497913832199	685.5597913832199	6	AH0
685.5597913832199	685.5987913832199	48	D
685.5987913832199	685.63879138322	49	DH
685.63879138322	685.79879138322	6	AH0
685.79879138322	687.0357913832199	74	sp
687.0357913832199	687.0657913832199	51	G
687.0657913832199	687.2857913832199	21	ER0
687.2857913832199	687.6444006391401	1	AA1
687.6444006391401	687.8337913832199	70	ZH
687.8337913832199	687.92379138322	48	D
687.92379138322	688.18379138322	10	AO1
688.18379138322	688.4027913832199	61	R
688.4027913832199	700.082358276644	74	sp
700.082358276644	700.182358276644	52	HH
700.182358276644	700.461358276644	13	AW1
700.461358276644	700.621358276644	57	M
700.621358276644	700.7813582766439	7	AH1
700.7813582766439	701.0503582766439	47	CH
701.0503582766439	701.331037326159	74	sp
701.331037326159	701.498265126593	6	AH0
701.498265126593	701.5949059899865	56	L
701.5949059899865	702.285380525754	13	AW1
702.285380525754	702.3364359249167	67	W
702.3364359249167	702.5414798113602	6	AH0
702.5414798113602	702.615042259615	58	N
702.615042259615	702.7369495121202	62	S
702.7369495121202	703.0178692826643	74	sp
703.0178692826643	703.0632421815322	48	D
703.0632421815322	703.2579663092656	44	UW1
703.2579663092656	703.4570176398377	68	Y
703.4570176398377	703.8054305859988	44	UW1
703.8054305859988	703.8285090011377	51	G
703.8285090011377	704.3730884759786	19	EH1
704.3730884759786	704.4956925564034	64	T
704.4956925564034	713.3265306122449	74	sp
713.3265306122449	713.3855306122449	52	HH
713.3855306122449	713.6455306122449	32	IY1
713.6455306122449	713.7255306122449	74	sp
713.7255306122449	713.994530612245	25	EY1
713.994530612245	714.114530612245	64	T
714.114530612245	714.263530612245	50	F
714.263530612245	714.4035306122449	10	AO1
714.4035306122449	714.5335306122449	61	R
714.5335306122449	715.441530612245	74	sp
715.441530612245	715.580530612245	50	F
715.580530612245	715.710530612245	10	AO1
715.710530612245	715.7405306122449	61	R
715.7405306122449	715.9005306122449	19	EH1
715.9005306122449	716.0295306122449	54	K
716.0295306122449	716.099530612245	62	S
716.099530612245	716.1695306122449	64	T
716.1695306122449	716.1995306122449	61	R
716.1995306122449	716.4195306122449	6	AH0
716.4195306122449	716.5285306122449	74	sp
716.5285306122449	716.768530612245	19	EH1
716.768530612245	716.888530612245	51	G
716.888530612245	716.9675306122449	69	Z
716.9675306122449	717.0575306122449	50	F
717.0575306122449	717.147530612245	10	AO1
717.147530612245	717.1775306122449	61	R
717.1775306122449	717.3075306122449	46	B
717.3075306122449	717.3465306122449	61	R
717.3465306122449	717.5065306122449	19	EH1
717.5065306122449	717.646530612245	54	K
717.646530612245	717.7565306122449	50	F
717.7565306122449	717.8455306122449	6	AH0
717.8455306122449	717.8755306122449	62	S
717.8755306122449	717.945530612245	64	T
717.945530612245	728.7907482993197	74	sp
728.7907482993197	728.9207482993197	63	SH
728.9207482993197	729.1097482993198	32	IY1
729.1097482993198	729.2997482993197	28	IH1
729.2997482993197	729.3297482993198	69	Z
729.3297482993198	729.4903889701942	74	sp
729.4903889701942	729.5899146354802	64	T
729.5899146354802	729.7187482993197	10	AO1
729.7187482993197	729.8384047572888	56	L
729.8384047572888	730.0518800973225	21	ER0
730.0518800973225	730.0821705171923	49	DH
730.0821705171923	730.1977482993198	4	AE1
730.1977482993198	730.2856848991994	58	N
730.2856848991994	730.6556607418929	16	AY1
730.6556607418929	730.9557482993198	4	AE1
730.9557482993198	731.0957482993197	57	M
731.0957482993197	742.0900680272109	74	sp
742.0900680272109	742.2290680272109	52	HH
742.2290680272109	742.4390680272109	13	AW1
742.4390680272109	742.608068027211	48	D
742.608068027211	742.8780680272109	44	UW1
742.8780680272109	743.4770680272109	74	sp
743.4770680272109	743.6860680272109	38	OY1
743.6860680272109	743.866068027211	62	S
743.866068027211	744.0750680272109	64	T
744.0750680272109	744.305068027211	21	ER0
744.305068027211	744.4940680272109	69	Z
744.4940680272109	744.5740680272108	57	M
744.5740680272108	744.7840680272109	25	EY1
744.7840680272109	744.853068027211	54	K
744.853068027211	745.3320680272109	74	sp
745.3320680272109	745.462068027211	60	P
745.462068027211	745.7110680272109	22	ER1
745.7110680272109	746.001068027211	56	L
746.001068027211	746.031068027211	69	Z
746.031068027211	757.1614512471656	74	sp
757.1614512471656	757.3104512471657	67	W
757.3104512471657	757.6104512471657	32	IY1
757.6104512471657	757.7894512471656	67	W
757.7894512471656	757.9594512471656	19	EH1
757.9594512471656	758.0194512471656	56	L
758.0194512471656	758.1494512471656	54	K
758.1494512471656	758.3684512471657	6	AH0
758.3684512471657	758.3984512471657	57	M
758.3984512471657	758.4284512471656	57	M
758.4284512471656	758.6284512471657	19	EH1
758.6284512471657	758.7474512471656	58	N
758.7474512471656	758.9074512471657	31	IY0
758.9074512471657	759.0374512471656	58	N
759.0374512471656	759.2164512471657	68	Y
759.2164512471657	759.3964512471656	44	UW1
759.3964512471656	759.6209431931821	74	sp
759.6209431931821	759.9378358838906	62	S
759.9378358838906	759.9637991009216	64	T
759.9637991009216	760.1509506236877	44	UW1
760.1509506236877	760.1805198430842	48	D
760.1805198430842	760.3305295414863	6	AH0
760.3305295414863	760.4040919897411	58	N
760.4040919897411	760.4365713343434	64	T
760.4365713343434	760.5623954935837	62	S
760.5623954935837	760.7934512471656	32	IY1
760.7934512471656	760.9824512471656	47	CH
760.9824512471656	761.1724512471657	68	Y
761.1724512471657	761.4014512471656	28	IH1
761.4014512471656	761.4614512471657	61	R
761.4614512471657	770.9815959091775	74	sp
770.9815959091775	771.1449047877329	67	W
771.1449047877329	771.3449694434244	32	IY1
771.3449694434244	771.4619552557288	1	AA1
771.4619552557288	771.6169459998524	61	R
771.6169459998524	771.9696402687873	35	OW1
771.9696402687873	772.0384157491729	60	P
772.0384157491729	772.1545403519114	6	AH0
772.1545403519114	772.2780408127962	58	N
772.2780408127962	772.479371044953	74	sp
772.479371044953	772.7357951274918	19	EH1
772.7357951274918	772.8600688251591	66	V
772.8600688251591	772.931373405788	61	R
772.931373405788	773.1377263414153	31	IY0
773.1377263414153	773.205887038662	57	M
773.205887038662	773.4055398644228	7	AH1
773.4055398644228	773.5002730929726	58	N
773.5002730929726	773.5701286885383	48	D
773.5701286885383	773.889462343522	24	EY0
773.889462343522	774.14539459955	32	IY1
774.14539459955	774.2941155820043	66	V
774.2941155820043	774.4214451902702	58	N
774.4214451902702	774.6423399391223	27	IH0
774.6423399391223	775.0031742566449	59	NG
775.0031742566449	834.4170521541951	74	sp
