45.07	45.129	21	ER0	0
45.129	45.169	68	Y	0
45.169	45.219	41	UH1	0
45.219	45.249	61	R	0
45.249	45.319	51	G	0
45.319	45.349	61	R	0
45.349	45.509	25	EY1	0
45.509	45.548	48	D	0
45.548	45.598	69	Z	0
45.598	45.648	74	sp	0
45.648	45.718	52	HH	0
45.718	45.938	16	AY1	0
45.938	46.117	21	ER0	0
46.117	46.207	21	ER0	0
46.207	46.347	56	L	0
46.347	46.536	35	OW1	0
46.536	46.586	21	ER0	0
46.586	46.646	49	DH	0
46.646	46.676	6	AH0	0
46.676	46.746	58	N	0
46.746	46.816	58	N	0
46.816	46.975	4	AE1	0
46.975	47.035	58	N	0
47.035	47.155	62	S	0
47.155	47.394	31	IY0	0
47.394	47.614	69	Z	0
54.289	54.438	63	SH	1
54.438	54.538	32	IY1	1
54.538	54.568	67	W	1
54.568	55.047	10	AO1	1
55.047	55.177	61	R	1
55.177	55.616	74	sp	1
55.616	55.665	67	W	1
55.665	55.915	10	AO1	1
55.915	55.945	61	R	1
55.945	56.065	57	M	1
56.065	56.184	50	F	1
56.184	56.224	56	L	1
56.224	56.334	32	IY1	1
56.334	56.484	62	S	1
56.484	56.773	31	IY0	1
56.773	57.052	74	sp	1
57.052	57.282	67	W	1
57.282	57.312	41	UH1	1
57.312	57.461	56	L	1
57.461	57.681	6	AH0	1
57.681	57.711	58	N	1
57.711	57.89	35	OW1	1
57.89	57.99	66	V	1
57.99	58.11	21	ER0	1
58.11	58.28	11	AO2	1
58.28	58.409	56	L	1
58.409	58.509	69	Z	1
77.745	77.805	61	R	2
77.805	77.965	32	IY1	2
77.965	77.995	48	D	2
77.995	78.075	27	IH0	2
78.075	78.134	59	NG	2
78.134	78.244	28	IH1	2
78.244	78.294	58	N	2
78.294	78.414	60	P	2
78.414	78.573	41	UH1	2
78.573	78.643	61	R	2
78.643	78.803	56	L	2
78.803	79.082	16	AY1	2
79.082	79.112	64	T	2
79.112	79.172	51	G	2
79.172	79.372	28	IH1	2
79.372	79.441	66	V	2
79.441	79.471	69	Z	2
79.471	79.561	68	Y	2
79.561	79.591	44	UW1	2
79.591	79.821	16	AY1	2
79.821	79.96	62	S	2
79.96	79.99	64	T	2
79.99	80.03	61	R	2
80.03	80.309	26	EY2	2
80.309	80.469	58	N	2
92.422	92.602	32	IY1	3
92.602	92.681	66	V	3
92.681	92.731	6	AH0	3
92.731	92.761	58	N	3
92.761	93.001	16	AY1	3
93.001	93.031	6	AH0	3
93.031	93.14	54	K	3
93.14	93.26	25	EY1	3
93.26	93.31	70	ZH	3
93.31	93.34	58	N	3
93.34	93.37	6	AH0	3
93.37	93.49	56	L	3
93.49	93.579	31	IY0	3
93.579	93.649	51	G	3
93.649	93.849	19	EH1	3
93.849	93.988	64	T	3
93.988	94.018	49	DH	3
94.018	94.108	7	AH1	3
94.108	94.188	57	M	3
94.188	94.298	7	AH1	3
94.298	94.328	58	N	3
94.328	94.368	48	D	3
94.368	94.487	26	EY2	3
94.487	94.607	46	B	3
94.607	94.697	56	L	3
94.697	94.996	44	UW1	3
94.996	95.196	69	Z	3
104.465	104.524	74	sp	4
104.524	104.644	67	W	4
104.644	104.714	32	IY1	4
104.714	104.794	1	AA1	4
104.794	104.854	61	R	4
104.854	105.053	35	OW1	4
105.053	105.123	60	P	4
105.123	105.173	6	AH0	4
105.173	105.253	58	N	4
105.253	105.363	19	EH1	4
105.363	105.432	66	V	4
105.432	105.482	21	ER0	4
105.482	105.512	31	IY0	4
105.512	105.622	57	M	4
105.622	105.672	7	AH1	4
105.672	105.732	58	N	4
105.732	105.802	48	D	4
105.802	106.051	26	EY2	4
106.051	106.191	32	IY1	4
106.191	106.28	66	V	4
106.28	106.33	58	N	4
106.33	106.39	27	IH0	4
106.39	106.7	59	NG	4
106.7	107.089	74	sp	4
114.631	114.691	74	sp	5
114.691	114.741	6	AH0	5
114.741	114.781	64	T	5
114.781	114.851	62	S	5
114.851	114.881	58	N	5
114.881	114.991	1	AA1	5
114.991	115.021	64	T	5
115.021	115.23	32	IY1	5
115.23	115.26	69	Z	5
115.26	115.34	31	IY0	5
115.34	115.46	64	T	5
115.46	115.509	27	IH0	5
115.509	115.599	54	K	5
115.599	115.659	61	R	5
115.659	115.699	31	IY0	5
115.699	115.929	25	EY1	5
115.929	115.958	64	T	5
115.958	116.028	29	IH2	5
116.028	116.168	56	L	5
116.168	116.308	44	UW1	5
116.308	116.338	57	M	5
116.338	116.387	6	AH0	5
116.387	116.467	58	N	5
116.467	116.607	26	EY2	5
116.607	116.647	64	T	5
116.647	116.807	27	IH0	5
116.807	116.836	59	NG	5
116.836	116.946	27	IH0	5
116.946	116.986	51	G	5
116.986	117.046	69	Z	5
117.046	117.186	4	AE1	5
117.186	117.256	57	M	5
117.256	117.355	60	P	5
117.355	117.385	6	AH0	5
117.385	117.575	56	L	5
117.575	117.675	69	Z	5
126.315	126.365	74	sp	6
126.365	126.514	57	M	6
126.514	126.724	7	AH1	6
126.724	126.764	57	M	6
126.764	126.924	62	S	6
126.924	126.953	64	T	6
126.953	126.993	61	R	6
126.993	127.063	10	AO1	6
127.063	127.093	59	NG	6
127.093	127.223	56	L	6
127.223	127.263	31	IY0	6
127.263	127.373	48	D	6
127.373	127.432	29	IH2	6
127.432	127.542	62	S	6
127.542	127.602	56	L	6
127.602	127.752	16	AY1	6
127.752	127.792	54	K	6
127.792	127.841	62	S	6
127.841	127.981	4	AE1	6
127.981	128.071	60	P	6
128.071	128.111	6	AH0	6
128.111	128.161	64	T	6
128.161	128.33	17	AY2	6
128.33	128.37	69	Z	6
128.37	128.55	21	ER0	6
128.55	128.69	69	Z	6
137.001	137.051	49	DH	7
137.051	137.28	35	OW1	7
137.28	137.38	69	Z	7
137.38	137.42	52	HH	7
137.42	137.48	44	UW1	7
137.48	137.599	64	T	7
137.599	137.729	32	IY1	7
137.729	137.859	47	CH	7
137.859	137.929	66	V	7
137.929	138.078	4	AE1	7
138.078	138.188	56	L	7
138.188	138.228	68	Y	7
138.228	138.348	43	UW0	7
138.348	138.537	69	Z	7
138.537	138.627	50	F	7
138.627	138.737	22	ER1	7
138.737	138.876	62	S	7
138.876	138.906	64	T	7
138.906	138.946	6	AH0	7
138.946	139.086	46	B	7
139.086	139.226	1	AA1	7
139.226	139.315	56	L	7
139.315	139.375	29	IH2	7
139.375	139.465	63	SH	7
139.465	139.704	47	CH	7
139.704	139.834	32	IY1	7
139.834	139.864	64	T	7
139.864	139.924	27	IH0	7
139.924	140.143	59	NG	7
140.143	140.642	74	sp	7
148.754	148.934	74	sp	8
148.934	149.093	49	DH	8
149.093	149.153	7	AH1	8
149.153	149.283	50	F	8
149.283	149.313	61	R	8
149.313	149.462	16	AY1	8
149.462	149.492	64	T	8
149.492	149.522	6	AH0	8
149.522	149.552	58	N	8
149.552	149.582	48	D	8
149.582	149.642	47	CH	8
149.642	149.792	16	AY1	8
149.792	149.911	56	L	8
149.911	149.951	48	D	8
149.951	150.031	67	W	8
150.031	150.101	7	AH1	8
150.101	150.191	69	Z	8
150.191	150.29	53	JH	8
150.29	150.43	19	EH1	8
150.43	150.46	58	N	8
150.46	150.49	64	T	8
150.49	150.6	56	L	8
150.6	150.789	31	IY0	8
150.789	150.819	19	EH1	8
150.819	150.869	62	S	8
150.869	151.568	74	sp	8
151.568	151.607	67	W	8
151.607	151.667	7	AH1	8
151.667	151.697	64	T	8
151.697	152.186	74	sp	8
152.186	152.226	48	D	8
152.226	152.256	6	AH0	8
152.256	152.286	69	Z	8
152.286	152.316	49	DH	8
152.316	152.366	6	AH0	8
152.366	152.396	64	T	8
152.396	152.456	32	IY1	8
152.456	152.485	66	V	8
152.485	152.535	6	AH0	8
152.535	152.575	58	N	8
152.575	152.635	62	S	8
152.635	152.795	25	EY1	8
152.795	152.934	62	S	8
152.934	153.144	7	AH1	8
153.144	153.274	46	B	8
153.274	153.383	48	D	8
153.383	153.892	74	sp	8
153.892	153.972	46	B	8
153.972	154.112	16	AY1	8
154.112	154.142	52	HH	8
154.142	154.231	28	IH1	8
154.231	154.331	69	Z	8
154.331	154.431	74	sp	8
154.431	154.461	46	B	8
154.461	154.601	28	IH1	8
154.601	154.631	51	G	8
154.631	154.71	46	B	8
154.71	154.75	61	R	8
154.75	154.85	7	AH1	8
154.85	154.98	49	DH	8
154.98	155.109	21	ER0	8
192.075	192.195	32	IY1	9
192.195	192.285	66	V	9
192.285	192.335	6	AH0	9
192.335	192.425	58	N	9
192.425	192.475	6	AH0	9
192.475	192.594	62	S	9
192.594	192.634	28	IH1	9
192.634	192.714	57	M	9
192.714	192.774	60	P	9
192.774	192.814	6	AH0	9
192.814	192.914	56	L	9
192.914	192.963	66	V	9
192.963	193.083	34	OW0	9
193.083	193.193	54	K	9
193.193	193.283	4	AE1	9
193.283	193.333	46	B	9
193.333	193.363	68	Y	9
193.363	193.392	6	AH0	9
193.392	193.542	56	L	9
193.542	193.572	20	EH2	9
193.572	193.612	61	R	9
193.612	193.792	31	IY0	9
193.792	193.881	54	K	9
193.881	193.911	6	AH0	9
193.911	194.001	58	N	9
194.001	194.081	64	T	9
194.081	194.231	25	EY1	9
194.231	194.29	58	N	9
194.29	194.33	69	Z	9
194.33	194.37	74	sp	9
194.37	194.42	62	S	9
194.42	194.45	28	IH1	9
194.45	194.58	57	M	9
194.58	194.62	46	B	9
194.62	194.65	6	AH0	9
194.65	194.839	56	L	9
194.839	194.999	69	Z	9
203.32	203.39	6	AH0	10
203.39	203.539	54	K	10
203.539	203.599	61	R	10
203.599	203.859	4	AE1	10
203.859	203.958	46	B	10
203.958	204.068	74	sp	10
204.068	204.168	47	CH	10
204.168	204.288	4	AE1	10
204.288	204.397	56	L	10
204.397	204.437	6	AH0	10
204.437	204.487	58	N	10
204.487	204.567	53	JH	10
204.567	204.657	48	D	10
204.657	204.707	57	M	10
204.707	205.086	32	IY1	10
205.086	205.405	74	sp	10
205.405	205.455	46	B	10
205.455	205.595	7	AH1	10
205.595	205.655	64	T	10
205.655	205.754	25	EY1	10
205.754	205.844	54	K	10
205.844	205.874	67	W	10
205.874	205.954	28	IH1	10
205.954	206.024	54	K	10
206.024	206.153	62	S	10
206.153	206.183	64	T	10
206.183	206.423	4	AE1	10
206.423	206.483	46	B	10
206.483	206.513	74	sp	10
206.513	206.652	66	V	10
206.652	206.692	4	AE1	10
206.692	206.822	59	NG	10
206.822	206.892	54	K	10
206.892	206.922	67	W	10
206.922	206.982	27	IH0	10
206.982	207.111	63	SH	10
207.111	207.171	64	T	10
207.171	207.221	52	HH	10
207.221	207.281	28	IH1	10
207.281	207.51	57	M	10
217.777	217.917	51	G	11
217.917	218.026	56	L	11
218.026	218.076	44	UW1	11
218.076	218.176	54	K	11
218.176	218.376	36	OW2	11
218.376	218.515	62	S	11
218.515	218.765	4	AE1	11
218.765	218.795	58	N	11
218.795	218.865	48	D	11
218.865	219.014	50	F	11
219.014	219.054	61	R	11
219.054	219.134	44	UW1	11
219.134	219.164	54	K	11
219.164	219.294	64	T	11
219.294	219.393	36	OW2	11
219.393	219.533	62	S	11
219.533	219.693	1	AA1	11
219.693	219.723	61	R	11
219.723	219.812	58	N	11
219.812	219.912	4	AE1	11
219.912	219.982	47	CH	11
219.982	220.012	61	R	11
220.012	220.042	6	AH0	11
220.042	220.072	56	L	11
220.072	220.182	63	SH	11
220.182	220.261	41	UH1	11
220.261	220.291	51	G	11
220.291	220.431	21	ER0	11
220.431	220.551	69	Z	11
220.551	220.621	50	F	11
220.621	220.74	13	AW1	11
220.74	220.79	58	N	11
220.79	220.83	48	D	11
220.83	220.89	6	AH0	11
220.89	220.92	58	N	11
220.92	221.01	74	sp	11
221.01	221.04	50	F	11
221.04	221.09	61	R	11
221.09	221.119	44	UW1	11
221.119	221.189	64	T	11
231.137	231.177	21	ER0	12
231.177	231.306	68	Y	12
231.306	231.376	44	UW1	12
231.376	231.416	56	L	12
231.416	231.466	41	UH1	12
231.466	231.546	54	K	12
231.546	231.636	27	IH0	12
231.636	231.675	59	NG	12
231.675	231.745	74	sp	12
231.745	231.785	50	F	12
231.785	231.825	61	R	12
231.825	231.855	21	ER0	12
231.855	231.915	6	AH0	12
231.915	231.985	57	M	12
231.985	232.095	60	P	12
232.095	232.124	56	L	12
232.124	232.204	38	OY1	12
232.204	232.234	57	M	12
232.234	232.354	6	AH0	12
232.354	232.424	58	N	12
232.424	232.474	64	T	12
240.625	240.715	54	K	13
240.715	240.855	1	AA1	13
240.855	240.974	50	F	13
240.974	241.184	31	IY0	13
241.184	241.373	28	IH1	13
241.373	241.513	69	Z	13
241.513	241.563	51	G	13
241.563	241.663	61	R	13
241.663	241.743	35	OW1	13
241.743	241.782	58	N	13
241.782	242.092	7	AH1	13
242.092	242.122	60	P	13
242.122	242.501	74	sp	13
242.501	242.561	51	G	13
242.561	242.651	61	R	13
242.651	242.75	35	OW1	13
242.75	242.79	58	N	13
242.79	242.98	1	AA1	13
242.98	243.04	58	N	13
243.04	243.179	62	S	13
243.179	243.229	64	T	13
243.229	243.399	32	IY1	13
243.399	243.439	60	P	13
243.439	243.489	53	JH	13
243.489	243.588	7	AH1	13
243.588	243.648	59	NG	13
243.648	243.678	51	G	13
243.678	243.708	6	AH0	13
243.708	243.738	56	L	13
243.738	243.818	56	L	13
243.818	243.968	16	AY1	13
243.968	243.997	54	K	13
243.997	244.087	62	S	13
244.087	244.177	56	L	13
244.177	244.307	35	OW1	13
244.307	244.337	60	P	13
244.337	244.407	62	S	13
244.407	244.646	28	IH1	13
244.646	244.676	58	N	13
244.676	244.786	64	T	13
244.786	244.856	19	EH1	13
244.856	244.945	57	M	13
244.945	245.045	60	P	13
245.045	245.105	21	ER0	13
245.105	245.155	6	AH0	13
245.155	245.225	64	T	13
245.225	245.494	74	sp	13
245.494	245.544	69	Z	13
245.544	245.734	35	OW1	13
245.734	245.853	58	N	13
245.853	246.033	69	Z	13
246.033	246.422	74	sp	13
257.976	258.105	67	W	14
258.105	258.205	32	IY1	14
258.205	258.265	67	W	14
258.265	258.305	19	EH1	14
258.305	258.435	56	L	14
258.435	258.504	54	K	14
258.504	258.564	6	AH0	14
258.564	258.634	57	M	14
258.634	258.744	57	M	14
258.744	258.804	19	EH1	14
258.804	258.834	58	N	14
258.834	258.914	31	IY0	14
258.914	259.003	58	N	14
259.003	259.093	68	Y	14
259.093	259.123	44	UW1	14
259.123	259.223	62	S	14
259.223	259.253	64	T	14
259.253	259.323	44	UW1	14
259.323	259.373	48	D	14
259.373	259.412	6	AH0	14
259.412	259.442	58	N	14
259.442	259.472	64	T	14
259.472	259.512	62	S	14
259.512	259.632	32	IY1	14
259.632	259.772	47	CH	14
259.772	259.802	68	Y	14
259.802	259.981	28	IH1	14
259.981	260.011	61	R	14
269.649	269.739	74	sp	15
269.739	269.889	35	OW1	15
269.889	269.929	58	N	15
269.929	270.008	56	L	15
270.008	270.038	31	IY0	15
270.038	270.068	49	DH	15
270.068	270.138	7	AH1	15
270.138	270.258	46	B	15
270.258	270.338	19	EH1	15
270.338	270.407	62	S	15
270.407	270.447	64	T	15
270.447	270.537	60	P	15
270.537	270.597	56	L	15
270.597	270.697	25	EY1	15
270.697	270.777	21	ER0	15
270.777	270.866	69	Z	15
270.866	270.996	6	AH0	15
270.996	271.036	58	N	15
271.036	271.126	53	JH	15
271.126	271.265	38	OY1	15
271.265	271.385	60	P	15
271.385	271.445	2	AA2	15
271.445	271.535	60	P	15
271.535	271.565	68	Y	15
271.565	271.595	6	AH0	15
271.595	271.655	56	L	15
271.655	271.794	19	EH1	15
271.794	271.824	61	R	15
271.824	271.854	6	AH0	15
271.854	271.904	64	T	15
271.904	272.163	31	IY0	15
280.934	281.013	54	K	16
281.013	281.073	4	AE1	16
281.073	281.153	56	L	16
281.153	281.283	62	S	16
281.283	281.373	31	IY0	16
281.373	281.442	6	AH0	16
281.442	281.552	57	M	16
281.552	281.642	57	M	16
281.642	281.732	25	EY1	16
281.732	281.802	54	K	16
281.802	281.901	62	S	16
281.901	282.001	46	B	16
282.001	282.241	35	OW1	16
282.241	282.34	58	N	16
282.34	282.55	69	Z	16
282.55	282.59	74	sp	16
282.59	282.66	64	T	16
282.66	282.69	32	IY1	16
282.69	282.809	4	AE1	16
282.809	282.839	58	N	16
282.839	282.869	48	D	16
282.869	282.979	64	T	16
282.979	283.079	32	IY1	16
283.079	283.139	65	TH	16
283.139	283.238	74	sp	16
283.238	283.328	62	S	16
283.328	283.358	64	T	16
283.358	283.388	61	R	16
283.388	283.578	10	AO1	16
283.578	283.727	59	NG	16
292.038	292.088	58	N	17
292.088	292.308	7	AH1	17
292.308	292.397	65	TH	17
292.397	292.427	27	IH0	17
292.427	292.527	59	NG	17
292.527	292.637	28	IH1	17
292.637	292.747	69	Z	17
292.747	292.797	19	EH1	17
292.797	292.936	69	Z	17
292.936	293.096	6	AH0	17
293.096	293.285	50	F	17
293.285	293.385	19	EH1	17
293.385	293.435	58	N	17
293.435	293.595	62	S	17
293.595	293.814	27	IH0	17
293.814	293.874	66	V	17
293.874	293.984	19	EH1	17
293.984	294.124	69	Z	17
294.124	294.183	28	IH1	17
294.183	294.233	58	N	17
294.233	294.323	6	AH0	17
294.323	294.453	62	S	17
294.453	294.602	6	AH0	17
294.602	294.642	58	N	17
294.642	294.872	62	S	17
303.392	303.422	74	sp	18
303.422	303.542	62	S	18
303.542	303.592	64	T	18
303.592	303.732	32	IY1	18
303.732	303.792	66	V	18
303.792	303.821	67	W	18
303.821	304.021	10	AO1	18
304.021	304.051	61	R	18
304.051	304.091	6	AH0	18
304.091	304.231	46	B	18
304.231	304.27	61	R	18
304.27	304.45	16	AY1	18
304.45	304.49	64	T	18
304.49	304.58	61	R	18
304.58	304.67	19	EH1	18
304.67	304.709	48	D	18
304.709	304.779	74	sp	18
304.779	304.889	54	K	18
304.889	305.009	4	AE1	18
305.009	305.139	70	ZH	18
305.139	305.228	57	M	18
305.228	305.328	27	IH0	18
305.328	305.358	61	R	18
305.358	305.488	62	S	18
305.488	305.538	67	W	18
305.538	305.617	19	EH1	18
305.617	305.667	64	T	18
305.667	305.857	21	ER0	18
314.088	314.288	46	B	19
314.288	314.437	1	AA1	19
314.437	314.627	61	R	19
314.627	314.677	46	B	19
314.677	314.817	69	Z	19
314.817	314.856	51	G	19
314.856	315.066	35	OW1	19
315.066	315.106	56	L	19
315.106	315.176	48	D	19
315.176	315.236	46	B	19
315.236	315.315	61	R	19
315.315	315.415	25	EY1	19
315.415	315.555	62	S	19
315.555	315.665	56	L	19
315.665	315.754	6	AH0	19
315.754	315.784	64	T	19
315.784	315.864	67	W	19
315.864	315.934	7	AH1	19
315.934	316.044	69	Z	19
316.044	316.094	6	AH0	19
316.094	316.173	51	G	19
316.173	316.223	61	R	19
316.223	316.343	5	AE2	19
316.343	316.423	53	JH	19
316.423	316.473	43	UW0	19
316.473	316.592	25	EY1	19
316.592	316.712	63	SH	19
316.712	316.782	6	AH0	19
316.782	316.812	58	N	19
316.812	316.902	60	P	19
316.902	316.942	61	R	19
316.942	317.002	19	EH1	19
317.002	317.101	69	Z	19
317.101	317.161	6	AH0	19
317.161	317.211	58	N	19
317.211	317.271	64	T	19
337.734	337.784	1	AA1	0
337.784	337.814	61	R	0
337.814	337.884	68	Y	0
337.884	337.914	41	UH1	0
337.914	337.944	61	R	0
337.944	338.004	51	G	0
338.004	338.034	61	R	0
338.034	338.173	25	EY1	0
338.173	338.253	48	D	0
338.253	338.283	69	Z	0
338.283	338.323	52	HH	0
338.323	338.513	16	AY1	0
338.513	338.622	21	ER0	0
338.622	338.652	21	ER0	0
338.652	338.792	56	L	0
338.792	338.932	35	OW1	0
338.932	338.982	21	ER0	0
338.982	339.041	49	DH	0
339.041	339.071	6	AH0	0
339.071	339.121	58	N	0
339.121	339.191	58	N	0
339.191	339.311	4	AE1	0
339.311	339.421	58	N	0
339.421	339.5	62	S	0
339.5	339.69	31	IY0	0
339.69	339.939	69	Z	0
339.939	340.219	74	sp	0
352.192	352.351	63	SH	1
352.351	352.481	32	IY1	1
352.481	352.561	67	W	1
352.561	353.04	10	AO1	1
353.04	353.249	61	R	1
353.249	353.339	67	W	1
353.339	353.568	10	AO1	1
353.568	353.608	61	R	1
353.608	353.738	57	M	1
353.738	353.878	50	F	1
353.878	353.918	56	L	1
353.918	354.017	32	IY1	1
354.017	354.127	62	S	1
354.127	354.197	31	IY0	1
354.197	354.227	67	W	1
354.227	354.257	41	UH1	1
354.257	355.085	56	L	1
355.085	355.684	74	sp	1
355.684	355.833	67	W	1
355.833	355.863	41	UH1	1
355.863	356.063	56	L	1
356.063	356.173	50	F	1
356.173	356.701	74	sp	1
356.701	356.821	50	F	1
356.821	356.901	7	AH1	1
356.901	356.941	54	K	1
356.941	357.17	74	sp	1
357.17	357.39	35	OW1	1
357.39	357.42	66	V	1
357.42	357.48	21	ER0	1
357.48	357.639	11	AO2	1
357.639	357.729	56	L	1
357.729	357.769	69	Z	1
373.822	373.912	61	R	2
373.912	373.982	32	IY1	2
373.982	374.012	48	D	2
374.012	374.052	27	IH0	2
374.052	374.092	59	NG	2
374.092	374.251	28	IH1	2
374.251	374.281	58	N	2
374.281	374.431	60	P	2
374.431	374.531	41	UH1	2
374.531	374.571	61	R	2
374.571	374.83	56	L	2
374.83	375.04	16	AY1	2
375.04	375.07	64	T	2
375.07	375.159	51	G	2
375.159	375.269	28	IH1	2
375.269	375.299	66	V	2
375.299	375.409	69	Z	2
375.409	375.469	68	Y	2
375.469	375.519	44	UW1	2
375.519	375.688	16	AY1	2
375.688	375.848	62	S	2
375.848	375.908	64	T	2
375.908	375.938	61	R	2
375.938	375.968	26	EY2	2
375.968	376.327	58	N	2
384.837	384.957	16	AY1	3
384.957	384.987	6	AH0	3
384.987	385.127	54	K	3
385.127	385.256	25	EY1	3
385.256	385.326	70	ZH	3
385.326	385.356	58	N	3
385.356	385.386	6	AH0	3
385.386	385.486	56	L	3
385.486	385.566	31	IY0	3
385.566	385.646	51	G	3
385.646	385.725	28	IH1	3
385.725	385.795	64	T	3
385.795	385.835	74	sp	3
385.835	385.865	49	DH	3
385.865	385.895	6	AH0	3
385.895	385.995	57	M	3
385.995	386.055	7	AH1	3
386.055	386.134	58	N	3
386.134	386.174	48	D	3
386.174	386.264	26	EY2	3
386.264	386.394	46	B	3
386.394	386.454	56	L	3
386.454	386.753	44	UW1	3
386.753	386.943	69	Z	3
395.663	395.733	67	W	4
395.733	395.782	32	IY1	4
395.782	395.812	21	ER0	4
395.812	396.002	35	OW1	4
396.002	396.052	60	P	4
396.052	396.092	6	AH0	4
396.092	396.192	58	N	4
396.192	396.291	19	EH1	4
396.291	396.331	66	V	4
396.331	396.371	61	R	4
396.371	396.431	31	IY0	4
396.431	396.551	57	M	4
396.551	396.591	7	AH1	4
396.591	396.67	58	N	4
396.67	396.71	48	D	4
396.71	396.91	26	EY2	4
396.91	396.96	32	IY1	4
396.96	397.05	66	V	4
397.05	397.099	58	N	4
397.099	397.129	27	IH0	4
397.129	397.389	59	NG	4
405.141	405.241	28	IH1	5
405.241	405.291	64	T	5
405.291	405.321	62	S	5
405.321	405.351	58	N	5
405.351	405.53	1	AA1	5
405.53	405.57	64	T	5
405.57	405.77	32	IY1	5
405.77	405.8	69	Z	5
405.8	405.89	31	IY0	5
405.89	406.009	64	T	5
406.009	406.059	27	IH0	5
406.059	406.139	54	K	5
406.139	406.199	61	R	5
406.199	406.229	31	IY0	5
406.229	406.339	25	EY1	5
406.339	406.368	64	T	5
406.368	406.428	29	IH2	5
406.428	406.518	56	L	5
406.518	406.548	44	UW1	5
406.548	406.638	57	M	5
406.638	406.668	6	AH0	5
406.668	406.748	58	N	5
406.748	406.857	26	EY2	5
406.857	406.917	64	T	5
406.917	406.977	27	IH0	5
406.977	407.007	59	NG	5
407.007	407.147	27	IH0	5
407.147	407.177	51	G	5
407.177	407.207	69	Z	5
407.207	407.316	4	AE1	5
407.316	407.396	57	M	5
407.396	407.476	60	P	5
407.476	407.506	6	AH0	5
407.506	407.646	56	L	5
407.646	407.755	69	Z	5
416.116	416.176	74	sp	6
416.176	416.306	57	M	6
416.306	416.396	7	AH1	6
416.396	416.446	57	M	6
416.446	416.595	62	S	6
416.595	416.625	64	T	6
416.625	416.655	61	R	6
416.655	416.775	10	AO1	6
416.775	416.845	59	NG	6
416.845	416.914	56	L	6
416.914	416.984	31	IY0	6
416.984	417.094	48	D	6
417.094	417.164	29	IH2	6
417.164	417.264	62	S	6
417.264	417.304	56	L	6
417.304	417.433	16	AY1	6
417.433	417.473	54	K	6
417.473	417.543	62	S	6
417.543	417.573	74	sp	6
417.573	417.653	4	AE1	6
417.653	417.753	60	P	6
417.753	417.802	6	AH0	6
417.802	417.882	64	T	6
417.882	418.022	17	AY2	6
418.022	418.122	69	Z	6
418.122	418.212	21	ER0	6
418.212	418.411	69	Z	6
418.411	418.69	74	sp	6
427.121	427.171	49	DH	7
427.171	427.321	35	OW1	7
427.321	427.411	69	Z	7
427.411	427.451	52	HH	7
427.451	427.51	44	UW1	7
427.51	427.6	64	T	7
427.6	427.73	32	IY1	7
427.73	427.82	47	CH	7
427.82	427.89	66	V	7
427.89	427.969	4	AE1	7
427.969	428.119	56	L	7
428.119	428.169	68	Y	7
428.169	428.239	43	UW0	7
428.239	428.368	69	Z	7
428.368	428.448	50	F	7
428.448	428.528	22	ER1	7
428.528	428.608	62	S	7
428.608	428.638	64	T	7
428.638	428.708	6	AH0	7
428.708	428.807	46	B	7
428.807	428.917	1	AA1	7
428.917	429.017	56	L	7
429.017	429.057	29	IH2	7
429.057	429.107	63	SH	7
429.107	429.356	47	CH	7
429.356	429.486	32	IY1	7
429.486	429.546	64	T	7
429.546	429.636	27	IH0	7
429.636	429.805	59	NG	7
438.765	438.845	49	DH	8
438.845	438.914	6	AH0	8
438.914	439.024	50	F	8
439.024	439.054	61	R	8
439.054	439.154	16	AY1	8
439.154	439.294	64	T	8
439.294	439.334	6	AH0	8
439.334	439.413	58	N	8
439.413	439.453	48	D	8
439.453	439.543	47	CH	8
439.543	439.643	16	AY1	8
439.643	439.832	56	L	8
439.832	439.862	48	D	8
439.862	439.952	67	W	8
439.952	440.012	6	AH0	8
440.012	440.062	69	Z	8
440.062	440.182	53	JH	8
440.182	440.261	19	EH1	8
440.261	440.301	58	N	8
440.301	440.331	64	T	8
440.331	440.371	56	L	8
440.371	440.451	31	IY0	8
440.451	440.611	62	S	8
440.611	440.71	6	AH0	8
440.71	440.81	46	B	8
440.81	440.86	48	D	8
440.86	441.099	44	UW1	8
441.099	441.159	48	D	8
441.159	441.229	46	B	8
441.229	441.349	16	AY1	8
441.349	441.379	52	HH	8
441.379	441.409	6	AH0	8
441.409	441.529	69	Z	8
441.529	441.588	46	B	8
441.588	441.688	28	IH1	8
441.688	441.728	51	G	8
441.728	441.878	74	sp	8
441.878	441.928	46	B	8
441.928	441.958	61	R	8
441.958	442.187	7	AH1	8
442.187	442.227	49	DH	8
442.227	442.327	21	ER0	8
452.394	452.464	74	sp	9
452.464	452.583	32	IY1	9
452.583	452.663	66	V	9
452.663	452.713	6	AH0	9
452.713	452.793	58	N	9
452.793	452.833	6	AH0	9
452.833	452.943	62	S	9
452.943	452.982	28	IH1	9
452.982	453.052	57	M	9
453.052	453.132	60	P	9
453.132	453.162	6	AH0	9
453.162	453.232	56	L	9
453.232	453.352	66	V	9
453.352	453.392	34	OW0	9
453.392	453.511	54	K	9
453.511	453.591	4	AE1	9
453.591	453.661	46	B	9
453.661	453.691	68	Y	9
453.691	453.721	6	AH0	9
453.721	453.831	56	L	9
453.831	453.89	20	EH2	9
453.89	453.92	61	R	9
453.92	453.99	31	IY0	9
453.99	454.1	54	K	9
454.1	454.13	6	AH0	9
454.13	454.19	58	N	9
454.19	454.26	64	T	9
454.26	454.329	25	EY1	9
454.329	454.389	58	N	9
454.389	454.439	69	Z	9
454.439	454.519	74	sp	9
454.519	454.559	62	S	9
454.559	454.589	28	IH1	9
454.589	454.709	57	M	9
454.709	454.739	46	B	9
454.739	454.768	6	AH0	9
454.768	454.938	56	L	9
454.938	454.968	69	Z	9
463.529	463.548	74	sp	10
463.548	463.578	6	AH0	10
463.578	463.658	74	sp	10
463.658	463.768	54	K	10
463.768	463.798	61	R	10
463.798	464.047	4	AE1	10
464.047	464.117	46	B	10
464.117	464.157	74	sp	10
464.157	464.257	47	CH	10
464.257	464.327	4	AE1	10
464.327	464.397	56	L	10
464.397	464.526	6	AH0	10
464.526	464.576	53	JH	10
464.576	464.626	48	D	10
464.626	464.666	57	M	10
464.666	464.776	32	IY1	10
464.776	464.885	46	B	10
464.885	464.935	7	AH1	10
464.935	464.965	64	T	10
464.965	465.115	25	EY1	10
465.115	465.314	74	sp	10
465.314	465.374	54	K	10
465.374	465.414	67	W	10
465.414	465.474	28	IH1	10
465.474	465.564	54	K	10
465.564	465.664	62	S	10
465.664	465.724	64	T	10
465.724	465.883	4	AE1	10
465.883	465.953	46	B	10
465.953	466.053	74	sp	10
466.053	466.113	66	V	10
466.113	466.173	4	AE1	10
466.173	466.262	59	NG	10
466.262	466.302	54	K	10
466.302	466.362	67	W	10
466.362	466.392	27	IH0	10
466.392	466.562	63	SH	10
466.562	466.592	64	T	10
466.592	466.661	52	HH	10
466.661	466.691	28	IH1	10
466.691	466.811	57	M	10
475.641	475.681	51	G	11
475.681	475.761	56	L	11
475.761	475.841	44	UW1	11
475.841	475.94	54	K	11
475.94	476.08	36	OW2	11
476.08	476.19	62	S	11
476.19	476.26	4	AE1	11
476.26	476.309	58	N	11
476.309	476.339	48	D	11
476.339	476.459	50	F	11
476.459	476.489	61	R	11
476.489	476.569	44	UW1	11
476.569	476.599	54	K	11
476.599	476.719	64	T	11
476.719	476.888	36	OW2	11
476.888	476.988	62	S	11
476.988	477.058	21	ER0	11
477.058	477.158	58	N	11
477.158	477.287	4	AE1	11
477.287	477.397	47	CH	11
477.397	477.427	61	R	11
477.427	477.457	6	AH0	11
477.457	477.527	56	L	11
477.527	477.626	63	SH	11
477.626	477.736	41	UH1	11
477.736	477.766	51	G	11
477.766	477.876	21	ER0	11
477.876	478.016	69	Z	11
478.016	478.065	50	F	11
478.065	478.205	13	AW1	11
478.205	478.245	58	N	11
478.245	478.275	48	D	11
478.275	478.305	6	AH0	11
478.305	478.455	58	N	11
478.455	478.614	50	F	11
478.614	478.644	61	R	11
478.644	478.674	44	UW1	11
478.674	478.734	64	T	11
488.442	488.462	74	sp	12
488.462	488.492	21	ER0	12
488.492	488.621	68	Y	12
488.621	488.651	44	UW1	12
488.651	488.711	56	L	12
488.711	488.761	41	UH1	12
488.761	488.881	54	K	12
488.881	488.931	27	IH0	12
488.931	489.011	59	NG	12
489.011	489.041	74	sp	12
489.041	489.11	50	F	12
489.11	489.26	10	AO1	12
489.26	489.29	61	R	12
489.29	489.33	6	AH0	12
489.33	489.36	57	M	12
489.36	489.49	60	P	12
489.49	489.519	56	L	12
489.519	489.569	38	OY1	12
489.569	489.719	57	M	12
489.719	489.749	6	AH0	12
489.749	489.829	58	N	12
489.829	489.859	64	T	12
501.921	502.001	54	K	13
502.001	502.141	1	AA1	13
502.141	502.191	50	F	13
502.191	502.221	31	IY0	13
502.221	502.241	74	sp	13
502.241	502.52	28	IH1	13
502.52	502.55	69	Z	13
502.55	502.58	51	G	13
502.58	502.61	61	R	13
502.61	502.64	35	OW1	13
502.64	502.67	58	N	13
502.67	502.899	1	AA1	13
502.899	502.959	58	N	13
502.959	503.109	62	S	13
503.109	503.139	64	T	13
503.139	503.308	32	IY1	13
503.308	503.378	60	P	13
503.378	503.448	53	JH	13
503.448	503.498	7	AH1	13
503.498	503.597	59	NG	13
503.597	503.637	51	G	13
503.637	503.667	6	AH0	13
503.667	503.697	56	L	13
503.697	503.787	56	L	13
503.787	503.887	16	AY1	13
503.887	503.977	54	K	13
503.977	504.056	74	sp	13
504.056	504.086	62	S	13
504.086	504.166	56	L	13
504.166	504.316	35	OW1	13
504.316	504.346	60	P	13
504.346	504.396	62	S	13
504.396	504.456	6	AH0	13
504.456	504.515	58	N	13
504.515	504.615	64	T	13
504.615	504.675	19	EH1	13
504.675	504.785	57	M	13
504.785	504.845	60	P	13
504.845	504.895	61	R	13
504.895	504.924	6	AH0	13
504.924	504.954	64	T	13
504.954	505.064	69	Z	13
505.064	505.264	35	OW1	13
505.264	505.413	58	N	13
505.413	505.453	69	Z	13
515.58	515.66	67	W	14
515.66	515.69	32	IY1	14
515.69	515.72	67	W	14
515.72	515.75	19	EH1	14
515.75	515.959	56	L	14
515.959	516.039	54	K	14
516.039	516.069	6	AH0	14
516.069	516.109	57	M	14
516.109	516.209	57	M	14
516.209	516.249	19	EH1	14
516.249	516.309	58	N	14
516.309	516.368	31	IY0	14
516.368	516.478	58	N	14
516.478	516.538	68	Y	14
516.538	516.568	44	UW1	14
516.568	516.688	62	S	14
516.688	516.718	64	T	14
516.718	516.837	44	UW1	14
516.837	516.867	48	D	14
516.867	516.897	6	AH0	14
516.897	516.957	58	N	14
516.957	516.987	64	T	14
516.987	517.017	62	S	14
517.017	517.137	32	IY1	14
517.137	517.306	47	CH	14
517.306	517.346	68	Y	14
517.346	517.566	28	IH1	14
517.566	517.596	61	R	14
528.441	528.611	35	OW1	15
528.611	528.66	58	N	15
528.66	528.74	56	L	15
528.74	528.77	31	IY0	15
528.77	528.81	49	DH	15
528.81	528.88	6	AH0	15
528.88	529.02	46	B	15
529.02	529.09	19	EH1	15
529.09	529.189	62	S	15
529.189	529.219	64	T	15
529.219	529.239	74	sp	15
529.239	529.289	60	P	15
529.289	529.329	56	L	15
529.329	529.469	25	EY1	15
529.469	529.519	21	ER0	15
529.519	529.548	69	Z	15
529.548	529.598	18	EH0	15
529.598	529.708	58	N	15
529.708	529.748	53	JH	15
529.748	529.848	38	OY1	15
529.848	529.978	60	P	15
529.978	530.027	2	AA2	15
530.027	530.167	60	P	15
530.167	530.197	68	Y	15
530.197	530.227	6	AH0	15
530.227	530.357	56	L	15
530.357	530.417	19	EH1	15
530.417	530.446	61	R	15
530.446	530.476	6	AH0	15
530.476	530.566	64	T	15
530.566	530.706	31	IY0	15
539.476	539.576	54	K	16
539.576	539.616	4	AE1	16
539.616	539.695	56	L	16
539.695	539.825	62	S	16
539.825	539.865	31	IY0	16
539.865	539.925	6	AH0	16
539.925	540.035	57	M	16
540.035	540.075	57	M	16
540.075	540.144	25	EY1	16
540.144	540.244	54	K	16
540.244	540.294	62	S	16
540.294	540.344	74	sp	16
540.344	540.384	46	B	16
540.384	540.514	35	OW1	16
540.514	540.543	58	N	16
540.543	540.663	69	Z	16
540.663	540.743	6	AH0	16
540.743	540.783	58	N	16
540.783	540.823	48	D	16
540.823	540.863	64	T	16
540.863	540.963	32	IY1	16
540.963	540.992	65	TH	16
540.992	541.092	74	sp	16
541.092	541.232	62	S	16
541.232	541.282	64	T	16
541.282	541.312	61	R	16
541.312	541.541	10	AO1	16
541.541	541.691	59	NG	16
551.209	551.239	58	N	17
551.239	551.409	7	AH1	17
551.409	551.489	65	TH	17
551.489	551.519	27	IH0	17
551.519	551.588	59	NG	17
551.588	551.668	28	IH1	17
551.668	551.788	69	Z	17
551.788	551.818	19	EH1	17
551.818	551.848	69	Z	17
551.848	551.987	6	AH0	17
551.987	552.117	50	F	17
552.117	552.207	19	EH1	17
552.207	552.237	58	N	17
552.237	552.347	62	S	17
552.347	552.436	27	IH0	17
552.436	552.616	66	V	17
552.616	552.686	6	AH0	17
552.686	552.716	69	Z	17
552.716	552.905	74	sp	17
552.905	553.005	4	AE1	17
553.005	553.165	69	Z	17
553.165	553.225	28	IH1	17
553.225	553.275	58	N	17
553.275	553.374	6	AH0	17
553.374	553.474	62	S	17
553.474	553.514	6	AH0	17
553.514	553.604	58	N	17
553.604	553.694	62	S	17
565.038	565.158	62	S	18
565.158	565.217	64	T	18
565.217	565.357	32	IY1	18
565.357	565.407	66	V	18
565.407	565.437	67	W	18
565.437	565.626	10	AO1	18
565.626	565.656	61	R	18
565.656	565.686	6	AH0	18
565.686	565.816	46	B	18
565.816	565.856	61	R	18
565.856	566.056	16	AY1	18
566.056	566.085	64	T	18
566.085	566.145	74	sp	18
566.145	566.215	61	R	18
566.215	566.295	19	EH1	18
566.295	566.385	48	D	18
566.385	566.504	54	K	18
566.504	566.614	4	AE1	18
566.614	566.754	70	ZH	18
566.754	566.804	57	M	18
566.804	566.904	27	IH0	18
566.904	566.934	61	R	18
566.934	567.033	62	S	18
567.033	567.083	67	W	18
567.083	567.133	19	EH1	18
567.133	567.203	64	T	18
567.203	567.392	21	ER0	18
575.245	575.295	46	B	19
575.295	575.414	1	AA1	19
575.414	575.444	61	R	19
575.444	575.494	46	B	19
575.494	575.594	69	Z	19
575.594	575.654	51	G	19
575.654	575.743	35	OW1	19
575.743	575.803	56	L	19
575.803	575.843	48	D	19
575.843	575.903	46	B	19
575.903	575.933	61	R	19
575.933	576.033	25	EY1	19
576.033	576.143	62	S	19
576.143	576.222	56	L	19
576.222	576.282	6	AH0	19
576.282	576.312	64	T	19
576.312	576.342	67	W	19
576.342	576.452	7	AH1	19
576.452	576.482	69	Z	19
576.482	576.542	6	AH0	19
576.542	576.612	51	G	19
576.612	576.651	61	R	19
576.651	576.761	5	AE2	19
576.761	576.791	53	JH	19
576.791	576.901	43	UW0	19
576.901	577.001	25	EY1	19
577.001	577.15	63	SH	19
577.15	577.21	6	AH0	19
577.21	577.28	58	N	19
577.28	577.34	60	P	19
577.34	577.37	61	R	19
577.37	577.44	19	EH1	19
577.44	577.549	69	Z	19
577.549	577.589	6	AH0	19
577.589	577.699	58	N	19
577.699	577.729	64	T	19
