107.448	107.518	48	D	60
107.518	107.627	15	AY0	60
107.627	107.887	4	AE1	60
107.887	108.026	58	N	60
108.026	108.086	57	M	60
108.086	108.256	25	EY1	60
108.256	108.525	62	S	60
108.525	108.585	60	P	60
108.585	108.705	56	L	60
108.705	108.944	22	ER1	60
108.944	109.084	53	JH	60
109.084	109.194	4	AE1	60
109.194	109.353	58	N	60
109.353	109.383	48	D	60
109.383	109.423	46	B	60
109.423	109.663	16	AY1	60
109.663	110.221	25	EY1	60
110.221	110.291	74	sp	60
110.291	110.381	64	T	60
110.381	110.521	22	ER1	60
110.521	110.68	54	K	60
110.68	110.8	67	W	60
110.8	110.91050062773793	37	OY0	60
110.91050062773793	111.08787208786177	69	Z	60
111.08787208786177	111.17918422371942	58	N	60
111.17918422371942	111.2944756727999	19	EH1	60
111.2944756727999	111.43193855439588	54	K	60
111.43193855439588	111.48958427893612	56	L	60
111.48958427893612	111.60044144151352	6	AH0	60
111.60044144151352	111.91971006973642	62	S	60
122.713	122.743	71	cg	61
122.743	123.012	74	sp	61
123.012	123.062	51	G	61
123.062	123.142	61	R	61
123.142	123.212	4	AE1	61
123.212	123.312	58	N	61
123.312	123.362	57	M	61
123.362	123.471	8	AH2	61
123.471	123.571	49	DH	61
123.571	123.781	21	ER0	61
123.781	123.99	14	AW2	61
123.99	124.02	64	T	61
124.02	124.1	51	G	61
124.1	124.22	61	R	61
124.22	124.369	44	UW1	61
124.369	124.459	52	HH	61
124.459	124.848	21	ER0	61
124.848	125.247	7	AH1	61
125.247	125.307	60	P	61
125.307	125.716	74	sp	61
125.716	126.036	7	AH1	61
126.036	126.065	60	P	61
126.065	126.095	46	B	61
126.095	126.165	61	R	61
126.165	126.195	29	IH2	61
126.195	126.305	59	NG	61
126.305	126.415	27	IH0	61
126.415	126.744	59	NG	61
126.744	126.973	28	IH1	61
126.973	127.602	58	N	61
127.602	127.981	74	sp	61
127.981	128.071	60	P	61
128.071	128.121	19	EH1	61
128.121	128.161	64	T	61
128.161	128.191	31	IY0	61
128.191	128.33	54	K	61
128.33	128.51	36	OW2	61
128.51	128.62	64	T	61
128.62	128.899	62	S	61
295.78	295.86	2	AA2	63
295.86	295.909	61	R	63
295.909	295.949	64	T	63
295.949	295.979	6	AH0	63
295.979	296.049	50	F	63
296.049	296.089	28	IH1	63
296.089	296.229	63	SH	63
296.229	296.259	6	AH0	63
296.259	296.329	56	L	63
296.329	296.358	29	IH2	63
296.358	296.418	58	N	63
296.418	296.518	64	T	63
296.518	296.558	19	EH1	63
296.558	296.668	56	L	63
296.668	296.728	6	AH0	63
296.728	296.797	53	JH	63
296.797	296.907	6	AH0	63
296.907	297.047	58	N	63
297.047	297.167	62	S	63
297.167	297.446	28	IH1	63
297.446	297.626	69	Z	63
297.626	297.715	50	F	63
297.715	297.985	21	ER0	63
297.985	298.025	61	R	63
298.025	298.224	32	IY1	63
298.224	298.484	56	L	63
298.484	298.973	74	sp	63
307.4388089018107	307.5407974913819	64	T	64
307.5407974913819	307.7359060975181	7	AH1	64
307.7359060975181	307.8600661196048	48	D	64
307.8600661196048	307.95762042267296	60	P	64
307.95762042267296	308.0906490177658	56	L	64
308.0906490177658	308.202	25	EY1	64
308.202	308.411	62	S	64
308.411	308.461	64	T	64
308.461	308.491	64	T	64
308.491	308.74	1	AA1	64
308.74	308.79	60	P	64
308.79	308.82	60	P	64
308.82	308.89	61	R	64
308.89	309.01	15	AY0	64
309.01	309.05	10	AO1	64
309.05	309.209	61	R	64
309.209	309.239	6	AH0	64
309.239	309.279	64	T	64
309.279	309.548	31	IY0	64
309.548	309.838	1	AA1	64
309.838	309.938	58	N	64
309.938	310.017	51	G	64
310.017	310.097	19	EH1	64
310.097	310.137	64	T	64
310.137	310.177	27	IH0	64
310.177	310.257	59	NG	64
310.257	310.297	52	HH	64
310.297	310.337	6	AH0	64
310.337	310.496	69	Z	64
310.496	310.556	46	B	64
310.556	310.736	16	AY1	64
310.736	310.875	54	K	64
310.875	310.995	50	F	64
310.995	311.105	28	IH1	64
311.105	311.265	54	K	64
311.265	311.474	62	S	64
311.474	311.514	64	T	64
321.751	321.841	67	W	65
321.841	321.87	19	EH1	65
321.87	322.03	58	N	65
322.03	322.17	74	sp	65
322.17	322.319	60	P	65
322.319	322.409	32	IY1	65
322.409	322.489	56	L	65
322.489	322.559	27	IH0	65
322.559	322.649	59	NG	65
322.649	322.679	6	AH0	65
322.679	322.758	58	N	65
322.758	322.958	10	AO1	65
322.958	323.058	61	R	65
323.058	323.187	6	AH0	65
323.187	323.317	58	N	65
323.317	323.437	53	JH	65
323.437	323.597	74	sp	65
323.597	323.806	28	IH1	65
323.806	323.886	64	T	65
323.886	324.046	28	IH1	65
324.046	324.185	69	Z	65
324.185	324.285	58	N	65
324.285	324.594	1	AA1	65
324.594	324.634	64	T	65
324.634	324.664	52	HH	65
324.664	324.934	1	AA1	65
324.934	325.083	61	R	65
325.083	325.203	48	D	65
325.203	326.879	74	sp	65
326.879	326.989	64	T	65
326.989	327.258	6	AH0	65
327.258	327.428	62	S	65
327.428	327.468	60	P	65
327.468	327.528	61	R	65
327.528	327.617	25	EY1	65
327.617	327.737	53	JH	65
327.737	327.947	44	UW1	65
327.947	328.276	62	S	65
328.276	328.705	74	sp	65
341.6629641357832	341.7028727143111	49	DH	66
341.7028727143111	341.79155844437304	6	AH0	66
341.79155844437304	341.805	57	M	66
341.805	341.905	10	AO1	66
341.905	341.935	61	R	66
341.935	341.975	58	N	66
341.975	342.035	27	IH0	66
342.035	342.154	59	NG	66
342.154	342.214	48	D	66
342.214	342.573	44	UW1	66
342.573	342.683	74	sp	66
342.683	343.002	1	AA1	66
343.002	343.302	58	N	66
343.302	343.451	74	sp	66
343.451	343.541	49	DH	66
343.541	343.571	6	AH0	66
343.571	343.701	62	S	66
343.701	343.741	60	P	66
343.741	343.87	16	AY1	66
343.87	343.92	48	D	66
343.92	344.0	21	ER0	66
344.0	344.08	67	W	66
344.08	344.22	19	EH1	66
344.22	344.369	46	B	66
344.369	344.489	74	sp	66
344.489	344.609	51	G	66
344.609	344.709	56	L	66
344.709	344.748	28	IH1	66
344.748	344.908	62	S	66
344.908	344.938	6	AH0	66
344.938	344.9977503905596	58	N	66
344.9977503905596	345.12191041264623	48	D	66
345.12191041264623	345.19612433406985	28	IH1	66
345.19612433406985	345.2781586343771	58	N	66
345.2781586343771	345.3346957872916	49	DH	66
345.3346957872916	345.3879072253287	6	AH0	66
345.3879072253287	345.51650153391853	62	S	66
345.51650153391853	345.67391870477843	7	AH1	66
345.67391870477843	345.76703872134345	58	N	66
356.272	356.342	64	T	67
356.342	356.392	9	AO0	67
356.392	356.442	61	R	67
356.442	356.522	58	N	67
356.522	356.631	25	EY1	67
356.631	356.701	48	D	67
356.701	356.771	36	OW2	67
356.771	356.821	69	Z	67
356.821	357.041	10	AO1	67
357.041	357.07	50	F	67
357.07	357.15	64	T	67
357.15	357.21	6	AH0	67
357.21	357.32	58	N	67
357.32	357.35	48	D	67
357.35	357.38	6	AH0	67
357.38	357.5	62	S	67
357.5	357.529	64	T	67
357.529	357.599	61	R	67
357.599	357.929	38	OY1	67
357.929	358.757	74	sp	67
358.757	359.026	25	EY1	67
359.026	359.066	66	V	67
359.066	359.206	31	IY0	67
359.206	359.246	20	EH2	67
359.246	359.325	61	R	67
359.325	359.655	31	IY0	67
359.655	359.904	69	Z	67
369.632	369.752	49	DH	68
369.752	369.841	25	EY1	68
369.841	369.911	61	R	68
369.911	369.981	31	IY0	68
369.981	370.091	57	M	68
370.091	370.3	25	EY1	68
370.3	370.45	58	N	68
370.45	370.51	48	D	68
370.51	370.6	56	L	68
370.6	370.779	16	AY1	68
370.779	370.899	50	F	68
370.899	370.979	56	L	68
370.979	371.178	10	AO1	68
371.178	371.378	59	NG	68
371.378	371.498	50	F	68
371.498	371.568	61	R	68
371.568	371.657	19	EH1	68
371.657	371.767	58	N	68
371.767	371.887	69	Z	68
371.887	372.007	4	AE1	68
372.007	372.0755147229388	58	N	68
372.0755147229388	372.13759473398216	48	D	68
372.13759473398216	372.1597661664976	54	K	68
372.1597661664976	372.2329318937987	6	AH0	68
372.2329318937987	372.2972290480936	57	M	68
372.2972290480936	372.36374334564005	60	P	68
372.36374334564005	372.4901205109783	4	AE1	68
372.4901205109783	372.5433319490154	58	N	68
372.5433319490154	372.5987605303041	68	Y	68
372.5987605303041	372.6852291171145	6	AH0	68
372.6852291171145	372.8426462879744	58	N	68
372.8426462879744	373.0333206076075	69	Z	68
383.181	383.231	49	DH	69
383.231	383.261	6	AH0	69
383.261	383.391	50	F	69
383.391	383.49	41	UH1	69
383.49	383.52	64	T	69
383.52	383.57	46	B	69
383.57	383.61	11	AO2	69
383.61	383.71	56	L	69
383.71	383.81	64	T	69
383.81	383.909	32	IY1	69
383.909	384.019	57	M	69
384.019	384.119	54	K	69
384.119	384.319	35	OW1	69
384.319	384.498	47	CH	69
384.498	384.538	52	HH	69
384.538	384.787	4	AE1	69
384.787	385.127	69	Z	69
385.127	385.246	74	sp	69
385.246	385.356	25	EY1	69
385.356	385.556	67	W	69
385.556	385.755	1	AA1	69
385.755	385.955	47	CH	69
385.955	386.055	74	sp	69
386.055	386.374	4	AE1	69
386.374	386.573	69	Z	69
386.573	386.653	74	sp	69
386.653	386.703	65	TH	69
386.703	386.833	28	IH1	69
386.833	386.943	58	N	69
386.943	387.112	19	EH1	69
387.112	387.222	69	Z	69
387.222	387.292	6	AH0	69
387.292	387.441	48	D	69
387.441	387.741	16	AY1	69
387.741	387.841	57	M	69
387.841	388.21	74	sp	69
398.776	398.826	49	DH	70
398.826	398.905	25	EY1	70
398.905	399.015	10	AO1	70
399.015	399.065	50	F	70
399.065	399.135	64	T	70
399.135	399.175	6	AH0	70
399.175	399.275	58	N	70
399.275	399.324	51	G	70
399.324	399.514	35	OW1	70
399.514	399.564	74	sp	70
399.564	399.963	13	AW1	70
399.963	400.033	64	T	70
400.033	400.133	28	IH1	70
400.133	400.212	58	N	70
400.212	400.242	49	DH	70
400.242	400.382	31	IY0	70
400.382	400.442	32	IY1	70
400.442	400.522	66	V	70
400.522	400.562	58	N	70
400.562	400.631	27	IH0	70
400.631	400.761	59	NG	70
408.713	408.863	1	AA1	71
408.863	409.032	61	R	71
409.032	409.072	27	IH0	71
409.072	409.172	54	K	71
409.172	409.292	62	S	71
409.292	409.342	60	P	71
409.342	409.392	19	EH1	71
409.392	409.451	61	R	71
409.451	409.481	6	AH0	71
409.481	409.601	57	M	71
409.601	409.641	6	AH0	71
409.641	409.741	58	N	71
409.741	409.771	64	T	71
409.771	409.88	62	S	71
409.88	409.94	74	sp	71
409.94	410.1	60	P	71
410.1	410.319	1	AA1	71
410.319	410.429	69	Z	71
410.429	410.519	6	AH0	71
410.519	410.619	64	T	71
410.619	410.659	27	IH0	71
410.659	410.689	66	V	71
410.689	410.729	74	sp	71
410.729	410.918	13	AW1	71
410.918	410.948	64	T	71
410.948	411.078	54	K	71
411.078	411.178	8	AH2	71
411.178	411.317	57	M	71
411.317	411.367	67	W	71
411.367	411.427	7	AH1	71
411.427	411.537	69	Z	71
411.537	411.607	74	sp	71
411.607	411.676	8	AH2	71
411.676	411.716	58	N	71
411.716	411.756	27	IH0	71
411.756	411.856	54	K	71
411.856	411.966	62	S	71
411.966	412.026	60	P	71
412.026	412.145	19	EH1	71
412.145	412.205	54	K	71
412.205	412.245	64	T	71
412.245	412.275	6	AH0	71
412.275	412.435	48	D	71
422.232	422.402	32	IY1	72
422.402	422.621	47	CH	72
422.621	422.901	74	sp	72
422.901	423.15	62	S	72
423.15	423.21	64	T	72
423.21	423.529	4	AE1	72
423.529	423.569	51	G	72
423.569	423.879	74	sp	72
423.879	424.038	63	SH	72
424.038	424.078	41	UH1	72
424.078	424.118	61	R	72
424.118	424.198	56	L	72
424.198	424.268	31	IY0	72
424.268	424.407	50	F	72
424.407	424.637	16	AY1	72
424.637	424.707	58	N	72
424.707	424.747	48	D	72
424.747	424.876	69	Z	72
424.876	425.206	74	sp	72
425.206	425.305	6	AH0	72
425.305	425.415	46	B	72
425.415	425.445	28	IH1	72
425.445	425.565	51	G	72
425.565	425.685	50	F	72
425.685	425.864	10	AO1	72
425.864	426.004	58	N	72
436.131	436.191	49	DH	73
436.191	436.221	6	AH0	73
436.221	436.39	62	S	73
436.39	436.42	29	IH2	73
436.42	436.5	51	G	73
436.5	436.62	21	ER0	73
436.62	436.719	19	EH1	73
436.719	436.749	64	T	73
436.749	436.969	62	S	73
436.969	437.009	74	sp	73
437.009	437.109	28	IH1	73
437.109	437.208	58	N	73
437.208	437.248	49	DH	73
437.248	437.278	7	AH1	73
437.278	437.408	54	K	73
437.408	437.468	56	L	73
437.468	437.697	25	EY1	73
437.697	437.957	4	AE1	73
437.957	438.266	63	SH	73
438.266	438.296	64	T	73
438.296	438.326	61	R	73
438.326	438.575	26	EY2	73
438.575	438.735	36	OW2	73
438.735	438.815	66	V	73
438.815	438.924	21	ER0	73
438.924	439.014	50	F	73
439.014	439.134	56	L	73
439.134	439.343	35	OW1	73
439.343	439.383	48	D	73
439.383	439.842	74	sp	73
439.842	440.012	1	AA1	73
440.012	440.052	58	N	73
440.052	440.162	64	T	73
440.162	440.221	43	UW0	73
440.221	440.261	49	DH	73
440.261	440.391	7	AH1	73
440.391	440.571	35	OW1	73
440.571	440.621	54	K	73
440.621	440.74	64	T	73
440.74	440.86	25	EY1	73
440.86	440.95	46	B	73
440.95	440.98	6	AH0	73
440.98	441.109	56	L	73
452.543	452.593	60	P	74
452.593	452.653	61	R	74
452.653	452.713	1	AA1	74
452.713	452.813	53	JH	74
452.813	452.893	18	EH0	74
452.893	452.923	54	K	74
452.923	453.032	64	T	74
453.032	453.062	48	D	74
453.062	453.102	27	IH0	74
453.102	453.212	66	V	74
453.212	453.252	19	EH1	74
453.252	453.362	56	L	74
453.362	453.392	6	AH0	74
453.392	453.421	60	P	74
453.421	453.491	57	M	74
453.491	453.611	6	AH0	74
453.611	453.641	58	N	74
453.641	453.701	64	T	74
453.701	453.761	74	sp	74
453.761	453.99	67	W	74
453.99	454.1	6	AH0	74
454.1	454.319	69	Z	74
454.319	454.369	74	sp	74
454.369	454.439	60	P	74
454.439	454.479	61	R	74
454.479	454.509	6	AH0	74
454.509	454.659	62	S	74
454.659	454.778	32	IY1	74
454.778	454.808	48	D	74
454.808	454.848	27	IH0	74
454.848	454.968	59	NG	74
454.968	455.058	64	T	74
455.058	455.128	44	UW1	74
455.128	455.297	62	S	74
455.297	455.327	56	L	74
455.327	455.477	35	OW1	74
455.477	455.527	56	L	74
455.527	455.646	31	IY0	74
465.065	465.215	67	W	75
465.215	465.245	6	AH0	75
465.245	465.414	56	L	75
465.414	465.584	61	R	75
465.584	465.773	1	AA1	75
465.773	465.823	46	B	75
465.823	465.933	6	AH0	75
465.933	466.143	58	N	75
466.143	466.272	67	W	75
466.272	466.352	19	EH1	75
466.352	466.681	61	R	75
466.681	467.08	25	EY1	75
467.08	467.3	68	Y	75
467.3	467.35	19	EH1	75
467.35	467.45913091435193	56	L	75
467.45913091435193	467.6553480921139	34	OW0	75
467.6553480921139	467.79170240208407	56	L	75
467.79170240208407	467.91586242417077	28	IH1	75
467.91586242417077	468.0045481542327	56	L	75
468.0045481542327	468.2273710510133	31	IY0	75
478.924	478.963	74	sp	76
478.963	479.073	64	T	76
479.073	479.163	1	AA1	76
479.163	479.253	57	M	76
479.253	479.303	6	AH0	76
479.303	479.432	62	S	76
479.432	479.512	65	TH	76
479.512	479.562	28	IH1	76
479.562	479.682	59	NG	76
479.682	479.732	54	K	76
479.732	479.841	62	S	76
479.841	480.061	25	EY1	76
480.061	480.211	56	L	76
480.211	480.29	1	AA1	76
480.29	480.35	61	R	76
480.35	480.46	53	JH	76
480.46	480.66	21	ER0	76
480.66	480.809	54	K	76
480.809	480.879	56	L	76
480.879	481.049	4	AE1	76
481.049	481.129	57	M	76
481.129	481.218	60	P	76
481.218	481.238	74	sp	76
481.238	481.488	62	S	76
481.488	481.687	1	AA1	76
481.687	481.727	56	L	76
481.727	481.777	66	V	76
481.777	482.036	69	Z	76
482.036	482.256	74	sp	76
482.256	482.316	49	DH	76
482.316	482.366	6	AH0	76
482.366	482.525	60	P	76
482.525	482.605	61	R	76
482.605	482.755	1	AA1	76
482.755	482.795	46	B	76
482.795	482.865	56	L	76
482.865	482.895	6	AH0	76
482.895	483.044	57	M	76
493.141	493.191	49	DH	77
493.191	493.221	28	IH1	77
493.221	493.331	62	S	77
493.331	493.361	67	W	77
493.361	493.411	6	AH0	77
493.411	493.5	69	Z	77
493.5	493.67	32	IY1	77
493.67	493.75	69	Z	77
493.75	493.87	31	IY0	77
493.87	493.959	50	F	77
493.959	494.099	21	ER0	77
494.099	494.259	7	AH1	77
494.259	494.598	62	S	77
494.598	494.748	74	sp	77
501.802	501.851	48	D	78
501.851	501.891	6	AH0	78
501.891	502.061	62	S	78
502.061	502.141	19	EH1	78
502.141	502.201	57	M	78
502.201	502.241	46	B	78
502.241	502.38	21	ER0	78
502.38	502.46	4	AE1	78
502.46	502.53	58	N	78
502.53	502.56	48	D	78
502.56	502.66	53	JH	78
502.66	502.759	4	AE1	78
502.759	502.819	58	N	78
502.819	502.899	68	Y	78
502.899	502.929	43	UW0	78
502.929	502.959	20	EH2	78
502.959	503.069	61	R	78
503.069	503.238	31	IY0	78
503.238	503.508	1	AA1	78
503.508	503.597	61	R	78
503.597	503.767	58	N	78
503.767	503.967	16	AY1	78
503.967	504.136	62	S	78
504.136	504.266	57	M	78
504.266	504.366	7	AH1	78
504.366	504.426	58	N	78
504.426	504.505	65	TH	78
504.505	504.705	62	S	78
504.705	504.735	64	T	78
504.735	504.805	6	AH0	78
504.805	504.994	62	S	78
504.994	505.044	60	P	78
505.044	505.184	19	EH1	78
505.184	505.334	58	N	78
505.334	505.383	48	D	78
505.383	505.543	28	IH1	78
505.543	505.623	58	N	78
505.623	505.743	57	M	78
505.743	505.862	15	AY0	78
505.862	506.032	4	AE1	78
506.032	506.142	57	M	78
506.142	506.291	31	IY0	78
532.242	532.332	56	L	79
532.332	532.482	4	AE1	79
532.482	532.612	62	S	79
532.612	532.661	68	Y	79
532.661	532.781	28	IH1	79
532.781	532.811	61	R	79
532.811	532.931	69	Z	79
532.931	533.021	51	G	79
533.021	533.2	4	AE1	79
533.2	533.25	62	S	79
533.25	533.36	63	SH	79
533.36	533.46	10	AO1	79
533.46	533.509	61	R	79
533.509	533.549	64	T	79
533.549	533.689	6	AH0	79
533.689	533.839	53	JH	79
533.839	533.968	54	K	79
533.968	534.218	1	AA1	79
534.218	534.258	69	Z	79
534.258	534.288	48	D	79
534.288	534.477	62	S	79
534.477	534.507	64	T	79
534.507	534.727	32	IY1	79
534.727	534.757	60	P	79
534.757	534.836	60	P	79
534.836	534.876	61	R	79
534.876	535.046	16	AY1	79
535.046	535.216	62	S	79
535.216	535.305	29	IH2	79
535.305	535.445	58	N	79
535.445	535.525	54	K	79
535.525	535.565	61	R	79
535.565	535.645	32	IY1	79
535.645	535.794	62	S	79
535.794	535.824	6	AH0	79
535.824	536.153	69	Z	79
559.031	559.081	48	D	60
559.081	559.191	15	AY0	60
559.191	559.391	4	AE1	60
559.391	559.441	58	N	60
559.441	559.52	57	M	60
559.52	559.61	25	EY1	60
559.61	559.82	62	S	60
559.82	559.88	60	P	60
559.88	559.949	56	L	60
559.949	560.149	22	ER1	60
560.149	560.378	53	JH	60
560.378	560.628	74	sp	60
560.628	560.768	4	AE1	60
560.768	560.887	58	N	60
560.887	560.917	48	D	60
560.917	560.957	46	B	60
560.957	561.077	16	AY1	60
561.077	561.197	25	EY1	60
561.197	561.336	64	T	60
561.336	561.466	22	ER1	60
561.466	561.566	54	K	60
561.566	561.646	67	W	60
561.646	561.675	37	OY0	60
561.675	561.815	69	Z	60
561.815	561.855	58	N	60
561.855	561.915	19	EH1	60
561.915	562.045	54	K	60
562.045	562.104	56	L	60
562.104	562.194	6	AH0	60
562.194	562.454	62	S	60
571.743	571.832	74	sp	61
571.832	571.902	51	G	61
571.902	571.982	61	R	61
571.982	572.062	4	AE1	61
572.062	572.162	58	N	61
572.162	572.212	57	M	61
572.212	572.301	8	AH2	61
572.301	572.361	49	DH	61
572.361	572.511	21	ER0	61
572.511	572.69	14	AW2	61
572.69	572.72	64	T	61
572.72	572.79	51	G	61
572.79	572.82	61	R	61
572.82	573.05	44	UW1	61
573.05	573.109	52	HH	61
573.109	573.309	21	ER0	61
573.309	573.608	7	AH1	61
573.608	573.768	60	P	61
573.768	573.818	46	B	61
573.818	573.898	61	R	61
573.898	573.928	29	IH2	61
573.928	574.007	59	NG	61
574.007	574.037	27	IH0	61
574.037	574.426	59	NG	61
574.426	574.656	74	sp	61
574.656	574.836	28	IH1	61
574.836	575.075	58	N	61
575.075	575.125	74	sp	61
575.125	575.215	60	P	61
575.215	575.265	19	EH1	61
575.265	575.314	64	T	61
575.314	575.364	31	IY0	61
575.364	575.484	54	K	61
575.484	575.514	36	OW2	61
575.514	575.793	64	T	61
575.793	576.003	62	S	61
576.003	576.192	74	sp	61
587.357	587.567	1	AA1	62
587.567	587.597	46	B	62
587.597	587.686	53	JH	62
587.686	587.746	18	EH0	62
587.746	587.846	54	K	62
587.846	588.016	62	S	62
588.016	588.285	74	sp	62
588.285	588.405	57	M	62
588.405	588.495	25	EY1	62
588.495	588.544	48	D	62
588.544	588.584	6	AH0	62
588.584	588.634	66	V	62
588.634	588.774	60	P	62
588.774	588.884	68	Y	62
588.884	588.924	44	UW1	62
588.924	588.963	64	T	62
588.963	589.233	21	ER0	62
589.233	589.313	74	sp	62
589.313	589.522	1	AA1	62
589.522	589.662	61	R	62
589.662	589.792	46	B	62
589.792	589.871	68	Y	62
589.871	589.901	44	UW1	62
589.901	589.931	64	T	62
589.931	589.971	6	AH0	62
589.971	590.091	50	F	62
590.091	590.121	6	AH0	62
590.121	590.211	56	L	62
601.628	601.688	2	AA2	63
601.688	601.718	61	R	63
601.718	601.748	64	T	63
601.748	601.788	6	AH0	63
601.788	601.888	50	F	63
601.888	601.958	28	IH1	63
601.958	602.087	63	SH	63
602.087	602.137	6	AH0	63
602.137	602.227	56	L	63
602.227	602.257	29	IH2	63
602.257	602.377	58	N	63
602.377	602.466	64	T	63
602.466	602.516	19	EH1	63
602.516	602.626	56	L	63
602.626	602.666	6	AH0	63
602.666	602.736	53	JH	63
602.736	602.846	6	AH0	63
602.846	602.955	58	N	63
602.955	603.185	62	S	63
603.185	603.424	28	IH1	63
603.424	603.564	69	Z	63
603.564	603.704	50	F	63
603.704	603.8437749536346	21	ER0	63
603.8437749536346	603.9810537517387	61	R	63
603.9810537517387	604.1686036590078	32	IY1	63
604.1686036590078	604.4624962972026	56	L	63
612.973	613.461	74	sp	64
613.461	613.551	64	T	64
613.551	613.791	1	AA1	64
613.791	613.821	48	D	64
613.821	613.89	60	P	64
613.89	613.95	56	L	64
613.95	614.16	25	EY1	64
614.16	614.329	62	S	64
614.329	614.359	64	T	64
614.359	614.439	74	sp	64
614.439	614.559	64	T	64
614.559	614.739	1	AA1	64
614.739	614.778	60	P	64
614.778	614.828	60	P	64
614.828	614.858	61	R	64
614.858	614.918	15	AY0	64
614.918	614.948	10	AO1	64
614.948	615.187	61	R	64
615.187	615.217	6	AH0	64
615.217	615.247	64	T	64
615.247	615.457	31	IY0	64
615.457	615.706	1	AA1	64
615.706	615.886	58	N	64
615.886	615.976	51	G	64
615.976	616.026	19	EH1	64
616.026	616.065	64	T	64
616.065	616.105	27	IH0	64
616.105	616.175	59	NG	64
616.175	616.255	52	HH	64
616.255	616.295	6	AH0	64
616.295	616.435	69	Z	64
616.435	616.514	46	B	64
616.514	616.624	16	AY1	64
616.624	616.704	54	K	64
616.704	616.814	50	F	64
616.814	616.943	28	IH1	64
616.943	617.083	54	K	64
617.083	617.303	62	S	64
617.303	617.353	64	T	64
617.353	617.742	74	sp	64
627.749	627.859	67	W	65
627.859	627.889	19	EH1	65
627.889	627.998	58	N	65
627.998	628.068	60	P	65
628.068	628.138	32	IY1	65
628.138	628.238	56	L	65
628.238	628.278	27	IH0	65
628.278	628.387	59	NG	65
628.387	628.417	6	AH0	65
628.417	628.477	58	N	65
628.477	628.647	10	AO1	65
628.647	628.747	61	R	65
628.747	628.777	6	AH0	65
628.777	628.906	58	N	65
628.906	629.0360000000001	53	JH	65
629.0360000000001	629.096	28	IH1	65
629.096	629.126	64	T	65
629.126	629.305	28	IH1	65
629.305	629.435	69	Z	65
629.435	629.465	58	N	65
629.465	629.655	1	AA1	65
629.655	629.685	64	T	65
629.685	629.734	52	HH	65
629.734	629.844	1	AA1	65
629.844	629.924	61	R	65
629.924	629.974	48	D	65
629.974	630.004	64	T	65
630.004	630.034	6	AH0	65
630.034	630.203	62	S	65
630.203	630.273	60	P	65
630.273	630.343	61	R	65
630.343	630.503	25	EY1	65
630.503	630.652	53	JH	65
630.652	630.862	44	UW1	65
630.862	631.271	62	S	65
631.271	631.59	74	sp	65
640.779	640.8389999999999	49	DH	66
640.8389999999999	640.869	6	AH0	66
640.869	640.969	57	M	66
640.969	641.059	10	AO1	66
641.059	641.0889999999999	61	R	66
641.0889999999999	641.139	58	N	66
641.139	641.168	27	IH0	66
641.168	641.338	59	NG	66
641.338	641.388	48	D	66
641.388	641.827	44	UW1	66
641.827	641.987	1	AA1	66
641.987	642.066	58	N	66
642.066	642.096	49	DH	66
642.096	642.126	6	AH0	66
642.126	642.276	62	S	66
642.276	642.336	60	P	66
642.336	642.485	16	AY1	66
642.485	642.525	48	D	66
642.525	642.605	21	ER0	66
642.605	642.675	67	W	66
642.675	642.805	19	EH1	66
642.805	642.875	46	B	66
642.875	642.924	74	sp	66
642.924	642.9639999999999	51	G	66
642.9639999999999	643.094	56	L	66
643.094	643.134	28	IH1	66
643.134	643.304	62	S	66
643.304	643.3340000000001	6	AH0	66
643.3340000000001	643.563	58	N	66
643.563	643.613	48	D	66
643.613	643.763	28	IH1	66
643.763	643.882	58	N	66
643.882	643.932	49	DH	66
643.932	643.972	6	AH0	66
643.972	644.172	62	S	66
644.172	644.351	7	AH1	66
644.351	644.521	58	N	66
644.521	644.571	74	sp	66
654.329	654.408	64	T	67
654.408	654.448	9	AO0	67
654.448	654.498	61	R	67
654.498	654.558	58	N	67
654.558	654.638	25	EY1	67
654.638	654.738	48	D	67
654.738	654.768	36	OW2	67
654.768	654.897	69	Z	67
654.897	655.047	10	AO1	67
655.047	655.137	50	F	67
655.137	655.177	6	AH0	67
655.177	655.266	58	N	67
655.266	655.306	48	D	67
655.306	655.336	6	AH0	67
655.336	655.476	62	S	67
655.476	655.506	64	T	67
655.506	655.546	61	R	67
655.546	655.685	38	OY1	67
655.685	655.965	25	EY1	67
655.965	656.005	66	V	67
656.005	656.104	31	IY0	67
656.104	656.2139999999999	20	EH2	67
656.2139999999999	656.254	61	R	67
656.254	656.494	31	IY0	67
656.494	656.753	69	Z	67
667.169	667.289	49	DH	68
667.289	667.379	25	EY1	68
667.379	667.449	61	R	68
667.449	667.519	31	IY0	68
667.519	667.598	57	M	68
667.598	667.828	25	EY1	68
667.828	667.938	58	N	68
667.938	667.968	48	D	68
667.968	667.997	56	L	68
667.997	668.127	16	AY1	68
668.127	668.297	50	F	68
668.297	668.337	56	L	68
668.337	668.496	10	AO1	68
668.496	668.616	59	NG	68
668.616	668.716	50	F	68
668.716	668.776	61	R	68
668.776	668.856	19	EH1	68
668.856	668.965	58	N	68
668.965	669.065	69	Z	68
669.065	669.255	6	AH0	68
669.255	669.344	58	N	68
669.344	669.374	48	D	68
669.374	669.444	54	K	68
669.444	669.474	6	AH0	68
669.474	669.564	57	M	68
669.564	669.624	60	P	68
669.624	669.684	4	AE1	68
669.684	669.813	58	N	68
669.813	669.883	68	Y	68
669.883	669.913	6	AH0	68
669.913	670.013	58	N	68
670.013	670.043	69	Z	68
681.6471300455773	681.6741991043584	49	DH	69
681.6741991043584	681.7302707261192	6	AH0	69
681.7302707261192	681.7960098688734	50	F	69
681.7960098688734	681.8482144822369	41	UH1	69
681.8482144822369	681.9178206333884	64	T	69
681.9178206333884	681.9680917425533	46	B	69
681.9680917425533	682.1131045574521	11	AO2	69
682.1131045574521	682.265	56	L	69
682.265	682.325	64	T	69
682.325	682.485	32	IY1	69
682.485	682.594	57	M	69
682.594	682.754	54	K	69
682.754	682.953	35	OW1	69
682.953	683.153	47	CH	69
683.153	683.343	74	sp	69
683.343	683.402	52	HH	69
683.402	683.562	4	AE1	69
683.562	683.682	69	Z	69
683.682	683.812	25	EY1	69
683.812	683.971	67	W	69
683.971	684.171	1	AA1	69
684.171	684.31	47	CH	69
684.31	684.37	74	sp	69
684.37	684.48	4	AE1	69
684.48	684.6800000000001	69	Z	69
684.6800000000001	684.719	74	sp	69
684.719	684.769	65	TH	69
684.769	684.859	28	IH1	69
684.859	685.009	58	N	69
685.009	685.188	4	AE1	69
685.188	685.308	69	Z	69
685.308	685.3679999999999	6	AH0	69
685.3679999999999	685.478	48	D	69
685.478	685.707	16	AY1	69
685.707	685.817	57	M	69
695.774	695.924	49	DH	70
695.924	696.074	25	EY1	70
696.074	696.223	10	AO1	70
696.223	696.313	50	F	70
696.313	696.363	64	T	70
696.363	696.423	6	AH0	70
696.423	696.523	58	N	70
696.523	696.592	51	G	70
696.592	696.772	35	OW1	70
696.772	696.982	13	AW1	70
696.982	697.081	64	T	70
697.081	697.111	6	AH0	70
697.111	697.191	58	N	70
697.191	697.221	49	DH	70
697.221	697.361	31	IY0	70
697.361	697.46	32	IY1	70
697.46	697.52	66	V	70
697.52	697.55	58	N	70
697.55	697.59	27	IH0	70
697.59	697.62	59	NG	70
704.335	704.425	1	AA1	71
704.425	704.504	61	R	71
704.504	704.534	27	IH0	71
704.534	704.604	54	K	71
704.604	704.694	62	S	71
704.694	704.764	60	P	71
704.764	704.804	19	EH1	71
704.804	704.8340000000001	61	R	71
704.8340000000001	704.864	6	AH0	71
704.864	704.973	57	M	71
704.973	705.003	6	AH0	71
705.003	705.093	58	N	71
705.093	705.123	64	T	71
705.123	705.213	62	S	71
705.213	705.283	60	P	71
705.283	705.462	1	AA1	71
705.462	705.522	69	Z	71
705.522	705.722	6	AH0	71
705.722	705.762	64	T	71
705.762	705.792	27	IH0	71
705.792	705.841	66	V	71
705.841	706.061	13	AW1	71
706.061	706.091	64	T	71
706.091	706.211	54	K	71
706.211	706.3	8	AH2	71
706.3	706.4	57	M	71
706.4	706.45	67	W	71
706.45	706.49	6	AH0	71
706.49	706.7	69	Z	71
706.7	706.759	8	AH2	71
706.759	706.849	58	N	71
706.849	706.899	27	IH0	71
706.899	707.009	54	K	71
707.009	707.129	62	S	71
707.129	707.178	60	P	71
707.178	707.258	19	EH1	71
707.258	707.378	54	K	71
707.378	707.488	64	T	71
707.488	707.558	6	AH0	71
707.558	707.597	48	D	71
707.597	707.827	74	sp	71
717.545	717.665	32	IY1	72
717.665	717.784	47	CH	72
717.784	717.864	62	S	72
717.864	717.904	64	T	72
717.904	718.143	4	AE1	72
718.143	718.203	51	G	72
718.203	718.403	63	SH	72
718.403	718.463	41	UH1	72
718.463	718.543	61	R	72
718.543	718.582	56	L	72
718.582	718.742	31	IY0	72
718.742	718.812	74	sp	72
718.812	718.862	50	F	72
718.862	719.081	16	AY1	72
719.081	719.201	58	N	72
719.201	719.251	48	D	72
719.251	719.381	69	Z	72
719.381	719.49	6	AH0	72
719.49	719.59	46	B	72
719.59	719.6800000000001	28	IH1	72
719.6800000000001	719.73	51	G	72
719.73	719.899	50	F	72
719.899	720.0889999999999	10	AO1	72
720.0889999999999	720.309	58	N	72
736.163	736.292	49	DH	73
736.292	736.322	6	AH0	73
736.322	736.502	62	S	73
736.502	736.542	29	IH2	73
736.542	736.612	51	G	73
736.612	736.721	21	ER0	73
736.721	736.821	19	EH1	73
736.821	736.881	64	T	73
736.881	736.961	62	S	73
736.961	737.031	28	IH1	73
737.031	737.11	58	N	73
737.11	737.15	49	DH	73
737.15	737.1800000000001	6	AH0	73
737.1800000000001	737.33	54	K	73
737.33	737.37	56	L	73
737.37	737.569	25	EY1	73
737.569	737.799	4	AE1	73
737.799	738.048	63	SH	73
738.048	738.078	64	T	73
738.078	738.108	61	R	73
738.108	738.318	26	EY2	73
738.318	738.358	74	sp	73
738.358	738.457	36	OW2	73
738.457	738.527	66	V	73
738.527	738.617	21	ER0	73
738.617	738.717	50	F	73
738.717	738.826	56	L	73
738.826	738.966	35	OW1	73
738.966	739.076	48	D	73
739.076	739.236	1	AA1	73
739.236	739.315	58	N	73
739.315	739.355	64	T	73
739.355	739.385	43	UW0	73
739.385	739.4449999999999	49	DH	73
739.4449999999999	739.585	7	AH1	73
739.585	739.874	35	OW1	73
739.874	739.904	54	K	73
739.904	739.934	74	sp	73
739.934	740.024	64	T	73
740.024	740.143	25	EY1	73
740.143	740.213	46	B	73
740.213	740.2429999999999	6	AH0	73
740.2429999999999	740.283	56	L	73
752.645	752.745	60	P	74
752.745	752.835	61	R	74
752.835	752.9739999999999	1	AA1	74
752.9739999999999	753.064	53	JH	74
753.064	753.134	18	EH0	74
753.134	753.194	54	K	74
753.194	753.234	64	T	74
753.234	753.274	48	D	74
753.274	753.304	27	IH0	74
753.304	753.393	66	V	74
753.393	753.423	19	EH1	74
753.423	753.593	56	L	74
753.593	753.703	6	AH0	74
753.703	753.733	60	P	74
753.733	753.773	57	M	74
753.773	753.802	6	AH0	74
753.802	753.832	58	N	74
753.832	753.862	64	T	74
753.862	753.932	67	W	74
753.932	753.982	7	AH1	74
753.982	754.082	69	Z	74
754.082	754.1320000000001	60	P	74
754.1320000000001	754.172	61	R	74
754.172	754.202	6	AH0	74
754.202	754.321	62	S	74
754.321	754.451	32	IY1	74
754.451	754.481	48	D	74
754.481	754.511	27	IH0	74
754.511	754.66	59	NG	74
754.66	754.75	64	T	74
754.75	754.81	44	UW1	74
754.81	754.98	62	S	74
754.98	755.02	56	L	74
755.02	755.1990000000001	35	OW1	74
755.1990000000001	755.229	56	L	74
755.229	755.309	31	IY0	74
796.5351832183031	796.591433320566	67	W	75
796.591433320566	796.7287121186702	28	IH1	75
796.7287121186702	796.823453824404	56	L	75
796.823453824404	796.9147003734062	61	R	75
796.9147003734062	797.0345776337225	1	AA1	75
797.0345776337225	797.1157848100657	46	B	75
797.1157848100657	797.2240610451902	27	IH0	75
797.2240610451902	797.358900678913	58	N	75
797.358900678913	797.4768444350307	67	W	75
797.4768444350307	797.5928546869496	19	EH1	75
797.5928546869496	797.7281999808552	61	R	75
797.7281999808552	797.828742199185	25	EY1	75
797.828742199185	797.8906143335417	68	Y	75
797.8906143335417	798.0124250980567	19	EH1	75
798.0124250980567	798.0588291988244	56	L	75
798.0588291988244	798.2058796488345	35	OW1	75
798.2058796488345	798.2957875940717	56	L	75
798.2957875940717	798.4156648543881	28	IH1	75
798.4156648543881	798.4649692114536	56	L	75
798.4649692114536	798.581	31	IY0	75
810.723	811.012	74	sp	76
811.012	811.052	64	T	76
811.052	811.152	1	AA1	76
811.152	811.242	57	M	76
811.242	811.282	6	AH0	76
811.282	811.431	62	S	76
811.431	811.5409999999999	65	TH	76
811.5409999999999	811.621	28	IH1	76
811.621	811.741	59	NG	76
811.741	811.781	54	K	76
811.781	811.9	62	S	76
811.9	812.01	25	EY1	76
812.01	812.14	56	L	76
812.14	812.22	1	AA1	76
812.22	812.309	61	R	76
812.309	812.399	53	JH	76
812.399	812.549	21	ER0	76
812.549	812.639	54	K	76
812.639	812.7090000000001	56	L	76
812.7090000000001	812.848	4	AE1	76
812.848	812.898	57	M	76
812.898	812.928	60	P	76
812.928	813.078	62	S	76
813.078	813.138	1	AA1	76
813.138	813.237	56	L	76
813.237	813.267	66	V	76
813.267	813.357	69	Z	76
813.357	813.407	74	sp	76
813.407	813.4377681010029	49	DH	76
813.4377681010029	813.5624791218158	7	AH1	76
813.5624791218158	813.609701275504	60	P	76
813.609701275504	813.6599723846689	61	R	76
813.6599723846689	813.7566475946014	1	AA1	76
813.7566475946014	813.795801054624	46	B	76
813.795801054624	813.8528394284842	56	L	76
813.8528394284842	813.9804507055951	6	AH0	76
813.9804507055951	814.0544072411935	57	M	76
825.529	825.579	49	DH	77
825.579	825.649	28	IH1	77
825.649	825.769	62	S	77
825.769	825.799	67	W	77
825.799	825.889	7	AH1	77
825.889	825.919	69	Z	77
825.919	826.1279999999999	32	IY1	77
826.1279999999999	826.178	69	Z	77
826.178	826.268	31	IY0	77
826.268	826.407	50	F	77
826.407	826.537	21	ER0	77
826.537	826.687	7	AH1	77
826.687	826.976	62	S	77
826.976	827.275	74	sp	77
838.211	838.251	48	D	78
838.251	838.3	6	AH0	78
838.3	838.44	62	S	78
838.44	838.5	19	EH1	78
838.5	838.58	57	M	78
838.58	838.62	46	B	78
838.62	838.749	21	ER0	78
838.749	838.779	6	AH0	78
838.779	838.869	58	N	78
838.869	838.899	48	D	78
838.899	838.969	53	JH	78
838.969	839.0889999999999	4	AE1	78
839.0889999999999	839.158	58	N	78
839.158	839.2280000000001	68	Y	78
839.2280000000001	839.268	43	UW0	78
839.268	839.298	20	EH2	78
839.298	839.428	61	R	78
839.428	839.558	31	IY0	78
839.558	839.667	1	AA1	78
839.667	839.727	61	R	78
839.727	839.817	58	N	78
839.817	839.987	16	AY1	78
839.987	840.116	62	S	78
840.116	840.206	57	M	78
840.206	840.296	7	AH1	78
840.296	840.326	58	N	78
840.326	840.436	65	TH	78
840.436	840.495	62	S	78
840.495	840.525	64	T	78
840.525	840.565	6	AH0	78
840.565	840.725	62	S	78
840.725	840.785	60	P	78
840.785	840.895	19	EH1	78
840.895	840.984	58	N	78
840.984	841.024	48	D	78
841.024	841.114	28	IH1	78
841.114	841.154	58	N	78
841.154	841.2139999999999	57	M	78
841.2139999999999	841.274	15	AY0	78
841.274	841.443	4	AE1	78
841.443	841.523	57	M	78
841.523	841.673	31	IY0	78
841.673	842.1320000000001	74	sp	78
850.832	850.912	56	L	79
850.912	851.0509999999999	4	AE1	79
851.0509999999999	851.201	62	S	79
851.201	851.351	68	Y	79
851.351	851.4010000000001	28	IH1	79
851.4010000000001	851.431	61	R	79
851.431	851.54	69	Z	79
851.54	851.65	51	G	79
851.65	851.939	4	AE1	79
851.939	851.979	62	S	79
851.979	852.289	63	SH	79
852.289	852.458	10	AO1	79
852.458	852.508	61	R	79
852.508	852.568	64	T	79
852.568	852.827	6	AH0	79
852.827	853.197	53	JH	79
853.197	853.396	74	sp	79
853.396	853.516	54	K	79
853.516	853.715	1	AA1	79
853.715	853.795	69	Z	79
853.795	853.825	48	D	79
853.825	854.015	62	S	79
854.015	854.045	64	T	79
854.045	854.274	32	IY1	79
854.274	854.304	60	P	79
854.304	854.673	74	sp	79
854.673	854.783	60	P	79
854.783	854.8530000000001	61	R	79
854.8530000000001	854.982	16	AY1	79
854.982	855.1220000000001	62	S	79
855.1220000000001	855.192	28	IH1	79
855.192	855.302	58	N	79
855.302	855.402	54	K	79
855.402	855.431	61	R	79
855.431	855.531	31	IY0	79
855.531	855.671	62	S	79
855.671	855.761	6	AH0	79
855.761	856.2	69	Z	79
