25.281375	25.298776537787855	51	G	61
25.298776537787855	25.320171155033382	61	R	61
25.320171155033382	25.374309272595585	4	AE1	61
25.374309272595585	25.468100062851338	57	M	61
25.468100062851338	25.576376297975752	8	AH2	61
25.576376297975752	25.61601313404808	49	DH	61
25.61601313404808	25.71050269766119	21	ER0	61
25.71050269766119	25.866149785652535	14	AW2	61
25.866149785652535	25.95799123508842	64	T	61
25.95799123508842	26.0111626005513	51	G	61
26.0111626005513	26.05828922960809	61	R	61
26.05828922960809	26.215869821798083	44	UW1	61
26.215869821798083	26.352365214298068	52	HH	61
26.352365214298068	26.55236521429807	22	ER1	61
26.55236521429807	26.72236521429807	7	AH1	61
26.72236521429807	26.79236521429807	60	P	61
26.79236521429807	26.84236521429807	46	B	61
26.84236521429807	26.89236521429807	61	R	61
26.89236521429807	26.92236521429807	29	IH2	61
26.92236521429807	27.03236521429807	59	NG	61
27.03236521429807	27.09236521429807	27	IH0	61
27.09236521429807	27.32236521429807	59	NG	61
27.32236521429807	27.43236521429807	28	IH1	61
27.43236521429807	27.69236521429807	58	N	61
27.69236521429807	27.77236521429807	74	sp	61
27.77236521429807	27.852365214298068	60	P	61
27.852365214298068	27.94236521429807	19	EH1	61
27.94236521429807	27.98236521429807	64	T	61
27.98236521429807	28.06236521429807	31	IY0	61
28.06236521429807	28.13236521429807	54	K	61
28.13236521429807	28.32236521429807	36	OW2	61
28.32236521429807	28.352365214298068	64	T	61
28.352365214298068	28.41236521429807	62	S	61
39.16375	39.32375	1	AA1	62
39.32375	39.35375	46	B	62
39.35375	39.44375	53	JH	62
39.44375	39.52375	18	EH0	62
39.52375	39.55375	54	K	62
39.55375	39.642035219660116	62	S	62
39.642035219660116	39.74375	57	M	62
39.74375	39.88375	25	EY1	62
39.88375	39.92375	48	D	62
39.92375	40.083749999999995	7	AH1	62
40.083749999999995	40.113749999999996	66	V	62
40.113749999999996	40.223749999999995	60	P	62
40.223749999999995	40.35375	22	ER1	62
40.35375	40.45375	47	CH	62
40.45375	40.60375	21	ER0	62
40.60375	40.74375	21	ER0	62
40.74375	40.81375	46	B	62
40.81375	40.87375	68	Y	62
40.87375	40.903749999999995	44	UW1	62
40.903749999999995	40.933749999999996	64	T	62
40.933749999999996	40.98375	6	AH0	62
40.98375	41.09375	50	F	62
41.09375	41.13375	6	AH0	62
41.13375	41.223749999999995	56	L	62
50.07572341845367	50.13143116119702	2	AA2	63
50.13143116119702	50.21143116119703	61	R	63
50.21143116119703	50.251431161197026	64	T	63
50.251431161197026	50.30143116119702	6	AH0	63
50.30143116119702	50.431431161197025	50	F	63
50.431431161197025	50.52143116119702	28	IH1	63
50.52143116119702	50.651431161197024	63	SH	63
50.651431161197024	50.681431161197025	6	AH0	63
50.681431161197025	50.74143116119702	56	L	63
50.74143116119702	50.791431161197025	29	IH2	63
50.791431161197025	50.821431161197026	58	N	63
50.821431161197026	50.901431161197024	64	T	63
50.901431161197024	50.95143116119702	19	EH1	63
50.95143116119702	51.05143116119702	56	L	63
51.05143116119702	51.12143116119702	6	AH0	63
51.12143116119702	51.221431161197025	53	JH	63
51.221431161197025	51.28143116119703	6	AH0	63
51.28143116119703	51.31143116119702	58	N	63
51.31143116119702	51.38143116119702	62	S	63
51.38143116119702	51.44143116119702	6	AH0	63
51.44143116119702	51.55143116119702	69	Z	63
51.55143116119702	51.60143116119703	50	F	63
51.60143116119703	51.721431161197025	21	ER0	63
51.721431161197025	51.80143116119702	61	R	63
51.80143116119702	51.831431161197024	32	IY1	63
51.831431161197024	51.971431161197025	56	L	63
61.4644375	61.564437500000004	64	T	64
61.564437500000004	61.7144375	1	AA1	64
61.7144375	61.744437500000004	48	D	64
61.744437500000004	61.8244375	60	P	64
61.8244375	61.8544375	56	L	64
61.8544375	61.9744375	25	EY1	64
61.9744375	62.1444375	62	S	64
62.1444375	62.1744375	64	T	64
62.1744375	62.204437500000004	64	T	64
62.204437500000004	62.3344375	1	AA1	64
62.3344375	62.384437500000004	60	P	64
62.384437500000004	62.454437500000004	60	P	64
62.454437500000004	62.524437500000005	61	R	64
62.524437500000005	62.6544375	15	AY0	64
62.6544375	62.6844375	10	AO1	64
62.6844375	62.7344375	61	R	64
62.7344375	62.7644375	6	AH0	64
62.7644375	62.7944375	64	T	64
62.7944375	63.0144375	31	IY0	64
63.0144375	63.1844375	1	AA1	64
63.1844375	63.3544375	58	N	64
63.3544375	63.4244375	51	G	64
63.4244375	63.494437500000004	28	IH1	64
63.494437500000004	63.5344375	64	T	64
63.5344375	63.564437500000004	27	IH0	64
63.564437500000004	63.6444375	59	NG	64
63.6444375	63.7144375	52	HH	64
63.7144375	63.774437500000005	6	AH0	64
63.774437500000005	63.8544375	69	Z	64
63.8544375	63.884437500000004	74	sp	64
63.884437500000004	63.9144375	46	B	64
63.9144375	64.0244375	16	AY1	64
64.0244375	64.0644375	54	K	64
64.0644375	64.1244375	74	sp	64
64.1244375	64.17443750000001	50	F	64
64.17443750000001	64.2944375	28	IH1	64
64.2944375	64.3844375	54	K	64
64.3844375	64.45443750000001	62	S	64
64.45443750000001	64.4844375	64	T	64
73.82790659672054	73.86790659672053	67	W	65
73.86790659672053	73.99790659672053	19	EH1	65
73.99790659672053	74.03790659672053	58	N	65
74.03790659672053	74.08790659672053	60	P	65
74.08790659672053	74.11790659672053	32	IY1	65
74.11790659672053	74.24790659672053	56	L	65
74.24790659672053	74.28790659672053	27	IH0	65
74.28790659672053	74.32790659672054	59	NG	65
74.32790659672054	74.45790659672053	4	AE1	65
74.45790659672053	74.48790659672053	58	N	65
74.48790659672053	74.60790659672054	10	AO1	65
74.60790659672054	74.72790659672053	61	R	65
74.72790659672053	74.87790659672054	6	AH0	65
74.87790659672054	74.91790659672053	58	N	65
74.91790659672053	74.99790659672053	53	JH	65
74.99790659672053	75.10790659672054	28	IH1	65
75.10790659672054	75.13790659672053	64	T	65
75.13790659672053	75.21790659672054	28	IH1	65
75.21790659672054	75.34790659672053	69	Z	65
75.34790659672053	75.37790659672054	52	HH	65
75.37790659672054	75.43790659672054	1	AA1	65
75.43790659672054	75.52790659672053	61	R	65
75.52790659672053	75.55790659672053	48	D	65
75.55790659672053	75.58790659672053	58	N	65
75.58790659672053	75.72790659672053	1	AA1	65
75.72790659672053	75.79790659672054	64	T	65
75.79790659672054	75.89790659672053	64	T	65
75.89790659672053	75.96790659672054	6	AH0	65
75.96790659672054	76.06790659672053	62	S	65
76.06790659672053	76.10790659672054	60	P	65
76.10790659672054	76.15790659672054	61	R	65
76.15790659672054	76.30790659672053	25	EY1	65
76.30790659672053	76.41790659672053	53	JH	65
76.41790659672053	76.57790659672054	44	UW1	65
76.57790659672054	76.73790659672053	62	S	65
85.53991838357122	85.57991838357121	49	DH	66
85.57991838357121	85.65991838357122	7	AH1	66
85.65991838357122	85.74991838357121	57	M	66
85.74991838357121	85.78991838357122	10	AO1	66
85.78991838357122	85.84991838357122	61	R	66
85.84991838357122	85.87991838357122	58	N	66
85.87991838357122	85.90991838357122	27	IH0	66
85.90991838357122	86.06991838357122	59	NG	66
86.06991838357122	86.11991838357122	48	D	66
86.11991838357122	86.22991838357122	44	UW1	66
86.22991838357122	86.37991838357122	1	AA1	66
86.37991838357122	86.46991838357121	58	N	66
86.46991838357121	86.49991838357121	49	DH	66
86.49991838357121	86.53991838357122	6	AH0	66
86.53991838357122	86.65991838357122	62	S	66
86.65991838357122	86.69991838357122	60	P	66
86.69991838357122	86.82991838357121	16	AY1	66
86.82991838357121	86.87991838357122	48	D	66
86.87991838357122	86.97991838357122	21	ER0	66
86.97991838357122	87.01991838357122	67	W	66
87.01991838357122	87.21991838357121	19	EH1	66
87.21991838357121	87.25991838357122	46	B	66
87.25991838357122	87.45991838357122	74	sp	66
87.45991838357122	87.48991838357122	51	G	66
87.48991838357122	87.52991838357121	56	L	66
87.52991838357121	87.61991838357122	28	IH1	66
87.61991838357122	87.75991838357122	62	S	66
87.75991838357122	87.79991838357122	6	AH0	66
87.79991838357122	87.87991838357122	58	N	66
87.87991838357122	87.90991838357122	48	D	66
87.90991838357122	87.93991838357121	6	AH0	66
87.93991838357121	88.04991838357122	58	N	66
88.04991838357122	88.07991838357121	49	DH	66
88.07991838357121	88.25991838357122	7	AH1	66
88.25991838357122	88.39991838357122	62	S	66
88.39991838357122	88.49991838357121	7	AH1	66
88.49991838357121	88.61991838357122	58	N	66
96.31375	96.40375	64	T	67
96.40375	96.43375	9	AO0	67
96.43375	96.46375	61	R	67
96.46375	96.54375	58	N	67
96.54375	96.67375	25	EY1	67
96.67375	96.70375	48	D	67
96.70375	96.74374999999999	36	OW2	67
96.74374999999999	96.82375	69	Z	67
96.82375	96.96375	10	AO1	67
96.96375	97.01375	50	F	67
97.01375	97.06375	64	T	67
97.06375	97.11375	6	AH0	67
97.11375	97.18375	58	N	67
97.18375	97.21375	48	D	67
97.21375	97.27374999999999	6	AH0	67
97.27374999999999	97.37375	62	S	67
97.37375	97.40375	64	T	67
97.40375	97.49374999999999	61	R	67
97.49374999999999	97.59375	38	OY1	67
97.59375	97.73375	19	EH1	67
97.73375	97.82375	61	R	67
97.82375	97.94375	31	IY0	67
97.94375	98.02374999999999	6	AH0	67
98.02374999999999	98.14375	69	Z	67
110.83190068872652	110.85401428570867	49	DH	68
110.85401428570867	110.96401428570867	25	EY1	68
110.96401428570867	111.06401428570868	61	R	68
111.06401428570868	111.17401428570868	6	AH0	68
111.17401428570868	111.21401428570867	57	M	68
111.21401428570867	111.39401428570868	25	EY1	68
111.39401428570868	111.46401428570867	58	N	68
111.46401428570867	111.50401428570868	48	D	68
111.50401428570868	111.59401428570868	19	EH1	68
111.59401428570868	111.62401428570867	56	L	68
111.62401428570867	111.75401428570868	74	sp	68
111.75401428570868	111.85401428570867	56	L	68
111.85401428570867	111.96401428570867	16	AY1	68
111.96401428570867	112.09401428570868	50	F	68
112.09401428570868	112.13401428570867	56	L	68
112.13401428570867	112.22401428570868	10	AO1	68
112.22401428570868	112.29401428570867	59	NG	68
112.29401428570867	112.43401428570867	50	F	68
112.43401428570867	112.47401428570868	61	R	68
112.47401428570868	112.53401428570868	19	EH1	68
112.53401428570868	112.56401428570868	58	N	68
112.56401428570868	112.59401428570868	69	Z	68
112.59401428570868	112.62401428570867	6	AH0	68
112.62401428570867	112.65401428570867	58	N	68
112.65401428570867	112.68401428570867	48	D	68
112.68401428570867	112.71401428570867	54	K	68
112.71401428570867	112.74401428570867	6	AH0	68
112.74401428570867	112.77401428570867	57	M	68
112.77401428570867	112.80401428570867	60	P	68
112.80401428570867	112.87401428570867	4	AE1	68
112.87401428570867	113.02401428570867	58	N	68
113.02401428570867	113.05401428570867	68	Y	68
113.05401428570867	113.08401428570868	6	AH0	68
113.08401428570868	113.11401428570868	58	N	68
113.11401428570868	113.14401428570868	69	Z	68
126.90583844824214	126.927440769363	49	DH	69
126.927440769363	126.99744076936301	7	AH1	69
126.99744076936301	127.07744076936301	50	F	69
127.07744076936301	127.18744076936301	41	UH1	69
127.18744076936301	127.21744076936301	64	T	69
127.21744076936301	127.24744076936301	46	B	69
127.24744076936301	127.27744076936301	11	AO2	69
127.27744076936301	127.337440769363	56	L	69
127.337440769363	127.49744076936301	64	T	69
127.49744076936301	127.617440769363	32	IY1	69
127.617440769363	127.68744076936301	57	M	69
127.68744076936301	127.767440769363	54	K	69
127.767440769363	127.927440769363	35	OW1	69
127.927440769363	128.01744076936302	47	CH	69
128.01744076936302	128.087440769363	52	HH	69
128.087440769363	128.157440769363	4	AE1	69
128.157440769363	128.277440769363	69	Z	69
128.277440769363	128.337440769363	25	EY1	69
128.337440769363	128.367440769363	67	W	69
128.367440769363	128.57744076936302	1	AA1	69
128.57744076936302	128.687440769363	47	CH	69
128.687440769363	128.777440769363	19	EH1	69
128.777440769363	128.89744076936302	69	Z	69
128.89744076936302	128.95744076936302	65	TH	69
128.95744076936302	129.047440769363	28	IH1	69
129.047440769363	129.107440769363	58	N	69
129.107440769363	129.217440769363	4	AE1	69
129.217440769363	129.317440769363	69	Z	69
129.317440769363	129.39744076936302	25	EY1	69
129.39744076936302	129.447440769363	48	D	69
129.447440769363	129.567440769363	16	AY1	69
129.567440769363	129.70744076936302	57	M	69
136.69425	136.77425000000002	49	DH	70
136.77425000000002	136.83425000000003	25	EY1	70
136.83425000000003	136.99425000000002	10	AO1	70
136.99425000000002	137.02425000000002	50	F	70
137.02425000000002	137.09425000000002	64	T	70
137.09425000000002	137.16425	6	AH0	70
137.16425	137.22425	58	N	70
137.22425	137.27425000000002	51	G	70
137.27425000000002	137.40425000000002	35	OW1	70
137.40425000000002	137.57425	13	AW1	70
137.57425	137.60425	64	T	70
137.60425	137.63425	6	AH0	70
137.63425	137.72425	58	N	70
137.72425	137.75425	49	DH	70
137.75425	137.81425000000002	6	AH0	70
137.81425000000002	138.01425	32	IY1	70
138.01425	138.04425	66	V	70
138.04425	138.09425000000002	58	N	70
138.09425000000002	138.12425000000002	27	IH0	70
138.12425000000002	138.24425000000002	59	NG	70
146.86700709514977	147.02700709514977	13	AW1	71
147.02700709514977	147.13700709514978	61	R	71
147.13700709514978	147.1870070951498	27	IH0	71
147.1870070951498	147.21700709514977	54	K	71
147.21700709514977	147.29700709514978	62	S	71
147.29700709514978	147.33700709514977	60	P	71
147.33700709514977	147.46700709514977	19	EH1	71
147.46700709514977	147.5070070951498	61	R	71
147.5070070951498	147.54700709514978	6	AH0	71
147.54700709514978	147.57700709514978	57	M	71
147.57700709514978	147.6570070951498	6	AH0	71
147.6570070951498	147.6870070951498	58	N	71
147.6870070951498	147.71700709514977	64	T	71
147.71700709514977	147.77700709514977	62	S	71
147.77700709514977	147.83700709514977	60	P	71
147.83700709514977	147.9470070951498	1	AA1	71
147.9470070951498	148.0370070951498	69	Z	71
148.0370070951498	148.0670070951498	6	AH0	71
148.0670070951498	148.0970070951498	64	T	71
148.0970070951498	148.1270070951498	27	IH0	71
148.1270070951498	148.1570070951498	66	V	71
148.1570070951498	148.4470070951498	13	AW1	71
148.4470070951498	148.4770070951498	64	T	71
148.4770070951498	148.5670070951498	54	K	71
148.5670070951498	148.61700709514977	8	AH2	71
148.61700709514977	148.70700709514978	57	M	71
148.70700709514978	148.74700709514977	67	W	71
148.74700709514977	148.8170070951498	7	AH1	71
148.8170070951498	148.92700709514978	69	Z	71
148.92700709514978	149.01700709514978	8	AH2	71
149.01700709514978	149.05700709514977	58	N	71
149.05700709514977	149.08700709514977	27	IH0	71
149.08700709514977	149.11700709514977	54	K	71
149.11700709514977	149.23700709514978	62	S	71
149.23700709514978	149.27700709514977	60	P	71
149.27700709514977	149.3470070951498	19	EH1	71
149.3470070951498	149.41700709514978	54	K	71
149.41700709514978	149.46700709514977	64	T	71
149.46700709514977	149.57700709514978	6	AH0	71
149.57700709514978	149.6270070951498	48	D	71
159.4979375	159.6579375	32	IY1	72
159.6579375	159.6879375	47	CH	72
159.6879375	159.8179375	62	S	72
159.8179375	159.9879375	25	EY1	72
159.9879375	160.1679375	63	SH	72
160.1679375	160.20793749999999	41	UH1	72
160.20793749999999	160.3279375	61	R	72
160.3279375	160.36793749999998	56	L	72
160.36793749999998	160.6279375	31	IY0	72
160.6279375	161.29124893903128	74	sp	72
161.29124893903128	161.30284996422318	50	F	72
161.30284996422318	161.4179375	16	AY1	72
161.4179375	161.4479375	58	N	72
161.4479375	161.4779375	48	D	72
161.4779375	161.58793749999998	69	Z	72
161.58793749999998	161.7279375	25	EY1	72
161.7279375	161.7679375	46	B	72
161.7679375	161.83793749999998	28	IH1	72
161.83793749999998	161.9079375	51	G	72
161.9079375	162.0179375	50	F	72
162.0179375	162.14793749999998	10	AO1	72
162.14793749999998	162.2679375	58	N	72
172.22003561189086	172.23967057583715	49	DH	73
172.23967057583715	172.3263783428166	7	AH1	73
172.3263783428166	172.44967057583716	62	S	73
172.44967057583716	172.51967057583715	29	IH2	73
172.51967057583715	172.61967057583715	51	G	73
172.61967057583715	172.69967057583716	21	ER0	73
172.69967057583716	172.79967057583715	19	EH1	73
172.79967057583715	172.82967057583716	64	T	73
172.82967057583716	172.92967057583715	62	S	73
172.92967057583715	173.04967057583715	28	IH1	73
173.04967057583715	173.07967057583716	58	N	73
173.07967057583716	173.10967057583716	49	DH	73
173.10967057583716	173.20967057583715	7	AH1	73
173.20967057583715	173.29967057583715	54	K	73
173.29967057583715	173.34967057583714	56	L	73
173.34967057583714	173.62967057583714	25	EY1	73
173.62967057583714	173.80967057583715	4	AE1	73
173.80967057583715	173.93967057583714	63	SH	73
173.93967057583714	174.00967057583713	64	T	73
174.00967057583713	174.03967057583714	61	R	73
174.03967057583714	174.27967057583714	26	EY2	73
174.27967057583714	174.50967057583713	74	sp	73
174.50967057583713	174.59967057583714	35	OW1	73
174.59967057583714	174.62967057583714	66	V	73
174.62967057583714	174.74967057583714	21	ER0	73
174.74967057583714	174.81967057583714	50	F	73
174.81967057583714	174.85967057583716	56	L	73
174.85967057583716	174.88967057583716	36	OW2	73
174.88967057583716	175.11967057583715	1	AA1	73
175.11967057583715	175.21967057583714	58	N	73
175.21967057583714	175.30967057583715	64	T	73
175.30967057583715	175.34967057583714	43	UW0	73
175.34967057583714	175.44967057583716	49	DH	73
175.44967057583716	175.64967057583715	7	AH1	73
175.64967057583715	175.75967057583713	35	OW1	73
175.75967057583713	175.78967057583714	54	K	73
175.78967057583714	175.87967057583714	64	T	73
175.87967057583714	175.97967057583716	25	EY1	73
175.97967057583716	176.00967057583713	46	B	73
176.00967057583713	176.03967057583714	6	AH0	73
176.03967057583714	176.13967057583716	56	L	73
185.73618926627844	185.76519182925819	60	P	74
185.76519182925819	185.8038619132312	61	R	74
185.8038619132312	185.84758372954676	1	AA1	74
185.84758372954676	185.95758372954674	53	JH	74
185.95758372954674	186.01758372954674	18	EH0	74
186.01758372954674	186.05758372954674	54	K	74
186.05758372954674	186.10758372954675	64	T	74
186.10758372954675	186.14758372954674	48	D	74
186.14758372954674	186.19758372954675	27	IH0	74
186.19758372954675	186.29758372954674	66	V	74
186.29758372954674	186.32758372954675	19	EH1	74
186.32758372954675	186.41758372954675	56	L	74
186.41758372954675	186.44758372954675	6	AH0	74
186.44758372954675	186.47758372954675	60	P	74
186.47758372954675	186.51758372954674	57	M	74
186.51758372954674	186.65758372954676	6	AH0	74
186.65758372954676	186.68758372954676	58	N	74
186.68758372954676	186.71758372954673	64	T	74
186.71758372954673	186.78758372954675	67	W	74
186.78758372954675	186.81758372954675	6	AH0	74
186.81758372954675	186.94758372954675	69	Z	74
186.94758372954675	186.97758372954675	60	P	74
186.97758372954675	187.02758372954673	61	R	74
187.02758372954673	187.05758372954674	6	AH0	74
187.05758372954674	187.17758372954674	62	S	74
187.17758372954674	187.24758372954673	32	IY1	74
187.24758372954673	187.27758372954673	48	D	74
187.27758372954673	187.30758372954674	27	IH0	74
187.30758372954674	187.40758372954676	59	NG	74
187.40758372954676	187.50758372954675	64	T	74
187.50758372954675	187.56758372954675	44	UW1	74
187.56758372954675	187.68758372954676	62	S	74
187.68758372954676	187.74758372954673	56	L	74
187.74758372954673	187.87758372954676	35	OW1	74
187.87758372954676	187.92758372954674	56	L	74
187.92758372954674	188.04758372954674	31	IY0	74
196.7415625	196.78156249999998	67	W	75
196.78156249999998	196.81156249999998	6	AH0	75
196.81156249999998	196.93156249999998	56	L	75
196.93156249999998	196.96156249999999	61	R	75
196.96156249999999	197.07156249999997	1	AA1	75
197.07156249999997	197.12156249999998	46	B	75
197.12156249999998	197.20156249999997	6	AH0	75
197.20156249999997	197.3015625	58	N	75
197.3015625	197.35156249999997	67	W	75
197.35156249999997	197.38156249999997	19	EH1	75
197.38156249999997	197.48156249999997	61	R	75
197.48156249999997	197.60156249999997	25	EY1	75
197.60156249999997	197.65156249999998	68	Y	75
197.65156249999998	197.72156249999998	19	EH1	75
197.72156249999998	197.95156249999997	56	L	75
197.95156249999997	197.98156249999997	34	OW0	75
197.98156249999997	198.01156249999997	56	L	75
198.01156249999997	198.10156249999997	28	IH1	75
198.10156249999997	198.19156249999997	56	L	75
198.19156249999997	198.34156249999998	31	IY0	75
206.823625	206.89467502047052	64	T	76
206.89467502047052	206.98467502047052	1	AA1	76
206.98467502047052	207.06467502047053	57	M	76
207.06467502047053	207.09467502047053	6	AH0	76
207.09467502047053	207.19467502047053	62	S	76
207.19467502047053	207.24467502047054	65	TH	76
207.24467502047054	207.31467502047053	28	IH1	76
207.31467502047053	207.42467502047052	59	NG	76
207.42467502047052	207.45467502047052	54	K	76
207.45467502047052	207.50467502047053	62	S	76
207.50467502047053	207.55467502047054	25	EY1	76
207.55467502047054	207.66467502047053	56	L	76
207.66467502047053	207.77467502047054	1	AA1	76
207.77467502047054	207.80467502047054	61	R	76
207.80467502047054	207.91467502047053	53	JH	76
207.91467502047053	208.03467502047053	21	ER0	76
208.03467502047053	208.17467502047052	54	K	76
208.17467502047052	208.21467502047054	56	L	76
208.21467502047054	208.30467502047054	4	AE1	76
208.30467502047054	208.38467502047052	57	M	76
208.38467502047052	208.43467502047054	60	P	76
208.43467502047054	208.5846750204705	62	S	76
208.5846750204705	208.70467502047052	1	AA1	76
208.70467502047052	208.73467502047052	56	L	76
208.73467502047052	208.76467502047052	66	V	76
208.76467502047052	208.88467502047052	69	Z	76
208.88467502047052	208.91467502047053	49	DH	76
208.91467502047053	208.98467502047052	7	AH1	76
208.98467502047052	209.06467502047053	60	P	76
209.06467502047053	209.09467502047053	61	R	76
209.09467502047053	209.17467502047052	1	AA1	76
209.17467502047052	209.20467502047052	46	B	76
209.20467502047052	209.28467502047053	56	L	76
209.28467502047053	209.31467502047053	6	AH0	76
209.31467502047053	209.38467502047052	57	M	76
216.349	216.3760690587811	49	DH	77
216.3760690587811	216.44547278691505	4	AE1	77
216.44547278691505	216.47547278691505	64	T	77
216.47547278691505	216.50547278691505	67	W	77
216.50547278691505	216.57547278691504	7	AH1	77
216.57547278691504	216.69547278691505	69	Z	77
216.69547278691505	216.78547278691505	32	IY1	77
216.78547278691505	216.91547278691505	69	Z	77
216.91547278691505	216.96547278691506	31	IY0	77
216.96547278691506	217.05547278691503	50	F	77
217.05547278691503	217.14547278691504	21	ER0	77
217.14547278691504	217.25547278691505	7	AH1	77
217.25547278691505	217.42547278691504	62	S	77
226.6029375	226.63967407977435	48	D	78
226.63967407977435	226.71594474872808	6	AH0	78
226.71594474872808	226.80594474872808	62	S	78
226.80594474872808	226.8859447487281	19	EH1	78
226.8859447487281	226.93594474872808	57	M	78
226.93594474872808	226.96594474872808	46	B	78
226.96594474872808	226.99594474872808	21	ER0	78
226.99594474872808	227.12594474872807	4	AE1	78
227.12594474872807	227.1959447487281	58	N	78
227.1959447487281	227.22594474872807	48	D	78
227.22594474872807	227.27594474872808	53	JH	78
227.27594474872808	227.33594474872808	4	AE1	78
227.33594474872808	227.36594474872808	58	N	78
227.36594474872808	227.39594474872808	68	Y	78
227.39594474872808	227.42594474872809	43	UW0	78
227.42594474872809	227.4559447487281	20	EH2	78
227.4559447487281	227.55594474872808	61	R	78
227.55594474872808	227.78594474872807	31	IY0	78
227.78594474872807	227.89594474872808	21	ER0	78
227.89594474872808	228.0159447487281	58	N	78
228.0159447487281	228.12594474872807	16	AY1	78
228.12594474872807	228.24594474872808	62	S	78
228.24594474872808	228.27594474872808	57	M	78
228.27594474872808	228.39594474872808	7	AH1	78
228.39594474872808	228.47594474872807	58	N	78
228.47594474872807	228.50594474872807	65	TH	78
228.50594474872807	228.68594474872808	62	S	78
228.68594474872808	228.71594474872808	64	T	78
228.71594474872808	228.7659447487281	6	AH0	78
228.7659447487281	228.9159447487281	62	S	78
228.9159447487281	228.9459447487281	60	P	78
228.9459447487281	229.0459447487281	19	EH1	78
229.0459447487281	229.1659447487281	58	N	78
229.1659447487281	229.1959447487281	48	D	78
229.1959447487281	229.25594474872807	64	T	78
229.25594474872807	229.39594474872808	16	AY1	78
229.39594474872808	229.47594474872807	57	M	78
229.47594474872807	229.55594474872808	28	IH1	78
229.55594474872808	229.6359447487281	58	N	78
229.6359447487281	229.6659447487281	57	M	78
229.6659447487281	229.7059447487281	15	AY0	78
229.7059447487281	229.9159447487281	4	AE1	78
229.9159447487281	229.9859447487281	57	M	78
229.9859447487281	230.11594474872808	31	IY0	78
238.9023125	239.0023125	56	L	79
239.0023125	239.0923125	4	AE1	79
239.0923125	239.2323125	62	S	79
239.2323125	239.2623125	68	Y	79
239.2623125	239.3623125	28	IH1	79
239.3623125	239.3923125	61	R	79
239.3923125	239.5223125	69	Z	79
239.5223125	239.5723125	51	G	79
239.5723125	239.6823125	4	AE1	79
239.6823125	239.7723125	62	S	79
239.7723125	239.8323125	63	SH	79
239.8323125	239.8623125	10	AO1	79
239.8623125	239.9823125	61	R	79
239.9823125	240.0123125	64	T	79
240.0123125	240.1123125	6	AH0	79
240.1123125	240.1923125	53	JH	79
240.1923125	240.2623125	54	K	79
240.2623125	240.3823125	1	AA1	79
240.3823125	240.4623125	69	Z	79
240.4623125	240.4923125	48	D	79
240.4923125	240.6123125	62	S	79
240.6123125	240.6423125	64	T	79
240.6423125	240.8023125	32	IY1	79
240.8023125	240.8623125	60	P	79
240.8623125	241.51613944051675	74	sp	79
241.51613944051675	241.55480952448974	60	P	79
241.55480952448974	241.5992801210587	61	R	79
241.5992801210587	241.6423125	16	AY1	79
241.6423125	241.7623125	62	S	79
241.7623125	241.8023125	29	IH2	79
241.8023125	241.8523125	58	N	79
241.8523125	241.9023125	54	K	79
241.9023125	241.9523125	61	R	79
241.9523125	242.0223125	32	IY1	79
242.0223125	242.1423125	62	S	79
242.1423125	242.2323125	6	AH0	79
242.2323125	242.3923125	69	Z	79
257.83475	257.87474999999995	67	W	75
257.87474999999995	257.90475	6	AH0	75
257.90475	258.02475	56	L	75
258.02475	258.05475	61	R	75
258.05475	258.16474999999997	1	AA1	75
258.16474999999997	258.21475	46	B	75
258.21475	258.29474999999996	6	AH0	75
258.29474999999996	258.39475	58	N	75
258.39475	258.44475	67	W	75
258.44475	258.47475	19	EH1	75
258.47475	258.57475	61	R	75
258.57475	258.69475	25	EY1	75
258.69475	258.74474999999995	68	Y	75
258.74474999999995	258.81475	19	EH1	75
258.81475	259.04474999999996	56	L	75
259.04474999999996	259.07475	34	OW0	75
259.07475	259.10474999999997	56	L	75
259.10474999999997	259.19475	28	IH1	75
259.19475	259.28475	56	L	75
259.28475	259.43475	31	IY0	75
267.353	267.443	64	T	67
267.443	267.473	9	AO0	67
267.473	267.50300000000004	61	R	67
267.50300000000004	267.583	58	N	67
267.583	267.713	25	EY1	67
267.713	267.743	48	D	67
267.743	267.783	36	OW2	67
267.783	267.863	69	Z	67
267.863	268.00300000000004	10	AO1	67
268.00300000000004	268.053	50	F	67
268.053	268.103	64	T	67
268.103	268.153	6	AH0	67
268.153	268.223	58	N	67
268.223	268.25300000000004	48	D	67
268.25300000000004	268.313	6	AH0	67
268.313	268.413	62	S	67
268.413	268.443	64	T	67
268.443	268.533	61	R	67
268.533	268.63300000000004	38	OY1	67
268.63300000000004	268.773	19	EH1	67
268.773	268.863	61	R	67
268.863	268.983	31	IY0	67
268.983	269.063	6	AH0	67
269.063	269.183	69	Z	67
277.22506959514976	277.38506959514973	13	AW1	71
277.38506959514973	277.49506959514974	61	R	71
277.49506959514974	277.5450695951498	27	IH0	71
277.5450695951498	277.5750695951498	54	K	71
277.5750695951498	277.65506959514977	62	S	71
277.65506959514977	277.6950695951498	60	P	71
277.6950695951498	277.8250695951498	19	EH1	71
277.8250695951498	277.86506959514975	61	R	71
277.86506959514975	277.90506959514977	6	AH0	71
277.90506959514977	277.9350695951498	57	M	71
277.9350695951498	278.0150695951498	6	AH0	71
278.0150695951498	278.0450695951498	58	N	71
278.0450695951498	278.0750695951498	64	T	71
278.0750695951498	278.13506959514973	62	S	71
278.13506959514973	278.1950695951498	60	P	71
278.1950695951498	278.3050695951498	1	AA1	71
278.3050695951498	278.3950695951498	69	Z	71
278.3950695951498	278.4250695951498	6	AH0	71
278.4250695951498	278.4550695951498	64	T	71
278.4550695951498	278.48506959514975	27	IH0	71
278.48506959514975	278.5150695951498	66	V	71
278.5150695951498	278.8050695951498	13	AW1	71
278.8050695951498	278.8350695951498	64	T	71
278.8350695951498	278.9250695951498	54	K	71
278.9250695951498	278.97506959514976	8	AH2	71
278.97506959514976	279.0650695951498	57	M	71
279.0650695951498	279.10506959514976	67	W	71
279.10506959514976	279.1750695951498	7	AH1	71
279.1750695951498	279.28506959514976	69	Z	71
279.28506959514976	279.37506959514974	8	AH2	71
279.37506959514974	279.41506959514976	58	N	71
279.41506959514976	279.4450695951498	27	IH0	71
279.4450695951498	279.47506959514976	54	K	71
279.47506959514976	279.59506959514977	62	S	71
279.59506959514977	279.63506959514973	60	P	71
279.63506959514973	279.7050695951498	19	EH1	71
279.7050695951498	279.7750695951498	54	K	71
279.7750695951498	279.8250695951498	64	T	71
279.8250695951498	279.9350695951498	6	AH0	71
279.9350695951498	279.98506959514975	48	D	71
287.63546344824215	287.657065769363	49	DH	69
287.657065769363	287.727065769363	7	AH1	69
287.727065769363	287.807065769363	50	F	69
287.807065769363	287.91706576936303	41	UH1	69
287.91706576936303	287.947065769363	64	T	69
287.947065769363	287.977065769363	46	B	69
287.977065769363	288.007065769363	11	AO2	69
288.007065769363	288.067065769363	56	L	69
288.067065769363	288.227065769363	64	T	69
288.227065769363	288.347065769363	32	IY1	69
288.347065769363	288.41706576936303	57	M	69
288.41706576936303	288.497065769363	54	K	69
288.497065769363	288.657065769363	35	OW1	69
288.657065769363	288.747065769363	47	CH	69
288.747065769363	288.817065769363	52	HH	69
288.817065769363	288.887065769363	4	AE1	69
288.887065769363	289.007065769363	69	Z	69
289.007065769363	289.067065769363	25	EY1	69
289.067065769363	289.097065769363	67	W	69
289.097065769363	289.307065769363	1	AA1	69
289.307065769363	289.41706576936303	47	CH	69
289.41706576936303	289.507065769363	19	EH1	69
289.507065769363	289.627065769363	69	Z	69
289.627065769363	289.687065769363	65	TH	69
289.687065769363	289.777065769363	28	IH1	69
289.777065769363	289.837065769363	58	N	69
289.837065769363	289.947065769363	4	AE1	69
289.947065769363	290.04706576936303	69	Z	69
290.04706576936303	290.127065769363	25	EY1	69
290.127065769363	290.177065769363	48	D	69
290.177065769363	290.29706576936303	16	AY1	69
290.29706576936303	290.437065769363	57	M	69
299.516375	299.53377653778784	51	G	61
299.53377653778784	299.55517115503335	61	R	61
299.55517115503335	299.60930927259557	4	AE1	61
299.60930927259557	299.7031000628513	57	M	61
299.7031000628513	299.81137629797576	8	AH2	61
299.81137629797576	299.85101313404806	49	DH	61
299.85101313404806	299.9455026976612	21	ER0	61
299.9455026976612	300.1011497856525	14	AW2	61
300.1011497856525	300.1929912350884	64	T	61
300.1929912350884	300.24616260055126	51	G	61
300.24616260055126	300.2932892296081	61	R	61
300.2932892296081	300.45086982179805	44	UW1	61
300.45086982179805	300.5873652142981	52	HH	61
300.5873652142981	300.78736521429806	22	ER1	61
300.78736521429806	300.9573652142981	7	AH1	61
300.9573652142981	301.0273652142981	60	P	61
301.0273652142981	301.077365214298	46	B	61
301.077365214298	301.12736521429804	61	R	61
301.12736521429804	301.15736521429807	29	IH2	61
301.15736521429807	301.267365214298	59	NG	61
301.267365214298	301.327365214298	27	IH0	61
301.327365214298	301.55736521429804	59	NG	61
301.55736521429804	301.66736521429806	28	IH1	61
301.66736521429806	301.92736521429805	58	N	61
301.92736521429805	302.00736521429803	74	sp	61
302.00736521429803	302.0873652142981	60	P	61
302.0873652142981	302.17736521429805	19	EH1	61
302.17736521429805	302.21736521429807	64	T	61
302.21736521429807	302.29736521429805	31	IY0	61
302.29736521429805	302.36736521429805	54	K	61
302.36736521429805	302.55736521429804	36	OW2	61
302.55736521429804	302.5873652142981	64	T	61
302.5873652142981	302.6473652142981	62	S	61
311.495125	311.57512499999996	49	DH	70
311.57512499999996	311.635125	25	EY1	70
311.635125	311.795125	10	AO1	70
311.795125	311.82512499999996	50	F	70
311.82512499999996	311.895125	64	T	70
311.895125	311.96512499999994	6	AH0	70
311.96512499999994	312.025125	58	N	70
312.025125	312.07512499999996	51	G	70
312.07512499999996	312.20512499999995	35	OW1	70
312.20512499999995	312.37512499999997	13	AW1	70
312.37512499999997	312.405125	64	T	70
312.405125	312.43512499999997	6	AH0	70
312.43512499999997	312.525125	58	N	70
312.525125	312.555125	49	DH	70
312.555125	312.615125	6	AH0	70
312.615125	312.81512499999997	32	IY1	70
312.81512499999997	312.84512499999994	66	V	70
312.84512499999994	312.895125	58	N	70
312.895125	312.925125	27	IH0	70
312.925125	313.045125	59	NG	70
322.4231609184537	322.47886866119705	2	AA2	63
322.47886866119705	322.55886866119704	61	R	63
322.55886866119704	322.59886866119706	64	T	63
322.59886866119706	322.648868661197	6	AH0	63
322.648868661197	322.77886866119707	50	F	63
322.77886866119707	322.86886866119704	28	IH1	63
322.86886866119704	322.99886866119704	63	SH	63
322.99886866119704	323.02886866119707	6	AH0	63
323.02886866119707	323.088868661197	56	L	63
323.088868661197	323.138868661197	29	IH2	63
323.138868661197	323.16886866119705	58	N	63
323.16886866119705	323.24886866119704	64	T	63
323.24886866119704	323.29886866119705	19	EH1	63
323.29886866119705	323.398868661197	56	L	63
323.398868661197	323.468868661197	6	AH0	63
323.468868661197	323.56886866119703	53	JH	63
323.56886866119703	323.62886866119703	6	AH0	63
323.62886866119703	323.65886866119706	58	N	63
323.65886866119706	323.72886866119705	62	S	63
323.72886866119705	323.78886866119706	6	AH0	63
323.78886866119706	323.898868661197	69	Z	63
323.898868661197	323.948868661197	50	F	63
323.948868661197	324.06886866119703	21	ER0	63
324.06886866119703	324.148868661197	61	R	63
324.148868661197	324.17886866119704	32	IY1	63
324.17886866119704	324.31886866119703	56	L	63
333.2306875	333.3906875	32	IY1	72
333.3906875	333.4206875	47	CH	72
333.4206875	333.5506875	62	S	72
333.5506875	333.72068749999994	25	EY1	72
333.72068749999994	333.9006875	63	SH	72
333.9006875	333.94068749999997	41	UH1	72
333.94068749999997	334.0606875	61	R	72
334.0606875	334.10068749999994	56	L	72
334.10068749999994	334.3606875	31	IY0	72
334.3606875	335.02399893903123	74	sp	72
335.02399893903123	335.03559996422314	50	F	72
335.03559996422314	335.1506875	16	AY1	72
335.1506875	335.1806875	58	N	72
335.1806875	335.21068749999995	48	D	72
335.21068749999995	335.32068749999996	69	Z	72
335.32068749999996	335.46068749999995	25	EY1	72
335.46068749999995	335.50068749999997	46	B	72
335.50068749999997	335.57068749999996	28	IH1	72
335.57068749999996	335.6406875	51	G	72
335.6406875	335.75068749999997	50	F	72
335.75068749999997	335.88068749999996	10	AO1	72
335.88068749999996	336.00068749999997	58	N	72
345.81562676627846	345.84462932925817	60	P	74
345.84462932925817	345.8832994132312	61	R	74
345.8832994132312	345.92702122954677	1	AA1	74
345.92702122954677	346.0370212295468	53	JH	74
346.0370212295468	346.0970212295467	18	EH0	74
346.0970212295467	346.13702122954675	54	K	74
346.13702122954675	346.18702122954676	64	T	74
346.18702122954676	346.2270212295467	48	D	74
346.2270212295467	346.2770212295468	27	IH0	74
346.2770212295468	346.37702122954676	66	V	74
346.37702122954676	346.4070212295468	19	EH1	74
346.4070212295468	346.49702122954676	56	L	74
346.49702122954676	346.5270212295468	6	AH0	74
346.5270212295468	346.55702122954676	60	P	74
346.55702122954676	346.5970212295467	57	M	74
346.5970212295467	346.73702122954677	6	AH0	74
346.73702122954677	346.7670212295468	58	N	74
346.7670212295468	346.7970212295468	64	T	74
346.7970212295468	346.86702122954676	67	W	74
346.86702122954676	346.8970212295468	6	AH0	74
346.8970212295468	347.0270212295468	69	Z	74
347.0270212295468	347.05702122954676	60	P	74
347.05702122954676	347.1070212295467	61	R	74
347.1070212295467	347.13702122954675	6	AH0	74
347.13702122954675	347.25702122954675	62	S	74
347.25702122954675	347.32702122954674	32	IY1	74
347.32702122954674	347.3570212295467	48	D	74
347.3570212295467	347.38702122954675	27	IH0	74
347.38702122954675	347.48702122954677	59	NG	74
347.48702122954677	347.58702122954674	64	T	74
347.58702122954674	347.6470212295468	44	UW1	74
347.6470212295468	347.7670212295468	62	S	74
347.7670212295468	347.82702122954674	56	L	74
347.82702122954674	347.95702122954674	35	OW1	74
347.95702122954674	348.00702122954675	56	L	74
348.00702122954675	348.12702122954676	31	IY0	74
357.2556875	357.35568750000004	56	L	79
357.35568750000004	357.4456875	4	AE1	79
357.4456875	357.58568750000006	62	S	79
357.58568750000006	357.61568750000004	68	Y	79
357.61568750000004	357.71568750000006	28	IH1	79
357.71568750000006	357.74568750000003	61	R	79
357.74568750000003	357.8756875	69	Z	79
357.8756875	357.92568750000004	51	G	79
357.92568750000004	358.0356875	4	AE1	79
358.0356875	358.1256875	62	S	79
358.1256875	358.18568750000003	63	SH	79
358.18568750000003	358.21568750000006	10	AO1	79
358.21568750000006	358.33568750000006	61	R	79
358.33568750000006	358.36568750000004	64	T	79
358.36568750000004	358.46568750000006	6	AH0	79
358.46568750000006	358.54568750000004	53	JH	79
358.54568750000004	358.61568750000004	54	K	79
358.61568750000004	358.73568750000004	1	AA1	79
358.73568750000004	358.8156875	69	Z	79
358.8156875	358.84568750000005	48	D	79
358.84568750000005	358.96568750000006	62	S	79
358.96568750000006	358.99568750000003	64	T	79
358.99568750000003	359.1556875	32	IY1	79
359.1556875	359.21568750000006	60	P	79
359.21568750000006	359.8695144405168	74	sp	79
359.8695144405168	359.9081845244898	60	P	79
359.9081845244898	359.95265512105874	61	R	79
359.95265512105874	359.99568750000003	16	AY1	79
359.99568750000003	360.11568750000004	62	S	79
360.11568750000004	360.1556875	29	IH2	79
360.1556875	360.20568750000007	58	N	79
360.20568750000007	360.2556875	54	K	79
360.2556875	360.30568750000003	61	R	79
360.30568750000003	360.3756875	32	IY1	79
360.3756875	360.49568750000003	62	S	79
360.49568750000003	360.58568750000006	6	AH0	79
360.58568750000006	360.74568750000003	69	Z	79
368.255125	368.2821940587811	49	DH	77
368.2821940587811	368.3515977869151	4	AE1	77
368.3515977869151	368.3815977869151	64	T	77
368.3815977869151	368.4115977869151	67	W	77
368.4115977869151	368.4815977869151	7	AH1	77
368.4815977869151	368.6015977869151	69	Z	77
368.6015977869151	368.69159778691505	32	IY1	77
368.69159778691505	368.82159778691505	69	Z	77
368.82159778691505	368.8715977869151	31	IY0	77
368.8715977869151	368.96159778691504	50	F	77
368.96159778691504	369.05159778691507	21	ER0	77
369.05159778691507	369.1615977869151	7	AH1	77
369.1615977869151	369.33159778691504	62	S	77
377.5546058835712	377.5946058835712	49	DH	66
377.5946058835712	377.6746058835712	7	AH1	66
377.6746058835712	377.7646058835712	57	M	66
377.7646058835712	377.8046058835712	10	AO1	66
377.8046058835712	377.86460588357124	61	R	66
377.86460588357124	377.8946058835712	58	N	66
377.8946058835712	377.9246058835712	27	IH0	66
377.9246058835712	378.0846058835712	59	NG	66
378.0846058835712	378.1346058835712	48	D	66
378.1346058835712	378.24460588357124	44	UW1	66
378.24460588357124	378.3946058835712	1	AA1	66
378.3946058835712	378.4846058835712	58	N	66
378.4846058835712	378.5146058835712	49	DH	66
378.5146058835712	378.5546058835712	6	AH0	66
378.5546058835712	378.6746058835712	62	S	66
378.6746058835712	378.7146058835712	60	P	66
378.7146058835712	378.8446058835712	16	AY1	66
378.8446058835712	378.8946058835712	48	D	66
378.8946058835712	378.99460588357124	21	ER0	66
378.99460588357124	379.0346058835712	67	W	66
379.0346058835712	379.2346058835712	19	EH1	66
379.2346058835712	379.2746058835712	46	B	66
379.2746058835712	379.4746058835712	74	sp	66
379.4746058835712	379.50460588357123	51	G	66
379.50460588357123	379.5446058835712	56	L	66
379.5446058835712	379.6346058835712	28	IH1	66
379.6346058835712	379.7746058835712	62	S	66
379.7746058835712	379.81460588357123	6	AH0	66
379.81460588357123	379.8946058835712	58	N	66
379.8946058835712	379.9246058835712	48	D	66
379.9246058835712	379.9546058835712	6	AH0	66
379.9546058835712	380.06460588357123	58	N	66
380.06460588357123	380.0946058835712	49	DH	66
380.0946058835712	380.2746058835712	7	AH1	66
380.2746058835712	380.4146058835712	62	S	66
380.4146058835712	380.5146058835712	7	AH1	66
380.5146058835712	380.6346058835712	58	N	66
399.60775	399.76775	1	AA1	62
399.76775	399.79775	46	B	62
399.79775	399.88775	53	JH	62
399.88775	399.96774999999997	18	EH0	62
399.96774999999997	399.99775	54	K	62
399.99775	400.0860352196601	62	S	62
400.0860352196601	400.18775	57	M	62
400.18775	400.32775	25	EY1	62
400.32775	400.36775	48	D	62
400.36775	400.52774999999997	7	AH1	62
400.52774999999997	400.55775	66	V	62
400.55775	400.66774999999996	60	P	62
400.66774999999996	400.79775	22	ER1	62
400.79775	400.89775	47	CH	62
400.89775	401.04775	21	ER0	62
401.04775	401.18775	21	ER0	62
401.18775	401.25775	46	B	62
401.25775	401.31775	68	Y	62
401.31775	401.34774999999996	44	UW1	62
401.34774999999996	401.37775	64	T	62
401.37775	401.42775	6	AH0	62
401.42775	401.53774999999996	50	F	62
401.53774999999996	401.57775	6	AH0	62
401.57775	401.66774999999996	56	L	62
410.510375	410.58142502047053	64	T	76
410.58142502047053	410.67142502047056	1	AA1	76
410.67142502047056	410.75142502047055	57	M	76
410.75142502047055	410.7814250204706	6	AH0	76
410.7814250204706	410.88142502047054	62	S	76
410.88142502047054	410.93142502047056	65	TH	76
410.93142502047056	411.00142502047055	28	IH1	76
411.00142502047055	411.1114250204705	59	NG	76
411.1114250204705	411.14142502047054	54	K	76
411.14142502047054	411.19142502047055	62	S	76
411.19142502047055	411.24142502047056	25	EY1	76
411.24142502047056	411.3514250204705	56	L	76
411.3514250204705	411.46142502047053	1	AA1	76
411.46142502047053	411.49142502047056	61	R	76
411.49142502047056	411.6014250204705	53	JH	76
411.6014250204705	411.7214250204705	21	ER0	76
411.7214250204705	411.8614250204705	54	K	76
411.8614250204705	411.9014250204706	56	L	76
411.9014250204706	411.99142502047056	4	AE1	76
411.99142502047056	412.07142502047054	57	M	76
412.07142502047054	412.12142502047055	60	P	76
412.12142502047055	412.27142502047053	62	S	76
412.27142502047053	412.39142502047054	1	AA1	76
412.39142502047054	412.42142502047056	56	L	76
412.42142502047056	412.45142502047054	66	V	76
412.45142502047054	412.57142502047054	69	Z	76
412.57142502047054	412.6014250204705	49	DH	76
412.6014250204705	412.67142502047056	7	AH1	76
412.67142502047056	412.75142502047055	60	P	76
412.75142502047055	412.7814250204706	61	R	76
412.7814250204706	412.8614250204705	1	AA1	76
412.8614250204705	412.89142502047054	46	B	76
412.89142502047054	412.9714250204705	56	L	76
412.9714250204705	413.00142502047055	6	AH0	76
413.00142502047055	413.07142502047054	57	M	76
421.27834811189086	421.2979830758371	49	DH	73
421.2979830758371	421.3846908428166	7	AH1	73
421.3846908428166	421.50798307583716	62	S	73
421.50798307583716	421.57798307583715	29	IH2	73
421.57798307583715	421.6779830758371	51	G	73
421.6779830758371	421.75798307583716	21	ER0	73
421.75798307583716	421.8579830758372	19	EH1	73
421.8579830758372	421.88798307583716	64	T	73
421.88798307583716	421.9879830758372	62	S	73
421.9879830758372	422.1079830758372	28	IH1	73
422.1079830758372	422.13798307583716	58	N	73
422.13798307583716	422.1679830758371	49	DH	73
422.1679830758371	422.26798307583715	7	AH1	73
422.26798307583715	422.3579830758372	54	K	73
422.3579830758372	422.40798307583714	56	L	73
422.40798307583714	422.6879830758371	25	EY1	73
422.6879830758371	422.8679830758372	4	AE1	73
422.8679830758372	422.99798307583717	63	SH	73
422.99798307583717	423.0679830758371	64	T	73
423.0679830758371	423.09798307583713	61	R	73
423.09798307583713	423.33798307583714	26	EY2	73
423.33798307583714	423.5679830758371	74	sp	73
423.5679830758371	423.65798307583714	35	OW1	73
423.65798307583714	423.6879830758371	66	V	73
423.6879830758371	423.8079830758371	21	ER0	73
423.8079830758371	423.87798307583716	50	F	73
423.87798307583716	423.9179830758371	56	L	73
423.9179830758371	423.94798307583716	36	OW2	73
423.94798307583716	424.1779830758371	1	AA1	73
424.1779830758371	424.27798307583714	58	N	73
424.27798307583714	424.3679830758372	64	T	73
424.3679830758372	424.40798307583714	43	UW0	73
424.40798307583714	424.50798307583716	49	DH	73
424.50798307583716	424.70798307583715	7	AH1	73
424.70798307583715	424.8179830758371	35	OW1	73
424.8179830758371	424.84798307583713	54	K	73
424.84798307583713	424.9379830758371	64	T	73
424.9379830758371	425.03798307583713	25	EY1	73
425.03798307583713	425.0679830758371	46	B	73
425.0679830758371	425.09798307583713	6	AH0	73
425.09798307583713	425.19798307583716	56	L	73
433.4475625	433.48429907977436	48	D	78
433.48429907977436	433.5605697487281	6	AH0	78
433.5605697487281	433.6505697487281	62	S	78
433.6505697487281	433.7305697487281	19	EH1	78
433.7305697487281	433.7805697487281	57	M	78
433.7805697487281	433.8105697487281	46	B	78
433.8105697487281	433.84056974872806	21	ER0	78
433.84056974872806	433.97056974872805	4	AE1	78
433.97056974872805	434.0405697487281	58	N	78
434.0405697487281	434.0705697487281	48	D	78
434.0705697487281	434.1205697487281	53	JH	78
434.1205697487281	434.1805697487281	4	AE1	78
434.1805697487281	434.21056974872806	58	N	78
434.21056974872806	434.2405697487281	68	Y	78
434.2405697487281	434.2705697487281	43	UW0	78
434.2705697487281	434.3005697487281	20	EH2	78
434.3005697487281	434.4005697487281	61	R	78
434.4005697487281	434.6305697487281	31	IY0	78
434.6305697487281	434.7405697487281	21	ER0	78
434.7405697487281	434.8605697487281	58	N	78
434.8605697487281	434.97056974872805	16	AY1	78
434.97056974872805	435.09056974872806	62	S	78
435.09056974872806	435.1205697487281	57	M	78
435.1205697487281	435.2405697487281	7	AH1	78
435.2405697487281	435.3205697487281	58	N	78
435.3205697487281	435.35056974872805	65	TH	78
435.35056974872805	435.5305697487281	62	S	78
435.5305697487281	435.5605697487281	64	T	78
435.5605697487281	435.6105697487281	6	AH0	78
435.6105697487281	435.76056974872813	62	S	78
435.76056974872813	435.7905697487281	60	P	78
435.7905697487281	435.8905697487281	19	EH1	78
435.8905697487281	436.01056974872813	58	N	78
436.01056974872813	436.0405697487281	48	D	78
436.0405697487281	436.10056974872805	64	T	78
436.10056974872805	436.2405697487281	16	AY1	78
436.2405697487281	436.3205697487281	57	M	78
436.3205697487281	436.4005697487281	28	IH1	78
436.4005697487281	436.4805697487281	58	N	78
436.4805697487281	436.51056974872813	57	M	78
436.51056974872813	436.5505697487281	15	AY0	78
436.5505697487281	436.76056974872813	4	AE1	78
436.76056974872813	436.83056974872807	57	M	78
436.83056974872807	436.96056974872806	31	IY0	78
443.93128159672057	443.9712815967206	67	W	65
443.9712815967206	444.1012815967206	19	EH1	65
444.1012815967206	444.14128159672055	58	N	65
444.14128159672055	444.19128159672056	60	P	65
444.19128159672056	444.2212815967206	32	IY1	65
444.2212815967206	444.3512815967206	56	L	65
444.3512815967206	444.39128159672055	27	IH0	65
444.39128159672055	444.43128159672057	59	NG	65
444.43128159672057	444.56128159672056	4	AE1	65
444.56128159672056	444.5912815967206	58	N	65
444.5912815967206	444.7112815967206	10	AO1	65
444.7112815967206	444.8312815967206	61	R	65
444.8312815967206	444.9812815967206	6	AH0	65
444.9812815967206	445.02128159672054	58	N	65
445.02128159672054	445.1012815967206	53	JH	65
445.1012815967206	445.2112815967206	28	IH1	65
445.2112815967206	445.24128159672057	64	T	65
445.24128159672057	445.3212815967206	28	IH1	65
445.3212815967206	445.4512815967206	69	Z	65
445.4512815967206	445.4812815967206	52	HH	65
445.4812815967206	445.5412815967206	1	AA1	65
445.5412815967206	445.63128159672056	61	R	65
445.63128159672056	445.6612815967206	48	D	65
445.6612815967206	445.69128159672056	58	N	65
445.69128159672056	445.8312815967206	1	AA1	65
445.8312815967206	445.9012815967206	64	T	65
445.9012815967206	446.00128159672056	64	T	65
446.00128159672056	446.0712815967206	6	AH0	65
446.0712815967206	446.1712815967206	62	S	65
446.1712815967206	446.2112815967206	60	P	65
446.2112815967206	446.26128159672055	61	R	65
446.26128159672055	446.4112815967206	25	EY1	65
446.4112815967206	446.52128159672054	53	JH	65
446.52128159672054	446.68128159672057	44	UW1	65
446.68128159672057	446.8412815967206	62	S	65
454.83621318872656	454.85832678570875	49	DH	68
454.85832678570875	454.9683267857087	25	EY1	68
454.9683267857087	455.06832678570873	61	R	68
455.06832678570873	455.17832678570875	6	AH0	68
455.17832678570875	455.2183267857087	57	M	68
455.2183267857087	455.3983267857087	25	EY1	68
455.3983267857087	455.4683267857087	58	N	68
455.4683267857087	455.50832678570873	48	D	68
455.50832678570873	455.59832678570876	19	EH1	68
455.59832678570876	455.62832678570874	56	L	68
455.62832678570874	455.75832678570873	74	sp	68
455.75832678570873	455.85832678570875	56	L	68
455.85832678570875	455.9683267857087	16	AY1	68
455.9683267857087	456.09832678570876	50	F	68
456.09832678570876	456.1383267857087	56	L	68
456.1383267857087	456.22832678570876	10	AO1	68
456.22832678570876	456.2983267857087	59	NG	68
456.2983267857087	456.43832678570874	50	F	68
456.43832678570874	456.47832678570876	61	R	68
456.47832678570876	456.5383267857087	19	EH1	68
456.5383267857087	456.56832678570873	58	N	68
456.56832678570873	456.59832678570876	69	Z	68
456.59832678570876	456.62832678570874	6	AH0	68
456.62832678570874	456.6583267857087	58	N	68
456.6583267857087	456.68832678570874	48	D	68
456.68832678570874	456.7183267857087	54	K	68
456.7183267857087	456.74832678570874	6	AH0	68
456.74832678570874	456.7783267857087	57	M	68
456.7783267857087	456.80832678570874	60	P	68
456.80832678570874	456.87832678570874	4	AE1	68
456.87832678570874	457.0283267857087	58	N	68
457.0283267857087	457.05832678570874	68	Y	68
457.05832678570874	457.0883267857087	6	AH0	68
457.0883267857087	457.11832678570875	58	N	68
457.11832678570875	457.1483267857087	69	Z	68
471.0184375	471.1184375	64	T	64
471.1184375	471.2684375	1	AA1	64
471.2684375	471.29843750000003	48	D	64
471.29843750000003	471.3784375	60	P	64
471.3784375	471.4084375	56	L	64
471.4084375	471.5284375	25	EY1	64
471.5284375	471.6984375	62	S	64
471.6984375	471.72843750000004	64	T	64
471.72843750000004	471.7584375	64	T	64
471.7584375	471.8884375	1	AA1	64
471.8884375	471.9384375	60	P	64
471.9384375	472.0084375	60	P	64
472.0084375	472.0784375	61	R	64
472.0784375	472.2084375	15	AY0	64
472.2084375	472.23843750000003	10	AO1	64
472.23843750000003	472.2884375	61	R	64
472.2884375	472.3184375	6	AH0	64
472.3184375	472.3484375	64	T	64
472.3484375	472.5684375	31	IY0	64
472.5684375	472.73843750000003	1	AA1	64
472.73843750000003	472.9084375	58	N	64
472.9084375	472.97843750000004	51	G	64
472.97843750000004	473.04843750000003	28	IH1	64
473.04843750000003	473.0884375	64	T	64
473.0884375	473.1184375	27	IH0	64
473.1184375	473.1984375	59	NG	64
473.1984375	473.2684375	52	HH	64
473.2684375	473.3284375	6	AH0	64
473.3284375	473.4084375	69	Z	64
473.4084375	473.4384375	74	sp	64
473.4384375	473.4684375	46	B	64
473.4684375	473.5784375	16	AY1	64
473.5784375	473.6184375	54	K	64
473.6184375	473.67843750000003	74	sp	64
473.67843750000003	473.72843750000004	50	F	64
473.72843750000004	473.8484375	28	IH1	64
473.8484375	473.9384375	54	K	64
473.9384375	474.0084375	62	S	64
474.0084375	474.0384375	64	T	64
