434.395	434.694	99999	{NS}
434.694	434.774	99999	sp
434.774	436.36	99999	{NS}
436.36	437.069	99999	{NS}
437.069	440.361	99999	{NS}
440.361	440.381	99999	sp
440.381	440.501	30	ARE
440.501	440.68	496	YOUR
440.68	441.099	192	GRADES
441.099	441.578	206	HIGHER
441.578	441.858	302	OR
441.858	442.227	251	LOWER
442.227	442.436	432	THAN
442.436	442.925	275	NANCY'S
442.925	446.537	99999	{NS}
446.537	450.448	99999	{NS}
450.448	453.132	99999	{NS}
453.132	453.421	99999	sp
453.421	455.626	99999	{NS}
455.626	455.876	375	SHE
455.876	456.205	490	WORE
456.205	456.794	471	WARM
456.794	456.934	99999	sp
456.934	457.522	158	FLEECY
457.522	458.141	489	WOOLEN
458.141	458.809	311	OVERALLS
458.809	461.094	99999	sp
461.094	465.065	99999	{NS}
465.065	467.24	99999	{NS}
467.24	467.559	99999	sp
467.559	467.679	99999	{NS}
467.679	469.096	99999	sp
469.096	469.695	99999	{NS}
469.695	469.764	99999	sp
469.764	470.074	354	READING
470.074	470.223	217	IN
470.223	470.523	335	POOR
470.523	471.012	240	LIGHT
471.012	471.261	181	GIVES
471.261	471.401	495	YOU
471.401	471.999	150	EYESTRAIN
471.999	474.733	99999	{NS}
474.733	479.712	99999	{NS}
479.712	480.699	99999	{NS}
480.699	481.907	99999	sp
481.907	482.017	99999	{NS}
482.017	484.142	99999	sp
484.142	484.441	142	EVEN
484.441	484.75	211	I
484.75	485.299	293	OCCASIONALLY
485.299	485.479	177	GET
485.479	485.539	434	THE
485.539	485.997	265	MONDAY
485.997	486.566	56	BLUES
486.566	487.424	99999	sp
487.424	487.923	99999	{NS}
487.923	488.951	99999	sp
488.951	492.563	99999	{NS}
492.563	493.82	99999	{NS}
493.82	494.608	99999	sp
494.608	494.718	99999	{NS}
494.718	496.873	99999	sp
496.873	497.032	476	WE
497.032	497.212	30	ARE
497.212	497.561	301	OPEN
497.561	497.91	145	EVERY
497.91	498.2918116732884	265	MONDAY
498.2918116732884	498.6885976168679	268	MORNING
498.6885976168679	499.098	99999	sp
499.098	499.587	143	EVENING
499.587	501.353	99999	sp
501.353	502.171	99999	{NS}
502.171	507.129	99999	{NS}
507.129	508.327	99999	{NS}
508.327	509.654	99999	sp
509.654	509.763	99999	{NS}
509.763	512.038	99999	sp
512.038	512.258	226	IT'S
512.258	512.527	285	NOT
512.527	512.826	133	EASY
512.826	512.966	446	TO
512.966	513.505	113	CREATE
513.505	514.094	215	ILLUMINATING
514.094	514.892	146	EXAMPLES
514.892	516.109	99999	{NS}
516.109	517.027	99999	sp
517.027	519.412	99999	{NS}
519.412	521.487	99999	{NS}
521.487	522.794	99999	{NS}
522.794	530.796	99999	sp
530.796	531.105	270	MUM
531.105	531.674	407	STRONGLY
531.674	532.212	126	DISLIKES
532.212	533.23	27	APPETIZERS
533.23	533.27	99999	{NS}
533.27	533.35	99999	sp
533.35	533.958	99999	{NS}
533.958	534.238	99999	{NS}
534.238	536.662	99999	sp
536.662	536.852	99999	{NS}
536.852	538.907	99999	sp
538.907	539.306	443	THOSE
539.306	539.386	484	WHO
539.386	539.715	427	TEACH
539.715	539.745	99999	sp
539.745	540.384	462	VALUES
540.384	540.783	156	FIRST
540.783	541.461	4	ABOLISH
541.461	541.801	87	CHEATING
541.801	543.856	99999	sp
543.856	547.009	99999	{NS}
547.009	549.373	99999	{NS}
549.373	550.032	99999	{NS}
550.032	550.99	99999	sp
550.99	551.1	99999	{NS}
551.1	553.205	99999	sp
553.205	553.295	434	THE
553.295	553.773	165	FRIGHTENED
553.773	554.182	89	CHILD
554.182	554.372	472	WAS
554.372	554.711	176	GENTLY
554.711	555.18	410	SUBDUED
555.18	555.33	73	BY
555.33	555.509	208	HIS
555.509	555.669	52	BIG
555.669	556.008	66	BROTHER
556.008	558.433	99999	sp
558.433	561.685	99999	{NS}
561.685	562.474	99999	{NS}
562.474	563.531	99999	{NS}
563.531	564.729	99999	sp
564.729	564.838	99999	{NS}
564.838	566.714	99999	sp
566.714	567.033	142	EVEN
567.033	567.093	1	A
567.093	567.462	383	SIMPLE
567.462	568.26	468	VOCABULARY
568.26	568.749	104	CONTAINS
568.749	569.318	422	SYMBOLS
569.318	569.957	99999	{NS}
569.957	571.723	99999	sp
571.723	575.135	99999	{NS}
575.135	576.392	99999	{NS}
576.392	578.617	99999	sp
578.617	578.707	99999	{NS}
578.707	580.742	99999	sp
580.742	580.812	1	A
580.812	580.842	99999	sp
580.842	581.231	110	CRAB
581.231	581.76	85	CHALLENGED
581.76	582.049	258	ME
582.049	582.378	99999	sp
582.378	582.538	70	BUT
582.538	582.578	1	A
582.578	582.847	350	QUICK
582.847	583.296	402	STAB
583.296	583.775	464	VANQUISHED
583.775	583.855	207	HIM
583.855	583.895	99999	{NS}
583.895	583.945	99999	{NS}
583.945	584.992	99999	sp
584.992	585.134	99999	sp
585.134	586.271	99999	{NS}
586.271	590.222	99999	{NS}
590.222	591.5889999999999	99999	{NS}
591.5889999999999	592.6469999999999	99999	sp
592.6469999999999	594.752	99999	{NS}
594.752	595.261	183	GLUCOSE
595.261	595.38	20	AND
595.38	595.959	167	FRUCTOSE
595.959	596.049	30	ARE
596.049	596.458	276	NATURAL
596.458	596.957	414	SUGARS
596.957	597.216	163	FOUND
597.216	597.3059999999999	217	IN
597.3059999999999	597.615	168	FRUIT
597.615	599.5709999999999	99999	{NS}
599.5709999999999	600.12	99999	sp
600.12	602.8829999999999	99999	{NS}
602.8829999999999	604.5989999999999	99999	{NS}
604.5989999999999	609.458	99999	{NS}
609.458	609.778	30	ARE
609.778	611.4485309984756	99999	sp
611.4485309984756	611.6283468889501	30	ARE
611.6283468889501	611.7429999999999	495	YOU
611.7429999999999	612.0229999999999	250	LOOKING
612.0229999999999	612.2919999999999	161	FOR
612.2919999999999	612.841	136	EMPLOYMENT
612.841	615.495	99999	sp
615.495	616.632	99999	{NS}
616.632	619.675	99999	{NS}
619.675	619.905	99999	sp
619.905	621.9599999999999	99999	{NS}
621.9599999999999	622.2489999999999	99999	sp
622.2489999999999	624.015	99999	{NS}
624.015	624.544	99999	sp
624.544	625.0129999999999	98	COFFEE
625.0129999999999	625.233	224	IS
625.233	625.582	198	GROWN
625.582	625.8309999999999	297	ON
625.8309999999999	626.43	404	STEEP
626.43	626.829	99999	sp
626.829	627.208	231	JUNGLE
627.208	627.3979999999999	241	LIKE
627.3979999999999	627.966	390	SLOPES
627.966	628.086	217	IN
628.086	628.106	99999	sp
628.106	628.5649999999999	431	TEMPERATE
628.5649999999999	629.044	497	ZONES
629.044	629.144	99999	sp
629.144	629.812	99999	{NS}
629.812	631.3489999999999	99999	sp
631.3489999999999	635.449	99999	{NS}
635.449	635.6089999999999	99999	sp
635.6089999999999	636.826	99999	{NS}
636.826	638.462	99999	sp
638.462	638.6719999999999	99999	{NS}
638.6719999999999	640.548	99999	sp
640.548	640.697	476	WE
640.697	641.096	480	WELCOME
641.096	641.396	256	MANY
641.396	641.526	282	NEW
641.526	642.0939999999999	408	STUDENTS
642.0939999999999	642.384	132	EACH
642.384	642.603	491	YEAR
642.603	643.721	99999	{NS}
643.721	644.8879999999999	99999	sp
644.8879999999999	648.5889999999999	99999	{NS}
648.5889999999999	649.338	99999	{NS}
649.338	650.7049999999999	99999	sp
650.7049999999999	650.814	99999	{NS}
650.814	652.88	99999	sp
652.88	653.1289999999999	298	ONLY
653.1289999999999	653.249	434	THE
653.249	653.6179999999999	51	BEST
653.6179999999999	654.107	330	PLAYERS
654.107	654.4359999999999	139	ENJOY
654.4359999999999	655.174	336	POPULARITY
655.174	658.2769999999999	99999	{NS}
658.2769999999999	659.764	99999	{NS}
659.764	661.929	99999	{NS}
661.929	662.039	99999	sp
662.039	664.683	99999	{NS}
664.683	666.429	99999	sp
666.429	666.9879999999999	75	CALCIUM
666.9879999999999	667.297	254	MAKES
667.297	667.726	58	BONES
667.726	667.866	20	AND
667.866	668.185	430	TEETH
668.185	668.7239999999999	406	STRONG
668.7239999999999	671.3879999999999	99999	sp
671.3879999999999	674.101	99999	{NS}
674.101	674.999	99999	{NS}
674.999	675.8969999999999	99999	{NS}
675.8969999999999	678.2919999999999	99999	sp
678.2919999999999	678.4019999999999	99999	{NS}
678.4019999999999	680.307	99999	sp
680.307	680.8159999999999	286	NOTHING
680.8159999999999	681.076	224	IS
681.076	681.3249999999999	34	AS
681.3249999999999	681.894	295	OFFENSIVE
681.894	682.153	34	AS
682.153	682.762	219	INNOCENCE
682.762	683.251	99999	sp
683.251	685.8449999999999	99999	{NS}
685.8449999999999	689.1769999999999	99999	{NS}
689.1769999999999	692.4499999999999	99999	{NS}
692.4499999999999	693.1379999999999	99999	sp
693.1379999999999	693.837	99999	{NS}
693.837	694.266	99999	sp
694.266	694.755	405	STEVE
694.755	695.014	490	WORE
695.014	695.044	1	A
695.044	695.403	65	BRIGHT
695.403	695.6329999999999	356	RED
695.6329999999999	696.141	78	CASHMERE
696.141	696.54	420	SWEATER
696.54	698.925	99999	sp
698.925	708.324	99999	{NS}
708.324	710.404747879036	99999	sp
710.404747879036	710.7934416719547	46	BARBS
710.7934416719547	711.0877806725542	188	GOLD
711.0877806725542	711.4430990827012	63	BRACELET
711.4430990827012	711.6016464269906	472	WAS
711.6016464269906	711.739817949904	1	A
711.739817949904	712.3638651519461	193	GRADUATION
712.3638651519461	712.7312309496897	339	PRESENT
712.7312309496897	715.1479999999999	99999	sp
715.1479999999999	750.2379999999999	99999	{NS}
750.2379999999999	750.308	99999	sp
750.308	767.6189999999999	99999	sp
767.6189999999999	769.0459999999999	99999	{NS}
769.0459999999999	773.476	99999	{NS}
773.476	774.7429999999999	99999	{NS}
774.7429999999999	786.326	99999	sp
786.326	786.5559999999999	99999	sp
786.5559999999999	787.723	99999	{NS}
787.723	808.636	99999	{NS}
808.636	812.7059999999999	99999	sp
812.7059999999999	821.9849999999999	99999	{NS}
821.9849999999999	823.5502536178201	99999	sp
1125.715	1126.643	99999	{NS}
1126.643	1126.972	99999	sp
1126.972	1127.621	99999	{NS}
1127.621	1127.99	130	DRAW
1127.99	1128.349	145	EVERY
1128.349	1128.638	308	OUTER
1128.638	1128.9279999999999	244	LINE
1128.9279999999999	1129.357	156	FIRST
1129.357	1129.536	436	THEN
1129.536	1129.8159999999998	154	FILL
1129.8159999999998	1129.945	217	IN
1129.945	1130.0149999999999	434	THE
1130.0149999999999	1130.664	222	INTERIOR
1130.664	1130.853	99999	sp
1130.853	1132.6889999999999	99999	{NS}
1132.6889999999999	1133.737	99999	{NS}
1133.737	1135.702	99999	{NS}
1135.702	1138.576	99999	{NS}
1138.576	1140.521	99999	sp
1140.521	1140.5810000000001	434	THE
1140.5810000000001	1140.9343708349595	475	WATER
1140.9343708349595	1141.4163642605	103	CONTAINED
1141.4163642605	1141.5734984902851	448	TOO
1141.5734984902851	1141.8280373550408	269	MUCH
1141.8280373550408	1142.3218103507354	90	CHLORINE
1142.3218103507354	1142.4687566698328	20	AND
1142.4687566698328	1142.7974523836033	409	STUNG
1142.7974523836033	1142.9985368202629	208	HIS
1142.9985368202629	1143.3871711641916	149	EYES
1143.3871711641916	1154.7489999999998	99999	sp
1154.7489999999998	1155.438	99999	{NS}
1155.438	1155.7269999999999	99999	sp
1155.7269999999999	1157.0839999999998	99999	{NS}
1157.0839999999998	1157.533	229	JOHN'S
1157.533	1157.8919999999998	66	BROTHER
1157.8919999999998	1158.491	363	REPAINTED
1158.491	1158.6	434	THE
1158.6	1158.9699999999998	173	GARAGE
1158.9699999999998	1159.279	129	DOOR
1159.279	1161.643	99999	sp
1161.643	1166.273	99999	{NS}
1166.273	1169.186	99999	{NS}
1169.186	1169.984	99999	sp
1169.984	1170.0259999999998	99999	{NS}
1170.0259999999998	1170.0559999999998	99999	{NS}
1170.0559999999998	1170.485	99999	sp
1170.485	1170.7839999999999	99999	{NS}
1170.7839999999999	1171.004	99999	sp
1171.004	1171.0639999999999	99999	{NS}
1171.0639999999999	1171.0929999999998	99999	sp
1171.0929999999998	1171.6119999999999	84	CHALLENGE
1171.6119999999999	1171.942	132	EACH
1171.942	1172.46	175	GENERAL'S
1172.46	1173.259	221	INTELLIGENCE
1173.259	1173.6979999999999	99999	{NS}
1173.6979999999999	1175.3539999999998	99999	sp
1175.3539999999998	1178.7459999999999	99999	{NS}
1178.7459999999999	1178.866	99999	sp
1178.866	1179.774	99999	{NS}
1179.774	1180.682	99999	sp
1180.682	1180.8609999999999	99999	{NS}
1180.8609999999999	1183.106	99999	sp
1183.106	1183.944	17	AMBIDEXTROUS
1183.944	1184.5829999999999	327	PICKPOCKETS
1184.5829999999999	1185.201	6	ACCOMPLISH
1185.201	1185.231	99999	sp
1185.231	1185.461	267	MORE
1185.461	1187.7559999999999	99999	sp
1187.7559999999999	1189.262	99999	{NS}
1189.262	1192.205	99999	{NS}
1192.205	1192.874	99999	{NS}
1192.874	1194.071	99999	sp
1194.071	1194.1809999999998	99999	{NS}
1194.1809999999998	1196.685	99999	sp
1196.685	1196.8149999999998	1	A
1196.8149999999998	1197.424	271	MUSCULAR
1197.424	1198.0919999999999	2	ABDOMEN
1198.0919999999999	1198.322	224	IS
1198.322	1198.3619999999999	99999	sp
1198.3619999999999	1198.521	189	GOOD
1198.521	1198.6609999999998	161	FOR
1198.6609999999998	1198.81	496	YOUR
1198.81	1199.05	43	BACK
1199.05	1201.704	99999	sp
1201.704	1202.552	99999	{NS}
1202.552	1205.7849999999999	99999	{NS}
1205.7849999999999	1206.5629999999999	99999	{NS}
1206.5629999999999	1207.9199999999998	99999	sp
1207.9199999999998	1208.079	99999	{NS}
1208.079	1210.464	99999	sp
1210.464	1210.644	438	THEY
1210.644	1210.743	317	OWN
1210.743	1210.8429999999998	1	A
1210.8429999999998	1211.0629999999999	52	BIG
1211.0629999999999	1211.552	209	HOUSE
1211.552	1211.6609999999998	217	IN
1211.6609999999998	1211.751	434	THE
1211.751	1212.1299999999999	361	REMOTE
1212.1299999999999	1212.849	109	COUNTRYSIDE
1212.849	1215.1329999999998	99999	sp
1215.1329999999998	1218.2259999999999	99999	{NS}
1218.2259999999999	1218.396	99999	sp
1218.396	1219.134	99999	{NS}
1219.134	1219.204	99999	sp
1219.204	1220.042	99999	{NS}
1220.042	1220.9199999999998	99999	sp
1220.9199999999998	1221.02	99999	{NS}
1221.02	1223.155	99999	sp
1223.155	1223.245	434	THE
1223.245	1223.704	369	ROSE
1223.704	1224.253	106	CORSAGE
1224.253	1224.6119999999999	393	SMELLED
1224.6119999999999	1225.001	421	SWEET
1225.001	1226.5079999999998	99999	sp
1226.5079999999998	1227.316	99999	{NS}
1227.316	1228.693	99999	{NS}
1228.693	1228.952	99999	sp
1228.952	1229.1219999999998	99999	{NS}
1229.1219999999998	1230.359	99999	sp
1230.359	1230.7279999999998	99999	{NS}
1230.7279999999998	1231.5259999999998	99999	sp
1231.5259999999998	1231.7959999999998	433	THAT
1231.7959999999998	1232.524	326	PICKPOCKET
1232.524	1232.703	472	WAS
1232.703	1232.953	80	CAUGHT
1232.953	1233.1519999999998	356	RED
1233.1519999999998	1233.6409999999998	199	HANDED
1233.6409999999998	1235.886	99999	sp
1235.886	1238.989	99999	{NS}
1238.989	1239.119	99999	sp
1239.119	1239.907	99999	{NS}
1239.907	1240.925	99999	{NS}
1240.925	1241.244	99999	sp
1241.244	1241.3439999999998	99999	{NS}
1241.3439999999998	1243.23	99999	sp
1243.23	1243.349	19	AN
1243.349	1243.798	9	ADULT
1243.798	1244.137	255	MALE
1244.137	1244.716	42	BABOON'S
1244.716	1244.826	99999	sp
1244.826	1245.155	430	TEETH
1245.155	1245.235	99999	sp
1245.235	1245.345	30	ARE
1245.345	1245.644	285	NOT
1245.644	1246.1229999999998	415	SUITABLE
1246.1229999999998	1246.293	161	FOR
1246.293	1246.562	135	EATING
1246.562	1247.32	376	SHELLFISH
1247.32	1249.5349999999999	99999	sp
1249.5349999999999	1251.072	99999	{NS}
1251.072	1252.588	99999	{NS}
1252.588	1253.616	99999	{NS}
1253.616	1254.494	99999	{NS}
1254.494	1255.711	99999	sp
1255.711	1257.813536795494	99999	sp
1257.813536795494	1258.051357811928	204	HER
1258.051357811928	1258.5349999999999	470	WARDROBE
1258.5349999999999	1259.213	102	CONSISTS
1259.213	1259.3429999999998	294	OF
1259.3429999999998	1259.542	298	ONLY
1259.542	1260.061	385	SKIRTS
1260.061	1260.231	20	AND
1260.231	1260.78	54	BLOUSES
1260.78	1262.965	99999	sp
1262.965	1265.6589999999999	99999	{NS}
1265.6589999999999	1267.335	99999	{NS}
1267.335	1267.425	99999	sp
1267.425	1268.9409999999998	99999	{NS}
1268.9409999999998	1269.52	99999	sp
1269.52	1269.749	99999	{NS}
1269.749	1271.904	99999	sp
1271.904	1272.044114796495	434	THE
1272.044114796495	1272.254	453	TWO
1272.254	1272.713	33	ARTISTS
1272.713	1273.261	147	EXCHANGED
1273.261	1273.98	39	AUTOGRAPHS
1273.98	1276.3239999999998	99999	sp
1276.3239999999998	1277.1129999999998	99999	{NS}
1277.1129999999998	1279.906	99999	{NS}
1279.906	1280.585	99999	{NS}
1280.585	1281.6619999999998	99999	sp
1281.6619999999998	1281.772	99999	{NS}
1281.772	1283.907	99999	sp
1283.907	1284.5459999999998	71	BUTTERSCOTCH
1284.5459999999998	1284.905	169	FUDGE
1284.905	1285.174	186	GOES
1285.174	1285.404	481	WELL
1285.404	1285.513	487	WITH
1285.513	1285.8429999999998	463	VANILLA
1285.8429999999998	1286.242	212	ICE
1286.242	1286.451	112	CREAM
1286.451	1288.616	99999	sp
1288.616	1290.462	99999	{NS}
1290.462	1293.475	99999	{NS}
1293.475	1294.3529999999998	99999	{NS}
1294.3529999999998	1294.483	99999	sp
1294.483	1296.838	99999	{NS}
1296.838	1298.903	99999	sp
1298.903	1299.252	366	RICH
1299.252	1299.8609999999999	349	PURCHASED
1299.8609999999999	1300.33	99999	sp
1300.33	1300.6789999999999	349	PURCHASED
1300.6789999999999	1301.118	374	SEVERAL
1301.118	1301.697	382	SIGNED
1301.697	1301.936	99999	sp
1301.936	1302.8339999999998	245	LITHOGRAPHS
1302.8339999999998	1303.712	99999	sp
1303.712	1310.527	99999	{NS}
1310.527	1311.115	99999	sp
1311.115	1313.071	99999	{NS}
1313.071	1313.49	99999	sp
1313.49	1319.406	99999	{NS}
1319.406	1320.3739999999998	99999	sp
1320.3739999999998	1324.156	99999	{NS}
1324.156	1325.213	99999	sp
1325.213	1325.483	24	ANY
1325.483	1326.56	105	CONTRIBUTIONS
1326.56	1326.6699999999998	485	WILL
1326.6699999999998	1326.859	47	BE
1326.859	1327.2089999999998	195	GREATLY
1327.2089999999998	1327.947	28	APPRECIATED
1327.947	1330.012	99999	sp
1330.012	1332.706	99999	{NS}
1332.706	1333.494	99999	{NS}
1333.494	1333.5739999999998	99999	sp
1333.5739999999998	1336.697	99999	{NS}
1336.697	1339.072	99999	{NS}
1339.072	1341.057	99999	sp
1341.057	1341.2069999999999	434	THE
1341.2069999999999	1341.716	111	CRANBERRY
1341.716	1342.0249999999999	57	BOG
1342.0249999999999	1342.254	178	GETS
1342.254	1342.703	99999	sp
1342.703	1343.036717743165	465	VERY
1343.036717743165	1343.3675559964774	340	PRETTY
1343.3675559964774	1343.5145023155749	217	IN
1343.5145023155749	1343.9108706762981	40	AUTUMN
1343.9108706762981	1353.0612131020807	99999	sp
1353.0612131020807	1353.242962496754	210	HOW
1353.242962496754	1353.4633819754001	128	DO
1353.4633819754001	1353.9196889662815	318	OYSTERS
1353.9196889662815	1354.2290496380656	253	MAKE
1354.2290496380656	1354.8709730320174	320	PEARLS
1354.8709730320174	1356.6619999999998	99999	sp
1356.6619999999998	1362.269	99999	{NS}
1362.269	1365.282	99999	{NS}
1365.282	1369.0739999999998	99999	sp
1369.0739999999998	1369.3070108215798	257	MAY
1369.3070108215798	1369.4984277372462	211	I
1369.4984277372462	1369.8155224258248	304	ORDER
1369.8155224258248	1369.9353996861412	1	A
1369.9353996861412	1370.5418363150518	319	PARFAIT
1370.5418363150518	1370.8758578872962	10	AFTER
1370.8758578872962	1371.005402668606	211	I
1371.005402668606	1371.2026200968683	134	EAT
1371.2026200968683	1371.779041675127	124	DINNER
1371.779041675127	1373.683	99999	sp
1373.683	1382.014	99999	sp
1382.014	1382.1273043463439	224	IS
1382.1273043463439	1382.3573913459832	375	SHE
1382.3573913459832	1382.6822200513566	187	GOING
1382.6822200513566	1382.8987725216052	487	WITH
1382.8987725216052	1383.062	495	YOU
1383.062	1393.9061442171037	99999	sp
1393.9061442171037	1394.161457846487	76	CAN
1394.161457846487	1394.3084041655845	434	THE
1394.3084041655845	1394.8536523496039	11	AGENCY
1394.8536523496039	1395.3524964328558	315	OVERTHROW
1395.3524964328558	1395.7469312893804	13	ALIEN
1395.7469312893804	1396.4409999999998	162	FORCES
1396.4409999999998	1398.606	99999	sp
1398.606	1402.966	99999	{NS}
1402.966	1403.8149999999998	99999	{NS}
1403.8149999999998	1404.0839999999998	99999	sp
1404.0839999999998	1404.982	99999	{NS}
1404.982	1408.205	99999	sp
1408.205	1432.539	99999	sp
1432.539	1432.739	99999	sp
1432.739	1433.387	99999	{NS}
1433.387	1433.956	99999	sp
1433.956	1435.0639999999999	99999	{NS}
1435.0639999999999	1437.279	99999	sp
1437.279	1438.7549999999999	99999	{NS}
1438.7549999999999	1446.088	99999	{NS}
1446.088	1448.792	99999	{NS}
1448.792	1455.048	99999	{NS}
1455.048	1462.471	99999	sp
1462.471	1482.665	99999	sp
1482.665	1485.818	99999	{NS}
1485.818	1487.425	99999	sp
1487.425	1488.193	99999	{NS}
1821.3169999999998	1824.051	99999	sp
1824.051	1824.57	8	ADDITION
1824.57	1824.789	20	AND
1824.789	1825.4579999999999	411	SUBTRACTION
1825.4579999999999	1825.627	30	ARE
1825.627	1826.0069999999998	237	LEARNED
1826.0069999999998	1826.5449999999998	384	SKILLS
1826.5449999999998	1828.321	99999	sp
1828.321	1832.6709999999998	99999	{NS}
1832.6709999999998	1835.5949999999998	99999	{NS}
1835.5949999999998	1840.424	99999	{NS}
1840.424	1840.743	99999	sp
1840.743	1841.4509999999998	99999	{NS}
1841.4509999999998	1842.4689999999998	99999	sp
1842.4689999999998	1842.878	210	HOW
1842.878	1843.3069999999998	99999	sp
1843.3069999999998	1843.627	269	MUCH
1843.627	1844.2649999999999	16	ALLOWANCE
1844.2649999999999	1844.3649999999998	128	DO
1844.3649999999998	1844.5639999999999	495	YOU
1844.5639999999999	1844.8339999999998	177	GET
1844.8339999999998	1847.588	99999	{NS}
1847.588	1851.7179999999998	99999	{NS}
1851.7179999999998	1851.7979999999998	99999	sp
1851.7979999999998	1852.706	99999	{NS}
1852.706	1853.175	99999	sp
1853.175	1853.2749999999999	99999	{NS}
1853.2749999999999	1856.348	99999	sp
1856.348	1856.7169999999999	88888	SEE
1856.7169999999999	1857.3549999999998	88888	SICKLE
1857.3549999999998	1857.6149999999998	99999	sp
1857.6149999999998	1858.3129999999999	346	PROGRAMS
1858.3129999999999	1858.483	485	WILL
1858.483	1858.802	281	NEVER
1858.802	1859.9189999999999	100	COMPILE
1859.9189999999999	1863.9599999999998	99999	{NS}
1863.9599999999998	1867.5819999999999	99999	{NS}
1867.5819999999999	1868.55	99999	{NS}
1868.55	1868.9889999999998	99999	sp
1868.9889999999998	1869.089	99999	{NS}
1869.089	1871.1439999999998	99999	sp
1871.1439999999998	1871.254	434	THE
1871.254	1871.733	61	BOSTON
1871.733	1872.1519999999998	45	BALLET
1872.1519999999998	1872.77	312	OVERCAME
1872.77	1872.8999999999999	435	THEIR
1872.8999999999999	1873.369	170	FUNDING
1873.369	1873.9379999999999	380	SHORTAGE
1873.9379999999999	1875.8529999999998	99999	sp
1875.8529999999998	1879.096	99999	{NS}
1879.096	1879.744	99999	{NS}
1879.744	1880.992	99999	{NS}
1880.992	1881.56	99999	sp
1881.56	1881.6699999999998	99999	{NS}
1881.6699999999998	1883.5159999999998	99999	sp
1883.5159999999998	1883.7949999999998	145	EVERY
1883.7949999999998	1884.174	74	CAB
1884.174	1884.514	280	NEEDS
1884.514	1884.8629999999998	446	TO
1884.8629999999998	1885.252	99999	sp
1885.252	1885.491	280	NEEDS
1885.491	1886.1599999999999	364	REPAINTING
1886.1599999999999	1886.629	296	OFTEN
1886.629	1887.906	99999	sp
1887.906	1889.9509999999998	99999	{NS}
1889.9509999999998	1893.523	99999	{NS}
1893.523	1893.763	99999	sp
1893.763	1894.3509999999999	99999	{NS}
1894.3509999999999	1894.9599999999998	99999	sp
1894.9599999999998	1895.07	99999	{NS}
1895.07	1897.694	99999	sp
1897.694	1898.033	203	HELP
1898.033	1898.4119999999998	196	GREG
1898.4119999999998	1898.502	446	TO
1898.502	1898.771	325	PICK
1898.771	1898.831	1	A
1898.831	1899.12	321	PECK
1899.12	1899.2299999999998	294	OF
1899.2299999999998	1899.9389999999999	338	POTATOES
1899.9389999999999	1902.203	99999	sp
1902.203	1904.7479999999998	99999	{NS}
1904.7479999999998	1905.4959999999999	99999	{NS}
1905.4959999999999	1907.292	99999	{NS}
1907.292	1907.511	99999	sp
1907.511	1908.808	99999	{NS}
1908.808	1910.924	99999	sp
1910.924	1911.0829999999999	476	WE
1911.0829999999999	1911.3129999999999	241	LIKE
1911.3129999999999	1911.542	55	BLUE
1911.542	1912.251	88	CHEESE
1912.251	1912.54	99999	sp
1912.54	1912.799	70	BUT
1912.799	1913.079	466	VICTOR
1913.079	1913.4679999999998	242	LIKES
1913.4679999999998	1913.817	64	BRIE
1913.817	1916.471	99999	sp
1916.471	1920.4019999999998	99999	{NS}
1920.4019999999998	1921.36	99999	{NS}
1921.36	1921.3899999999999	99999	sp
1921.3899999999999	1922.148	99999	{NS}
1922.148	1923.8739999999998	99999	{NS}
1923.8739999999998	1925.77	99999	sp
1925.77	1926.099	108	COUNT
1926.099	1926.1789999999999	434	THE
1926.1789999999999	1926.4779999999998	289	NUMBER
1926.4779999999998	1926.568	294	OF
1926.568	1926.618	99999	sp
1926.618	1927.3259999999998	429	TEASPOONS
1927.3259999999998	1927.386	294	OF
1927.386	1928.1239999999998	395	SOYSAUCE
1928.1239999999998	1928.3139999999999	433	THAT
1928.3139999999999	1928.444	495	YOU
1928.444	1928.693	7	ADD
1928.693	1929.9399999999998	99999	{NS}
1929.9399999999998	1930.9279999999999	99999	sp
1930.9279999999999	1934.271	99999	{NS}
1934.271	1936.136	99999	{NS}
1936.136	1937.024	99999	sp
1937.024	1937.1439999999998	99999	{NS}
1937.1439999999998	1939.349	99999	sp
1939.349	1939.9969999999998	44	BAGPIPES
1939.9969999999998	1940.127	20	AND
1940.127	1940.6059999999998	59	BONGOS
1940.6059999999998	1940.696	30	ARE
1940.696	1941.2549999999999	273	MUSICAL
1941.2549999999999	1941.953	220	INSTRUMENTS
1941.953	1943.9579999999999	99999	sp
1943.9579999999999	1947.1609999999998	99999	{NS}
1947.1609999999998	1947.1809999999998	99999	sp
1947.1809999999998	1947.6899999999998	99999	{NS}
1947.6899999999998	1947.75	99999	sp
1947.75	1949.4759999999999	99999	{NS}
1949.4759999999999	1949.5459999999998	99999	{NS}
1949.5459999999998	1951.4809999999998	99999	sp
1951.4809999999998	1951.6809999999998	210	HOW
1951.6809999999998	1951.801	189	GOOD
1951.801	1952.4489999999998	224	IS
1952.4489999999998	1952.579	496	YOUR
1952.579	1953.2069999999999	138	ENDURANCE
1953.2069999999999	1953.9959999999999	99999	{NS}
1953.9959999999999	1955.3329999999999	99999	sp
1955.3329999999999	1959.244	99999	{NS}
1959.244	1960.81	99999	{NS}
1960.81	1963.2849999999999	99999	{NS}
1963.2849999999999	1965.27	99999	sp
1965.27	1965.36	434	THE
1965.36	1965.839	141	ESSAY
1965.839	1966.607	454	UNDENIABLY
1966.607	1967.2849999999999	358	REFLECTS
1967.2849999999999	1967.3649999999998	99999	sp
1967.3649999999998	1967.904	305	OUR
1967.904	1967.944	99999	sp
1967.944	1968.4229999999998	467	VIEW
1968.4229999999998	1968.782	99999	sp
1968.782	1969.2009999999998	3	ABLY
1969.2009999999998	1971.0369999999998	99999	sp
1971.0369999999998	1977.1729999999998	99999	{NS}
1977.1729999999998	1979.069	99999	{NS}
1979.069	1984.2869999999998	99999	{NS}
1984.2869999999998	1986.8909999999998	99999	{NS}
1986.8909999999998	1988.667	99999	sp
1988.667	1988.7169999999999	1	A
1988.7169999999999	1989.096	60	BORING
1989.096	1989.5249999999999	287	NOVEL
1989.5249999999999	1989.8839999999998	224	IS
1989.8839999999998	1989.924	1	A
1989.924	1990.273	418	SUPERB
1990.273	1990.752	386	SLEEPING
1990.752	1991.041	328	PILL
1991.041	1993.197	99999	sp
1993.197	1993.745	99999	{NS}
1993.745	1994.743	99999	{NS}
1994.743	1997.367	99999	{NS}
1997.367	1998.8839999999998	99999	{NS}
1998.8839999999998	2003.7505213281815	99999	sp
2003.7505213281815	2004.0342359110252	303	ORANGE
2004.0342359110252	2004.4009999999998	230	JUICE
2004.4009999999998	2004.6709999999998	425	TASTES
2004.6709999999998	2004.9699999999998	171	FUNNY
2004.9699999999998	2005.2889999999998	10	AFTER
2005.2889999999998	2005.9879999999998	449	TOOTHPASTE
2005.9879999999998	2006.0169999999998	99999	sp
2006.0169999999998	2006.5859999999998	99999	{NS}
2006.5859999999998	2007.145	99999	sp
2007.145	2008.1429999999998	99999	{NS}
2008.1429999999998	2012.163	99999	{NS}
2012.163	2013.9589999999998	99999	{NS}
2013.9589999999998	2016.0449999999998	99999	sp
2016.0449999999998	2016.1439999999998	434	THE
2016.1439999999998	2016.723	486	WILLOWY
2016.723	2017.172	488	WOMAN
2017.172	2017.561	490	WORE
2017.561	2017.6009999999999	1	A
2017.6009999999999	2018.2099999999998	274	MUSKRAT
2018.2099999999998	2018.4889999999998	96	COAT
2018.4889999999998	2020.734	99999	sp
2020.734	2023.617	99999	{NS}
2023.617	2024.3059999999998	99999	{NS}
2024.3059999999998	2024.485	99999	sp
2024.485	2025.1239999999998	99999	{NS}
2025.1239999999998	2025.783	99999	sp
2025.783	2025.962	99999	{NS}
2025.962	2028.3269999999998	99999	sp
2028.3269999999998	2028.4859999999999	434	THE
2028.4859999999999	2029.165	264	MISQUOTE
2029.165	2029.384	472	WAS
2029.384	2029.973	365	RETRACTED
2029.973	2030.1729999999998	487	WITH
2030.1729999999998	2030.242	19	AN
2030.242	2030.9209999999998	26	APOLOGY
2030.9209999999998	2031.3	99999	{NS}
2031.3	2031.4899999999998	99999	sp
2031.4899999999998	2031.7489999999998	99999	{NS}
2031.7489999999998	2032.0179999999998	99999	sp
2032.0179999999998	2033.216	99999	{NS}
2033.216	2033.6149999999998	99999	{NS}
2033.6149999999998	2036.450537476717	99999	sp
2036.450537476717	2036.5315987861009	211	I
2036.5315987861009	2036.837	233	JUST
2036.837	2037.067	370	SAW
2037.067	2037.396	228	JIM
2037.396	2037.6059999999998	277	NEAR
2037.6059999999998	2037.676	434	THE
2037.676	2037.965	282	NEW
2037.965	2038.8929999999998	29	ARCHEOLOGICAL
2038.8929999999998	2039.4409999999998	272	MUSEUM
2039.4409999999998	2041.676	99999	sp
2041.676	2047.9119999999998	99999	{NS}
2047.9119999999998	2048.421	99999	{NS}
2048.421	2049.439	99999	{NS}
2049.439	2050.187	99999	sp
2050.187	2050.297	99999	{NS}
2050.297	2052.322	99999	sp
2052.322	2052.612	367	RIGHT
2052.612	2052.911	288	NOW
2052.911	2053.1499999999996	257	MAY
2053.1499999999996	2053.41	285	NOT
2053.41	2053.549	47	BE
2053.549	2053.639	434	THE
2053.639	2053.967668842705	51	BEST
2053.967668842705	2054.2661218454364	445	TIME
2054.2661218454364	2054.4662960003734	161	FOR
2054.4662960003734	2054.845810312489	69	BUSINESS
2054.845810312489	2055.3866257269783	260	MERGERS
2055.3866257269783	2064.482057816608	99999	sp
2064.482057816608	2064.5919722185677	434	THE
2064.5919722185677	2065.174139804143	263	MISPRINT
2065.174139804143	2065.7636765996626	348	PROVOKED
2065.7636765996626	2065.9119819497855	19	AN
2065.9119819497855	2066.492817625921	216	IMMEDIATE
2066.492817625921	2067.2023447935735	125	DISCLAIMER
2067.2023447935735	2069.064	99999	sp
2069.064	2073.6839999999997	99999	{NS}
2073.6839999999997	2075.9089999999997	99999	sp
2075.9089999999997	2076.052465234841	438	THEY
2076.052465234841	2076.266172323217	14	ALL
2076.266172323217	2076.6467074214247	139	ENJOY
2076.6467074214247	2076.8898913495764	212	ICE
2076.8898913495764	2077.165415206083	112	CREAM
2077.165415206083	2077.8580503612898	417	SUNDAES
2077.8580503612898	2079.8999999999996	99999	sp
2079.8999999999996	2082.4939999999997	99999	{NS}
2082.4939999999997	2090.902646233003	99999	sp
2090.902646233003	2091.074178633563	128	DO
2091.074178633563	2091.6195001694186	38	ATYPICAL
2091.6195001694186	2092.1021834207504	151	FARMERS
2092.1021834207504	2092.625397326774	197	GROW
2092.625397326774	2093.222303332237	291	OATS
2093.222303332237	2095.1549999999997	99999	sp
2095.1549999999997	2100.7619999999997	99999	{NS}
2100.7619999999997	2102.448	99999	sp
2102.448	2104.7129999999997	99999	{NS}
2104.7129999999997	2108.375	99999	sp
2108.375	2109.223	99999	{NS}
2109.223	2110.5699999999997	99999	sp
2110.5699999999997	2114.112	99999	{NS}
2114.112	2120.278	99999	sp
2120.278	2121.315	99999	sp
2121.315	2131.053	99999	{NS}
2131.053	2131.133	99999	sp
2131.133	2137.4089999999997	99999	{NS}
2137.4089999999997	2141.14	99999	sp
2141.14	2150.429	99999	{NS}
2150.429	2160.786	99999	sp
2160.786	2161.594	99999	sp
2161.594	2168.538	99999	{NS}
2168.538	2169.765	99999	sp
2169.765	2171.461	99999	{NS}
2171.461	2175.163	99999	{NS}
2175.163	2180.621	99999	sp
2180.621	2182.2169999999996	99999	{NS}
2182.2169999999996	2187.575	99999	sp
2471.0119999999997	2471.381	99999	sp
2471.381	2472.8379999999997	99999	{NS}
2472.8379999999997	2473.3869999999997	121	DIANE
2473.3869999999997	2473.546	257	MAY
2473.546	2474.2749999999996	399	SPLURGE
2474.2749999999996	2474.4139999999998	20	AND
2474.4139999999998	2474.7039999999997	72	BUY
2474.7039999999997	2474.734	1	A
2474.734	2475.352	452	TURQUOISE
2475.352	2475.921	278	NECKLACE
2475.921	2478.196	99999	sp
2478.196	2478.565	99999	{NS}
2478.565	2482.2169999999996	99999	{NS}
2482.2169999999996	2483.7529999999997	99999	{NS}
2483.7529999999997	2485.33	99999	sp
2485.33	2485.719	99999	{NS}
2485.719	2485.7889999999998	99999	sp
2485.7889999999998	2486.4269999999997	194	GRANDMOTHER
2486.4269999999997	2486.966	309	OUTGREW
2486.966	2487.2349999999997	204	HER
2487.2349999999997	2487.9339999999997	459	UPBRINGING
2487.9339999999997	2488.373	20	AND
2488.373	2491.526	99999	sp
2491.526	2491.845	99999	{NS}
2491.845	2494.219	99999	{NS}
2494.219	2494.698	99999	sp
2494.698	2494.8179999999998	99999	{NS}
2494.8179999999998	2495.9649999999997	99999	sp
2495.9649999999997	2496.5339999999997	99999	{NS}
2496.5339999999997	2497.1929999999998	292	OBJECTS
2497.1929999999998	2497.562	252	MADE
2497.562	2497.8109999999997	294	OF
2497.8109999999997	2497.901	99999	sp
2497.901	2498.35	324	PEWTER
2498.35	2498.629	30	ARE
2498.629	2499.1079999999997	48	BEAUTIFUL
2499.1079999999997	2501.1839999999997	99999	sp
2501.1839999999997	2502.321	99999	{NS}
2502.321	2505.254	99999	{NS}
2505.254	2506.7309999999998	99999	{NS}
2506.7309999999998	2510.0629999999996	99999	{NS}
2510.0629999999996	2512.019	99999	sp
2512.019	2512.6479999999997	32	ARTIFICIAL
2512.6479999999997	2513.486	221	INTELLIGENCE
2513.486	2513.6549999999997	224	IS
2513.6549999999997	2513.825	161	FOR
2513.825	2513.9849999999997	355	REAL
2513.9849999999997	2514.643	99999	{NS}
2514.643	2516.379	99999	sp
2516.379	2521.1079999999997	99999	{NS}
2521.1079999999997	2522.196	99999	{NS}
2522.196	2523.154	99999	sp
2523.154	2523.323	99999	{NS}
2523.323	2525.359	99999	sp
2525.359	2525.698	447	TODD
2525.698	2526.0969999999998	329	PLACED
2526.0969999999998	2526.366	450	TOP
2526.366	2526.935	342	PRIORITY
2526.935	2527.194	297	ON
2527.194	2527.4939999999997	179	GETTING
2527.4939999999997	2527.783	208	HIS
2527.783	2527.8329999999996	99999	sp
2527.8329999999996	2528.0919999999996	53	BIKE
2528.0919999999996	2528.4719999999998	157	FIXED
2528.4719999999998	2528.551	99999	sp
2528.551	2530.4669999999996	99999	{NS}
2530.4669999999996	2530.836	99999	{NS}
2530.836	2532.0139999999997	99999	{NS}
2532.0139999999997	2538.2997433044893	99999	sp
2538.2997433044893	2538.500827741149	482	WHEN
2538.500827741149	2538.8024543961383	322	PEELING
2538.8024543961383	2538.928	19	AN
2538.928	2539.4469999999997	303	ORANGE
2539.4469999999997	2539.5069999999996	225	IT
2539.5069999999996	2539.586	99999	sp
2539.586	2539.9359999999997	224	IS
2539.9359999999997	2539.955	99999	sp
2539.955	2540.2749999999996	200	HARD
2540.2749999999996	2540.4939999999997	446	TO
2540.4939999999997	2540.7839999999997	285	NOT
2540.7839999999997	2541.073	401	SPRAY
2541.073	2541.622	230	JUICE
2541.622	2543.587	99999	sp
2543.587	2546.6099999999997	99999	{NS}
2546.6099999999997	2546.8199999999997	99999	sp
2546.8199999999997	2548.057	99999	{NS}
2548.057	2548.765	99999	{NS}
2548.765	2549.863	99999	sp
2549.863	2549.933	99999	{NS}
2549.933	2552.377	99999	sp
2552.377	2552.4469999999997	434	THE
2552.4469999999997	2552.8959999999997	268	MORNING
2552.8959999999997	2553.2549999999997	120	DEW
2553.2549999999997	2553.4649999999997	297	ON
2553.4649999999997	2553.535	434	THE
2553.535	2553.964	398	SPIDER
2553.964	2554.263	479	WEB
2554.263	2554.8219999999997	182	GLISTENED
2554.8219999999997	2554.951	217	IN
2554.951	2555.011	434	THE
2555.011	2555.43	416	SUN
2555.43	2558.374	99999	{NS}
2558.374	2562.933	99999	{NS}
2562.933	2563.292	99999	{NS}
2563.292	2564.1009999999997	99999	sp
2564.1009999999997	2564.21	99999	{NS}
2564.21	2566.814	99999	sp
2566.814	2567.513	451	TORNADOS
2567.513	2567.982	296	OFTEN
2567.982	2568.5639837763233	118	DESTROY
2568.5639837763233	2569.4388203989224	41	AVIARIES
2569.4388203989224	2579.216	99999	sp
2579.216	2580.633	99999	{NS}
2580.633	2580.663	99999	sp
2580.663	2582.439	99999	{NS}
2582.439	2583.018	99999	sp
2583.018	2585.123	99999	{NS}
2585.123	2585.931	99999	sp
2585.931	2586.0809999999997	438	THEY
2586.0809999999997	2586.5299999999997	360	REMAINED
2586.5299999999997	2587.1879999999996	239	LIFELONG
2587.1879999999996	2587.7169999999996	164	FRIENDS
2587.7169999999996	2587.897	20	AND
2587.897	2588.555	99	COMPANIONS
2588.555	2591.8379999999997	99999	{NS}
2591.8379999999997	2594.591	99999	{NS}
2594.591	2595.18	99999	{NS}
2595.18	2600.1516009140146	99999	sp
2600.1516009140146	2600.2173400567685	434	THE
2600.2173400567685	2600.7501249811685	160	FOOTBALL
2600.7501249811685	2601.038574196691	428	TEAM
2601.038574196691	2601.35566888527	95	COACH
2601.35566888527	2601.5480525530356	201	HAS
2601.5480525530356	2601.6349999999998	1	A
2601.6349999999998	2602.004	474	WATCH
2602.004	2602.1839999999997	34	AS
2602.1839999999997	2602.304	439	THIN
2602.304	2602.453	34	AS
2602.453	2602.513	1	A
2602.513	2602.663	123	DIME
2602.663	2603.272	99999	{NS}
2603.272	2604.938	99999	sp
2604.938	2609.996	99999	{NS}
2609.996	2610.864	99999	{NS}
2610.864	2611.573	99999	sp
2611.573	2611.663	99999	{NS}
2611.663	2613.6079999999997	99999	sp
2613.6079999999997	2613.768	438	THEY
2613.768	2614.167	296	OFTEN
2614.167	2614.307	184	GO
2614.307	2614.596	306	OUT
2614.596	2614.7059999999997	217	IN
2614.7059999999997	2614.835	434	THE
2614.835	2615.2839999999997	143	EVENING
2615.2839999999997	2617.0699999999997	99999	sp
2617.0699999999997	2621.111	99999	{NS}
2621.111	2621.959	99999	{NS}
2621.959	2623.1859999999997	99999	sp
2623.1859999999997	2623.316	99999	{NS}
2623.316	2623.605	99999	sp
2623.605	2625.411	99999	{NS}
2625.411	2625.5809999999997	305	OUR
2625.5809999999997	2626.339	148	EXPERIMENT'S
2626.339	2626.3689999999997	99999	sp
2626.3689999999997	2626.968	337	POSITIVE
2626.968	2627.6459999999997	307	OUTCOME
2627.6459999999997	2627.7059999999997	99999	sp
2627.7059999999997	2627.906	472	WAS
2627.906	2628.594	456	UNEXPECTED
2628.594	2630.1009999999997	99999	{NS}
2630.1009999999997	2630.939	99999	sp
2630.939	2634.77	99999	{NS}
2634.77	2635.6079999999997	99999	{NS}
2635.6079999999997	2636.267	99999	sp
2636.267	2636.336	99999	{NS}
2636.336	2638.5409999999997	99999	sp
2638.5409999999997	2638.8309999999997	132	EACH
2638.8309999999997	2639.2599999999998	403	STAG
2639.2599999999998	2639.669	419	SURELY
2639.669	2640.078	155	FINDS
2640.078	2640.118	1	A
2640.118	2640.417	52	BIG
2640.417	2640.846	153	FAWN
2640.846	2642.872	99999	sp
2642.872	2644.129	99999	{NS}
2644.129	2645.765	99999	{NS}
2645.765	2646.603	99999	{NS}
2646.603	2646.683	99999	sp
2646.683	2647.6009999999997	99999	{NS}
2647.6009999999997	2649.676	99999	sp
2649.676	2649.756	434	THE
2649.756	2650.375	91	CIGARETTES
2650.375	2650.464	217	IN
2650.464	2650.544	434	THE
2650.544	2650.8729999999996	94	CLAY
2650.8729999999996	2651.4719999999998	35	ASHTRAY
2651.4719999999998	2651.5319999999997	99999	sp
2651.5319999999997	2652.2599999999998	314	OVERFLOWED
2652.2599999999998	2652.3999999999996	99999	sp
2652.3999999999996	2652.769	299	ONTO
2652.769	2652.839	434	THE
2652.839	2653.368	424	TABLE
2653.368	2653.5969999999998	99999	sp
2653.5969999999998	2653.8869999999997	299	ONTO
2653.8869999999997	2654.056	434	THE
2654.056	2654.1459999999997	290	OAK
2654.1459999999997	2654.1859999999997	99999	sp
2654.1859999999997	2654.5649999999996	424	TABLE
2654.5649999999996	2655.633	99999	sp
2655.633	2656.64	99999	{NS}
2656.64	2658.037	99999	{NS}
2658.037	2662.836	99999	{NS}
2662.836	2663.834	99999	sp
2663.834	2663.904	99999	{NS}
2663.904	2666.129	99999	sp
2666.129	2666.707	347	PROJECT
2666.707	2667.3518878672803	119	DEVELOPMENT
2667.3518878672803	2667.5520360422224	472	WAS
2667.5520360422224	2668.1470391971416	344	PROCEEDING
2668.1470391971416	2668.3394968921975	448	TOO
2668.3394968921975	2668.8596095216344	391	SLOWLY
2668.8596095216344	2678.26511916433	99999	sp
2678.26511916433	2678.5225153460888	485	WILL
2678.5225153460888	2678.8816925528395	368	ROBIN
2678.8816925528395	2679.1854411783015	477	WEAR
2679.1854411783015	2679.325121203149	1	A
2679.325121203149	2679.6510412611265	493	YELLOW
2679.6510412611265	2680.0748790942666	243	LILY
2680.0748790942666	2682.112	99999	sp
2682.112	2688.977	99999	{NS}
2688.977	2689.915	99999	sp
2689.915	2690.979251392307	99999	{NS}
2690.979251392307	2691.3627669460534	442	THOMAS
2691.3627669460534	2691.7574046012473	440	THINKS
2691.7574046012473	2691.907094746321	1	A
2691.907094746321	2692.3153405965218	235	LARGER
2692.3153405965218	2692.6453393254337	92	CLAMP
2692.6453393254337	2693.051588064942	394	SOLVES
2693.051588064942	2693.2138477502913	434	THE
2693.2138477502913	2693.8772472568676	343	PROBLEM
2693.8772472568676	2695.841	99999	sp
2695.841	2698.765	99999	{NS}
2698.765	2701.828	99999	{NS}
2701.828	2709.3552762997947	99999	sp
2709.3552762997947	2709.6358798788024	441	THIS
2709.6358798788024	2709.8553120232855	472	WAS
2709.8553120232855	2710.11897080154	133	EASY
2710.11897080154	2710.3928357260497	161	FOR
2710.3928357260497	2711.018878139362	460	US
2711.018878139362	2712.912	99999	sp
2712.912	2720.2059999999997	99999	{NS}
2720.2059999999997	2722.8684831470714	99999	sp
2722.8684831470714	2723.3241489120774	116	DECEMBER
2723.3241489120774	2723.4518827541015	20	AND
2723.4518827541015	2723.962241820734	227	JANUARY
2723.962241820734	2724.1276604728196	30	ARE
2724.1276604728196	2724.5222981280135	283	NICE
2724.5222981280135	2724.8200699649533	266	MONTHS
2724.8200699649533	2724.924995991404	446	TO
2724.924995991404	2725.2392405872515	397	SPEND
2725.2392405872515	2725.3923327810767	217	IN
2725.3923327810767	2726.1067630189277	261	MIAMI
2726.1067630189277	2727.9179999999997	99999	sp
2727.9179999999997	2734.783	99999	{NS}
2734.783	2736.768	99999	sp
2736.768	2737.11307288678	236	LAST
2737.11307288678	2737.332505031263	492	YEARS
2737.332505031263	2737.6369883945376	174	GAS
2737.6369883945376	2738.0972616488066	380	SHORTAGE
2738.0972616488066	2738.525919791517	81	CAUSED
2738.525919791517	2738.8865369591945	404	STEEP
2738.8865369591945	2739.242051053744	341	PRICE
2739.242051053744	2739.921	218	INCREASES
2739.921	2758.419	99999	sp
2758.419	2760.5139999999997	99999	sp
2760.5139999999997	2761.821	99999	{NS}
2761.821	2761.901	99999	sp
2761.901	2763.946	99999	{NS}
2763.946	2764.685	99999	sp
2764.685	2786.1259999999997	99999	sp
2786.1259999999997	2786.705	99999	sp
2786.705	2788.67	99999	{NS}
2788.67	2789.4579999999996	99999	sp
2789.4579999999996	2803.107	99999	{NS}
2803.107	2803.676	99999	sp
2803.676	2819.62	99999	sp
2819.62	2821.4159999999997	99999	{NS}
2821.4159999999997	2822.2839999999997	99999	sp
2822.2839999999997	2823.99	99999	{NS}
2823.99	2853.134	99999	sp
2853.134	2857.554	99999	sp
2857.554	2861.1949999999997	99999	{NS}
2861.1949999999997	2862.892	99999	sp
2862.892	2866.2039999999997	99999	{NS}
2866.2039999999997	2886.548	99999	sp
2886.548	2893.013	99999	{NS}
2893.013	2900.366	99999	{NS}
2900.366	2904.158	99999	{NS}
2904.158	2904.307	99999	sp
2904.307	2912.7941097409785	99999	sp
3215.003	3215.422	99999	sp
3215.422	3217.567	99999	{NS}
3217.567	3218.335	12	AGRICULTURAL
3218.335	3218.864	345	PRODUCTS
3218.864	3219.004	30	ARE
3219.004	3219.692	455	UNEVENLY
3219.692	3220.52	127	DISTRIBUTED
3220.52	3222.825	99999	{NS}
3222.825	3225.539	99999	{NS}
3225.539	3225.689	99999	sp
3225.689	3228.053	99999	{NS}
3228.053	3229.28	99999	sp
3229.28	3230.059	99999	{NS}
3230.059	3230.218	99999	sp
3230.218	3230.458	73	BY
3230.458	3230.757	135	EATING
3230.757	3231.166	494	YOGURT
3231.166	3231.306	495	YOU
3231.306	3231.525	257	MAY
3231.525	3231.735	246	LIVE
3231.735	3232.214	248	LONGER
3232.214	3232.4230000000002	99999	sp
3232.4230000000002	3233.541	99999	{NS}
3233.541	3235.516	99999	{NS}
3235.516	3238.13	99999	{NS}
3238.13	3240.0860000000002	99999	sp
3240.0860000000002	3241.343	99999	{NS}
3241.343	3241.682	99999	sp
3241.682	3241.752	434	THE
3241.752	3242.411	82	CAUSEWAY
3242.411	3242.899	137	ENDED
3242.899	3243.5480000000002	5	ABRUPTLY
3243.5480000000002	3243.797	37	AT
3243.797	3243.867	434	THE
3243.867	3244.127	379	SHORE
3244.127	3247.708	99999	{NS}
3247.708	3250.003	99999	{NS}
3250.003	3252.5280000000002	99999	{NS}
3252.5280000000002	3252.867	99999	sp
3252.867	3254.603	99999	{NS}
3254.603	3255.321	478	WEATHERPROOF
3255.321	3256.059	172	GALOSHES
3256.059	3256.209	30	ARE
3256.209	3256.588	465	VERY
3256.588	3257.107	461	USEFUL
3257.107	3257.337	217	IN
3257.337	3257.377	99999	sp
3257.377	3258.035	372	SEATTLE
3258.035	3260.13	99999	sp
3260.13	3264.59	99999	{NS}
3264.59	3266.0370000000003	99999	{NS}
3266.0370000000003	3267.873	99999	{NS}
3267.873	3268.002	99999	sp
3268.002	3268.791	99999	{NS}
3268.791	3273.989	99999	sp
3273.989	3274.089	434	THE
3274.089	3274.747	396	SPEECH
3274.747	3275.735	423	SYMPOSIUM
3275.735	3275.8450000000003	99999	sp
3275.8450000000003	3276.164	262	MIGHT
3276.164	3276.792	50	BEGIN
3276.792	3276.942	99999	sp
3276.942	3277.152	297	ON
3277.152	3277.511	265	MONDAY
3277.511	3278.219	99999	sp
3278.219	3280.0950000000003	99999	{NS}
3280.0950000000003	3282.779	99999	{NS}
3282.779	3283.966	99999	{NS}
3283.966	3285.263	99999	{NS}
3285.263	3287.338	99999	sp
3287.338	3287.448	213	I'D
3287.448	3287.698	353	RATHER
3287.698	3287.987	285	NOT
3287.987	3288.186	72	BUY
3288.186	3288.396	437	THESE
3288.396	3288.8450000000003	378	SHOES
3288.8450000000003	3288.875	99999	sp
3288.875	3289.035	432	THAN
3289.035	3289.234	47	BE
3289.234	3289.952	313	OVERCHARGED
3289.952	3290.761	99999	sp
3290.761	3292.636	99999	{NS}
3292.636	3295.001	99999	{NS}
3295.001	3295.161	99999	sp
3295.161	3297.505	99999	{NS}
3297.505	3299.441	99999	{NS}
3299.441	3301.756	99999	sp
3301.756	3301.955	47	BE
3301.955	3302.364	77	CAREFUL
3302.364	3302.584	285	NOT
3302.584	3302.664	446	TO
3302.664	3303.083	332	PLOW
3303.083	3303.332	310	OVER
3303.332	3303.4120000000003	434	THE
3303.4120000000003	3303.861	159	FLOWER
3303.861	3304.05	49	BEDS
3304.05	3306.325	99999	{NS}
3306.325	3306.505	99999	sp
3306.505	3309.887	99999	{NS}
3309.887	3311.1040000000003	99999	{NS}
3311.1040000000003	3311.523	99999	sp
3311.523	3313.25	99999	{NS}
3313.25	3313.419	434	THE
3313.419	3313.908	316	OVERWEIGHT
3313.908	3314.447	86	CHARMER
3314.447	3314.616	107	COULD
3314.616	3314.896	387	SLIP
3314.896	3315.484	333	POISON
3315.484	3315.624	223	INTO
3315.624	3316.223	25	ANYONE'S
3316.223	3316.492	426	TEA
3316.492	3320.723	99999	{NS}
3320.723	3324.843	99999	{NS}
3324.843	3326.499	99999	{NS}
3326.499	3327.926	99999	sp
3327.926	3328.615	99999	{NS}
3328.615	3328.714	434	THE
3328.714	3329.103	21	ANGRY
3329.103	3329.433	62	BOY
3329.433	3329.862	23	ANSWERED
3329.862	3329.922	99999	sp
3329.922	3330.081	70	BUT
3330.081	3330.401	122	DIDN'T
3330.401	3330.62	249	LOOK
3330.62	3330.85	458	UP
3330.85	3331.169	99999	sp
3331.169	3334.731	99999	{NS}
3334.731	3337.3450000000003	99999	{NS}
3337.3450000000003	3338.432	99999	{NS}
3338.432	3339.929	99999	sp
3339.929	3340.468	99999	{NS}
3340.468	3340.637	99999	sp
3340.637	3341.0860000000002	483	WHICH
3341.0860000000002	3341.366	247	LONG
3341.366	3342.024	31	ARTICLE
3342.024	3342.553	472	WAS
3342.553	3343.112	300	OPAQUE
3343.112	3343.271	20	AND
3343.271	3343.591	279	NEEDED
3343.591	3344.379	93	CLARIFICATION
3344.379	3347.991	99999	{NS}
3347.991	3351.4030000000002	99999	{NS}
3351.4030000000002	3354.556	99999	{NS}
3354.556	3354.855	99999	sp
3354.855	3356.541	99999	{NS}
3356.541	3356.751	203	HELP
3356.751	3357.329	83	CELEBRATE
3357.329	3357.449	496	YOUR
3357.449	3357.5190000000002	99999	sp
3357.5190000000002	3357.828	67	BROTHER'S
3357.828	3358.547	412	SUCCESS
3358.547	3358.636	99999	sp
3358.636	3360.672	99999	{NS}
3360.672	3360.722	99999	sp
3360.722	3364.333	99999	{NS}
3364.333	3366.05	99999	{NS}
3366.05	3367.197	99999	sp
3367.197	3368.185	99999	{NS}
3368.185	3368.264	99999	sp
3368.264	3368.3940000000002	485	WILL
3368.3940000000002	3368.584	495	YOU
3368.584	3368.674	99999	sp
3368.674	3368.973	331	PLEASE
3368.973	3369.542	101	CONFIRM
3369.542	3370.04	191	GOVERNMENT
3370.04	3370.539	334	POLICY
3370.539	3370.659	99999	sp
3370.659	3371.208	359	REGARDING
3371.208	3371.637	473	WASTE
3371.637	3372.0860000000002	362	REMOVAL
3372.0860000000002	3375.109	99999	{NS}
3375.109	3378.571	99999	{NS}
3378.571	3378.94	99999	{NS}
3378.94	3379.459	99999	sp
3379.459	3379.728	99999	{NS}
3379.728	3381.6440000000002	99999	sp
3381.6440000000002	3381.844	438	THEY
3381.844	3382.333	36	ASSUME
3382.333	3382.542	284	NO
3382.542	3382.991	68	BURGLAR
3382.991	3383.23	485	WILL
3383.23	3383.46	144	EVER
3383.46	3383.829	140	ENTER
3383.829	3384.118	205	HERE
3384.118	3386.034	99999	{NS}
3386.034	3386.942	99999	sp
3386.942	3387.331	99999	{NS}
3387.331	3387.551	99999	sp
3387.551	3388.01	99999	{NS}
3388.01	3389.347	99999	sp
3389.347	3389.676	99999	{NS}
3389.676	3392.699	99999	sp
3392.699	3392.899	202	HE
3392.899	3393.387	485	WILL
3393.387	3393.986	15	ALLOW
3393.986	3394.016	1	A
3394.016	3394.515	352	RARE
3394.515	3394.635	99999	sp
3394.635	3395.044	238	LIE
3395.044	3397.279	99999	sp
3397.279	3400.83	99999	{NS}
3400.83	3401.21	99999	{NS}
3401.21	3401.389	99999	sp
3401.389	3402.936	99999	{NS}
3402.936	3404.323	99999	sp
3404.323	3404.462	99999	{NS}
3404.462	3406.518	99999	sp
3406.518	3407.575	114	CURIOSITY
3407.575	3408.044	20	AND
3408.044	3408.154	99999	sp
3408.154	3409.122	259	MEDIOCRITY
3409.122	3409.8	373	SELDOM
3409.8	3410.02	88888	CO
3410.02	3410.568	88888	EXIST
3410.568	3412.823	99999	sp
3412.823	3414.11	99999	{NS}
3414.11	3415.627	99999	{NS}
3415.627	3419.418	99999	{NS}
3419.418	3420.5460000000003	99999	{NS}
3420.5460000000003	3423.629	99999	sp
3423.629	3423.808	208	HIS
3423.808	3424.237	413	SUDDEN
3424.237	3424.7960000000003	117	DEPARTURE
3424.7960000000003	3425.265	377	SHOCKED
3425.265	3425.3450000000003	99999	sp
3425.3450000000003	3425.405	434	THE
3425.405	3425.943	79	CAST
3425.943	3428.268	99999	sp
3428.268	3430.453	99999	{NS}
3430.453	3431.99	99999	{NS}
3431.99	3433.337	99999	{NS}
3433.337	3434.035	99999	sp
3434.035	3435.352	99999	{NS}
3435.352	3435.452	99999	sp
3435.452	3435.7110000000002	375	SHE
3435.7110000000002	3436.24	388	SLIPPED
3436.24	3436.35	20	AND
3436.35	3436.799	400	SPRAINED
3436.799	3436.958	204	HER
3436.958	3437.387	22	ANKLE
3437.387	3437.567	297	ON
3437.567	3437.647	434	THE
3437.647	3438.016	404	STEEP
3438.016	3438.435	389	SLOPE
3438.435	3440.909	99999	sp
3440.909	3443.583	99999	{NS}
3443.583	3445.868	99999	{NS}
3445.868	3447.105	99999	{NS}
3447.105	3450.4480000000003	99999	{NS}
3450.4480000000003	3452.892	99999	sp
3452.892	3452.9719999999998	1	A
3452.9719999999998	3453.042	99999	sp
3453.042	3453.331	52	BIG
3453.331	3453.69	185	GOAT
3453.69	3454.299	214	IDLY
3454.299	3454.798	18	AMBLED
3454.798	3454.838	99999	sp
3454.838	3455.027	444	THROUGH
3455.027	3455.117	434	THE
3455.117	3455.616	152	FARMYARD
3455.616	3459.757	99999	{NS}
3459.757	3462.021	99999	{NS}
3462.021	3463.418	99999	{NS}
3463.418	3464.486	99999	{NS}
3464.486	3467.17	99999	sp
3467.17	3467.459	381	SHOULD
3467.459	3468.038	180	GIRAFFES
3468.038	3468.177	47	BE
3468.177	3468.6059999999998	234	KEPT
3468.6059999999998	3468.666	217	IN
3468.666	3469.065	392	SMALL
3469.065	3469.654	498	ZOOS
3469.654	3471.42	99999	sp
3471.42	3475.1620000000003	99999	{NS}
3475.1620000000003	3476.578	99999	{NS}
3476.578	3476.748	99999	sp
3476.748	3480.509	99999	{NS}
3480.509	3481.228	99999	sp
3481.228	3481.367	99999	{NS}
3481.367	3483.333	99999	sp
3483.333	3483.463	476	WE
3483.463	3483.692	190	GOT
3483.692	3484.1310000000003	131	DRENCHED
3484.1310000000003	3484.291	166	FROM
3484.291	3484.44	434	THE
3484.44	3484.51	99999	sp
3484.51	3485.308	457	UNINTERRUPTED
3485.308	3485.548	351	RAIN
3485.548	3487.743	99999	sp
3487.743	3495.286	99999	{NS}
3495.286	3495.406	99999	sp
3495.406	3497.251	99999	{NS}
