4.941	5.287219475340811	130	DRAW
5.287219475340811	5.373102381929058	88888	UH
5.373102381929058	5.759	145	EVERY
5.759	6.109	308	OUTER
6.109	6.478	244	LINE
6.528	6.967	156	FIRST
7.007	7.236	436	THEN
7.236	7.555	154	FILL
7.555	7.655	434	THE
7.655	8.643	222	INTERIOR
14.3	14.43	434	THE
14.43	14.809	474	WATCH
14.809	15.457	103	CONTAINED
15.457	15.807	448	TOO
15.807	16.066	269	MUCH
16.136	16.984	90	CHLORINE
17.363	17.513	20	AND
17.513	17.872	409	STUNG
17.872	18.121	208	HIS
18.121	18.77	149	EYES
30.244	30.723	229	JOHNS
30.723	31.202	66	BROTHER
31.202	31.74	363	REPAINTED
31.74	31.84	434	THE
31.84	32.37016712763964	173	GARAGE
32.389	32.568	129	DOOR
41.418	42.097	84	CHALLENGE
42.137	42.526	132	EACH
42.596	43.164	175	GENERALS
43.164	44.168583922215134	88888	INTELLIGENGE
53.40654933132407	54.409	17	AMBIDEXTROUS
54.519	55.876	327	PICKPOCKETS
56.065	56.687075326654835	6	ACCOMPLISH
56.687075326654835	56.933	267	MORE
67.25337864122179	67.369	1	A
67.369	68.048	271	MUSCULAR
68.048	68.726	2	ABDOMEN
68.726	68.946	224	IS
68.946	69.155	189	GOOD
69.155	69.315	161	FOR
69.315	69.485	496	YOUR
78.763	79.003	438	THEY
79.003	79.202	317	OWN
79.202	79.282	1	A
79.282	79.562	52	BIG
79.562	79.981	209	HOUSE
79.981	80.1	217	IN
80.1	80.17	434	THE
80.17	80.739	361	REMOTE
80.769	81.407	109	COUNTRYSIDE
90.676	90.806	434	THE
90.806	91.305	369	ROSE
91.305	92.20154538465788	106	CORSAGE
92.20154538465788	92.662	393	SMELLED
92.662	93.161	421	SWEET
102.22	102.529	433	THAT
102.649	103.467	326	PICKPOCKET
103.467	103.687	472	WAS
103.687	104.056	80	CAUGHT
104.056	104.246	356	RED
104.246	104.824	199	HANDED
113.774	113.914	19	AN
113.914	114.422	9	ADULT
114.422	114.772	255	MALE
114.772	115.41	42	BABOONS
115.47	115.789	430	TEETH
115.789	115.909	30	ARE
115.909	116.208	285	NOT
116.208	116.807	415	SUITABLE
116.807	116.987	161	FOR
116.987	117.336	135	EATING
117.336	118.184	376	SHELLFISH
128.6	128.81	204	HER
128.81	129.378	470	WARDROBE
129.378	129.887	102	CONSISTS
129.887	129.997	294	OF
129.997	130.306	298	ONLY
130.336	131.095	385	SKIRTS
131.115	131.304	20	AND
131.304	131.853	54	BLOUSES
141.481	141.591	434	THE
141.591	141.92	453	TWO
141.92	142.549	88888	ARTER
142.668	143.337	33	ARTISTS
143.337	144.145	147	EXCHANGED
144.145	144.993	39	AUTOGRAPHS
155.21	155.918	71	BUTTERSCOTCH
155.918	156.417	169	FUDGE
156.417	156.696	186	GOES
156.696	156.956	481	WELL
156.956	157.195	487	WITH
157.195	157.495	463	VANILLA
157.495	157.884	212	ICE
157.884	158.402	112	CREAM
168.021	168.549	366	RICH
168.629	169.108	349	PURCHASED
169.108	169.57617441406413	374	SEVERAL
169.57617441406413	170.335	382	SIGNED
170.605	171.543	245	LITHOGRAPHS
181.121	181.41	24	ANY
181.41	181.989	88888	CONTRIGE
182.378	182.697	24	ANY
182.697	182.977	88888	CON
184.453	184.912	24	ANY
184.912	185.82	105	CONTRIBUTIONS
185.82	185.93	485	WILL
185.93	186.1	47	BE
186.1	186.588	195	GREATLY
186.588	187.437	28	APPRECIATED
205.954	206.084	434	THE
206.084	206.673	111	CRANBERRY
206.673	207.092	57	BOG
207.092	207.471	178	GETS
207.82	208.229	465	VERY
208.229	208.489	340	PRETTY
208.489	208.618	217	IN
208.618	209.097	40	AUTUMN
217.957	218.187	210	HOW
218.187	218.486	128	DO
218.486	219.045	318	OYSTERS
219.045	219.284	253	MAKE
219.384	220.152	320	PEARLS
227.695	227.96444350383544	257	MAY
227.96444350383544	228.174	211	I
228.174	228.64306493480805	304	ORDER
228.64306493480805	228.88533038762512	1	A
229.072	229.641	319	PARFAIT
229.641	230.04	10	AFTER
230.04	230.199	211	I
230.199	230.559	134	EAT
230.559	230.828	124	DINNER
240.915	241.105	224	IS
241.105	241.324	375	SHE
241.324	241.643	187	GOING
241.643	241.903	487	WITH
241.903	242.172	495	YOU
251.142	251.43075680199073	76	CAN
251.43075680199073	251.53438479914948	434	THE
251.53438479914948	252.379	11	AGENCY
252.479	252.618	1	A
253.87692903487724	254.07438238081482	76	CAN
254.07438238081482	254.1612058378938	434	THE
254.1612058378938	254.664	88888	AGEN
254.973	255.661	88888	AGENTY
255.661	256.25	315	OVERTHROW
256.25	256.829	13	ALIEN
256.829	257.677	162	FORCES
328.466	328.835	130	DRAW
328.835	329.164	145	EVERY
329.164	329.514	308	OUTER
329.514	329.943	244	LINE
329.943	330.312	156	FIRST
330.402	330.581	436	THEN
330.581	330.861	154	FILL
330.861	330.96	434	THE
330.96	331.729	222	INTERIOR
339.95	340.08	434	THE
340.08	340.369	475	WATER
340.369	340.848	103	CONTAINED
340.848	340.998	448	TOO
340.998	341.317	269	MUCH
341.357	341.965	90	CHLORINE
341.965	342.165	20	AND
342.225	342.564	409	STUNG
342.564	342.823	208	HIS
342.823	343.392	149	EYES
354.627	355.125	229	JOHNS
355.165	355.524	66	BROTHER
355.524	356.043	363	REPAINTED
356.043	356.163	434	THE
356.163	356.54554362649867	173	GARAGE
356.562	356.812	129	DOOR
366.48	367.098	84	CHALLENGE
367.158	367.60468328830336	132	EACH
367.697	368.256	175	GENERALS
368.256	369.4549551332851	221	INTELLIGENCE
379.261	380.208	17	AMBIDEXTROUS
380.248	381.286	327	PICKPOCKETS
381.336	381.994	6	ACCOMPLISH
381.994	382.194	267	MORE
391.812	391.902	1	A
391.902	392.63	271	MUSCULAR
392.63	393.159	2	ABDOMEN
393.159	393.349	224	IS
393.349	393.558	189	GOOD
393.558	393.648	161	FOR
393.648	393.807	496	YOUR
393.807	394.2639569959102	43	BACK
400.802	401.001	438	THEY
401.001	401.201	317	OWN
401.201	401.271	1	A
401.271	401.6	52	BIG
401.6	401.959	209	HOUSE
401.959	402.049	217	IN
402.049	402.139	434	THE
402.139	402.617	361	REMOTE
402.617	403.476	109	COUNTRYSIDE
412.276	412.375	434	THE
412.375	412.784	369	ROSE
412.784	413.5934016549704	106	CORSAGE
413.5934016549704	414.032	393	SMELLED
414.032	414.52	421	SWEET
424.867	425.276	433	THAT
425.276	426.024	326	PICKPOCKET
426.024	426.234	472	WAS
426.234	426.553	80	CAUGHT
426.553	426.783	356	RED
426.783	427.301	199	HANDED
436.141	436.29014365894415	19	AN
436.29014365894415	436.73	9	ADULT
436.78	437.069	255	MALE
437.069	437.668	42	BABOONS
437.718	438.02131148950554	430	TEETH
438.02131148950554	438.097	30	ARE
438.097	438.456	285	NOT
438.456	439.025	415	SUITABLE
439.025	439.204	161	FOR
439.204	439.673	135	EATING
439.703	440.611	376	SHELLFISH
448.982	449.222	204	HER
449.222	449.79	470	WARDROBE
449.79	450.469	88888	CONSIST
450.469	450.908	298	ONLY
450.908	451.047	88888	S
451.686	452.085	385	SKIRTS
452.085	452.215	20	AND
452.215	453.1054010837463	54	BLOUSES
465.584	465.704	434	THE
465.704	466.023	453	TWO
466.023	466.772	33	ARTISTS
466.772	467.66	147	EXCHANGED
467.66	468.548	39	AUTOGRAPHS
477.168	477.906	71	BUTTERSCOTCH
477.906	478.385	169	FUDGE
478.385	478.675	186	GOES
478.675	478.944	481	WELL
478.944	479.163	487	WITH
479.163	479.523	463	VANILLA
479.523	479.862	212	ICE
479.862	480.331	112	CREAM
524.91	525.289	366	RICH
525.349	525.837	349	PURCHASED
525.897	526.336	374	SEVERAL
526.336	526.915	382	SIGNED
526.915	527.743	245	LITHOGRAPHS
540.055	540.404	24	ANY
540.404	541.312	105	CONTRIBUTIONS
541.312	541.442	485	WILL
541.442	541.612	47	BE
541.612	542.061	195	GREATLY
542.061	542.929	28	APPRECIATED
552.257	552.377	434	THE
552.377	552.637	76	CAN
552.7994890507497	552.9633333165277	434	THE
552.9633333165277	553.485	111	CRANBERRY
553.485	553.864	57	BOG
553.864	554.143	178	GETS
554.143	554.502	465	VERY
554.502	554.762	340	PRETTY
554.762	554.9118951155549	217	IN
554.9118951155549	555.28	40	AUTUMN
565.447	565.657	210	HOW
565.657	565.916	128	DO
565.916	566.475	318	OYSTERS
566.475	566.724	253	MAKE
566.804	567.503	320	PEARLS
579.845	580.214	257	MAY
580.214	580.413	211	I
580.413	580.783	304	ORDER
580.783	580.822	1	A
580.822	581.381	319	PARFAIT
581.381	581.73	10	AFTER
581.73	581.84	211	I
581.84	582.139	134	EAT
582.139	582.5173915175425	124	DINNER
591.738	591.8753687767025	224	IS
591.8753687767025	592.157	375	SHE
592.157	592.526	187	GOING
592.526	592.725	487	WITH
592.815	593.095	495	YOU
600.877	601.1502489557039	76	CAN
601.1502489557039	601.2664803579224	434	THE
601.2664803579224	601.775	88888	AGEN
601.924	602.713	11	AGENCY
602.713	603.301	315	OVERTHROW
603.301	603.76	13	ALIEN
603.76	604.6567260721695	162	FORCES
