22.15528344671202	22.285283446712018	434	THE
22.285283446712018	22.66428344671202	474	WATCH
22.66428344671202	23.31228344671202	103	CONTAINED
23.31228344671202	23.662283446712017	448	TOO
23.662283446712017	23.921283446712017	269	MUCH
23.991283446712018	24.83928344671202	90	CHLORINE
25.218283446712018	25.36828344671202	20	AND
25.36828344671202	25.72728344671202	409	STUNG
25.72728344671202	25.976283446712017	208	HIS
25.976283446712017	26.625283446712018	149	EYES
35.71591836734694	36.194918367346936	229	JOHNS
36.194918367346936	36.67391836734694	66	BROTHER
36.67391836734694	37.21191836734694	363	REPAINTED
37.21191836734694	37.311918367346934	434	THE
37.311918367346934	37.84208549498658	173	GARAGE
37.86091836734694	38.039918367346935	129	DOOR
46.80952380952381	47.48852380952381	84	CHALLENGE
47.52852380952381	47.917523809523814	132	EACH
47.98752380952381	48.55552380952381	175	GENERALS
48.55552380952381	49.560107731738945	88888	INTELLIGENGE
60.36816326530612	61.37061393398205	17	AMBIDEXTROUS
61.48061393398205	62.83761393398205	327	PICKPOCKETS
63.02661393398205	63.648689260636885	6	ACCOMPLISH
63.648689260636885	63.89461393398205	267	MORE
72.86403628117914	72.97965763995735	1	A
72.97965763995735	73.65865763995735	271	MUSCULAR
73.65865763995735	74.33665763995735	2	ABDOMEN
74.33665763995735	74.55665763995735	224	IS
74.55665763995735	74.76565763995735	189	GOOD
74.76565763995735	74.92565763995735	161	FOR
74.92565763995735	75.09565763995735	496	YOUR
84.25070294784581	84.4907029478458	438	THEY
84.4907029478458	84.6897029478458	317	OWN
84.6897029478458	84.7697029478458	1	A
84.7697029478458	85.0497029478458	52	BIG
85.0497029478458	85.4687029478458	209	HOUSE
85.4687029478458	85.5877029478458	217	IN
85.5877029478458	85.6577029478458	434	THE
85.6577029478458	86.22670294784581	361	REMOTE
86.25670294784581	86.8947029478458	109	COUNTRYSIDE
95.96009070294785	96.09009070294785	434	THE
96.09009070294785	96.58909070294786	369	ROSE
96.58909070294786	97.48563608760573	106	CORSAGE
97.48563608760573	97.94609070294786	393	SMELLED
97.94609070294786	98.44509070294785	421	SWEET
107.92390022675737	108.23290022675737	433	THAT
108.35290022675737	109.17090022675737	326	PICKPOCKET
109.17090022675737	109.39090022675737	472	WAS
109.39090022675737	109.75990022675737	80	CAUGHT
109.75990022675737	109.94990022675736	356	RED
109.94990022675736	110.52790022675737	199	HANDED
120.84680272108844	120.98680272108844	19	AN
120.98680272108844	121.49480272108843	9	ADULT
121.49480272108843	121.84480272108844	255	MALE
121.84480272108844	122.48280272108843	42	BABOONS
122.54280272108844	122.86180272108844	430	TEETH
122.86180272108844	122.98180272108844	30	ARE
122.98180272108844	123.28080272108843	285	NOT
123.28080272108843	123.87980272108844	415	SUITABLE
123.87980272108844	124.05980272108843	161	FOR
124.05980272108843	124.40880272108843	135	EATING
124.40880272108843	125.25680272108843	376	SHELLFISH
134.69460317460317	134.90460317460318	204	HER
134.90460317460318	135.47260317460317	470	WARDROBE
135.47260317460317	135.98160317460318	102	CONSISTS
135.98160317460318	136.0916031746032	294	OF
136.0916031746032	136.4006031746032	298	ONLY
136.4306031746032	137.18960317460318	385	SKIRTS
137.2096031746032	137.39860317460318	20	AND
137.39860317460318	137.9476031746032	54	BLOUSES
148.14321995464852	148.25321995464853	434	THE
148.25321995464853	148.5822199546485	453	TWO
148.5822199546485	149.21121995464853	88888	ARTER
149.33021995464853	149.9992199546485	33	ARTISTS
149.9992199546485	150.80721995464853	147	EXCHANGED
150.80721995464853	151.65521995464852	39	AUTOGRAPHS
161.49850340136055	162.20650340136055	71	BUTTERSCOTCH
162.20650340136055	162.70550340136055	169	FUDGE
162.70550340136055	162.98450340136054	186	GOES
162.98450340136054	163.24450340136053	481	WELL
163.24450340136053	163.48350340136054	487	WITH
163.48350340136054	163.78350340136055	463	VANILLA
163.78350340136055	164.17250340136053	212	ICE
164.17250340136053	164.69050340136053	112	CREAM
173.97215419501134	174.50015419501136	366	RICH
174.58015419501135	175.05915419501136	349	PURCHASED
175.05915419501136	175.52732860907548	374	SEVERAL
175.52732860907548	176.28615419501136	382	SIGNED
176.55615419501135	177.49415419501136	245	LITHOGRAPHS
190.13124716553287	190.42024716553286	24	ANY
190.42024716553286	190.99924716553286	88888	CONTRIGE
191.38824716553285	191.70724716553286	24	ANY
191.70724716553286	191.98724716553286	88888	CON
193.46324716553286	193.92224716553287	24	ANY
193.92224716553287	194.83024716553285	105	CONTRIBUTIONS
194.83024716553285	194.94024716553287	485	WILL
194.94024716553287	195.11024716553285	47	BE
195.11024716553285	195.59824716553285	195	GREATLY
195.59824716553285	196.44724716553287	28	APPRECIATED
211.45777777777778	211.58777777777777	434	THE
211.58777777777777	212.17677777777777	111	CRANBERRY
212.17677777777777	212.59577777777778	57	BOG
212.59577777777778	212.97477777777777	178	GETS
213.32377777777776	213.73277777777778	465	VERY
213.73277777777778	213.99277777777777	340	PRETTY
213.99277777777777	214.12177777777777	217	IN
214.12177777777777	214.60077777777778	40	AUTUMN
222.57278911564626	222.80278911564628	210	HOW
222.80278911564628	223.10178911564626	128	DO
223.10178911564626	223.66078911564625	318	OYSTERS
223.66078911564625	223.89978911564626	253	MAKE
223.99978911564625	224.76778911564625	320	PEARLS
233.72780045351473	233.99724395735018	257	MAY
233.99724395735018	234.20680045351475	211	I
234.20680045351475	234.6758653883228	304	ORDER
234.6758653883228	234.91813084113986	1	A
235.10480045351474	235.67380045351473	319	PARFAIT
235.67380045351473	236.07280045351473	10	AFTER
236.07280045351473	236.23180045351475	211	I
236.23180045351475	236.59180045351474	134	EAT
236.59180045351474	236.86080045351474	124	DINNER
245.23519274376417	245.42519274376417	224	IS
245.42519274376417	245.6441927437642	375	SHE
245.6441927437642	245.96319274376418	187	GOING
245.96319274376418	246.22319274376417	487	WITH
246.22319274376417	246.49219274376418	495	YOU
259.8643083900227	260.1530651920134	76	CAN
260.1530651920134	260.2566931891722	434	THE
260.2566931891722	261.1013083900227	11	AGENCY
261.20130839002275	261.3403083900227	1	A
262.5992374248999	262.79669077083753	76	CAN
262.79669077083753	262.8835142279165	434	THE
262.8835142279165	263.3863083900227	88888	AGEN
263.6953083900227	264.3833083900227	88888	AGENTY
264.3833083900227	264.9723083900227	315	OVERTHROW
264.9723083900227	265.5513083900227	13	ALIEN
265.5513083900227	266.3993083900227	162	FORCES
