22.15528344671202	22.215283446712018	49	DH
22.215283446712018	22.285283446712018	6	AH0
22.285283446712018	22.35528344671202	67	W
22.35528344671202	22.52428344671202	1	AA1
22.52428344671202	22.66428344671202	47	CH
22.66428344671202	22.744283446712018	54	K
22.744283446712018	22.784283446712017	6	AH0
22.784283446712017	22.863283446712018	58	N
22.863283446712018	22.95328344671202	64	T
22.95328344671202	23.191033807092147	25	EY1
23.191033807092147	23.282283446712018	58	N
23.282283446712018	23.31228344671202	48	D
23.31228344671202	23.452283446712016	64	T
23.452283446712016	23.662283446712017	44	UW1
23.662283446712017	23.685153995918473	57	M
23.685153995918473	23.781283446712017	7	AH1
23.781283446712017	23.921283446712017	47	CH
23.991283446712018	24.031283446712017	54	K
24.031283446712017	24.07128344671202	56	L
24.07128344671202	24.19028344671202	10	AO1
24.19028344671202	24.32028344671202	61	R
24.32028344671202	24.59928344671202	31	IY0
24.59928344671202	24.83928344671202	58	N
25.218283446712018	25.308283446712018	4	AE1
25.308283446712018	25.33828344671202	58	N
25.33828344671202	25.36828344671202	48	D
25.36828344671202	25.48728344671202	62	S
25.48728344671202	25.537283446712017	64	T
25.537283446712017	25.649096004844697	7	AH1
25.649096004844697	25.72728344671202	59	NG
25.72728344671202	25.788020882590164	52	HH
25.788020882590164	25.877283446712017	28	IH1
25.877283446712017	25.976283446712017	69	Z
25.976283446712017	26.407634808558726	16	AY1
26.407634808558726	26.625283446712018	69	Z
35.71591836734694	35.77772342687171	53	JH
35.77772342687171	35.989180556209135	1	AA1
35.989180556209135	36.094918367346935	58	N
36.094918367346935	36.194918367346936	69	Z
36.194918367346936	36.234918367346935	46	B
36.234918367346935	36.30391836734694	61	R
36.30391836734694	36.39391836734694	7	AH1
36.39391836734694	36.45391836734694	49	DH
36.45391836734694	36.67391836734694	21	ER0
36.67391836734694	36.71291836734694	61	R
36.71291836734694	36.832918367346934	31	IY0
36.832918367346934	36.88908571673967	60	P
36.88908571673967	37.002918367346936	25	EY1
37.002918367346936	37.04032657745783	58	N
37.04032657745783	37.05573073919765	64	T
37.05573073919765	37.15191836734694	6	AH0
37.15191836734694	37.21191836734694	48	D
37.21191836734694	37.25191836734694	49	DH
37.25191836734694	37.311918367346934	6	AH0
37.311918367346934	37.39191836734694	51	G
37.39191836734694	37.51191836734694	21	ER0
37.51191836734694	37.65091836734694	1	AA1
37.65091836734694	37.84208549498658	70	ZH
37.86091836734694	37.93091836734694	48	D
37.93091836734694	38.01091836734694	10	AO1
38.01091836734694	38.039918367346935	61	R
46.80952380952381	46.93905295559233	47	CH
46.93905295559233	47.07909078959063	4	AE1
47.07909078959063	47.13650630152993	56	L
47.13650630152993	47.27852380952381	6	AH0
47.27852380952381	47.38852380952381	58	N
47.38852380952381	47.48852380952381	53	JH
47.52852380952381	47.777523809523814	32	IY1
47.777523809523814	47.917523809523814	47	CH
47.98752380952381	48.06601102192487	53	JH
48.06601102192487	48.16652380952381	19	EH1
48.16652380952381	48.22652380952381	58	N
48.22652380952381	48.34652380952381	21	ER0
48.34652380952381	48.37652380952381	6	AH0
48.37652380952381	48.50652380952381	56	L
48.50652380952381	48.55552380952381	69	Z
48.55552380952381	48.62635397264285	29	IH2
48.62635397264285	48.68552380952381	58	N
48.68552380952381	48.76819936627127	64	T
48.76819936627127	48.85552380952381	19	EH1
48.85552380952381	48.96452380952381	56	L
48.96452380952381	49.00452380952381	6	AH0
49.00452380952381	49.12452380952381	53	JH
49.12452380952381	49.164523809523814	6	AH0
49.164523809523814	49.22201775578813	58	N
49.22201775578813	49.559892165173565	53	JH
60.36816326530612	60.51261393398205	5	AE2
60.51261393398205	60.57261393398205	57	M
60.57261393398205	60.62261393398205	46	B
60.62261393398205	60.66161393398205	6	AH0
60.66161393398205	60.69161393398205	48	D
60.69161393398205	60.82161393398205	19	EH1
60.82161393398205	60.87161393398205	54	K
60.87161393398205	60.97161393398205	62	S
60.97161393398205	61.00161393398205	64	T
61.00161393398205	61.03161393398205	61	R
61.03161393398205	61.170613933982054	6	AH0
61.170613933982054	61.37061393398205	62	S
61.48061393398205	61.52061393398205	60	P
61.52061393398205	61.64961393398205	28	IH1
61.64961393398205	61.679613933982054	54	K
62.12069604857606	62.20861393398205	60	P
62.20861393398205	62.32861393398205	2	AA2
62.32861393398205	62.417613933982054	54	K
62.417613933982054	62.54761393398205	6	AH0
62.54761393398205	62.65761393398205	64	T
62.65761393398205	62.83761393398205	62	S
63.02661393398205	63.08661393398205	6	AH0
63.08661393398205	63.21661393398205	54	K
63.21661393398205	63.31561393398205	1	AA1
63.31561393398205	63.35561393398205	57	M
63.35561393398205	63.42561393398205	60	P
63.42561393398205	63.46561393398205	56	L
63.46561393398205	63.50561393398205	27	IH0
63.50561393398205	63.648689260636885	63	SH
63.648689260636885	63.75461393398205	57	M
63.75461393398205	63.85461393398205	10	AO1
63.85461393398205	63.89461393398205	61	R
72.86403628117914	72.97965763995735	25	EY1
72.97965763995735	73.00965763995735	57	M
73.00965763995735	73.16965763995735	7	AH1
73.16965763995735	73.33965763995735	62	S
73.33965763995735	73.38865763995736	54	K
73.38865763995736	73.46865763995736	68	Y
73.46865763995736	73.49865763995736	6	AH0
73.49865763995736	73.54865763995736	56	L
73.54865763995736	73.65865763995735	21	ER0
73.65865763995735	73.87765763995735	4	AE1
73.87765763995735	73.95765763995735	46	B
73.95765763995735	74.01853206052343	48	D
74.01853206052343	74.05765763995736	6	AH0
74.05765763995736	74.1690727320716	57	M
74.1690727320716	74.2839037559502	6	AH0
74.2839037559502	74.33665763995735	58	N
74.33665763995735	74.42665763995736	28	IH1
74.42665763995736	74.55665763995735	69	Z
74.55665763995735	74.60665763995735	51	G
74.60665763995735	74.68665763995735	6	AH0
74.68665763995735	74.76565763995735	48	D
74.76565763995735	74.80565763995735	50	F
74.80565763995735	74.84565763995735	61	R
74.84565763995735	74.92565763995735	21	ER0
74.92565763995735	75.00565763995735	68	Y
75.00565763995735	75.03565763995735	41	UH1
75.03565763995735	75.09565763995735	61	R
75.09565763995735	75.13465763995735	46	B
75.13465763995735	75.35996823029093	4	AE1
84.25070294784581	84.2907029478458	49	DH
84.2907029478458	84.4907029478458	25	EY1
84.4907029478458	84.6307029478458	35	OW1
84.6307029478458	84.6897029478458	58	N
84.6897029478458	84.7697029478458	6	AH0
84.7697029478458	84.8497029478458	46	B
84.8497029478458	84.9997029478458	28	IH1
84.9997029478458	85.0497029478458	51	G
85.0497029478458	85.15870294784581	52	HH
85.15870294784581	85.3287029478458	13	AW1
85.3287029478458	85.4687029478458	62	S
85.4687029478458	85.51870294784581	6	AH0
85.51870294784581	85.5877029478458	58	N
85.5877029478458	85.6177029478458	49	DH
85.6177029478458	85.6577029478458	7	AH1
85.6577029478458	85.85770294784581	61	R
85.85770294784581	85.9377029478458	31	IY0
85.9377029478458	85.96770294784581	57	M
85.96770294784581	86.1867029478458	35	OW1
86.1867029478458	86.22670294784581	64	T
86.25670294784581	86.36670294784581	54	K
86.36670294784581	86.4167029478458	7	AH1
86.4167029478458	86.48570294784581	58	N
86.48570294784581	86.5757029478458	64	T
86.5757029478458	86.6057029478458	61	R
86.6057029478458	86.6857029478458	31	IY0
86.6857029478458	86.8257029478458	62	S
86.8257029478458	86.8657029478458	17	AY2
86.8657029478458	86.8947029478458	48	D
95.96009070294785	96.00009070294784	49	DH
96.00009070294784	96.09009070294785	6	AH0
96.09009070294785	96.25009070294784	61	R
96.25009070294784	96.46909070294785	35	OW1
96.46909070294785	96.58909070294786	69	Z
96.58909070294786	96.67859747090638	54	K
96.67859747090638	96.73391241533571	9	AO0
96.73391241533571	96.76909070294785	61	R
96.76909070294785	96.90809070294785	62	S
96.90809070294785	97.29390445299063	1	AA1
97.29390445299063	97.4857562855683	70	ZH
97.4857562855683	97.69609070294786	62	S
97.69609070294786	97.75084848469426	57	M
97.75084848469426	97.78609070294785	19	EH1
97.78609070294785	97.91609070294786	56	L
97.91609070294786	97.94609070294786	48	D
97.94609070294786	98.15509070294785	62	S
98.15509070294785	98.18509070294785	67	W
98.18509070294785	98.41509070294785	32	IY1
98.41509070294785	98.44509070294785	64	T
107.92390022675737	107.95390022675737	49	DH
107.95390022675737	108.19390022675736	4	AE1
108.19390022675736	108.23290022675737	64	T
108.35290022675737	108.47290022675737	60	P
108.47290022675737	108.66290022675737	28	IH1
108.66290022675737	108.70190022675737	54	K
108.70190022675737	108.82190022675736	60	P
108.82190022675736	108.93190022675736	2	AA2
108.93190022675736	109.02190022675737	54	K
109.02190022675737	109.14090022675737	6	AH0
109.14090022675737	109.17090022675737	64	T
109.17090022675737	109.24090022675738	67	W
109.24090022675738	109.28090022675737	7	AH1
109.28090022675737	109.39090022675737	69	Z
109.39090022675737	109.49090022675738	54	K
109.49090022675738	109.69990022675736	1	AA1
109.69990022675736	109.75990022675737	64	T
109.75990022675737	109.80990022675736	61	R
109.80990022675736	109.91990022675736	19	EH1
109.91990022675736	109.94990022675736	48	D
109.94990022675736	110.06890022675736	52	HH
110.06890022675736	110.19890022675737	4	AE1
110.19890022675737	110.24890022675737	58	N
110.24890022675737	110.28890022675736	48	D
110.28890022675736	110.43790022675736	6	AH0
110.43790022675736	110.52790022675737	48	D
120.84680272108844	120.94680272108843	4	AE1
120.94680272108843	120.98680272108844	58	N
120.98680272108844	121.09580272108843	4	AE1
121.09580272108843	121.18580272108844	48	D
121.18580272108844	121.23580272108843	6	AH0
121.23580272108843	121.44580272108844	56	L
121.44580272108844	121.49480272108843	64	T
121.49480272108843	121.57480272108843	57	M
121.57480272108843	121.67480272108844	25	EY1
121.67480272108844	121.84480272108844	56	L
121.84480272108844	121.94380272108843	46	B
121.94380272108843	122.06380272108844	3	AE0
122.06380272108844	122.14380272108843	46	B
122.14380272108843	122.39280272108843	44	UW1
122.39280272108843	122.43280272108844	58	N
122.43280272108844	122.48280272108843	69	Z
122.54280272108844	122.62280272108843	64	T
122.62280272108843	122.81180272108844	32	IY1
122.81180272108844	122.86180272108844	65	TH
122.86180272108844	122.98180272108844	21	ER0
122.98180272108844	123.02180272108843	58	N
123.02180272108843	123.22180272108844	1	AA1
123.22180272108844	123.28080272108843	64	T
123.28080272108843	123.40080272108844	62	S
123.40080272108844	123.50080272108843	44	UW1
123.50080272108843	123.54080272108844	64	T
123.54080272108844	123.60080272108844	6	AH0
123.60080272108844	123.67080272108844	46	B
123.67080272108844	123.69980272108843	6	AH0
123.69980272108843	123.87980272108844	56	L
123.87980272108844	123.92980272108844	50	F
123.92980272108844	124.05980272108843	21	ER0
124.05980272108843	124.18880272108844	32	IY1
124.18880272108844	124.21880272108844	64	T
124.21880272108844	124.25880272108844	27	IH0
124.25880272108844	124.40880272108843	59	NG
124.40880272108843	124.61780272108844	63	SH
124.61780272108844	124.68780272108843	19	EH1
124.68780272108843	124.78780272108844	56	L
124.78780272108844	124.87780272108844	50	F
124.87780272108844	125.05680272108843	29	IH2
125.05680272108843	125.25680272108843	63	SH
134.69460317460317	134.72460317460317	52	HH
134.72460317460317	134.90460317460318	22	ER1
134.90460317460318	134.99460317460318	67	W
134.99460317460318	135.05360317460318	10	AO1
135.05360317460318	135.15360317460318	61	R
135.15360317460318	135.27360317460318	48	D
135.27360317460318	135.34360317460317	61	R
135.34360317460317	135.38360317460317	36	OW2
135.38360317460317	135.47260317460317	46	B
135.47260317460317	135.53260317460317	54	K
135.53260317460317	135.58260317460318	6	AH0
135.58260317460318	135.6626031746032	58	N
135.6626031746032	135.75260317460317	62	S
135.75260317460317	135.83260317460318	28	IH1
135.83260317460318	135.94429810663348	62	S
135.94429810663348	135.9688047275832	64	T
135.9688047275832	135.98160317460318	62	S
135.98160317460318	136.02160317460317	6	AH0
136.02160317460317	136.0916031746032	66	V
136.0916031746032	136.1916031746032	35	OW1
136.1916031746032	136.2216031746032	58	N
136.2216031746032	136.2516031746032	56	L
136.2516031746032	136.4006031746032	31	IY0
136.4306031746032	136.5306031746032	62	S
136.5306031746032	136.5906031746032	54	K
136.5906031746032	136.87960317460318	22	ER1
136.87960317460318	137.03960317460317	64	T
137.03960317460317	137.18960317460318	62	S
137.2096031746032	137.2986031746032	4	AE1
137.2986031746032	137.36860317460318	58	N
137.36860317460318	137.39860317460318	48	D
137.39860317460318	137.42860317460318	46	B
137.42860317460318	137.48860317460318	56	L
137.48860317460318	137.6676031746032	13	AW1
137.6676031746032	137.8176031746032	62	S
137.8176031746032	137.86760317460318	6	AH0
137.86760317460318	137.9476031746032	69	Z
148.14321995464852	148.20321995464852	49	DH
148.20321995464852	148.25321995464853	6	AH0
148.25321995464853	148.38221995464852	64	T
148.38221995464852	148.5822199546485	44	UW1
148.5822199546485	148.78221995464853	1	AA1
148.78221995464853	148.9212199546485	61	R
148.9212199546485	148.9512199546485	64	T
148.9512199546485	149.21121995464853	21	ER0
149.33021995464853	149.4402199546485	1	AA1
149.4402199546485	149.55021995464853	61	R
149.55021995464853	149.59021995464852	64	T
149.59021995464852	149.72921995464853	6	AH0
149.72921995464853	149.91263316188656	62	S
149.91263316188656	149.95534470125605	64	T
149.95534470125605	149.9992199546485	62	S
149.9992199546485	150.06921995464853	27	IH0
150.06921995464853	150.12821995464853	54	K
150.12821995464853	150.32821995464852	62	S
150.32821995464852	150.3682199546485	47	CH
150.3682199546485	150.56721995464852	25	EY1
150.56721995464852	150.62721995464852	58	N
150.62721995464852	150.77721995464853	53	JH
150.77721995464853	150.80721995464853	48	D
150.80721995464853	150.89721995464853	10	AO1
150.89721995464853	150.93721995464853	64	T
150.93721995464853	151.02621995464852	6	AH0
151.02621995464852	151.0762199546485	51	G
151.0762199546485	151.1062199546485	61	R
151.1062199546485	151.2962199546485	5	AE2
151.2962199546485	151.37621995464852	50	F
151.37621995464852	151.65521995464852	62	S
161.49850340136055	161.55850340136055	46	B
161.55850340136055	161.62750340136054	7	AH1
161.62750340136054	161.66750340136053	64	T
161.66750340136053	161.77750340136055	21	ER0
161.77750340136055	161.88750340136053	62	S
161.88750340136053	161.93750340136054	54	K
161.93750340136054	162.05650340136054	2	AA2
162.05650340136054	162.20650340136055	47	CH
162.20650340136055	162.28650340136053	50	F
162.28650340136053	162.52550340136054	7	AH1
162.52550340136054	162.70550340136055	53	JH
162.70550340136055	162.75550340136056	51	G
162.75550340136056	162.86550340136054	35	OW1
162.86550340136054	162.98450340136054	69	Z
162.98450340136054	163.07450340136054	67	W
163.07450340136054	163.15450340136056	19	EH1
163.15450340136056	163.24450340136053	56	L
163.24450340136053	163.31450340136055	67	W
163.31450340136055	163.35450340136055	28	IH1
163.35450340136055	163.48350340136054	65	TH
163.48350340136054	163.52350340136056	66	V
163.52350340136056	163.57350340136054	6	AH0
163.57350340136054	163.62350340136055	58	N
163.62350340136055	163.67350340136053	28	IH1
163.67350340136053	163.75350340136055	56	L
163.75350340136055	163.78350340136055	6	AH0
163.78350340136055	164.02250340136055	16	AY1
164.02250340136055	164.17250340136053	62	S
164.17250340136053	164.20250340136053	54	K
164.20250340136053	164.25150340136054	61	R
164.25150340136054	164.45150340136055	32	IY1
164.45150340136055	164.69050340136053	57	M
173.97215419501134	174.15115419501134	61	R
174.15115419501134	174.38115419501136	28	IH1
174.38115419501136	174.50015419501136	47	CH
174.58015419501135	174.64015419501135	60	P
174.64015419501135	174.76015419501135	22	ER1
174.76015419501135	174.89015419501135	47	CH
174.89015419501135	174.96915419501136	6	AH0
174.96915419501136	175.02915419501136	62	S
175.02915419501136	175.05915419501136	64	T
175.05915419501136	175.18915419501135	62	S
175.18915419501135	175.28915419501135	19	EH1
175.28915419501135	175.37815419501135	66	V
175.37815419501135	175.41815419501137	21	ER0
175.41815419501137	175.44815419501137	6	AH0
175.44815419501137	175.52732860907548	56	L
175.52732860907548	175.66815419501137	62	S
175.66815419501137	176.02715419501135	16	AY1
176.02715419501135	176.12715419501134	58	N
176.12715419501134	176.28615419501136	48	D
176.55615419501135	176.61615419501135	56	L
176.61615419501135	176.65615419501137	28	IH1
176.65615419501137	176.77515419501137	65	TH
176.77515419501137	176.90515419501136	34	OW0
176.90515419501136	176.93515419501136	51	G
176.93515419501136	176.96515419501137	61	R
176.96515419501137	177.17415419501137	5	AE2
177.17415419501137	177.23415419501134	50	F
177.23415419501134	177.49415419501136	62	S
190.13124716553287	190.24124716553285	19	EH1
190.24124716553285	190.27124716553286	58	N
190.27124716553286	190.42024716553286	31	IY0
190.42024716553286	190.54024716553286	54	K
190.54024716553286	190.57024716553286	6	AH0
190.57024716553286	190.65024716553285	58	N
190.65024716553285	190.72024716553287	64	T
190.72024716553287	190.74924716553286	61	R
190.74924716553286	190.84924716553286	28	IH1
190.84924716553286	190.99924716553286	53	JH
191.38824716553285	191.48824716553287	19	EH1
191.48824716553287	191.53824716553285	58	N
191.53824716553285	191.70724716553286	31	IY0
191.70724716553286	191.82724716553287	54	K
191.82724716553287	191.86724716553286	7	AH1
191.86724716553286	191.98724716553286	58	N
193.46324716553286	193.62324716553286	19	EH1
193.62324716553286	193.67324716553287	58	N
193.67324716553287	193.92224716553287	31	IY0
193.92224716553287	194.02224716553286	54	K
194.02224716553286	194.10224716553287	2	AA2
194.10224716553287	194.17224716553287	58	N
194.17224716553287	194.22224716553285	64	T
194.22224716553285	194.26124716553286	61	R
194.26124716553286	194.30124716553286	6	AH0
194.30124716553286	194.36124716553286	46	B
194.36124716553286	194.44124716553287	68	Y
194.44124716553287	194.48124716553286	44	UW1
194.48124716553286	194.59124716553285	63	SH
194.59124716553285	194.67124716553286	6	AH0
194.67124716553286	194.75024716553287	58	N
194.75024716553287	194.83024716553285	69	Z
194.83024716553285	194.88024716553286	67	W
194.88024716553286	194.91024716553287	6	AH0
194.91024716553287	194.94024716553287	56	L
194.94024716553287	194.99024716553285	46	B
194.99024716553285	195.11024716553285	32	IY1
195.11024716553285	195.19924716553285	51	G
195.19924716553285	195.24924716553286	61	R
195.24924716553286	195.35924716553285	25	EY1
195.35924716553285	195.38924716553285	64	T
195.38924716553285	195.45924716553287	56	L
195.45924716553287	195.59824716553285	31	IY0
195.59824716553285	195.65824716553286	6	AH0
195.65824716553286	195.74824716553286	60	P
195.74824716553286	195.78824716553285	61	R
195.78824716553285	195.81824716553285	32	IY1
195.81824716553285	195.99824716553286	63	SH
195.99824716553286	196.03724716553285	31	IY0
196.03724716553285	196.19724716553287	26	EY2
196.19724716553287	196.34724716553285	64	T
196.34724716553285	196.41724716553287	6	AH0
196.41724716553287	196.44724716553287	48	D
211.45777777777778	211.52777777777777	49	DH
211.52777777777777	211.58777777777777	6	AH0
211.58777777777777	211.67777777777778	54	K
211.67777777777778	211.70777777777778	61	R
211.70777777777778	211.80777777777777	4	AE1
211.80777777777777	211.86677777777777	58	N
211.86677777777777	211.91677777777778	46	B
211.91677777777778	212.04677777777778	20	EH2
212.04677777777778	212.07677777777778	61	R
212.07677777777778	212.17677777777777	31	IY0
212.17677777777777	212.28677777777776	46	B
212.28677777777776	212.55577777777776	1	AA1
212.55577777777776	212.59577777777778	51	G
212.59577777777778	212.69577777777778	51	G
212.69577777777778	212.78477777777778	19	EH1
212.78477777777778	212.84477777777778	64	T
212.84477777777778	212.97477777777777	62	S
213.32377777777776	213.36377777777778	66	V
213.36377777777778	213.51377777777776	19	EH1
213.51377777777776	213.55377777777778	61	R
213.55377777777778	213.73277777777778	31	IY0
213.73277777777778	213.79277777777776	60	P
213.79277777777776	213.85277777777776	61	R
213.85277777777776	213.89277777777778	28	IH1
213.89277777777778	213.93277777777777	64	T
213.93277777777777	213.99277777777777	31	IY0
213.99277777777777	214.09177777777776	28	IH1
214.09177777777776	214.12177777777777	58	N
214.12177777777777	214.32177777777778	10	AO1
214.32177777777778	214.42177777777778	64	T
214.42177777777778	214.48177777777778	6	AH0
214.48177777777778	214.60077777777778	57	M
222.57278911564626	222.66278911564626	52	HH
222.66278911564626	222.80278911564628	13	AW1
222.80278911564628	222.85278911564626	48	D
222.85278911564626	223.10178911564626	44	UW1
223.10178911564626	223.25178911564626	38	OY1
223.25178911564626	223.41078911564625	62	S
223.41078911564625	223.45078911564627	64	T
223.45078911564627	223.56078911564626	21	ER0
223.56078911564626	223.66078911564625	69	Z
223.66078911564625	223.72078911564626	57	M
223.72078911564626	223.86978911564626	25	EY1
223.86978911564626	223.89978911564626	54	K
223.99978911564625	224.07978911564626	60	P
224.07978911564626	224.22878911564626	22	ER1
224.22878911564626	224.43878911564627	56	L
224.43878911564627	224.76778911564625	69	Z
233.72780045351473	233.80780045351474	57	M
233.80780045351474	233.99724395735018	25	EY1
233.99724395735018	234.20680045351475	16	AY1
234.20680045351475	234.31680045351473	10	AO1
234.31680045351473	234.35680045351475	61	R
234.35680045351475	234.38680045351475	48	D
234.38680045351475	234.6758653883228	21	ER0
234.6758653883228	234.91813084113986	6	AH0
235.10480045351474	235.16480045351474	60	P
235.16480045351474	235.20480045351474	1	AA1
235.20480045351474	235.30380045351473	61	R
235.30380045351473	235.40380045351475	50	F
235.40380045351475	235.67380045351473	25	EY1
235.67380045351473	235.87280045351474	4	AE1
235.87280045351474	235.90280045351474	50	F
235.90280045351474	235.98280045351473	64	T
235.98280045351473	236.07280045351473	21	ER0
236.07280045351473	236.23180045351475	16	AY1
236.23180045351475	236.55180045351474	32	IY1
236.55180045351474	236.59180045351474	64	T
236.59180045351474	236.68080045351473	48	D
236.68080045351473	236.80080045351474	28	IH1
236.80080045351474	236.83080045351474	58	N
236.83080045351474	236.86080045351474	21	ER0
245.23519274376417	245.35519274376418	28	IH1
245.35519274376418	245.42519274376417	69	Z
245.42519274376417	245.51419274376417	63	SH
245.51419274376417	245.6441927437642	32	IY1
245.6441927437642	245.7141927437642	51	G
245.7141927437642	245.8341927437642	35	OW1
245.8341927437642	245.91319274376417	27	IH0
245.91319274376417	245.96319274376418	59	NG
245.96319274376418	246.0831927437642	67	W
246.0831927437642	246.18319274376418	28	IH1
246.18319274376418	246.22319274376417	65	TH
246.22319274376417	246.2931927437642	68	Y
246.2931927437642	246.49219274376418	44	UW1
259.8643083900227	259.9733083900227	54	K
259.9733083900227	260.0533083900227	4	AE1
260.0533083900227	260.1530651920134	58	N
260.1530651920134	260.19087540719295	49	DH
260.19087540719295	260.2566931891722	6	AH0
260.2566931891722	260.4523083900227	25	EY1
260.4523083900227	260.56230839002274	53	JH
260.56230839002274	260.5923083900227	6	AH0
260.5923083900227	260.8323083900227	58	N
260.8323083900227	260.95130839002275	62	S
260.95130839002275	261.1013083900227	31	IY0
261.20130839002275	261.3403083900227	25	EY1
262.5992374248999	262.6426491534394	54	K
262.6426491534394	262.7196699621385	4	AE1
262.7196699621385	262.79669077083753	58	N
262.79669077083753	262.81769644593726	49	DH
262.81769644593726	262.8835142279165	6	AH0
262.8835142279165	263.01730839002266	4	AE1
263.01730839002266	263.1463083900227	53	JH
263.1463083900227	263.1763083900227	6	AH0
263.1763083900227	263.3863083900227	58	N
263.6953083900227	263.8753083900227	25	EY1
263.8753083900227	263.9543083900227	53	JH
263.9543083900227	264.0343083900227	6	AH0
264.0343083900227	264.0743083900227	58	N
264.0743083900227	264.2043083900227	64	T
264.2043083900227	264.3833083900227	31	IY0
264.3833083900227	264.4433083900227	35	OW1
264.4433083900227	264.5633083900227	66	V
264.5633083900227	264.6733083900227	21	ER0
264.6733083900227	264.7533083900227	65	TH
264.7533083900227	264.8923083900227	61	R
264.8923083900227	264.9723083900227	36	OW2
264.9723083900227	265.19230839002273	25	EY1
265.19230839002273	265.3113083900227	56	L
265.3113083900227	265.4313083900227	31	IY0
265.4313083900227	265.4613083900227	6	AH0
265.4613083900227	265.5513083900227	58	N
265.5513083900227	265.6013083900227	50	F
265.6013083900227	265.7003083900227	10	AO1
265.7003083900227	265.7703083900227	61	R
265.7703083900227	265.9603083900227	62	S
265.9603083900227	266.0503083900227	6	AH0
266.0503083900227	266.3993083900227	69	Z
