462.42076371882087	462.514602025528	57	M
462.514602025528	462.6902336436513	25	EY1
462.6902336436513	462.8357569843821	16	AY1
462.8357569843821	462.9461540014882	10	AO1
462.9461540014882	463.0080432383507	61	R
463.0080432383507	463.05153297236217	48	D
463.05153297236217	463.26229091411017	21	ER0
463.26229091411017	463.48643031247707	25	EY1
463.48643031247707	463.6429661786896	60	P
463.6429661786896	463.7065280976295	1	AA1
463.7065280976295	463.74834514956365	61	R
463.74834514956365	463.9022319006812	50	F
463.9022319006812	464.25319201593675	24	EY0
464.25319201593675	464.3779919262183	4	AE1
464.3779919262183	464.4632987121639	50	F
464.4632987121639	464.5168245386396	64	T
464.5168245386396	464.6078006163381	21	ER0
464.6078006163381	464.7392912549291	16	AY1
464.7392912549291	464.92997701174875	32	IY1
464.92997701174875	464.9666189403288	64	T
464.9666189403288	465.0253198901585	48	D
465.0253198901585	465.09891790156263	28	IH1
465.09891790156263	465.1591344563478	58	N
465.1591344563478	465.6858958264235	21	ER0
465.6858958264235	479.62484535147394	74	sp
479.62484535147394	479.72484535147396	28	IH1
479.72484535147396	479.77484535147397	69	Z
479.77484535147397	479.93384535147396	63	SH
479.93384535147396	480.033845351474	32	IY1
480.033845351474	480.11384535147397	51	G
480.11384535147397	480.27384535147394	35	OW1
480.27384535147394	480.322845351474	6	AH0
480.322845351474	480.40284535147396	58	N
480.40284535147396	480.442845351474	67	W
480.442845351474	480.502845351474	28	IH1
480.502845351474	480.59284535147395	65	TH
480.59284535147395	480.73284535147394	68	Y
480.73284535147394	480.86184535147396	44	UW1
480.86184535147396	494.3101968253968	74	sp
494.3101968253968	494.3601968253968	49	DH
494.3601968253968	494.48019682539683	31	IY0
494.48019682539683	494.6491968253968	64	T
494.6491968253968	494.8991968253968	44	UW1
494.8991968253968	495.0291968253968	1	AA1
495.0291968253968	495.1081968253968	61	R
495.1081968253968	495.1481968253968	64	T
495.1481968253968	495.27819682539683	6	AH0
495.27819682539683	495.5071968253968	62	S
495.5071968253968	495.7771968253968	62	S
495.7771968253968	495.8871968253968	27	IH0
495.8871968253968	495.9261968253968	54	K
495.9261968253968	496.0861968253968	62	S
496.0861968253968	496.13619682539684	47	CH
496.13619682539684	496.32619682539683	25	EY1
496.32619682539683	496.52519682539685	58	N
496.52519682539685	496.7151968253968	53	JH
496.7151968253968	496.7451968253968	48	D
496.7451968253968	497.1441968253968	74	sp
497.1441968253968	497.2241968253968	10	AO1
497.2241968253968	497.3931968253968	64	T
497.3931968253968	497.4231968253968	6	AH0
497.4231968253968	497.45319682539684	51	G
497.45319682539684	497.4931968253968	61	R
497.4931968253968	497.65319682539683	5	AE2
497.65319682539683	497.7021968253968	50	F
497.7021968253968	497.93219682539683	62	S
497.93219682539683	511.65804263038547	74	sp
511.65804263038547	511.68804263038544	49	DH
511.68804263038544	511.77804263038547	31	IY0
511.77804263038547	511.94704263038545	54	K
511.94704263038545	511.9870426303855	61	R
511.9870426303855	512.0970426303855	4	AE1
512.0970426303855	512.2070426303854	58	N
512.2070426303854	512.2570426303855	46	B
512.2570426303855	512.3460426303855	20	EH2
512.3460426303855	512.4360426303855	61	R
512.4360426303855	512.6760426303855	31	IY0
512.6760426303855	512.7160426303855	46	B
512.7160426303855	513.0950426303855	1	AA1
513.0950426303855	513.1250426303855	51	G
513.1250426303855	513.3040426303855	74	sp
513.3040426303855	513.3540426303855	51	G
513.3540426303855	513.4440426303855	28	IH1
513.4440426303855	513.5040426303855	64	T
513.5040426303855	513.6830426303854	62	S
513.6830426303854	513.7630426303855	66	V
513.7630426303855	513.8330426303855	19	EH1
513.8330426303855	513.9630426303855	61	R
513.9630426303855	514.1420426303855	31	IY0
514.1420426303855	514.3220426303855	74	sp
514.3220426303855	514.3520426303855	60	P
514.3520426303855	514.3820426303855	61	R
514.3820426303855	514.4120426303855	28	IH1
514.4120426303855	514.4420426303855	64	T
514.4420426303855	514.6610426303855	31	IY0
514.6610426303855	514.7210426303855	28	IH1
514.7210426303855	514.8210426303855	58	N
514.8210426303855	514.9010426303855	74	sp
514.9010426303855	514.9510426303855	10	AO1
514.9510426303855	515.1300426303854	64	T
515.1300426303854	515.1700426303855	6	AH0
515.1700426303855	515.2000426303855	57	M
515.2000426303855	539.3658884353741	74	sp
539.3658884353741	539.3958884353742	49	DH
539.3958884353742	539.5258884353742	25	EY1
539.5258884353742	539.6548884353741	35	OW1
539.6548884353741	539.7448884353742	58	N
539.7448884353742	539.7948884353742	6	AH0
539.7948884353742	539.8748884353741	46	B
539.8748884353741	540.0248884353741	28	IH1
540.0248884353741	540.0648884353742	51	G
540.0648884353742	540.2838884353741	52	HH
540.2838884353741	540.4838884353742	13	AW1
540.4838884353742	540.7928884353742	62	S
540.7928884353742	540.8728884353742	28	IH1
540.8728884353742	540.9428884353741	58	N
540.9428884353741	540.9718884353741	49	DH
540.9718884353741	541.0118884353742	6	AH0
541.0118884353742	541.0818884353741	74	sp
541.0818884353741	541.1118884353742	61	R
541.1118884353742	541.1418884353742	6	AH0
541.1418884353742	541.2418884353742	57	M
541.2418884353742	541.3718884353742	35	OW1
541.3718884353742	541.4308884353742	64	T
541.4308884353742	541.5808884353742	54	K
541.5808884353742	541.6108884353741	7	AH1
541.6108884353741	541.6408884353742	58	N
541.6408884353742	541.7608884353742	64	T
541.7608884353742	541.7908884353742	61	R
541.7908884353742	541.8208884353742	31	IY0
541.8208884353742	541.9898884353742	62	S
541.9898884353742	542.0198884353741	17	AY2
542.0198884353741	542.0498884353742	48	D
542.0498884353742	555.9464780045352	74	sp
555.9464780045352	555.9964780045351	4	AE1
555.9964780045351	556.0664780045352	58	N
556.0664780045352	556.1064780045351	4	AE1
556.1064780045351	556.2464780045351	48	D
556.2464780045351	556.2754780045351	6	AH0
556.2754780045351	556.6154780045351	56	L
556.6154780045351	556.6454780045352	64	T
556.6454780045352	556.7944780045351	57	M
556.7944780045351	556.9444780045352	25	EY1
556.9444780045352	557.1634780045351	56	L
557.1634780045351	557.2734780045351	46	B
557.2734780045351	557.4734780045352	3	AE0
557.4734780045352	557.5724780045351	46	B
557.5724780045351	557.6824780045351	44	UW1
557.6824780045351	558.1014780045351	58	N
558.1014780045351	558.3014780045352	69	Z
558.3014780045352	558.3614780045351	64	T
558.3614780045351	558.5504780045352	32	IY1
558.5504780045352	558.6304780045351	65	TH
558.6304780045351	558.7804780045352	74	sp
558.7804780045352	558.8894780045351	21	ER0
558.8894780045351	558.9494780045352	58	N
558.9494780045352	559.0694780045352	1	AA1
559.0694780045352	559.1094780045352	64	T
559.1094780045352	559.2794780045351	62	S
559.2794780045351	559.3584780045352	44	UW1
559.3584780045352	559.3884780045352	64	T
559.3884780045352	559.4184780045351	6	AH0
559.4184780045351	559.5084780045352	46	B
559.5084780045352	559.5384780045351	6	AH0
559.5384780045351	559.6884780045351	56	L
559.6884780045351	559.8074780045351	50	F
559.8074780045351	559.8974780045352	21	ER0
559.8974780045352	560.0174780045352	32	IY1
560.0174780045352	560.0574780045351	64	T
560.0574780045351	560.1174780045352	27	IH0
560.1174780045352	560.2264780045351	59	NG
560.2264780045351	560.3964780045352	63	SH
560.3964780045352	560.4464780045352	19	EH1
560.4464780045352	560.5664780045352	56	L
560.5664780045352	560.6854780045352	50	F
560.6854780045352	560.8054780045352	29	IH2
560.8054780045352	561.0554780045352	63	SH
561.0554780045352	573.7616253968254	74	sp
573.7616253968254	573.8716253968254	53	JH
573.8716253968254	574.0806253968253	1	AA1
574.0806253968253	574.1606253968254	58	N
574.1606253968254	574.2906253968254	69	Z
574.2906253968254	574.3506253968254	74	sp
574.3506253968254	574.3906253968254	46	B
574.3906253968254	574.4896253968253	61	R
574.4896253968253	574.5496253968254	7	AH1
574.5496253968254	574.6096253968253	49	DH
574.6096253968253	574.8686253968253	21	ER0
574.8686253968253	574.9186253968254	61	R
574.9186253968254	575.0686253968254	31	IY0
575.0686253968254	575.1786253968254	60	P
575.1786253968254	575.2486253968253	25	EY1
575.2486253968253	575.3176253968254	58	N
575.3176253968254	575.4476253968254	64	T
575.4476253968254	575.4776253968254	6	AH0
575.4776253968254	575.5976253968254	48	D
575.5976253968254	575.6276253968254	49	DH
575.6276253968254	575.6976253968254	31	IY0
575.6976253968254	575.7276253968254	51	G
575.7276253968254	575.8866253968254	21	ER0
575.8866253968254	576.0466253968253	1	AA1
576.0466253968253	576.0966253968254	70	ZH
576.0966253968254	576.1856253968253	74	sp
576.1856253968253	576.2356253968254	48	D
576.2356253968254	576.3256253968253	10	AO1
576.3256253968253	576.3556253968253	61	R
576.3556253968253	589.2472489795919	74	sp
589.2472489795919	589.3072489795919	49	DH
589.3072489795919	589.3762489795919	31	IY0
589.3762489795919	589.5062489795919	61	R
589.5062489795919	589.7062489795918	35	OW1
589.7062489795918	589.9152489795919	69	Z
589.9152489795919	589.9452489795918	74	sp
589.9452489795918	590.0152489795919	54	K
590.0152489795919	590.0452489795919	9	AO0
590.0452489795919	590.1152489795919	61	R
590.1152489795919	590.2642489795918	62	S
590.2642489795918	590.5842489795918	1	AA1
590.5842489795918	590.6242489795918	70	ZH
590.6242489795918	590.8432489795919	62	S
590.8432489795919	590.9332489795919	57	M
590.9332489795919	590.9632489795919	19	EH1
590.9632489795919	591.1022489795919	56	L
591.1022489795919	591.1322489795919	48	D
591.1322489795919	591.3422489795919	62	S
591.3422489795919	591.3822489795919	67	W
591.3822489795919	591.4922489795919	32	IY1
591.4922489795919	591.6412489795919	64	T
591.6412489795919	607.1752308390022	74	sp
607.1752308390022	607.2852308390022	61	R
607.2852308390022	607.3942308390023	28	IH1
607.3942308390023	607.6542308390023	47	CH
607.6542308390023	607.7742308390023	74	sp
607.7742308390023	607.8242308390022	60	P
607.8242308390022	607.9432308390022	22	ER1
607.9432308390022	608.1232308390023	47	CH
608.1232308390023	608.1732308390023	6	AH0
608.1732308390023	608.3222308390023	62	S
608.3222308390023	608.3522308390022	64	T
608.3522308390022	608.5822308390022	62	S
608.5822308390022	608.6822308390023	19	EH1
608.6822308390023	608.8112308390022	66	V
608.8112308390022	608.8712308390022	61	R
608.8712308390022	608.9112308390023	6	AH0
608.9112308390023	609.0112308390022	56	L
609.0112308390022	609.2002308390023	62	S
609.2002308390023	609.5002308390023	16	AY1
609.5002308390023	609.6392308390022	58	N
609.6392308390022	609.7492308390023	48	D
609.7492308390023	609.8392308390022	74	sp
609.8392308390022	609.9192308390022	56	L
609.9192308390022	609.9492308390022	28	IH1
609.9492308390022	610.1682308390023	65	TH
610.1682308390023	610.1982308390022	6	AH0
610.1982308390022	610.2282308390023	51	G
610.2282308390023	610.2582308390023	61	R
610.2582308390023	610.3982308390022	5	AE2
610.3982308390022	610.5372308390023	50	F
610.5372308390023	610.7672308390023	62	S
610.7672308390023	625.1217160997733	74	sp
625.1217160997733	625.2307160997733	54	K
625.2307160997733	625.2807160997733	6	AH0
625.2807160997733	625.3407160997732	58	N
625.3407160997732	625.3807160997732	49	DH
625.3807160997732	625.5107160997733	31	IY0
625.5107160997733	625.6897160997732	25	EY1
625.6897160997732	625.7897160997733	53	JH
625.7897160997733	625.8597160997732	6	AH0
625.8597160997732	625.8897160997732	58	N
625.8897160997732	626.0387160997733	62	S
626.0387160997733	626.2887160997733	31	IY0
626.2887160997733	626.4187160997732	35	OW1
626.4187160997732	626.4977160997732	66	V
626.4977160997732	626.5477160997733	21	ER0
626.5477160997733	626.7077160997732	65	TH
626.7077160997732	626.8077160997733	61	R
626.8077160997733	626.8777160997732	36	OW2
626.8777160997732	627.1167160997733	25	EY1
627.1167160997733	627.1467160997732	56	L
627.1467160997732	627.2767160997732	31	IY0
627.2767160997732	627.3067160997732	6	AH0
627.3067160997732	627.4457160997732	58	N
627.4457160997732	627.5257160997733	50	F
627.5257160997733	627.6057160997733	10	AO1
627.6057160997733	627.6457160997733	61	R
627.6457160997733	627.7847160997732	62	S
627.7847160997732	627.8147160997732	6	AH0
627.8147160997732	628.0947160997732	69	Z
628.0947160997732	643.0514213151928	74	sp
643.0514213151928	643.1014213151929	52	HH
643.1014213151929	643.1314213151928	21	ER0
643.1314213151928	643.2404213151927	67	W
643.2404213151927	643.3904213151928	10	AO1
643.3904213151928	643.4504213151928	61	R
643.4504213151928	643.6794213151928	48	D
643.6794213151928	643.7094213151928	61	R
643.7094213151928	643.7594213151928	36	OW2
643.7594213151928	643.8494213151928	46	B
643.8494213151928	643.9394213151928	54	K
643.9394213151928	643.9694213151928	6	AH0
643.9694213151928	644.0584213151927	58	N
644.0584213151927	644.2584213151928	62	S
644.2584213151928	644.3284213151928	28	IH1
644.3284213151928	644.5874213151927	62	S
644.5874213151927	644.6674213151928	7	AH1
644.6674213151928	644.7174213151928	66	V
644.7174213151928	644.9064213151928	35	OW1
644.9064213151928	644.9464213151928	58	N
644.9464213151928	644.9764213151929	56	L
644.9764213151929	645.0464213151928	31	IY0
645.0464213151928	645.2664213151928	62	S
645.2664213151928	645.2964213151928	54	K
645.2964213151928	645.3554213151928	22	ER1
645.3554213151928	645.4554213151928	64	T
645.4554213151928	645.6754213151928	62	S
645.6754213151928	645.7154213151928	6	AH0
645.7154213151928	645.8144213151928	58	N
645.8144213151928	645.8444213151928	48	D
645.8444213151928	645.8844213151928	46	B
645.8844213151928	646.0044213151928	56	L
646.0044213151928	646.1344213151928	13	AW1
646.1344213151928	646.3534213151928	62	S
646.3534213151928	646.3834213151928	6	AH0
646.3834213151928	646.6724213151928	69	Z
646.6724213151928	660.2913306122449	74	sp
660.2913306122449	660.321330612245	49	DH
660.321330612245	660.351330612245	6	AH0
660.351330612245	660.4103306122449	67	W
660.4103306122449	660.500330612245	10	AO1
660.500330612245	660.5403306122449	64	T
660.5403306122449	660.720330612245	21	ER0
660.720330612245	660.760330612245	54	K
660.760330612245	660.8003306122449	6	AH0
660.8003306122449	660.879330612245	58	N
660.879330612245	660.9593306122449	64	T
660.9593306122449	661.129330612245	25	EY1
661.129330612245	661.268330612245	58	N
661.268330612245	661.308330612245	48	D
661.308330612245	661.3883306122449	74	sp
661.3883306122449	661.528330612245	64	T
661.528330612245	661.658330612245	44	UW1
661.658330612245	661.698330612245	57	M
661.698330612245	661.7273306122449	19	EH1
661.7273306122449	661.8673306122449	58	N
661.8673306122449	661.927330612245	31	IY0
661.927330612245	662.446330612245	64	T
662.446330612245	662.5263306122449	44	UW1
662.5263306122449	662.6553306122449	57	M
662.6553306122449	662.725330612245	7	AH1
662.725330612245	662.855330612245	47	CH
662.855330612245	662.975330612245	74	sp
662.975330612245	663.015330612245	54	K
663.015330612245	663.0743306122449	56	L
663.0743306122449	663.1843306122449	10	AO1
663.1843306122449	663.254330612245	61	R
663.254330612245	663.3343306122449	31	IY0
663.3343306122449	663.4543306122449	58	N
663.4543306122449	663.4833306122449	6	AH0
663.4833306122449	663.5833306122449	58	N
663.5833306122449	663.633330612245	48	D
663.633330612245	663.7633306122449	74	sp
663.7633306122449	663.932330612245	62	S
663.932330612245	663.962330612245	64	T
663.962330612245	664.052330612245	7	AH1
664.052330612245	664.202330612245	59	NG
664.202330612245	664.2323306122449	52	HH
664.2323306122449	664.2623306122449	28	IH1
664.2623306122449	664.4013306122449	69	Z
664.4013306122449	664.701330612245	16	AY1
664.701330612245	664.9103306122449	69	Z
664.9103306122449	678.4223056689342	74	sp
678.4223056689342	678.5823056689343	47	CH
678.5823056689343	678.7413056689343	4	AE1
678.7413056689343	678.8413056689343	56	L
678.8413056689343	678.8713056689343	6	AH0
678.8713056689343	678.9713056689342	58	N
678.9713056689342	679.1103056689342	53	JH
679.1103056689342	679.2903056689343	32	IY1
679.2903056689343	679.5103056689343	47	CH
679.5103056689343	679.6093056689342	53	JH
679.6093056689342	679.6393056689343	19	EH1
679.6393056689343	679.7293056689342	58	N
679.7293056689342	679.8193056689342	21	ER0
679.8193056689342	679.8493056689342	6	AH0
679.8493056689342	680.0183056689342	56	L
680.0183056689342	680.0783056689343	69	Z
680.0783056689343	680.1083056689342	29	IH2
680.1083056689342	680.2083056689343	58	N
680.2083056689343	680.3283056689343	64	T
680.3283056689343	680.3583056689342	19	EH1
680.3583056689342	680.4773056689343	56	L
680.4773056689343	680.5273056689342	6	AH0
680.5273056689342	680.5973056689343	53	JH
680.5973056689343	680.6573056689342	6	AH0
680.6573056689342	680.7273056689343	58	N
680.7273056689343	681.0163056689343	62	S
681.0163056689343	695.0382693877551	74	sp
695.0382693877551	695.1082693877552	46	B
695.1082693877552	695.1882693877552	7	AH1
695.1882693877552	695.2182693877552	64	T
695.2182693877552	695.2782693877551	21	ER0
695.2782693877551	695.3972693877552	62	S
695.3972693877552	695.4472693877552	54	K
695.4472693877552	695.5472693877551	2	AA2
695.5472693877551	695.6872693877551	47	CH
695.6872693877551	695.8262693877551	50	F
695.8262693877551	696.1462693877551	7	AH1
696.1462693877551	696.2652693877552	53	JH
696.2652693877552	696.2952693877552	74	sp
696.2952693877552	696.3652693877551	51	G
696.3652693877551	696.5052693877552	35	OW1
696.5052693877552	696.8042693877552	69	Z
696.8042693877552	696.8942693877551	67	W
696.8942693877551	696.9342693877551	19	EH1
696.9342693877551	697.2132693877551	56	L
697.2132693877551	697.3432693877552	67	W
697.3432693877552	697.4232693877551	28	IH1
697.4232693877551	697.5432693877552	65	TH
697.5432693877552	697.6422693877552	74	sp
697.6422693877552	697.6822693877551	66	V
697.6822693877551	697.7322693877551	6	AH0
697.7322693877551	697.8022693877551	58	N
697.8022693877551	697.8422693877552	28	IH1
697.8422693877552	697.9722693877551	56	L
697.9722693877551	698.0122693877552	6	AH0
698.0122693877552	698.0812693877551	74	sp
698.0812693877551	698.1912693877551	16	AY1
698.1912693877551	698.3812693877552	62	S
698.3812693877552	698.4412693877551	54	K
698.4412693877551	698.4702693877551	61	R
698.4702693877551	698.5002693877551	32	IY1
698.5002693877551	698.5302693877551	57	M
698.5302693877551	712.7097433106576	74	sp
712.7097433106576	712.7787433106575	52	HH
712.7787433106575	712.8787433106576	13	AW1
712.8787433106576	712.9587433106575	48	D
712.9587433106575	713.2377433106575	44	UW1
713.2377433106575	713.2877433106576	38	OY1
713.2877433106576	713.4477433106575	62	S
713.4477433106575	713.4777433106575	64	T
713.4777433106575	713.6077433106576	21	ER0
713.6077433106576	713.7167433106575	69	Z
713.7167433106575	713.8267433106575	57	M
713.8267433106575	713.9067433106576	25	EY1
713.9067433106576	713.9767433106575	54	K
713.9767433106575	714.1357433106576	60	P
714.1357433106576	714.1657433106576	22	ER1
714.1657433106576	714.4757433106575	56	L
714.4757433106575	714.6547433106576	69	Z
714.6547433106576	728.151829478458	74	sp
728.151829478458	728.271829478458	5	AE2
728.271829478458	728.341829478458	57	M
728.341829478458	728.400829478458	46	B
728.400829478458	728.430829478458	6	AH0
728.430829478458	728.540829478458	48	D
728.540829478458	728.650829478458	19	EH1
728.650829478458	728.680829478458	54	K
728.680829478458	728.780829478458	62	S
728.780829478458	728.829829478458	64	T
728.829829478458	728.869829478458	61	R
728.869829478458	728.919829478458	6	AH0
728.919829478458	729.109829478458	62	S
729.109829478458	729.139829478458	74	sp
729.139829478458	729.179829478458	60	P
729.179829478458	729.238829478458	28	IH1
729.238829478458	729.2788294784581	54	K
729.2788294784581	729.428829478458	60	P
729.428829478458	729.508829478458	2	AA2
729.508829478458	729.648829478458	54	K
729.648829478458	729.717829478458	6	AH0
729.717829478458	729.767829478458	64	T
729.767829478458	729.907829478458	62	S
729.907829478458	729.9478294784581	6	AH0
729.9478294784581	730.136829478458	54	K
730.136829478458	730.196829478458	1	AA1
730.196829478458	730.246829478458	57	M
730.246829478458	730.326829478458	60	P
730.326829478458	730.366829478458	56	L
730.366829478458	730.396829478458	27	IH0
730.396829478458	730.555829478458	63	SH
730.555829478458	730.6258294784581	57	M
730.6258294784581	730.825829478458	10	AO1
730.825829478458	730.895829478458	61	R
730.895829478458	743.8278385487529	74	sp
743.8278385487529	743.8678385487528	19	EH1
743.8678385487528	743.9578385487529	58	N
743.9578385487529	744.0878385487529	31	IY0
744.0878385487529	744.2068385487529	54	K
744.2068385487529	744.2868385487528	2	AA2
744.2868385487528	744.3568385487529	58	N
744.3568385487529	744.4368385487529	64	T
744.4368385487529	744.4668385487529	61	R
744.4668385487529	744.4968385487529	6	AH0
744.4968385487529	744.5568385487528	46	B
744.5568385487528	744.6858385487529	68	Y
744.6858385487529	744.7158385487529	44	UW1
744.7158385487529	744.8858385487529	63	SH
744.8858385487529	744.9158385487528	6	AH0
744.9158385487528	745.0948385487528	58	N
745.0948385487528	745.2248385487529	69	Z
745.2248385487529	745.2748385487529	74	sp
745.2748385487529	745.3048385487529	67	W
745.3048385487529	745.3348385487528	6	AH0
745.3348385487528	745.4348385487529	56	L
745.4348385487529	745.4948385487529	46	B
745.4948385487529	745.6338385487528	31	IY0
745.6338385487528	745.6938385487529	51	G
745.6938385487529	745.7438385487529	61	R
745.7438385487529	745.8538385487528	25	EY1
745.8538385487528	745.8838385487528	64	T
745.8838385487528	745.9338385487529	56	L
745.9338385487529	746.0928385487529	31	IY0
746.0928385487529	746.1428385487528	6	AH0
746.1428385487528	746.252838548753	60	P
746.252838548753	746.2828385487529	61	R
746.2828385487529	746.3128385487529	32	IY1
746.3128385487529	746.4718385487529	63	SH
746.4718385487529	746.7118385487529	31	IY0
746.7118385487529	746.7418385487529	26	EY2
746.7418385487529	746.7718385487528	64	T
746.7718385487528	746.8018385487529	6	AH0
746.8018385487529	746.8318385487529	48	D
746.8318385487529	758.3378612244898	74	sp
758.3378612244898	758.3678612244897	6	AH0
758.3678612244897	758.5578612244897	57	M
758.5578612244897	758.5968612244897	7	AH1
758.5968612244897	758.7368612244896	62	S
758.7368612244896	758.7668612244897	54	K
758.7668612244897	758.8168612244897	68	Y
758.8168612244897	758.8568612244896	6	AH0
758.8568612244896	758.9168612244897	56	L
758.9168612244897	759.1358612244898	21	ER0
759.1358612244898	759.3258612244897	4	AE1
759.3258612244897	759.3558612244897	46	B
759.3558612244897	759.4158612244897	48	D
759.4158612244897	759.4548612244897	6	AH0
759.4548612244897	759.5748612244897	57	M
759.5748612244897	759.6948612244897	6	AH0
759.6948612244897	759.7948612244896	58	N
759.7948612244896	759.9638612244897	28	IH1
759.9638612244897	760.1038612244897	69	Z
760.1038612244897	760.1438612244897	74	sp
760.1438612244897	760.1738612244897	51	G
760.1738612244897	760.2538612244897	6	AH0
760.2538612244897	760.2938612244897	48	D
760.2938612244897	760.4328612244897	50	F
760.4328612244897	760.4728612244897	21	ER0
760.4728612244897	760.5228612244897	68	Y
760.5228612244897	760.5728612244897	41	UH1
760.5728612244897	760.6328612244897	61	R
760.6328612244897	760.7028612244897	46	B
760.7028612244897	760.8518612244897	4	AE1
760.8518612244897	760.9218612244897	54	K
760.9218612244897	777.31300861678	74	sp
777.31300861678	777.36300861678	49	DH
777.36300861678	777.52300861678	4	AE1
777.52300861678	777.8120086167801	64	T
777.8120086167801	777.84200861678	60	P
777.84200861678	777.89200861678	28	IH1
777.89200861678	778.01200861678	54	K
778.01200861678	778.0720086167801	60	P
778.0720086167801	778.16100861678	2	AA2
778.16100861678	778.31100861678	54	K
778.31100861678	778.39100861678	6	AH0
778.39100861678	778.52000861678	64	T
778.52000861678	778.57000861678	67	W
778.57000861678	778.60000861678	6	AH0
778.60000861678	778.7400086167801	69	Z
778.7400086167801	778.83000861678	54	K
778.83000861678	778.9500086167801	1	AA1
778.9500086167801	779.07900861678	64	T
779.07900861678	779.15900861678	61	R
779.15900861678	779.21900861678	19	EH1
779.21900861678	779.2490086167801	48	D
779.2490086167801	779.39800861678	52	HH
779.39800861678	779.48800861678	4	AE1
779.48800861678	779.5280086167801	58	N
779.5280086167801	779.60800861678	48	D
779.60800861678	779.63800861678	6	AH0
779.63800861678	779.6680086167801	48	D
779.6680086167801	795.5755936507936	74	sp
