120.08071836734695	120.11071836734695	49	DH
120.11071836734695	120.14071836734692	6	AH0
120.14071836734692	120.19971836734695	67	W
120.19971836734695	120.28971836734692	10	AO1
120.28971836734692	120.32971836734694	64	T
120.32971836734694	120.50971836734692	21	ER0
120.50971836734692	120.54971836734694	54	K
120.54971836734694	120.58971836734693	6	AH0
120.58971836734693	120.66871836734694	58	N
120.66871836734694	120.74871836734692	64	T
120.74871836734692	120.91871836734694	25	EY1
120.91871836734694	121.05771836734692	58	N
121.05771836734692	121.09771836734694	48	D
121.09771836734694	121.17771836734693	74	sp
121.17771836734693	121.31771836734694	64	T
121.31771836734694	121.44771836734694	44	UW1
121.44771836734694	121.48771836734693	57	M
121.48771836734693	121.51671836734693	19	EH1
121.51671836734693	121.65671836734694	58	N
121.65671836734694	121.71671836734694	31	IY0
121.71671836734694	122.23571836734695	64	T
122.23571836734695	122.31571836734693	44	UW1
122.31571836734693	122.44471836734692	57	M
122.44471836734692	122.51471836734694	7	AH1
122.51471836734694	122.64471836734694	47	CH
122.64471836734694	122.76471836734694	74	sp
122.76471836734694	122.80471836734694	54	K
122.80471836734694	122.86371836734693	56	L
122.86371836734693	122.97371836734695	10	AO1
122.97371836734695	123.04371836734694	61	R
123.04371836734694	123.12371836734692	31	IY0
123.12371836734692	123.24371836734693	58	N
123.24371836734693	123.27271836734693	6	AH0
123.27271836734693	123.37271836734695	58	N
123.37271836734695	123.42271836734693	48	D
123.42271836734693	123.55271836734693	74	sp
123.55271836734693	123.72171836734694	62	S
123.72171836734694	123.75171836734694	64	T
123.75171836734694	123.84171836734694	7	AH1
123.84171836734694	123.99171836734695	59	NG
123.99171836734695	124.02171836734692	52	HH
124.02171836734692	124.05171836734692	28	IH1
124.05171836734692	124.19071836734693	69	Z
124.19071836734693	124.49071836734694	16	AY1
124.49071836734694	124.69971836734695	69	Z
124.69971836734695	136.41024217687075	74	sp
136.41024217687075	136.52024217687074	53	JH
136.52024217687074	136.72924217687074	1	AA1
136.72924217687074	136.80924217687075	58	N
136.80924217687075	136.93924217687075	69	Z
136.93924217687075	136.99924217687075	74	sp
136.99924217687075	137.03924217687074	46	B
137.03924217687074	137.13824217687073	61	R
137.13824217687073	137.19824217687074	7	AH1
137.19824217687074	137.25824217687074	49	DH
137.25824217687074	137.51724217687075	21	ER0
137.51724217687075	137.56724217687074	61	R
137.56724217687074	137.71724217687074	31	IY0
137.71724217687074	137.82724217687075	60	P
137.82724217687075	137.89724217687075	25	EY1
137.89724217687075	137.96624217687074	58	N
137.96624217687074	138.09624217687073	64	T
138.09624217687073	138.12624217687073	6	AH0
138.12624217687073	138.24624217687074	48	D
138.24624217687074	138.27624217687074	49	DH
138.27624217687074	138.34624217687073	31	IY0
138.34624217687073	138.37624217687073	51	G
138.37624217687073	138.53524217687075	21	ER0
138.53524217687075	138.69524217687075	1	AA1
138.69524217687075	138.74524217687073	70	ZH
138.74524217687073	138.83424217687073	74	sp
138.83424217687073	138.88424217687074	48	D
138.88424217687074	138.97424217687075	10	AO1
138.97424217687075	139.00424217687075	61	R
139.00424217687075	151.54411972789114	74	sp
151.54411972789114	151.70411972789114	47	CH
151.70411972789114	151.86311972789113	4	AE1
151.86311972789113	151.96311972789115	56	L
151.96311972789115	151.99311972789116	6	AH0
151.99311972789116	152.09311972789115	58	N
152.09311972789115	152.23211972789113	53	JH
152.23211972789113	152.41211972789114	32	IY1
152.41211972789114	152.63211972789114	47	CH
152.63211972789114	152.73111972789115	53	JH
152.73111972789115	152.76111972789116	19	EH1
152.76111972789116	152.85111972789113	58	N
152.85111972789113	152.94111972789113	21	ER0
152.94111972789113	152.97111972789114	6	AH0
152.97111972789114	153.14011972789115	56	L
153.14011972789115	153.20011972789115	69	Z
153.20011972789115	153.23011972789115	29	IH2
153.23011972789115	153.33011972789114	58	N
153.33011972789114	153.45011972789115	64	T
153.45011972789115	153.48011972789115	19	EH1
153.48011972789115	153.59911972789115	56	L
153.59911972789115	153.64911972789113	6	AH0
153.64911972789113	153.71911972789115	53	JH
153.71911972789115	153.77911972789116	6	AH0
153.77911972789116	153.84911972789115	58	N
153.84911972789115	154.13811972789114	62	S
154.13811972789114	166.30012879818594	74	sp
166.30012879818594	166.42012879818594	5	AE2
166.42012879818594	166.49012879818594	57	M
166.49012879818594	166.54912879818596	46	B
166.54912879818596	166.57912879818593	6	AH0
166.57912879818593	166.68912879818595	48	D
166.68912879818595	166.79912879818596	19	EH1
166.79912879818596	166.82912879818593	54	K
166.82912879818593	166.92912879818596	62	S
166.92912879818596	166.97812879818594	64	T
166.97812879818594	167.01812879818596	61	R
167.01812879818596	167.06812879818594	6	AH0
167.06812879818594	167.25812879818594	62	S
167.25812879818594	167.28812879818594	74	sp
167.28812879818594	167.32812879818596	60	P
167.32812879818596	167.38712879818596	28	IH1
167.38712879818596	167.42712879818595	54	K
167.42712879818595	167.57712879818595	60	P
167.57712879818595	167.65712879818594	2	AA2
167.65712879818594	167.79712879818595	54	K
167.79712879818595	167.86612879818594	6	AH0
167.86612879818594	167.91612879818595	64	T
167.91612879818595	168.05612879818594	62	S
168.05612879818594	168.09612879818596	6	AH0
168.09612879818596	168.28512879818595	54	K
168.28512879818595	168.34512879818595	1	AA1
168.34512879818595	168.39512879818594	57	M
168.39512879818594	168.47512879818595	60	P
168.47512879818595	168.51512879818594	56	L
168.51512879818594	168.54512879818594	27	IH0
168.54512879818594	168.70412879818593	63	SH
168.70412879818593	168.77412879818596	57	M
168.77412879818596	168.97412879818594	10	AO1
168.97412879818594	169.04412879818594	61	R
169.04412879818594	188.89813333333333	74	sp
188.89813333333333	188.92813333333334	6	AH0
188.92813333333334	189.11813333333333	57	M
189.11813333333333	189.15713333333332	7	AH1
189.15713333333332	189.29713333333333	62	S
189.29713333333333	189.32713333333334	54	K
189.32713333333334	189.37713333333332	68	Y
189.37713333333332	189.4171333333333	6	AH0
189.4171333333333	189.4771333333333	56	L
189.4771333333333	189.69613333333334	21	ER0
189.69613333333334	189.88613333333333	4	AE1
189.88613333333333	189.91613333333333	46	B
189.91613333333333	189.97613333333334	48	D
189.97613333333334	190.01513333333332	6	AH0
190.01513333333332	190.13513333333333	57	M
190.13513333333333	190.25513333333333	6	AH0
190.25513333333333	190.35513333333333	58	N
190.35513333333333	190.5241333333333	28	IH1
190.5241333333333	190.66413333333333	69	Z
190.66413333333333	190.70413333333332	74	sp
190.70413333333332	190.73413333333332	51	G
190.73413333333332	190.81413333333333	6	AH0
190.81413333333333	190.85413333333332	48	D
190.85413333333332	190.99313333333333	50	F
190.99313333333333	191.03313333333332	21	ER0
191.03313333333332	191.08313333333334	68	Y
191.08313333333334	191.13313333333332	41	UH1
191.13313333333332	191.19313333333332	61	R
191.19313333333332	191.26313333333331	46	B
191.26313333333331	191.41213333333332	4	AE1
191.41213333333332	191.48213333333334	54	K
191.48213333333334	204.601262585034	74	sp
204.601262585034	204.631262585034	49	DH
204.631262585034	204.761262585034	25	EY1
204.761262585034	204.89026258503398	35	OW1
204.89026258503398	204.98026258503398	58	N
204.98026258503398	205.030262585034	6	AH0
205.030262585034	205.11026258503398	46	B
205.11026258503398	205.26026258503398	28	IH1
205.26026258503398	205.300262585034	51	G
205.300262585034	205.519262585034	52	HH
205.519262585034	205.719262585034	13	AW1
205.719262585034	206.02826258503399	62	S
206.02826258503399	206.108262585034	28	IH1
206.108262585034	206.178262585034	58	N
206.178262585034	206.207262585034	49	DH
206.207262585034	206.24726258503398	6	AH0
206.24726258503398	206.317262585034	74	sp
206.317262585034	206.347262585034	61	R
206.347262585034	206.377262585034	6	AH0
206.377262585034	206.477262585034	57	M
206.477262585034	206.607262585034	35	OW1
206.607262585034	206.666262585034	64	T
206.666262585034	206.816262585034	54	K
206.816262585034	206.846262585034	7	AH1
206.846262585034	206.876262585034	58	N
206.876262585034	206.996262585034	64	T
206.996262585034	207.026262585034	61	R
207.026262585034	207.056262585034	31	IY0
207.056262585034	207.225262585034	62	S
207.225262585034	207.255262585034	17	AY2
207.255262585034	207.285262585034	48	D
207.285262585034	220.5646185941043	74	sp
220.5646185941043	220.6246185941043	49	DH
220.6246185941043	220.6936185941043	31	IY0
220.6936185941043	220.8236185941043	61	R
220.8236185941043	221.0236185941043	35	OW1
221.0236185941043	221.23261859410428	69	Z
221.23261859410428	221.26261859410428	74	sp
221.26261859410428	221.3326185941043	54	K
221.3326185941043	221.3626185941043	9	AO0
221.3626185941043	221.4326185941043	61	R
221.4326185941043	221.5816185941043	62	S
221.5816185941043	221.9016185941043	1	AA1
221.9016185941043	221.94161859410428	70	ZH
221.94161859410428	222.1606185941043	62	S
222.1606185941043	222.25061859410428	57	M
222.25061859410428	222.28061859410428	19	EH1
222.28061859410428	222.4196185941043	56	L
222.4196185941043	222.4496185941043	48	D
222.4496185941043	222.6596185941043	62	S
222.6596185941043	222.6996185941043	67	W
222.6996185941043	222.8096185941043	32	IY1
222.8096185941043	222.9586185941043	64	T
222.9586185941043	237.66248707482993	74	sp
237.66248707482993	237.7124870748299	49	DH
237.7124870748299	237.8724870748299	4	AE1
237.8724870748299	238.16148707482992	64	T
238.16148707482992	238.19148707482992	60	P
238.19148707482992	238.2414870748299	28	IH1
238.2414870748299	238.3614870748299	54	K
238.3614870748299	238.4214870748299	60	P
238.4214870748299	238.5104870748299	2	AA2
238.5104870748299	238.66048707482992	54	K
238.66048707482992	238.7404870748299	6	AH0
238.7404870748299	238.86948707482992	64	T
238.86948707482992	238.9194870748299	67	W
238.9194870748299	238.9494870748299	6	AH0
238.9494870748299	239.08948707482992	69	Z
239.08948707482992	239.17948707482992	54	K
239.17948707482992	239.29948707482993	1	AA1
239.29948707482993	239.42848707482992	64	T
239.42848707482992	239.5084870748299	61	R
239.5084870748299	239.5684870748299	19	EH1
239.5684870748299	239.5984870748299	48	D
239.5984870748299	239.7474870748299	52	HH
239.7474870748299	239.8374870748299	4	AE1
239.8374870748299	239.8774870748299	58	N
239.8774870748299	239.9574870748299	48	D
239.9574870748299	239.98748707482991	6	AH0
239.98748707482991	240.01748707482992	48	D
240.01748707482992	257.04498140589567	74	sp
257.04498140589567	257.0949814058957	4	AE1
257.0949814058957	257.1649814058957	58	N
257.1649814058957	257.2049814058957	4	AE1
257.2049814058957	257.3449814058957	48	D
257.3449814058957	257.3739814058957	6	AH0
257.3739814058957	257.7139814058957	56	L
257.7139814058957	257.7439814058957	64	T
257.7439814058957	257.8929814058957	57	M
257.8929814058957	258.04298140589566	25	EY1
258.04298140589566	258.2619814058957	56	L
258.2619814058957	258.37198140589567	46	B
258.37198140589567	258.5719814058957	3	AE0
258.5719814058957	258.6709814058957	46	B
258.6709814058957	258.78098140589566	44	UW1
258.78098140589566	259.1999814058957	58	N
259.1999814058957	259.3999814058957	69	Z
259.3999814058957	259.4599814058957	64	T
259.4599814058957	259.6489814058957	32	IY1
259.6489814058957	259.7289814058957	65	TH
259.7289814058957	259.8789814058957	74	sp
259.8789814058957	259.9879814058957	21	ER0
259.9879814058957	260.0479814058957	58	N
260.0479814058957	260.16798140589566	1	AA1
260.16798140589566	260.2079814058957	64	T
260.2079814058957	260.3779814058957	62	S
260.3779814058957	260.4569814058957	44	UW1
260.4569814058957	260.4869814058957	64	T
260.4869814058957	260.5169814058957	6	AH0
260.5169814058957	260.6069814058957	46	B
260.6069814058957	260.6369814058957	6	AH0
260.6369814058957	260.7869814058957	56	L
260.7869814058957	260.90598140589566	50	F
260.90598140589566	260.9959814058957	21	ER0
260.9959814058957	261.1159814058957	32	IY1
261.1159814058957	261.15598140589566	64	T
261.15598140589566	261.21598140589566	27	IH0
261.21598140589566	261.3249814058957	59	NG
261.3249814058957	261.4949814058957	63	SH
261.4949814058957	261.54498140589567	19	EH1
261.54498140589567	261.6649814058957	56	L
261.6649814058957	261.7839814058957	50	F
261.7839814058957	261.9039814058957	29	IH2
261.9039814058957	262.1539814058957	63	SH
262.1539814058957	278.9665233560091	74	sp
278.9665233560091	279.0165233560091	52	HH
279.0165233560091	279.04652335600906	21	ER0
279.04652335600906	279.15552335600904	67	W
279.15552335600904	279.3055233560091	10	AO1
279.3055233560091	279.3655233560091	61	R
279.3655233560091	279.59452335600906	48	D
279.59452335600906	279.6245233560091	61	R
279.6245233560091	279.67452335600905	36	OW2
279.67452335600905	279.7645233560091	46	B
279.7645233560091	279.85452335600905	54	K
279.85452335600905	279.8845233560091	6	AH0
279.8845233560091	279.9735233560091	58	N
279.9735233560091	280.17352335600907	62	S
280.17352335600907	280.24352335600906	28	IH1
280.24352335600906	280.5025233560091	62	S
280.5025233560091	280.58252335600906	7	AH1
280.58252335600906	280.6325233560091	66	V
280.6325233560091	280.82152335600904	35	OW1
280.82152335600904	280.86152335600906	58	N
280.86152335600906	280.8915233560091	56	L
280.8915233560091	280.9615233560091	31	IY0
280.9615233560091	281.18152335600905	62	S
281.18152335600905	281.2115233560091	54	K
281.2115233560091	281.27052335600905	22	ER1
281.27052335600905	281.3705233560091	64	T
281.3705233560091	281.59052335600904	62	S
281.59052335600904	281.63052335600906	6	AH0
281.63052335600906	281.72952335600905	58	N
281.72952335600905	281.7595233560091	48	D
281.7595233560091	281.79952335600905	46	B
281.79952335600905	281.91952335600905	56	L
281.91952335600905	282.04952335600905	13	AW1
282.04952335600905	282.26852335600904	62	S
282.26852335600904	282.29852335600907	6	AH0
282.29852335600907	282.58752335600906	69	Z
282.58752335600906	298.160083446712	74	sp
298.160083446712	298.210083446712	49	DH
298.210083446712	298.330083446712	31	IY0
298.330083446712	298.499083446712	64	T
298.499083446712	298.749083446712	44	UW1
298.749083446712	298.879083446712	1	AA1
298.879083446712	298.958083446712	61	R
298.958083446712	298.99808344671203	64	T
298.99808344671203	299.128083446712	6	AH0
299.128083446712	299.357083446712	62	S
299.357083446712	299.62708344671205	62	S
299.62708344671205	299.737083446712	27	IH0
299.737083446712	299.77608344671205	54	K
299.77608344671205	299.936083446712	62	S
299.936083446712	299.986083446712	47	CH
299.986083446712	300.176083446712	25	EY1
300.176083446712	300.375083446712	58	N
300.375083446712	300.56508344671204	53	JH
300.56508344671204	300.595083446712	48	D
300.595083446712	300.994083446712	74	sp
300.994083446712	301.07408344671205	10	AO1
301.07408344671205	301.24308344671203	64	T
301.24308344671203	301.273083446712	6	AH0
301.273083446712	301.303083446712	51	G
301.303083446712	301.343083446712	61	R
301.343083446712	301.503083446712	5	AE2
301.503083446712	301.552083446712	50	F
301.552083446712	301.782083446712	62	S
301.782083446712	318.12815600907027	74	sp
318.12815600907027	318.1981560090703	46	B
318.1981560090703	318.2781560090703	7	AH1
318.2781560090703	318.3081560090703	64	T
318.3081560090703	318.3681560090703	21	ER0
318.3681560090703	318.4871560090703	62	S
318.4871560090703	318.5371560090703	54	K
318.5371560090703	318.6371560090703	2	AA2
318.6371560090703	318.77715600907027	47	CH
318.77715600907027	318.9161560090703	50	F
318.9161560090703	319.23615600907027	7	AH1
319.23615600907027	319.3551560090703	53	JH
319.3551560090703	319.3851560090703	74	sp
319.3851560090703	319.45515600907027	51	G
319.45515600907027	319.5951560090703	35	OW1
319.5951560090703	319.8941560090703	69	Z
319.8941560090703	319.9841560090703	67	W
319.9841560090703	320.0241560090703	19	EH1
320.0241560090703	320.3031560090703	56	L
320.3031560090703	320.4331560090703	67	W
320.4331560090703	320.5131560090703	28	IH1
320.5131560090703	320.6331560090703	65	TH
320.6331560090703	320.7321560090703	74	sp
320.7321560090703	320.7721560090703	66	V
320.7721560090703	320.8221560090703	6	AH0
320.8221560090703	320.8921560090703	58	N
320.8921560090703	320.9321560090703	28	IH1
320.9321560090703	321.0621560090703	56	L
321.0621560090703	321.1021560090703	6	AH0
321.1021560090703	321.1711560090703	74	sp
321.1711560090703	321.2811560090703	16	AY1
321.2811560090703	321.4711560090703	62	S
321.4711560090703	321.5311560090703	54	K
321.5311560090703	321.5601560090703	61	R
321.5601560090703	321.5901560090703	32	IY1
321.5901560090703	321.6201560090703	57	M
321.6201560090703	338.1139156462585	74	sp
338.1139156462585	338.2239156462585	61	R
338.2239156462585	338.3329156462585	28	IH1
338.3329156462585	338.5929156462585	47	CH
338.5929156462585	338.7129156462585	74	sp
338.7129156462585	338.7629156462585	60	P
338.7629156462585	338.8819156462585	22	ER1
338.8819156462585	339.0619156462585	47	CH
339.0619156462585	339.1119156462585	6	AH0
339.1119156462585	339.2609156462585	62	S
339.2609156462585	339.2909156462585	64	T
339.2909156462585	339.5209156462585	62	S
339.5209156462585	339.6209156462585	19	EH1
339.6209156462585	339.7499156462585	66	V
339.7499156462585	339.8099156462585	61	R
339.8099156462585	339.8499156462585	6	AH0
339.8499156462585	339.9499156462585	56	L
339.9499156462585	340.1389156462585	62	S
340.1389156462585	340.4389156462585	16	AY1
340.4389156462585	340.5779156462585	58	N
340.5779156462585	340.6879156462585	48	D
340.6879156462585	340.7779156462585	74	sp
340.7779156462585	340.8579156462585	56	L
340.8579156462585	340.8879156462585	28	IH1
340.8879156462585	341.1069156462585	65	TH
341.1069156462585	341.1369156462585	6	AH0
341.1369156462585	341.16691564625853	51	G
341.16691564625853	341.1969156462585	61	R
341.1969156462585	341.3369156462585	5	AE2
341.3369156462585	341.4759156462585	50	F
341.4759156462585	341.7059156462585	62	S
341.7059156462585	356.51899501133784	74	sp
356.51899501133784	356.5589950113378	19	EH1
356.5589950113378	356.64899501133783	58	N
356.64899501133783	356.7789950113378	31	IY0
356.7789950113378	356.8979950113378	54	K
356.8979950113378	356.97799501133784	2	AA2
356.97799501133784	357.04799501133783	58	N
357.04799501133783	357.1279950113378	64	T
357.1279950113378	357.15799501133785	61	R
357.15799501133785	357.1879950113378	6	AH0
357.1879950113378	357.2479950113378	46	B
357.2479950113378	357.37699501133784	68	Y
357.37699501133784	357.4069950113378	44	UW1
357.4069950113378	357.57699501133783	63	SH
357.57699501133783	357.6069950113378	6	AH0
357.6069950113378	357.78599501133783	58	N
357.78599501133783	357.9159950113378	69	Z
357.9159950113378	357.96599501133784	74	sp
357.96599501133784	357.9959950113378	67	W
357.9959950113378	358.02599501133784	6	AH0
358.02599501133784	358.1259950113378	56	L
358.1259950113378	358.1859950113378	46	B
358.1859950113378	358.3249950113378	31	IY0
358.3249950113378	358.3849950113378	51	G
358.3849950113378	358.43499501133783	61	R
358.43499501133783	358.54499501133785	25	EY1
358.54499501133785	358.5749950113378	64	T
358.5749950113378	358.62499501133783	56	L
358.62499501133783	358.7839950113378	31	IY0
358.7839950113378	358.83399501133783	6	AH0
358.83399501133783	358.94399501133785	60	P
358.94399501133785	358.9739950113378	61	R
358.9739950113378	359.00399501133785	32	IY1
359.00399501133785	359.16299501133784	63	SH
359.16299501133784	359.40299501133785	31	IY0
359.40299501133785	359.4329950113378	26	EY2
359.4329950113378	359.4629950113378	64	T
359.4629950113378	359.4929950113378	6	AH0
359.4929950113378	359.5229950113378	48	D
359.5229950113378	373.59981133786846	74	sp
373.59981133786846	373.62981133786843	49	DH
373.62981133786843	373.71981133786846	31	IY0
373.71981133786846	373.88881133786845	54	K
373.88881133786845	373.92881133786847	61	R
373.92881133786847	374.0388113378685	4	AE1
374.0388113378685	374.14881133786844	58	N
374.14881133786844	374.19881133786845	46	B
374.19881133786845	374.28781133786845	20	EH2
374.28781133786845	374.3778113378685	61	R
374.3778113378685	374.61781133786843	31	IY0
374.61781133786843	374.65781133786845	46	B
374.65781133786845	375.03681133786847	1	AA1
375.03681133786847	375.06681133786844	51	G
375.06681133786844	375.2458113378685	74	sp
375.2458113378685	375.29581133786843	51	G
375.29581133786843	375.38581133786846	28	IH1
375.38581133786846	375.44581133786846	64	T
375.44581133786846	375.62481133786844	62	S
375.62481133786844	375.7048113378685	66	V
375.7048113378685	375.77481133786847	19	EH1
375.77481133786847	375.90481133786847	61	R
375.90481133786847	376.08381133786844	31	IY0
376.08381133786844	376.26381133786845	74	sp
376.26381133786845	376.2938113378685	60	P
376.2938113378685	376.32381133786845	61	R
376.32381133786845	376.3538113378685	28	IH1
376.3538113378685	376.38381133786845	64	T
376.38381133786845	376.60281133786845	31	IY0
376.60281133786845	376.66281133786845	28	IH1
376.66281133786845	376.76281133786847	58	N
376.76281133786847	376.84281133786845	74	sp
376.84281133786845	376.89281133786847	10	AO1
376.89281133786847	377.07181133786844	64	T
377.07181133786844	377.11181133786846	6	AH0
377.11181133786846	377.14181133786843	57	M
377.14181133786843	392.14094512471655	74	sp
392.14094512471655	392.2099451247165	52	HH
392.2099451247165	392.30994512471653	13	AW1
392.30994512471653	392.3899451247165	48	D
392.3899451247165	392.6689451247165	44	UW1
392.6689451247165	392.7189451247165	38	OY1
392.7189451247165	392.87894512471655	62	S
392.87894512471655	392.9089451247165	64	T
392.9089451247165	393.0389451247165	21	ER0
393.0389451247165	393.1479451247165	69	Z
393.1479451247165	393.2579451247165	57	M
393.2579451247165	393.3379451247165	25	EY1
393.3379451247165	393.40794512471655	54	K
393.40794512471655	393.56694512471654	60	P
393.56694512471654	393.5969451247165	22	ER1
393.5969451247165	393.9069451247165	56	L
393.9069451247165	394.08594512471655	69	Z
394.08594512471655	409.5902875283447	74	sp
409.5902875283447	409.6841258350518	57	M
409.6841258350518	409.8597574531751	25	EY1
409.8597574531751	410.0052807939059	16	AY1
410.0052807939059	410.115677811012	10	AO1
410.115677811012	410.1775670478745	61	R
410.1775670478745	410.221056781886	48	D
410.221056781886	410.431814723634	21	ER0
410.431814723634	410.6559541220009	25	EY1
410.6559541220009	410.81248998821343	60	P
410.81248998821343	410.8760519071533	1	AA1
410.8760519071533	410.91786895908746	61	R
410.91786895908746	411.071755710205	50	F
411.071755710205	411.42271582546056	24	EY0
411.42271582546056	411.5475157357421	4	AE1
411.5475157357421	411.63282252168773	50	F
411.63282252168773	411.6863483481634	64	T
411.6863483481634	411.77732442586193	21	ER0
411.77732442586193	411.90881506445294	16	AY1
411.90881506445294	412.09950082127256	32	IY1
412.09950082127256	412.1361427498526	64	T
412.1361427498526	412.19484369968234	48	D
412.19484369968234	412.26844171108644	28	IH1
412.26844171108644	412.3286582658716	58	N
412.3286582658716	412.8554196359473	21	ER0
412.8554196359473	425.1522829931973	74	sp
425.1522829931973	425.2522829931973	28	IH1
425.2522829931973	425.3022829931973	69	Z
425.3022829931973	425.4612829931973	63	SH
425.4612829931973	425.5612829931973	32	IY1
425.5612829931973	425.6412829931973	51	G
425.6412829931973	425.8012829931973	35	OW1
425.8012829931973	425.8502829931973	6	AH0
425.8502829931973	425.9302829931973	58	N
425.9302829931973	425.9702829931973	67	W
425.9702829931973	426.0302829931973	28	IH1
426.0302829931973	426.1202829931973	65	TH
426.1202829931973	426.2602829931973	68	Y
426.2602829931973	426.3892829931973	44	UW1
426.3892829931973	440.1438476190476	74	sp
440.1438476190476	440.2528476190476	54	K
440.2528476190476	440.3028476190476	6	AH0
440.3028476190476	440.3628476190476	58	N
440.3628476190476	440.4028476190476	49	DH
440.4028476190476	440.5328476190476	31	IY0
440.5328476190476	440.7118476190476	25	EY1
440.7118476190476	440.81184761904757	53	JH
440.81184761904757	440.8818476190476	6	AH0
440.8818476190476	440.9118476190476	58	N
440.9118476190476	441.0608476190476	62	S
441.0608476190476	441.3108476190476	31	IY0
441.3108476190476	441.4408476190476	35	OW1
441.4408476190476	441.5198476190476	66	V
441.5198476190476	441.5698476190476	21	ER0
441.5698476190476	441.7298476190476	65	TH
441.7298476190476	441.8298476190476	61	R
441.8298476190476	441.8998476190476	36	OW2
441.8998476190476	442.13884761904757	25	EY1
442.13884761904757	442.1688476190476	56	L
442.1688476190476	442.2988476190476	31	IY0
442.2988476190476	442.32884761904756	6	AH0
442.32884761904756	442.4678476190476	58	N
442.4678476190476	442.5478476190476	50	F
442.5478476190476	442.6278476190476	10	AO1
442.6278476190476	442.66784761904756	61	R
442.66784761904756	442.8068476190476	62	S
442.8068476190476	442.8368476190476	6	AH0
442.8368476190476	443.1168476190476	69	Z
443.1168476190476	462.42076371882087	74	sp
