427.39936507936505	427.4293650793651	48	D
427.4293650793651	427.658365079365	28	IH1
427.658365079365	427.778365079365	48	D
427.778365079365	427.81836507936504	68	Y
427.81836507936504	427.84836507936507	44	UW1
427.84836507936507	428.47636507936505	32	IY1
428.47636507936505	428.5063650793651	64	T
428.5063650793651	428.53636507936505	56	L
428.53636507936505	428.7663650793651	7	AH1
428.7663650793651	428.92536507936506	58	N
428.92536507936506	429.05536507936506	47	CH
429.05536507936506	429.105365079365	68	Y
429.105365079365	429.23436507936503	19	EH1
429.23436507936503	429.4243650793651	62	S
429.4243650793651	429.52436507936505	64	T
429.52436507936505	429.64436507936506	21	ER0
429.64436507936506	429.74336507936505	48	D
429.74336507936505	430.04336507936506	26	EY2
430.04336507936506	440.78947845804987	74	sp
440.78947845804987	440.8394784580499	49	DH
440.8394784580499	441.08847845804985	25	EY1
441.08847845804985	441.1384784580499	74	sp
441.1384784580499	441.6474784580499	10	AO1
441.6474784580499	442.2154784580499	56	L
442.2154784580499	442.40547845804986	56	L
442.40547845804986	442.7744784580499	16	AY1
442.7744784580499	442.80447845804986	54	K
442.80447845804986	443.1534784580499	74	sp
443.1534784580499	443.2734784580499	56	L
443.2734784580499	443.5824784580499	10	AO1
443.5824784580499	443.78247845804987	59	NG
443.78247845804987	443.9124784580499	52	HH
443.9124784580499	444.1014784580499	1	AA1
444.1014784580499	444.1714784580499	64	T
444.1714784580499	444.41047845804985	63	SH
444.41047845804985	444.7604784580499	13	AW1
444.7604784580499	444.8894784580499	21	ER0
444.8894784580499	445.07947845804983	69	Z
445.07947845804983	456.3504761904762	74	sp
456.3504761904762	456.4994761904762	67	W
456.4994761904762	456.6494761904762	32	IY1
456.6494761904762	456.7694761904762	67	W
456.7694761904762	456.87757734511126	19	EH1
456.87757734511126	457.087033697946	56	L
457.087033697946	457.130201956479	54	K
457.130201956479	457.28959244952387	6	AH0
457.28959244952387	457.42905913093807	57	M
457.42905913093807	457.5319988243628	57	M
457.5319988243628	457.6747861410488	19	EH1
457.6747861410488	457.7810464697453	58	N
457.7810464697453	457.92647619047614	31	IY0
457.92647619047614	458.14647619047616	58	N
458.14647619047616	458.35547619047617	68	Y
458.35547619047617	458.4054761904762	44	UW1
458.4054761904762	458.67547619047616	62	S
458.67547619047616	458.7444761904762	64	T
458.7444761904762	458.8844761904762	44	UW1
458.8844761904762	458.9144761904762	48	D
458.9144761904762	459.0144761904762	6	AH0
459.0144761904762	459.1934761904762	58	N
459.1934761904762	459.24347619047614	64	T
459.24347619047614	459.3234761904762	62	S
459.3234761904762	459.5134761904762	32	IY1
459.5134761904762	459.7324761904762	47	CH
459.7324761904762	459.80247619047617	68	Y
459.80247619047617	459.9824761904762	28	IH1
459.9824761904762	460.0114761904762	61	R
460.0114761904762	477.68634920634923	74	sp
477.68634920634923	477.7853492063492	52	HH
477.7853492063492	478.5843492063492	13	AW1
478.5843492063492	478.7833492063492	48	D
478.7833492063492	479.0523492063492	44	UW1
479.0523492063492	479.3223492063492	38	OY1
479.3223492063492	479.5313492063492	62	S
479.5313492063492	479.5713492063492	64	T
479.5713492063492	479.74134920634924	21	ER0
479.74134920634924	479.87134920634924	69	Z
479.87134920634924	480.0003492063492	57	M
480.0003492063492	480.1203492063492	25	EY1
480.1203492063492	480.1703492063492	54	K
480.1703492063492	480.3993492063492	74	sp
480.3993492063492	480.42934920634923	60	P
480.42934920634923	480.6193492063492	22	ER1
480.6193492063492	480.80834920634925	56	L
480.80834920634925	481.0883492063492	69	Z
481.0883492063492	492.9869387755102	74	sp
492.9869387755102	493.0859387755102	60	P
493.0859387755102	493.23593877551025	28	IH1
493.23593877551025	493.3959387755102	54	K
493.3959387755102	493.59493877551023	25	EY1
493.59493877551023	493.76493877551025	60	P
493.76493877551025	493.7949387755102	61	R
493.7949387755102	494.0839387755102	16	AY1
494.0839387755102	494.2239387755102	69	Z
494.2239387755102	494.29393877551024	74	sp
494.29393877551024	494.3239387755102	50	F
494.3239387755102	494.3629387755102	61	R
494.3629387755102	494.4629387755102	7	AH1
494.4629387755102	494.4929387755102	57	M
494.4929387755102	494.5229387755102	49	DH
494.5229387755102	494.76293877551024	6	AH0
494.76293877551024	494.8819387755102	46	B
494.8819387755102	495.23093877551025	4	AE1
495.23093877551025	495.39973731718766	51	G
495.39973731718766	508.37931972789113	74	sp
508.37931972789113	508.4293197278911	46	B
508.4293197278911	508.7583197278911	1	AA1
508.7583197278911	508.9283197278911	46	B
508.9283197278911	509.0383197278911	56	L
509.0383197278911	509.1373197278911	41	UH1
509.1373197278911	509.1673197278911	54	K
509.1673197278911	509.1973197278911	64	T
509.1973197278911	509.3173197278911	74	sp
509.3173197278911	509.4773197278911	50	F
509.4773197278911	509.5463197278911	10	AO1
509.5463197278911	509.6263197278911	61	R
509.6263197278911	509.8663197278911	63	SH
509.8663197278911	509.9953197278911	19	EH1
509.9953197278911	510.2053197278911	56	L
510.2053197278911	510.3053197278911	69	Z
510.3053197278911	510.37431972789113	74	sp
510.37431972789113	510.4043197278911	46	B
510.4043197278911	510.6443197278911	16	AY1
510.6443197278911	510.6943197278911	49	DH
510.6943197278911	510.8833197278911	31	IY0
510.8833197278911	511.0033197278911	74	sp
511.0033197278911	511.1333197278911	35	OW1
511.1333197278911	511.3523197278911	63	SH
511.3523197278911	511.5123197278911	6	AH0
511.5123197278911	511.5723197278911	58	N
511.5723197278911	522.3120181405895	74	sp
522.3120181405895	522.3620181405896	52	HH
522.3620181405896	522.7410181405896	13	AW1
522.7410181405896	522.8710181405895	57	M
522.8710181405895	523.0210181405896	7	AH1
523.0210181405896	523.2000181405896	47	CH
523.2000181405896	523.2500181405896	6	AH0
523.2500181405896	523.4400181405896	56	L
523.4400181405896	523.8690181405896	13	AW1
523.8690181405896	523.8990181405895	6	AH0
523.8990181405895	523.9290181405896	58	N
523.9290181405896	524.0880181405896	62	S
524.0880181405896	524.2080181405896	74	sp
524.2080181405896	524.2580181405896	48	D
524.2580181405896	524.4670181405895	44	UW1
524.4670181405895	524.6470181405896	68	Y
524.6470181405896	524.6970181405895	44	UW1
524.6970181405895	524.7470181405896	74	sp
524.7470181405896	524.8260181405896	51	G
524.8260181405896	524.9960181405895	19	EH1
524.9960181405895	525.0260181405896	64	T
525.0260181405896	533.6848979591837	74	sp
533.6848979591837	533.7548979591836	49	DH
533.7548979591836	533.8838979591837	6	AH0
533.8838979591837	534.1138979591836	64	T
534.1138979591836	534.3328979591837	44	UW1
534.3328979591837	534.3728979591837	65	TH
534.3728979591837	534.5328979591836	74	sp
534.5328979591836	534.5728979591836	50	F
534.5728979591836	534.7818979591837	19	EH1
534.7818979591837	534.8118979591836	61	R
534.8118979591836	534.9618979591837	31	IY0
534.9618979591837	535.1708979591837	50	F
535.1708979591837	535.2708979591837	21	ER0
535.2708979591837	535.4208979591837	51	G
535.4208979591837	535.6598979591837	1	AA1
535.6598979591837	535.6998979591837	64	T
535.6998979591837	535.8798979591836	74	sp
535.8798979591836	536.0388979591837	64	T
536.0388979591837	536.0888979591837	27	IH0
536.0888979591837	536.2988979591837	54	K
536.2988979591837	536.5378979591837	7	AH1
536.5378979591837	536.7178979591837	57	M
536.7178979591837	537.4158979591837	74	sp
537.4158979591837	537.5758979591837	67	W
537.5758979591837	537.6858979591836	19	EH1
537.6858979591836	537.9248979591837	58	N
537.9248979591837	537.9948979591836	61	R
537.9948979591836	538.2138979591837	1	AA1
538.2138979591837	538.3638979591836	53	JH
538.3638979591836	538.5138979591836	21	ER0
538.5138979591836	538.7228979591837	69	Z
538.7228979591837	538.7628979591836	74	sp
538.7628979591836	538.8428979591837	64	T
538.8428979591837	539.0128979591836	44	UW1
539.0128979591836	539.0728979591836	65	TH
539.0728979591836	539.1818979591837	74	sp
539.1818979591837	539.2618979591837	50	F
539.2618979591837	539.3618979591837	19	EH1
539.3618979591837	539.5408979591837	56	L
539.5408979591837	539.7908979591837	13	AW1
539.7908979591837	539.8208979591836	64	T
539.8208979591836	550.1962811791383	74	sp
550.1962811791383	550.2962811791383	53	JH
550.2962811791383	550.5462811791383	1	AA1
550.5462811791383	550.7052811791383	58	N
550.7052811791383	550.8352811791383	69	Z
550.8352811791383	550.9052811791383	74	sp
550.9052811791383	550.9452811791383	46	B
550.9452811791383	550.9852811791383	61	R
550.9852811791383	551.1842811791383	7	AH1
551.1842811791383	551.3342811791383	49	DH
551.3342811791383	551.7032811791382	21	ER0
551.7032811791382	551.7932811791383	61	R
551.7932811791383	552.1022811791383	31	IY0
552.1022811791383	552.2622811791383	60	P
552.2622811791383	552.4112811791383	25	EY1
552.4112811791383	552.5412811791383	58	N
552.5412811791383	552.6812811791383	64	T
552.6812811791383	552.8002811791383	6	AH0
552.8002811791383	552.9102811791383	48	D
552.9102811791383	552.9902811791383	49	DH
552.9902811791383	553.1002811791383	6	AH0
553.1002811791383	553.2002811791383	51	G
553.2002811791383	553.3592811791383	21	ER0
553.3592811791383	553.6492811791383	1	AA1
553.6492811791383	553.8082811791382	70	ZH
553.8082811791382	553.8582811791383	74	sp
553.8582811791383	553.9282811791383	48	D
553.9282811791383	554.0972811791382	10	AO1
554.0972811791382	554.1272811791383	61	R
554.1272811791383	565.036462585034	74	sp
565.036462585034	565.0724667441372	52	HH
565.0724667441372	565.2843100413601	13	AW1
565.2843100413601	565.3618385612257	48	D
565.3618385612257	565.4483297676414	44	UW1
565.4483297676414	565.5110172124173	68	Y
565.5110172124173	565.6256477602059	44	UW1
565.6256477602059	565.72957572594	58	N
565.72957572594	565.9191922074986	35	OW1
565.9191922074986	565.9892846075771	57	M
565.9892846075771	566.1857891893262	16	AY1
566.1857891893262	566.2944398573071	58	N
566.2944398573071	566.5976164250134	25	EY1
566.5976164250134	566.6915624215725	57	M
566.6915624215725	576.5368448129387	74	sp
576.5368448129387	576.6257544241791	53	JH
576.6257544241791	576.8836762142403	25	EY1
576.8836762142403	577.0677273922729	58	N
577.0677273922729	577.2181176664068	52	HH
577.2181176664068	577.3532935443303	19	EH1
577.3532935443303	577.519544336719	56	L
577.519544336719	577.8038798040755	60	P
577.8038798040755	577.8796379831664	64	T
577.8796379831664	577.9443430218363	52	HH
577.9443430218363	578.1133151840057	22	ER1
578.1133151840057	578.3156882496952	62	S
578.3156882496952	578.4120204845373	28	IH1
578.4120204845373	578.5565188368004	62	S
578.5565188368004	578.6808184946611	64	T
578.6808184946611	578.9773024067918	21	ER0
578.9773024067918	579.0374815886395	67	W
579.0374815886395	579.1182763662489	28	IH1
579.1182763662489	579.2379147869399	65	TH
579.2379147869399	579.3637681905238	52	HH
579.3637681905238	579.5999375404593	22	ER1
579.5999375404593	580.4803138255348	74	sp
580.4803138255348	580.5532226617412	67	W
580.5532226617412	580.6428397729115	28	IH1
580.6428397729115	580.7658734340097	65	TH
580.7658734340097	580.8478958747419	52	HH
580.8478958747419	580.9952324812422	35	OW1
580.9952324812422	581.0590277129227	57	M
581.0590277129227	581.1041050769277	67	W
581.1041050769277	581.4372423007432	21	ER0
581.4372423007432	581.5223026096505	54	K
581.5223026096505	592.0385487528345	74	sp
592.0385487528345	592.1375487528345	52	HH
592.1375487528345	592.3675487528344	32	IY1
592.3675487528344	592.7165487528345	25	EY1
592.7165487528345	592.7965487528345	64	T
592.7965487528345	593.0155487528344	50	F
593.0155487528344	593.1855487528345	10	AO1
593.1855487528345	593.3255487528345	61	R
593.3255487528345	593.3855487528344	74	sp
593.3855487528344	593.6445487528345	19	EH1
593.6445487528345	593.7045487528344	54	K
593.7045487528344	593.8935487528345	62	S
593.8935487528345	593.9635487528344	64	T
593.9635487528344	593.9935487528345	61	R
593.9935487528345	594.0235487528345	6	AH0
594.0235487528345	594.4025487528345	19	EH1
594.4025487528345	594.5325487528345	51	G
594.5325487528345	594.6725487528345	69	Z
594.6725487528345	594.7515487528344	74	sp
594.7515487528344	594.8015487528345	46	B
594.8015487528345	594.8515487528344	6	AH0
594.8515487528344	595.0515487528345	50	F
595.0515487528345	595.2205487528345	10	AO1
595.2205487528345	595.2505487528344	61	R
595.2505487528344	595.3905487528344	46	B
595.3905487528344	595.4205487528345	61	R
595.4205487528345	595.5605487528345	19	EH1
595.5605487528345	595.6795487528344	54	K
595.6795487528344	595.8295487528344	50	F
595.8295487528344	595.9895487528345	6	AH0
595.9895487528345	596.0395487528344	62	S
596.0395487528344	596.0685487528344	64	T
596.0685487528344	607.9886621315193	74	sp
607.9886621315193	608.0486621315192	46	B
608.0486621315192	608.1686621315193	22	ER1
608.1686621315193	608.3576621315193	65	TH
608.3576621315193	608.4076621315194	48	D
608.4076621315194	608.6076621315193	26	EY2
608.6076621315193	608.7576621315193	60	P
608.7576621315193	608.8966621315193	1	AA1
608.8966621315193	608.9266621315193	61	R
608.9266621315193	608.9866621315193	64	T
608.9866621315193	609.2256621315194	31	IY0
609.2256621315194	609.3856621315192	69	Z
609.3856621315192	609.4256621315193	52	HH
609.4256621315193	609.5856621315193	4	AE1
609.5856621315193	609.6256621315192	66	V
609.6256621315192	609.7346621315194	74	sp
609.7346621315194	609.8546621315193	54	K
609.8546621315193	610.0046621315194	7	AH1
610.0046621315194	610.1036621315193	60	P
610.1036621315193	610.2136621315193	54	K
610.2136621315193	610.3636621315193	26	EY2
610.3636621315193	610.5526621315194	54	K
610.5526621315194	610.5826621315193	62	S
610.5826621315193	610.7626621315193	4	AE1
610.7626621315193	610.7926621315194	58	N
610.7926621315194	610.8326621315193	48	D
610.8326621315193	611.0316621315193	16	AY1
611.0316621315193	611.2016621315192	62	S
611.2016621315192	611.2616621315193	74	sp
611.2616621315193	611.3916621315193	54	K
611.3916621315193	611.5006621315192	61	R
611.5006621315192	611.5306621315193	32	IY1
611.5306621315193	611.5606621315193	57	M
611.5606621315193	624.2388630917441	74	sp
624.2388630917441	624.438863091744	63	SH
624.438863091744	624.7678630917441	32	IY1
624.7678630917441	624.997863091744	69	Z
624.997863091744	625.086863091744	74	sp
625.086863091744	625.1468630917441	64	T
625.1468630917441	625.525863091744	10	AO1
625.525863091744	625.595863091744	56	L
625.595863091744	625.6258630917441	21	ER0
625.6258630917441	625.6858630917441	49	DH
625.6858630917441	625.8415875183208	4	AE1
625.8415875183208	625.9046795884844	58	N
625.9046795884844	626.124863091744	16	AY1
626.124863091744	626.294863091744	25	EY1
626.294863091744	626.4538630917441	19	EH1
626.4538630917441	626.513863091744	57	M
626.513863091744	647.4783673469387	74	sp
647.4783673469387	647.6473673469387	57	M
647.6473673469387	647.8673673469386	16	AY1
647.8673673469386	648.0363673469387	54	K
648.0363673469387	648.0863673469387	6	AH0
648.0863673469387	648.4053673469386	56	L
648.4053673469386	648.6053673469387	54	K
648.6053673469387	648.6453673469387	7	AH1
648.6453673469387	648.8643673469387	56	L
648.8643673469387	649.0443673469388	21	ER0
649.0443673469388	649.1543673469387	48	D
649.1543673469387	649.3533673469387	74	sp
649.3533673469387	649.4533673469386	49	DH
649.4533673469386	649.6533673469387	6	AH0
649.6533673469387	649.7623673469387	46	B
649.7623673469387	649.9623673469387	19	EH1
649.9623673469387	650.1123673469388	48	D
650.1123673469388	650.2113673469387	61	R
650.2113673469387	650.2413673469387	45	UW2
650.2413673469387	650.5613673469387	57	M
650.5613673469387	650.6903673469387	67	W
650.6903673469387	650.7903673469386	6	AH0
650.7903673469386	650.8203673469387	49	DH
650.8203673469387	652.8653673469387	74	sp
652.8653673469387	653.2643673469388	10	AO1
653.2643673469388	653.3043673469388	61	R
653.3043673469388	653.4143673469387	67	W
653.4143673469387	653.6633673469387	10	AO1
653.6633673469387	653.7733673469387	56	L
653.7733673469387	653.8533673469387	67	W
653.8533673469387	653.9533673469386	28	IH1
653.9533673469386	654.0633673469388	65	TH
654.0633673469388	654.2623673469387	74	sp
654.2623673469387	654.3023673469387	54	K
654.3023673469387	654.3823673469387	61	R
654.3823673469387	654.5913673469388	25	EY1
654.5913673469388	654.6413673469388	2	AA2
654.6413673469388	654.7513673469387	58	N
654.7513673469387	665.4282993197279	74	sp
665.4282993197279	665.6272993197279	63	SH
665.6272993197279	665.8472993197279	32	IY1
665.8472993197279	666.0862993197279	62	S
666.0862993197279	666.2362993197279	56	L
666.2362993197279	666.3452993197279	28	IH1
666.3452993197279	666.4652993197278	60	P
666.4652993197278	666.4952993197279	64	T
666.4952993197279	667.1042993197279	74	sp
667.1042993197279	667.3032993197279	1	AA1
667.3032993197279	667.3532993197279	58	N
667.3532993197279	667.3832993197279	49	DH
667.3832993197279	667.5532993197279	6	AH0
667.5532993197279	667.8022993197278	62	S
667.8022993197278	667.8722993197279	64	T
667.8722993197279	668.1112993197279	19	EH1
668.1112993197279	668.1412993197279	61	R
668.1412993197279	668.3512993197279	69	Z
668.3512993197279	678.3362358276644	74	sp
678.3362358276644	678.5062358276645	48	D
678.5062358276645	678.7252358276644	44	UW1
678.7252358276644	678.7852358276645	74	sp
678.7852358276645	679.0542358276645	10	AO1
679.0542358276645	679.1242358276644	56	L
679.1242358276644	679.2542358276644	74	sp
679.2542358276644	679.3342358276644	50	F
679.3342358276644	679.5432358276644	1	AA1
679.5432358276644	679.5732358276643	61	R
679.5732358276643	679.7032358276645	57	M
679.7032358276645	679.8732358276644	21	ER0
679.8732358276644	680.0522358276644	69	Z
680.0522358276644	680.0922358276644	51	G
680.0922358276644	680.2222358276645	61	R
680.2222358276645	680.3522358276645	35	OW1
680.3522358276645	680.5012358276645	60	P
680.5012358276645	680.5412358276644	6	AH0
680.5412358276644	680.7412358276645	64	T
680.7412358276645	680.9102358276645	25	EY1
680.9102358276645	680.9602358276644	64	T
680.9602358276644	681.1902358276644	34	OW0
681.1902358276644	681.5092358276644	69	Z
681.5092358276644	692.5854875283446	74	sp
692.5854875283446	692.6154875283446	62	S
692.6154875283446	692.6544875283446	64	T
692.6544875283446	693.0044875283447	32	IY1
693.0044875283447	693.0444875283447	66	V
693.0444875283447	693.1634875283446	67	W
693.1634875283446	693.4034875283446	10	AO1
693.4034875283446	693.4734875283447	61	R
693.4734875283447	693.7224875283446	25	EY1
693.7224875283446	693.8424875283447	46	B
693.8424875283447	693.9424875283446	61	R
693.9424875283446	694.2014875283446	16	AY1
694.2014875283446	694.2414875283446	64	T
694.2414875283446	694.3814875283447	61	R
694.3814875283447	694.6004875283447	19	EH1
694.6004875283447	694.7304875283446	48	D
694.7304875283446	694.9394875283447	62	S
694.9394875283447	695.2194875283446	67	W
695.2194875283446	695.3484875283447	19	EH1
695.3484875283447	695.3784875283446	64	T
695.3784875283446	695.4184875283447	21	ER0
695.4184875283447	705.4449886621315	74	sp
705.4449886621315	705.5939886621316	67	W
705.5939886621316	705.9829886621316	32	IY1
705.9829886621316	706.2029886621316	1	AA1
706.2029886621316	706.3129886621316	61	R
706.3129886621316	706.3929886621315	74	sp
706.3929886621315	706.6419886621316	35	OW1
706.6419886621316	706.7619886621316	60	P
706.7619886621316	706.8019886621316	6	AH0
706.8019886621316	706.9409886621315	58	N
706.9409886621315	707.0809886621316	19	EH1
707.0809886621316	707.2109886621316	66	V
707.2109886621316	707.2709886621316	61	R
707.2709886621316	707.3999886621316	31	IY0
707.3999886621316	707.5499886621316	57	M
707.5499886621316	707.6099886621316	7	AH1
707.6099886621316	707.7789886621316	58	N
707.7789886621316	707.8389886621316	48	D
707.8389886621316	708.0789886621316	26	EY2
708.0789886621316	708.2679886621315	32	IY1
708.2679886621315	708.3979886621316	66	V
708.3979886621316	708.4879886621316	58	N
708.4879886621316	708.5179886621315	27	IH0
708.5179886621315	708.6369886621316	59	NG
708.6369886621316	718.7593520973	74	sp
718.7593520973	718.9325105832901	52	HH
718.9325105832901	719.4216073595077	32	IY1
719.4216073595077	719.7071669679825	67	W
719.7071669679825	719.9532342901789	28	IH1
719.9532342901789	720.3451192847881	56	L
720.3451192847881	720.5174777382452	1	AA1
720.5174777382452	720.6617764765704	56	L
720.6617764765704	720.7613072247992	67	W
720.7613072247992	721.0475857348289	24	EY0
721.0475857348289	721.274706946419	69	Z
721.274706946419	725.5839444432854	74	sp
725.5839444432854	725.6866135429151	52	HH
725.6866135429151	725.9205293924105	32	IY1
725.9205293924105	726.0086275694931	67	W
726.0086275694931	726.1483695055553	28	IH1
726.1483695055553	726.3434114871015	56	L
726.3434114871015	727.5885679669296	74	sp
727.5885679669296	727.8474139281127	1	AA1
727.8474139281127	728.1633522183403	56	L
728.1633522183403	728.3015752203148	67	W
728.3015752203148	729.1075020545618	24	EY0
729.1075020545618	729.763681580419	25	EY1
729.763681580419	730.1768316522549	74	sp
730.1768316522549	730.3397413729823	61	R
730.3397413729823	730.5842897610911	19	EH1
730.5842897610911	730.9002280513185	61	R
730.9002280513185	731.0251581918723	56	L
731.0251581918723	731.4671680113732	16	AY1
731.4671680113732	742.5385034013606	74	sp
742.5385034013606	742.6185034013606	49	DH
742.6185034013606	742.6685034013606	31	IY0
742.6685034013606	742.8375034013607	61	R
742.8375034013607	743.0275034013606	35	OW1
743.0275034013606	743.1475034013606	69	Z
743.1475034013606	743.2665034013605	6	AH0
743.2665034013605	743.3465034013607	69	Z
743.3465034013607	743.5565034013606	62	S
743.5565034013606	743.5865034013606	57	M
743.5865034013606	743.7355034013606	19	EH1
743.7355034013606	743.8855034013607	56	L
743.8855034013607	743.9155034013606	48	D
743.9155034013606	744.1045034013606	66	V
744.1045034013606	744.3245034013605	19	EH1
744.3245034013605	744.3545034013606	61	R
744.3545034013606	744.4945034013606	31	IY0
744.4945034013606	744.7735034013606	62	S
744.7735034013606	744.8835034013606	67	W
744.8835034013606	745.0225034013606	32	IY1
745.0225034013606	745.0525034013606	64	T
745.0525034013606	758.0877097505669	74	sp
758.0877097505669	758.1677097505669	57	M
758.1677097505669	758.3477097505669	16	AY1
758.3477097505669	758.4667097505669	50	F
758.4667097505669	758.7367097505669	25	EY1
758.7367097505669	758.8067097505669	66	V
758.8067097505669	758.8657097505669	21	ER0
758.8657097505669	758.9557097505669	6	AH0
758.9557097505669	758.9957097505669	64	T
758.9957097505669	759.2747097505669	16	AY1
759.2747097505669	759.424709750567	62	S
759.424709750567	759.4947097505669	54	K
759.4947097505669	759.5247097505669	61	R
759.5247097505669	759.6647097505669	32	IY1
759.6647097505669	759.8137097505669	57	M
759.8137097505669	759.8837097505669	74	sp
759.8837097505669	759.953709750567	50	F
759.953709750567	760.0137097505669	56	L
760.0137097505669	760.1527097505669	25	EY1
760.1527097505669	760.262709750567	66	V
760.262709750567	760.3427097505669	21	ER0
760.3427097505669	760.5327097505669	6	AH0
760.5327097505669	760.6917097505669	69	Z
760.6917097505669	760.751709750567	74	sp
760.751709750567	760.791709750567	66	V
760.791709750567	760.8517097505669	6	AH0
760.8517097505669	760.9517097505669	58	N
760.9517097505669	761.011709750567	28	IH1
761.011709750567	761.2107097505669	56	L
761.2107097505669	761.3587673670082	6	AH0
761.3587673670082	772.73	74	sp
772.73	772.9572443308361	4	AE1
772.9572443308361	773.0148194572464	48	D
773.0148194572464	773.0800029410731	49	DH
773.0800029410731	773.316690525369	6	AH0
773.316690525369	773.4234790525439	64	T
773.4234790525439	773.645286805296	44	UW1
773.645286805296	773.6812136413829	58	N
773.6812136413829	773.7878524341139	7	AH1
773.7878524341139	773.8994511706929	57	M
773.8994511706929	773.9378907355145	46	B
773.9378907355145	774.0941289667251	21	ER0
774.0941289667251	774.2625096990789	69	Z
774.2625096990789	774.4284432163197	64	T
774.4284432163197	774.5506449991922	6	AH0
774.5506449991922	774.5791646763179	51	G
774.5791646763179	774.7540026969583	19	EH1
774.7540026969583	774.7986421915899	49	DH
774.7986421915899	775.0097813844268	21	ER0
775.0097813844268	775.1619253216418	67	W
775.1619253216418	775.3367633422822	7	AH1
775.3367633422822	775.4121030170758	58	N
775.4121030170758	775.4697085522919	46	B
775.4697085522919	775.6566469636645	16	AY1
775.6566469636645	775.7305969180521	67	W
775.7305969180521	775.9203147702365	7	AH1
775.9203147702365	775.9736772858129	58	N
775.9736772858129	787.2690022675738	54	K
787.2690022675738	787.4890022675737	1	AA1
787.4890022675737	787.5490022675738	61	R
787.5490022675738	787.7980022675738	56	L
787.7980022675738	787.9480022675737	56	L
787.9480022675737	788.1770022675737	28	IH1
788.1770022675737	788.2070022675737	66	V
788.2070022675737	788.4470022675737	69	Z
788.4470022675737	788.4860022675737	28	IH1
788.4860022675737	788.5160022675736	58	N
788.5160022675736	789.2950022675736	25	EY1
789.2950022675736	789.3250022675737	66	V
789.3250022675737	789.3540022675737	19	EH1
789.3540022675737	789.3840022675737	61	R
789.3840022675737	789.4140022675738	31	IY0
789.4140022675738	789.5040022675737	62	S
789.5040022675737	789.6440022675738	57	M
789.6440022675738	789.8130022675737	10	AO1
789.8130022675737	789.8430022675736	56	L
789.8430022675736	789.9830022675737	52	HH
789.9830022675737	790.2520022675737	35	OW1
790.2520022675737	790.3420022675737	57	M
790.3420022675737	807.3217233560091	74	sp
