427.39936507936505	427.778365079365	88888	DID
427.778365079365	427.84836507936507	495	YOU
427.84836507936507	428.5063650793651	134	EAT
428.5063650793651	429.05536507936506	88888	LUNCH
429.05536507936506	430.04336507936506	88888	YESTERDAY
430.04336507936506	440.78947845804987	99999	sp
440.78947845804987	441.08847845804985	438	THEY
441.08847845804985	441.1384784580499	99999	sp
441.1384784580499	442.2154784580499	14	ALL
442.2154784580499	442.80447845804986	241	LIKE
442.80447845804986	443.1534784580499	99999	sp
443.1534784580499	443.78247845804987	247	LONG
443.78247845804987	444.1714784580499	88888	HOT
444.1714784580499	445.07947845804983	88888	SHOWERS
445.07947845804983	456.3504761904762	99999	sp
456.3504761904762	456.6494761904762	476	WE
456.6494761904762	457.429889289756	480	WELCOME
457.429889289756	457.92647619047614	256	MANY
457.92647619047614	458.4054761904762	282	NEW
458.4054761904762	459.3234761904762	408	STUDENTS
459.3234761904762	459.7324761904762	132	EACH
459.7324761904762	460.0114761904762	491	YEAR
460.0114761904762	477.68634920634923	99999	sp
477.68634920634923	478.5843492063492	210	HOW
478.5843492063492	479.0523492063492	128	DO
479.0523492063492	479.87134920634924	318	OYSTERS
479.87134920634924	480.1703492063492	253	MAKE
480.1703492063492	480.3993492063492	99999	sp
480.3993492063492	481.0883492063492	320	PEARLS
481.0883492063492	492.9869387755102	99999	sp
492.9869387755102	493.3959387755102	325	PICK
493.3959387755102	493.59493877551023	1	A
493.59493877551023	494.2239387755102	88888	PRIZE
494.2239387755102	494.29393877551024	99999	sp
494.29393877551024	494.4929387755102	166	FROM
494.4929387755102	494.76293877551024	434	THE
494.76293877551024	495.39973731718766	88888	BAG
495.39973731718766	508.37931972789113	99999	sp
508.37931972789113	508.9283197278911	88888	BOB
508.9283197278911	509.1973197278911	88888	LOOKED
509.1973197278911	509.3173197278911	99999	sp
509.3173197278911	509.6263197278911	161	FOR
509.6263197278911	510.3053197278911	88888	SHELLS
510.3053197278911	510.37431972789113	99999	sp
510.37431972789113	510.6443197278911	73	BY
510.6443197278911	510.8833197278911	434	THE
510.8833197278911	511.0033197278911	99999	sp
511.0033197278911	511.5723197278911	88888	OCEAN
511.5723197278911	522.3120181405895	99999	sp
522.3120181405895	522.7410181405896	210	HOW
522.7410181405896	523.2000181405896	269	MUCH
523.2000181405896	524.0880181405896	16	ALLOWANCE
524.0880181405896	524.2080181405896	99999	sp
524.2080181405896	524.4670181405895	128	DO
524.4670181405895	524.6970181405895	495	YOU
524.6970181405895	524.7470181405896	99999	sp
524.7470181405896	525.0260181405896	177	GET
525.0260181405896	533.6848979591837	99999	sp
533.6848979591837	533.8838979591837	434	THE
533.8838979591837	534.3728979591837	88888	TOOTH
534.3728979591837	534.5328979591836	99999	sp
534.5328979591836	534.9618979591837	88888	FAIRY
534.9618979591837	535.6998979591837	88888	FORGOT
535.6998979591837	535.8798979591836	99999	sp
535.8798979591836	536.0888979591837	446	TO
536.0888979591837	536.7178979591837	88888	COME
536.7178979591837	537.4158979591837	99999	sp
537.4158979591837	537.9248979591837	482	WHEN
537.9248979591837	538.7228979591837	88888	ROGER'S
538.7228979591837	538.7628979591836	99999	sp
538.7628979591836	539.0728979591836	88888	TOOTH
539.0728979591836	539.1818979591837	99999	sp
539.1818979591837	539.5408979591837	88888	FELL
539.5408979591837	539.8208979591836	306	OUT
539.8208979591836	550.1962811791383	99999	sp
550.1962811791383	550.8352811791383	229	JOHN'S
550.8352811791383	550.9052811791383	99999	sp
550.9052811791383	551.7032811791382	66	BROTHER
551.7032811791382	552.9102811791383	363	REPAINTED
552.9102811791383	553.1002811791383	434	THE
553.1002811791383	553.8082811791382	173	GARAGE
553.8082811791382	553.8582811791383	99999	sp
553.8582811791383	554.1272811791383	129	DOOR
554.1272811791383	565.036462585034	99999	sp
565.036462585034	565.2843100413601	210	HOW
565.2843100413601	565.4483297676414	128	DO
565.4483297676414	565.6256477602059	495	YOU
565.6256477602059	565.9191922074986	88888	KNOW
565.9191922074986	566.1857891893262	88888	MY
566.1857891893262	566.6915624215725	88888	NAME
566.6915624215725	576.5368448129387	99999	sp
576.5368448129387	577.0677273922729	88888	JANE
577.0677273922729	577.8796379831664	88888	HELPED
577.8796379831664	578.1133151840057	204	HER
578.1133151840057	578.9773024067918	88888	SISTER
578.9773024067918	579.2379147869399	487	WITH
579.2379147869399	579.5999375404593	204	HER
579.5999375404593	580.4803138255348	99999	sp
580.4803138255348	580.7658734340097	487	WITH
580.7658734340097	581.5223026096505	88888	HOMEWORK
581.5223026096505	592.0385487528345	99999	sp
592.0385487528345	592.3675487528344	202	HE
592.3675487528344	592.7965487528345	88888	ATE
592.7965487528345	593.3255487528345	88888	FOUR
593.3255487528345	593.3855487528344	99999	sp
593.3855487528344	594.0235487528345	88888	EXTRA
594.0235487528345	594.6725487528345	88888	EGGS
594.6725487528345	594.7515487528344	99999	sp
594.7515487528344	595.2505487528344	88888	BEFORE
595.2505487528344	596.0685487528344	88888	BREAKFAST
596.0685487528344	607.9886621315193	99999	sp
607.9886621315193	608.6076621315193	88888	BIRTHDAY
608.6076621315193	609.3856621315192	88888	PARTIES
609.3856621315192	609.6256621315192	88888	HAVE
609.6256621315192	609.7346621315194	99999	sp
609.7346621315194	610.5826621315193	88888	CUPCAKES
610.5826621315193	610.8326621315193	20	AND
610.8326621315193	611.2016621315192	212	ICE
611.2016621315192	611.2616621315193	99999	sp
611.2616621315193	611.5606621315193	112	CREAM
611.5606621315193	624.2388630917441	99999	sp
624.2388630917441	624.997863091744	88888	SHE'S
624.997863091744	625.086863091744	99999	sp
625.086863091744	625.6258630917441	88888	TALLER
625.6258630917441	625.9046795884844	432	THAN
625.9046795884844	626.124863091744	211	I
626.124863091744	626.513863091744	88888	AM
626.513863091744	647.4783673469387	99999	sp
647.4783673469387	648.4053673469386	88888	MICHAEL
648.4053673469386	649.1543673469387	88888	COLORED
649.1543673469387	649.3533673469387	99999	sp
649.3533673469387	649.6533673469387	434	THE
649.6533673469387	650.5613673469387	88888	BEDROOM
650.5613673469387	650.8203673469387	487	WITH
650.8203673469387	652.8653673469387	99999	sp
652.8653673469387	653.3043673469388	302	OR
653.3043673469388	653.7733673469387	88888	WALL
653.7733673469387	654.0633673469388	487	WITH
654.0633673469388	654.2623673469387	99999	sp
654.2623673469387	654.7513673469387	88888	CRAYON
654.7513673469387	665.4282993197279	99999	sp
665.4282993197279	665.8472993197279	375	SHE
665.8472993197279	666.4952993197279	388	SLIPPED
666.4952993197279	667.1042993197279	99999	sp
667.1042993197279	667.3532993197279	297	ON
667.3532993197279	667.5532993197279	434	THE
667.5532993197279	668.3512993197279	88888	STAIRS
668.3512993197279	678.3362358276644	99999	sp
678.3362358276644	678.7252358276644	128	DO
678.7252358276644	678.7852358276645	99999	sp
678.7852358276645	679.1242358276644	14	ALL
679.1242358276644	679.2542358276644	99999	sp
679.2542358276644	680.0522358276644	151	FARMERS
680.0522358276644	680.3522358276645	197	GROW
680.3522358276645	681.5092358276644	338	POTATOES
681.5092358276644	692.5854875283446	99999	sp
692.5854875283446	693.0444875283447	405	STEVE
693.0444875283447	693.4734875283447	490	WORE
693.4734875283447	693.7224875283446	1	A
693.7224875283446	694.2414875283446	65	BRIGHT
694.2414875283446	694.7304875283446	356	RED
694.7304875283446	695.4184875283447	420	SWEATER
695.4184875283447	705.4449886621315	99999	sp
705.4449886621315	705.9829886621316	476	WE
705.9829886621316	706.3129886621316	30	ARE
706.3129886621316	706.3929886621315	99999	sp
706.3929886621315	706.9409886621315	301	OPEN
706.9409886621315	707.3999886621316	145	EVERY
707.3999886621316	708.0789886621316	265	MONDAY
708.0789886621316	708.6369886621316	143	EVENING
708.6369886621316	718.7593520973	99999	sp
718.7593520973	719.4216073595077	202	HE
719.4216073595077	720.3451192847881	485	WILL
720.3451192847881	721.274706946419	88888	ALWAYS
721.274706946419	725.5839444432854	99999	sp
725.5839444432854	725.9205293924105	202	HE
725.9205293924105	726.3434114871015	485	WILL
726.3434114871015	727.5885679669296	99999	sp
727.5885679669296	729.1075020545618	88888	ALWAY
729.1075020545618	729.763681580419	1	A
729.763681580419	730.1768316522549	99999	sp
730.1768316522549	730.9002280513185	352	RARE
730.9002280513185	731.4671680113732	238	LIE
731.4671680113732	742.5385034013606	99999	sp
742.5385034013606	742.6685034013606	434	THE
742.6685034013606	743.3465034013607	88888	ROSES
743.3465034013607	743.9155034013606	393	SMELLED
743.9155034013606	744.4945034013606	465	VERY
744.4945034013606	745.0525034013606	421	SWEET
745.0525034013606	758.0877097505669	99999	sp
758.0877097505669	758.3477097505669	88888	MY
758.3477097505669	758.9957097505669	88888	FAVORITE
758.9957097505669	759.424709750567	212	ICE
759.424709750567	759.8137097505669	112	CREAM
759.8137097505669	759.8837097505669	99999	sp
759.8837097505669	760.3427097505669	88888	FLAVOR
760.3427097505669	760.6917097505669	224	IS
760.6917097505669	760.751709750567	99999	sp
760.751709750567	761.3587673670082	463	VANILLA
761.3587673670082	772.73	99999	sp
772.73	773.0148194572464	7	ADD
773.0148194572464	773.316690525369	434	THE
773.316690525369	773.645286805296	453	TWO
773.645286805296	774.2625096990789	88888	NUMBERS
774.2625096990789	775.0097813844268	88888	TOGETHER
775.0097813844268	775.4121030170758	88888	ONE
775.4121030170758	775.6566469636645	73	BY
775.6566469636645	775.9736772858129	88888	ONE
775.9736772858129	787.7980022675738	88888	CARL
787.7980022675738	788.4470022675737	88888	LIVES
788.4470022675737	788.5160022675736	217	IN
788.5160022675736	789.2950022675736	1	A
789.2950022675736	789.4140022675738	465	VERY
789.4140022675738	789.8430022675736	392	SMALL
789.8430022675736	790.3420022675737	88888	HOME
790.3420022675737	807.3217233560091	99999	sp
