18.32562358276644	18.361627741869633	52	HH
18.361627741869633	18.57347103909261	13	AW1
18.57347103909261	18.650999558958112	48	D
18.650999558958112	18.737490765373934	44	UW1
18.737490765373934	18.800178210149785	68	Y
18.800178210149785	18.914808757938324	44	UW1
18.914808757938324	19.01873672367246	58	N
19.01873672367246	19.208353205231074	35	OW1
19.208353205231074	19.27844560530962	57	M
19.27844560530962	19.474950187058653	16	AY1
19.474950187058653	19.58360085503957	58	N
19.58360085503957	19.886777422745823	25	EY1
19.886777422745823	19.980723419304944	57	M
19.980723419304944	32.144	74	sp
32.144	32.37124433083618	4	AE1
32.37124433083618	32.428819457246476	48	D
32.428819457246476	32.49400294107306	49	DH
32.49400294107306	32.73069052536905	6	AH0
32.73069052536905	32.83747905254395	64	T
32.83747905254395	33.05928680529607	44	UW1
33.05928680529607	33.0952136413829	58	N
33.0952136413829	33.20185243411393	7	AH1
33.20185243411393	33.313451170692915	57	M
33.313451170692915	33.351890735514566	46	B
33.351890735514566	33.508128966725145	21	ER0
33.508128966725145	33.67650969907897	69	Z
33.67650969907897	33.842443216319666	64	T
33.842443216319666	33.96464499919218	6	AH0
33.96464499919218	33.99316467631792	51	G
33.99316467631792	34.16800269695834	19	EH1
34.16800269695834	34.212642191589936	49	DH
34.212642191589936	34.42378138442683	21	ER0
34.42378138442683	34.57592532164178	67	W
34.57592532164178	34.7507633422822	7	AH1
34.7507633422822	34.82610301707579	58	N
34.82610301707579	34.883708552291864	46	B
34.883708552291864	35.07064696366445	16	AY1
35.07064696366445	35.14459691805218	67	W
35.14459691805218	35.33431477023646	7	AH1
35.33431477023646	35.3876772858129	58	N
35.3876772858129	56.385550214525	74	sp
56.385550214525	56.560799939603086	52	HH
56.560799939603086	56.93232935676863	32	IY1
56.93232935676863	57.1461340213639	67	W
57.1461340213639	57.56848585880209	28	IH1
57.56848585880209	57.85083190757629	56	L
57.85083190757629	58.180301390723095	1	AA1
58.180301390723095	58.26626188851953	56	L
58.26626188851953	58.3240942977953	67	W
58.3240942977953	58.64646565943081	24	EY0
58.64646565943081	58.9327892834106	69	Z
58.9327892834106	63.21939869449271	74	sp
63.21939869449271	63.30468946862258	52	HH
63.30468946862258	63.51849413321785	32	IY1
63.51849413321785	63.63153020589321	67	W
63.63153020589321	63.8067799309713	28	IH1
63.8067799309713	63.952237202786115	56	L
63.952237202786115	65.17680630788976	74	sp
65.17680630788976	65.54017293937903	1	AA1
65.54017293937903	65.70666017820321	56	L
65.70666017820321	65.85211745001803	67	W
65.85211745001803	66.53734387507335	24	EY0
66.53734387507335	66.74063355616393	74	sp
66.74063355616393	67.15784541186066	25	EY1
67.15784541186066	67.77834694864794	74	sp
67.77834694864794	67.9446812246969	61	R
67.9446812246969	68.2110608068156	19	EH1
68.2110608068156	68.46692540542959	61	R
68.46692540542959	68.57908522947957	56	L
68.57908522947957	69.08501534673684	16	AY1
69.08501534673684	81.37351550066667	74	sp
81.37351550066667	81.46480725623582	53	JH
81.46480725623582	81.71480725623582	1	AA1
81.71480725623582	81.87380725623582	58	N
81.87380725623582	82.00380725623582	69	Z
82.00380725623582	82.07380725623582	74	sp
82.07380725623582	82.11380725623582	46	B
82.11380725623582	82.15380725623582	61	R
82.15380725623582	82.35280725623582	7	AH1
82.35280725623582	82.50280725623581	49	DH
82.50280725623581	82.87180725623581	21	ER0
82.87180725623581	82.96180725623582	61	R
82.96180725623582	83.27080725623581	31	IY0
83.27080725623581	83.43080725623582	60	P
83.43080725623582	83.57980725623582	25	EY1
83.57980725623582	83.70980725623582	58	N
83.70980725623582	83.84980725623582	64	T
83.84980725623582	83.96880725623582	6	AH0
83.96880725623582	84.07880725623582	48	D
84.07880725623582	84.15880725623582	49	DH
84.15880725623582	84.26880725623582	6	AH0
84.26880725623582	84.36880725623581	51	G
84.36880725623581	84.52780725623582	21	ER0
84.52780725623582	84.81780725623582	1	AA1
84.81780725623582	84.97680725623582	70	ZH
84.97680725623582	85.02680725623581	74	sp
85.02680725623581	85.09680725623582	48	D
85.09680725623582	85.26580725623582	10	AO1
85.26580725623582	85.29580725623582	61	R
85.29580725623582	98.45478458049887	74	sp
98.45478458049887	98.55378458049887	52	HH
98.55378458049887	98.78378458049887	32	IY1
98.78378458049887	99.13278458049886	25	EY1
99.13278458049886	99.21278458049888	64	T
99.21278458049888	99.43178458049887	50	F
99.43178458049887	99.60178458049887	10	AO1
99.60178458049887	99.74178458049887	61	R
99.74178458049887	99.80178458049888	74	sp
99.80178458049888	100.06078458049888	19	EH1
100.06078458049888	100.12078458049886	54	K
100.12078458049886	100.30978458049887	62	S
100.30978458049887	100.37978458049886	64	T
100.37978458049886	100.40978458049887	61	R
100.40978458049887	100.43978458049887	6	AH0
100.43978458049887	100.81878458049887	19	EH1
100.81878458049887	100.94878458049887	51	G
100.94878458049887	101.08878458049887	69	Z
101.08878458049887	101.16778458049887	74	sp
101.16778458049887	101.21778458049887	46	B
101.21778458049887	101.26778458049887	6	AH0
101.26778458049887	101.46778458049887	50	F
101.46778458049887	101.63678458049887	10	AO1
101.63678458049887	101.66678458049887	61	R
101.66678458049887	101.80678458049887	46	B
101.80678458049887	101.83678458049887	61	R
101.83678458049887	101.97678458049887	19	EH1
101.97678458049887	102.09578458049887	54	K
102.09578458049887	102.24578458049886	50	F
102.24578458049886	102.40578458049887	6	AH0
102.40578458049887	102.45578458049887	62	S
102.45578458049887	102.48478458049887	64	T
102.48478458049887	116.4319982589242	74	sp
116.4319982589242	116.52033925989481	53	JH
116.52033925989481	116.92845849302974	25	EY1
116.92845849302974	116.97751386271356	58	N
116.97751386271356	117.12270100412773	52	HH
117.12270100412773	117.2675157133811	19	EH1
117.2675157133811	117.38257539702411	56	L
117.38257539702411	117.6989182084999	60	P
117.6989182084999	117.7664828033655	64	T
117.7664828033655	117.83764965247066	52	HH
117.83764965247066	118.02917796486418	22	ER1
118.02917796486418	118.20995909487617	62	S
118.20995909487617	118.3088077513615	28	IH1
118.3088077513615	118.46065230086988	62	S
118.46065230086988	118.57734764910317	64	T
118.57734764910317	118.7830452053224	21	ER0
118.7830452053224	118.95654202436675	67	W
118.95654202436675	119.01418671445789	28	IH1
119.01418671445789	119.13565107046328	65	TH
119.13565107046328	119.25177759139385	52	HH
119.25177759139385	119.47279128704308	22	ER1
119.47279128704308	120.40283915278191	74	sp
120.40283915278191	120.4521983865644	67	W
120.4521983865644	120.54991316610915	28	IH1
120.54991316610915	120.66135965460516	65	TH
120.66135965460516	120.74712370571638	52	HH
120.74712370571638	120.89314474560884	35	OW1
120.89314474560884	120.99085952515358	57	M
120.99085952515358	121.0449892951172	67	W
121.0449892951172	121.33763028713786	21	ER0
121.33763028713786	121.41495852994305	54	K
121.41495852994305	139.24163265306123	74	sp
139.24163265306123	139.27163265306123	48	D
139.27163265306123	139.50063265306122	28	IH1
139.50063265306122	139.62063265306122	48	D
139.62063265306122	139.6606326530612	68	Y
139.6606326530612	139.69063265306121	44	UW1
139.69063265306121	140.31863265306123	32	IY1
140.31863265306123	140.34863265306123	64	T
140.34863265306123	140.37863265306123	56	L
140.37863265306123	140.60863265306122	7	AH1
140.60863265306122	140.7676326530612	58	N
140.7676326530612	140.89763265306124	47	CH
140.89763265306124	140.94763265306122	68	Y
140.94763265306122	141.0766326530612	19	EH1
141.0766326530612	141.26663265306124	62	S
141.26663265306124	141.36663265306123	64	T
141.36663265306123	141.48663265306124	21	ER0
141.48663265306124	141.58563265306123	48	D
141.58563265306123	141.88563265306124	26	EY2
141.88563265306124	152.442358276644	74	sp
152.442358276644	152.61235827664402	48	D
152.61235827664402	152.831358276644	44	UW1
152.831358276644	152.891358276644	74	sp
152.891358276644	153.16035827664402	10	AO1
153.16035827664402	153.230358276644	56	L
153.230358276644	153.360358276644	74	sp
153.360358276644	153.44035827664402	50	F
153.44035827664402	153.64935827664402	1	AA1
153.64935827664402	153.679358276644	61	R
153.679358276644	153.80935827664402	57	M
153.80935827664402	153.979358276644	21	ER0
153.979358276644	154.158358276644	69	Z
154.158358276644	154.198358276644	51	G
154.198358276644	154.328358276644	61	R
154.328358276644	154.45835827664402	35	OW1
154.45835827664402	154.60735827664402	60	P
154.60735827664402	154.647358276644	6	AH0
154.647358276644	154.847358276644	64	T
154.847358276644	155.016358276644	25	EY1
155.016358276644	155.066358276644	64	T
155.066358276644	155.296358276644	34	OW0
155.296358276644	155.615358276644	69	Z
155.615358276644	165.20462585034014	74	sp
165.20462585034014	165.28462585034015	57	M
165.28462585034015	165.46462585034013	16	AY1
165.46462585034013	165.58362585034013	50	F
165.58362585034013	165.85362585034014	25	EY1
165.85362585034014	165.92362585034013	66	V
165.92362585034013	165.98262585034013	21	ER0
165.98262585034013	166.07262585034013	6	AH0
166.07262585034013	166.11262585034015	64	T
166.11262585034015	166.39162585034015	16	AY1
166.39162585034015	166.54162585034015	62	S
166.54162585034015	166.61162585034015	54	K
166.61162585034015	166.64162585034015	61	R
166.64162585034015	166.78162585034013	32	IY1
166.78162585034013	166.93062585034014	57	M
166.93062585034014	167.00062585034013	74	sp
167.00062585034013	167.07062585034015	50	F
167.07062585034015	167.13062585034015	56	L
167.13062585034015	167.26962585034013	25	EY1
167.26962585034013	167.37962585034015	66	V
167.37962585034015	167.45962585034013	21	ER0
167.45962585034013	167.64962585034013	6	AH0
167.64962585034013	167.80862585034015	69	Z
167.80862585034015	167.86862585034015	74	sp
167.86862585034015	167.90862585034014	66	V
167.90862585034014	167.96862585034015	6	AH0
167.96862585034015	168.06862585034014	58	N
168.06862585034014	168.12862585034014	28	IH1
168.12862585034014	168.32762585034013	56	L
168.32762585034013	168.47568346678148	6	AH0
168.47568346678148	178.03356009070293	74	sp
178.03356009070293	178.13256009070292	60	P
178.13256009070292	178.28256009070293	28	IH1
178.28256009070293	178.44256009070293	54	K
178.44256009070293	178.64156009070294	25	EY1
178.64156009070294	178.81156009070293	60	P
178.81156009070293	178.84156009070293	61	R
178.84156009070293	179.13056009070294	16	AY1
179.13056009070294	179.27056009070293	69	Z
179.27056009070293	179.34056009070292	74	sp
179.34056009070292	179.37056009070292	50	F
179.37056009070292	179.40956009070294	61	R
179.40956009070294	179.50956009070293	7	AH1
179.50956009070293	179.53956009070293	57	M
179.53956009070293	179.56956009070294	49	DH
179.56956009070294	179.80956009070294	6	AH0
179.80956009070294	179.92856009070294	46	B
179.92856009070294	180.27756009070293	4	AE1
180.27756009070293	180.44635863238037	51	G
180.44635863238037	192.6627664399093	74	sp
192.6627664399093	192.7127664399093	49	DH
192.7127664399093	192.9617664399093	25	EY1
192.9617664399093	193.0117664399093	74	sp
193.0117664399093	193.5207664399093	10	AO1
193.5207664399093	194.0887664399093	56	L
194.0887664399093	194.2787664399093	56	L
194.2787664399093	194.6477664399093	16	AY1
194.6477664399093	194.6777664399093	54	K
194.6777664399093	195.0267664399093	74	sp
195.0267664399093	195.1467664399093	56	L
195.1467664399093	195.4557664399093	10	AO1
195.4557664399093	195.65576643990929	59	NG
195.65576643990929	195.7857664399093	52	HH
195.7857664399093	195.9747664399093	1	AA1
195.9747664399093	196.0447664399093	64	T
196.0447664399093	196.2837664399093	63	SH
196.2837664399093	196.6337664399093	13	AW1
196.6337664399093	196.76276643990929	21	ER0
196.76276643990929	196.95276643990928	69	Z
196.95276643990928	207.50784580498868	74	sp
207.50784580498868	207.65684580498868	67	W
207.65684580498868	208.0458458049887	32	IY1
208.0458458049887	208.2658458049887	1	AA1
208.2658458049887	208.37584580498867	61	R
208.37584580498867	208.45584580498868	74	sp
208.45584580498868	208.70484580498868	35	OW1
208.70484580498868	208.82484580498868	60	P
208.82484580498868	208.86484580498868	6	AH0
208.86484580498868	209.00384580498869	58	N
209.00384580498869	209.14384580498867	19	EH1
209.14384580498867	209.2738458049887	66	V
209.2738458049887	209.3338458049887	61	R
209.3338458049887	209.4628458049887	31	IY0
209.4628458049887	209.6128458049887	57	M
209.6128458049887	209.6728458049887	7	AH1
209.6728458049887	209.84184580498868	58	N
209.84184580498868	209.90184580498868	48	D
209.90184580498868	210.1418458049887	26	EY2
210.1418458049887	210.33084580498868	32	IY1
210.33084580498868	210.46084580498868	66	V
210.46084580498868	210.55084580498868	58	N
210.55084580498868	210.58084580498868	27	IH0
210.58084580498868	210.69984580498868	59	NG
210.69984580498868	222.03963718820862	74	sp
222.03963718820862	222.18863718820862	67	W
222.18863718820862	222.33863718820862	32	IY1
222.33863718820862	222.45863718820863	67	W
222.45863718820863	222.56673834284368	19	EH1
222.56673834284368	222.7761946956785	56	L
222.7761946956785	222.81936295421147	54	K
222.81936295421147	222.97875344725628	6	AH0
222.97875344725628	223.1182201286705	57	M
223.1182201286705	223.22115982209525	57	M
223.22115982209525	223.3639471387812	19	EH1
223.3639471387812	223.47020746747774	58	N
223.47020746747774	223.6156371882086	31	IY0
223.6156371882086	223.83563718820864	58	N
223.83563718820864	224.0446371882086	68	Y
224.0446371882086	224.09463718820862	44	UW1
224.09463718820862	224.36463718820863	62	S
224.36463718820863	224.43363718820862	64	T
224.43363718820862	224.57363718820864	44	UW1
224.57363718820864	224.6036371882086	48	D
224.6036371882086	224.70363718820863	6	AH0
224.70363718820863	224.88263718820863	58	N
224.88263718820863	224.93263718820862	64	T
224.93263718820862	225.01263718820863	62	S
225.01263718820863	225.20263718820863	32	IY1
225.20263718820863	225.42163718820862	47	CH
225.42163718820862	225.4916371882086	68	Y
225.4916371882086	225.67163718820862	28	IH1
225.67163718820862	225.70063718820862	61	R
225.70063718820862	235.6878911564626	74	sp
235.6878911564626	235.8868911564626	63	SH
235.8868911564626	236.1068911564626	32	IY1
236.1068911564626	236.3458911564626	62	S
236.3458911564626	236.4958911564626	56	L
236.4958911564626	236.6048911564626	28	IH1
236.6048911564626	236.7248911564626	60	P
236.7248911564626	236.7548911564626	64	T
236.7548911564626	237.3638911564626	74	sp
237.3638911564626	237.5628911564626	1	AA1
237.5628911564626	237.6128911564626	58	N
237.6128911564626	237.6428911564626	49	DH
237.6428911564626	237.8128911564626	6	AH0
237.8128911564626	238.0618911564626	62	S
238.0618911564626	238.13189115646261	64	T
238.13189115646261	238.3708911564626	19	EH1
238.3708911564626	238.4008911564626	61	R
238.4008911564626	238.6108911564626	69	Z
238.6108911564626	249.34004535147392	74	sp
249.34004535147392	249.39004535147393	52	HH
249.39004535147393	249.76904535147392	13	AW1
249.76904535147392	249.89904535147392	57	M
249.89904535147392	250.04904535147392	7	AH1
250.04904535147392	250.22804535147392	47	CH
250.22804535147392	250.27804535147393	6	AH0
250.27804535147393	250.46804535147393	56	L
250.46804535147393	250.89704535147393	13	AW1
250.89704535147393	250.92704535147394	6	AH0
250.92704535147394	250.95704535147394	58	N
250.95704535147394	251.11604535147393	62	S
251.11604535147393	251.23604535147393	74	sp
251.23604535147393	251.28604535147392	48	D
251.28604535147392	251.49504535147392	44	UW1
251.49504535147392	251.67504535147393	68	Y
251.67504535147393	251.72504535147394	44	UW1
251.72504535147394	251.77504535147392	74	sp
251.77504535147392	251.85404535147393	51	G
251.85404535147393	252.02404535147392	19	EH1
252.02404535147392	252.05404535147392	64	T
252.05404535147392	263.3317006802721	74	sp
263.3317006802721	263.4417006802721	54	K
263.4417006802721	263.6617006802721	1	AA1
263.6617006802721	263.7217006802721	61	R
263.7217006802721	263.9707006802721	56	L
263.9707006802721	264.1207006802721	56	L
264.1207006802721	264.34970068027206	28	IH1
264.34970068027206	264.3797006802721	66	V
264.3797006802721	264.6197006802721	69	Z
264.6197006802721	264.6587006802721	28	IH1
264.6587006802721	264.68870068027206	58	N
264.68870068027206	265.46770068027206	25	EY1
265.46770068027206	265.4977006802721	66	V
265.4977006802721	265.5267006802721	19	EH1
265.5267006802721	265.55670068027206	61	R
265.55670068027206	265.5867006802721	31	IY0
265.5867006802721	265.67670068027206	62	S
265.67670068027206	265.8167006802721	57	M
265.8167006802721	265.9857006802721	10	AO1
265.9857006802721	266.01570068027206	56	L
266.01570068027206	266.1557006802721	52	HH
266.1557006802721	266.4247006802721	35	OW1
266.4247006802721	266.5147006802721	57	M
266.5147006802721	276.97460317460315	74	sp
276.97460317460315	277.07360317460314	52	HH
277.07360317460314	277.8726031746031	13	AW1
277.8726031746031	278.0716031746031	48	D
278.0716031746031	278.34060317460313	44	UW1
278.34060317460313	278.6106031746031	38	OY1
278.6106031746031	278.8196031746031	62	S
278.8196031746031	278.85960317460314	64	T
278.85960317460314	279.02960317460315	21	ER0
279.02960317460315	279.15960317460315	69	Z
279.15960317460315	279.2886031746031	57	M
279.2886031746031	279.4086031746031	25	EY1
279.4086031746031	279.4586031746031	54	K
279.4586031746031	279.6876031746031	74	sp
279.6876031746031	279.71760317460314	60	P
279.71760317460314	279.90760317460314	22	ER1
279.90760317460314	280.09660317460316	56	L
280.09660317460316	280.37660317460313	69	Z
280.37660317460313	298.65913832199544	74	sp
298.65913832199544	298.8281383219954	57	M
298.8281383219954	299.0481383219954	16	AY1
299.0481383219954	299.21713832199544	54	K
299.21713832199544	299.2671383219954	6	AH0
299.2671383219954	299.5861383219954	56	L
299.5861383219954	299.7861383219954	54	K
299.7861383219954	299.8261383219954	7	AH1
299.8261383219954	300.0451383219954	56	L
300.0451383219954	300.2251383219954	21	ER0
300.2251383219954	300.33513832199543	48	D
300.33513832199543	300.53413832199544	74	sp
300.53413832199544	300.6341383219954	49	DH
300.6341383219954	300.8341383219954	6	AH0
300.8341383219954	300.94313832199543	46	B
300.94313832199543	301.1431383219954	19	EH1
301.1431383219954	301.2931383219954	48	D
301.2931383219954	301.3921383219954	61	R
301.3921383219954	301.4221383219954	45	UW2
301.4221383219954	301.7421383219954	57	M
301.7421383219954	301.87113832199543	67	W
301.87113832199543	301.9711383219954	6	AH0
301.9711383219954	302.0011383219954	49	DH
302.0011383219954	304.04613832199544	74	sp
304.04613832199544	304.44513832199544	10	AO1
304.44513832199544	304.4851383219954	61	R
304.4851383219954	304.5951383219954	67	W
304.5951383219954	304.84413832199544	10	AO1
304.84413832199544	304.9541383219954	56	L
304.9541383219954	305.03413832199544	67	W
305.03413832199544	305.1341383219954	28	IH1
305.1341383219954	305.2441383219954	65	TH
305.2441383219954	305.44313832199543	74	sp
305.44313832199543	305.4831383219954	54	K
305.4831383219954	305.56313832199544	61	R
305.56313832199544	305.77213832199544	25	EY1
305.77213832199544	305.8221383219954	2	AA2
305.8221383219954	305.9321383219954	58	N
305.9321383219954	315.8102009602248	74	sp
315.8102009602248	316.0102009602248	63	SH
316.0102009602248	316.3392009602248	32	IY1
316.3392009602248	316.56920096022475	69	Z
316.56920096022475	316.65820096022475	74	sp
316.65820096022475	316.71820096022475	64	T
316.71820096022475	317.09720096022477	10	AO1
317.09720096022477	317.16720096022476	56	L
317.16720096022476	317.1972009602248	21	ER0
317.1972009602248	317.2572009602248	49	DH
317.2572009602248	317.41292538680153	4	AE1
317.41292538680153	317.4760174569651	58	N
317.4760174569651	317.69620096022476	16	AY1
317.69620096022476	317.8662009602248	25	EY1
317.8662009602248	318.02520096022477	19	EH1
318.02520096022477	318.08520096022477	57	M
318.08520096022477	328.26249433106574	74	sp
328.26249433106574	328.3424943310658	49	DH
328.3424943310658	328.3924943310658	31	IY0
328.3924943310658	328.5614943310658	61	R
328.5614943310658	328.75149433106577	35	OW1
328.75149433106577	328.8714943310658	69	Z
328.8714943310658	328.99049433106575	6	AH0
328.99049433106575	329.0704943310658	69	Z
329.0704943310658	329.28049433106577	62	S
329.28049433106577	329.31049433106574	57	M
329.31049433106574	329.45949433106574	19	EH1
329.45949433106574	329.6094943310658	56	L
329.6094943310658	329.63949433106575	48	D
329.63949433106575	329.82849433106577	66	V
329.82849433106577	330.04849433106574	19	EH1
330.04849433106574	330.07849433106577	61	R
330.07849433106577	330.21849433106576	31	IY0
330.21849433106576	330.49749433106575	62	S
330.49749433106575	330.60749433106577	67	W
330.60749433106577	330.7464943310658	32	IY1
330.7464943310658	330.77649433106575	64	T
330.77649433106575	342.8606802721088	74	sp
342.8606802721088	342.89068027210885	62	S
342.89068027210885	342.92968027210884	64	T
342.92968027210884	343.27968027210886	32	IY1
343.27968027210886	343.3196802721088	66	V
343.3196802721088	343.43868027210885	67	W
343.43868027210885	343.67868027210886	10	AO1
343.67868027210886	343.74868027210886	61	R
343.74868027210886	343.9976802721088	25	EY1
343.9976802721088	344.1176802721088	46	B
344.1176802721088	344.21768027210885	61	R
344.21768027210885	344.47668027210887	16	AY1
344.47668027210887	344.51668027210883	64	T
344.51668027210883	344.6566802721088	61	R
344.6566802721088	344.87568027210887	19	EH1
344.87568027210887	345.00568027210886	48	D
345.00568027210886	345.21468027210886	62	S
345.21468027210886	345.49468027210884	67	W
345.49468027210884	345.62368027210886	19	EH1
345.62368027210886	345.65368027210883	64	T
345.65368027210883	345.69368027210885	21	ER0
345.69368027210885	359.9546485260771	74	sp
359.9546485260771	360.0246485260771	49	DH
360.0246485260771	360.1536485260771	6	AH0
360.1536485260771	360.3836485260771	64	T
360.3836485260771	360.60264852607713	44	UW1
360.60264852607713	360.6426485260771	65	TH
360.6426485260771	360.8026485260771	74	sp
360.8026485260771	360.8426485260771	50	F
360.8426485260771	361.0516485260771	19	EH1
361.0516485260771	361.0816485260771	61	R
361.0816485260771	361.2316485260771	31	IY0
361.2316485260771	361.4406485260771	50	F
361.4406485260771	361.5406485260771	21	ER0
361.5406485260771	361.6906485260771	51	G
361.6906485260771	361.92964852607713	1	AA1
361.92964852607713	361.9696485260771	64	T
361.9696485260771	362.1496485260771	74	sp
362.1496485260771	362.3086485260771	64	T
362.3086485260771	362.3586485260771	27	IH0
362.3586485260771	362.5686485260771	54	K
362.5686485260771	362.8076485260771	7	AH1
362.8076485260771	362.9876485260771	57	M
362.9876485260771	363.6856485260771	74	sp
363.6856485260771	363.8456485260771	67	W
363.8456485260771	363.9556485260771	19	EH1
363.9556485260771	364.1946485260771	58	N
364.1946485260771	364.2646485260771	61	R
364.2646485260771	364.4836485260771	1	AA1
364.4836485260771	364.6336485260771	53	JH
364.6336485260771	364.7836485260771	21	ER0
364.7836485260771	364.9926485260771	69	Z
364.9926485260771	365.0326485260771	74	sp
365.0326485260771	365.1126485260771	64	T
365.1126485260771	365.2826485260771	44	UW1
365.2826485260771	365.3426485260771	65	TH
365.3426485260771	365.4516485260771	74	sp
365.4516485260771	365.5316485260771	50	F
365.5316485260771	365.63164852607713	19	EH1
365.63164852607713	365.8106485260771	56	L
365.8106485260771	366.0606485260771	13	AW1
366.0606485260771	366.09064852607713	64	T
366.09064852607713	378.5772335600907	74	sp
378.5772335600907	378.6372335600907	46	B
378.6372335600907	378.7572335600907	22	ER1
378.7572335600907	378.9462335600907	65	TH
378.9462335600907	378.99623356009073	48	D
378.99623356009073	379.1962335600907	26	EY2
379.1962335600907	379.3462335600907	60	P
379.3462335600907	379.4852335600907	1	AA1
379.4852335600907	379.5152335600907	61	R
379.5152335600907	379.5752335600907	64	T
379.5752335600907	379.8142335600907	31	IY0
379.8142335600907	379.9742335600907	69	Z
379.9742335600907	380.0142335600907	52	HH
380.0142335600907	380.1742335600907	4	AE1
380.1742335600907	380.2142335600907	66	V
380.2142335600907	380.3232335600907	74	sp
380.3232335600907	380.4432335600907	54	K
380.4432335600907	380.5932335600907	7	AH1
380.5932335600907	380.6922335600907	60	P
380.6922335600907	380.8022335600907	54	K
380.8022335600907	380.9522335600907	26	EY2
380.9522335600907	381.1412335600907	54	K
381.1412335600907	381.1712335600907	62	S
381.1712335600907	381.3512335600907	4	AE1
381.3512335600907	381.3812335600907	58	N
381.3812335600907	381.4212335600907	48	D
381.4212335600907	381.6202335600907	16	AY1
381.6202335600907	381.7902335600907	62	S
381.7902335600907	381.8502335600907	74	sp
381.8502335600907	381.9802335600907	54	K
381.9802335600907	382.0892335600907	61	R
382.0892335600907	382.1192335600907	32	IY1
382.1192335600907	382.1492335600907	57	M
382.1492335600907	396.2281179138322	74	sp
396.2281179138322	396.27811791383215	46	B
396.27811791383215	396.60711791383216	1	AA1
396.60711791383216	396.77711791383217	46	B
396.77711791383217	396.8871179138322	56	L
396.8871179138322	396.9861179138322	41	UH1
396.9861179138322	397.01611791383215	54	K
397.01611791383215	397.0461179138322	64	T
397.0461179138322	397.1661179138322	74	sp
397.1661179138322	397.32611791383215	50	F
397.32611791383215	397.39511791383217	10	AO1
397.39511791383217	397.47511791383215	61	R
397.47511791383215	397.71511791383216	63	SH
397.71511791383216	397.8441179138322	19	EH1
397.8441179138322	398.05411791383216	56	L
398.05411791383216	398.1541179138322	69	Z
398.1541179138322	398.2231179138322	74	sp
398.2231179138322	398.25311791383217	46	B
398.25311791383217	398.4931179138322	16	AY1
398.4931179138322	398.5431179138322	49	DH
398.5431179138322	398.73211791383216	31	IY0
398.73211791383216	398.85211791383216	74	sp
398.85211791383216	398.98211791383216	35	OW1
398.98211791383216	399.20111791383215	63	SH
399.20111791383215	399.3611179138322	6	AH0
399.3611179138322	399.4211179138322	58	N
399.4211179138322	427.39936507936505	74	sp
