184.19994285714284	184.22894285714284	51	G
184.22894285714284	184.25894285714287	61	R
184.25894285714287	184.34894285714284	4	AE1
184.34894285714284	184.41894285714287	58	N
184.41894285714287	184.49894285714285	57	M
184.49894285714285	184.57894285714286	8	AH2
184.57894285714286	184.65794285714287	49	DH
184.65794285714287	184.86794285714285	21	ER0
184.86794285714285	184.91794285714286	14	AW2
184.91794285714286	185.06794285714284	64	T
185.06794285714284	185.13694285714286	51	G
185.13694285714286	185.24694285714287	61	R
185.24694285714287	185.40694285714287	44	UW1
185.40694285714287	185.47694285714286	52	HH
185.47694285714286	185.63594285714285	21	ER0
185.63594285714285	185.76594285714287	7	AH1
185.76594285714287	185.82594285714288	60	P
185.82594285714288	185.85594285714285	46	B
185.85594285714285	185.92594285714284	61	R
185.92594285714284	186.00494285714285	29	IH2
186.00494285714285	186.04494285714287	59	NG
186.04494285714287	186.15494285714286	27	IH0
186.15494285714286	186.26494285714284	59	NG
186.26494285714284	186.29494285714287	6	AH0
186.29494285714287	186.36494285714286	58	N
186.36494285714286	186.42394285714286	74	sp
186.42394285714286	186.47394285714284	60	P
186.47394285714284	186.51394285714287	19	EH1
186.51394285714287	186.54394285714287	64	T
186.54394285714287	186.60394285714284	31	IY0
186.60394285714284	186.65394285714285	54	K
186.65394285714285	186.68394285714285	36	OW2
186.68394285714285	186.87294285714285	64	T
186.87294285714285	187.10294285714286	62	S
187.10294285714286	196.56819682539683	74	sp
196.56819682539683	196.75819682539682	1	AA1
196.75819682539682	196.78819682539682	46	B
196.78819682539682	196.8871968253968	53	JH
196.8871968253968	196.95719682539684	18	EH0
196.95719682539684	196.98719682539684	54	K
196.98719682539684	197.1371968253968	62	S
197.1371968253968	197.20719682539684	57	M
197.20719682539684	197.30619682539682	25	EY1
197.30619682539682	197.37619682539682	48	D
197.37619682539682	197.42619682539683	6	AH0
197.42619682539683	197.45619682539683	66	V
197.45619682539683	197.68619682539682	60	P
197.68619682539682	197.77519682539682	68	Y
197.77519682539682	197.8151968253968	44	UW1
197.8151968253968	197.8751968253968	64	T
197.8751968253968	198.08519682539682	21	ER0
198.08519682539682	198.25419682539683	21	ER0
198.25419682539683	198.28419682539683	74	sp
198.28419682539683	198.31419682539683	46	B
198.31419682539683	198.38419682539683	68	Y
198.38419682539683	198.41419682539683	44	UW1
198.41419682539683	198.45419682539682	64	T
198.45419682539682	198.51419682539682	6	AH0
198.51419682539682	198.62419682539684	50	F
198.62419682539684	198.65319682539683	6	AH0
198.65319682539683	198.70319682539682	56	L
198.70319682539682	209.22084988662132	74	sp
209.22084988662132	209.2408498866213	74	sp
209.2408498866213	209.29084988662132	2	AA2
209.29084988662132	209.3408498866213	61	R
209.3408498866213	209.37084988662133	64	T
209.37084988662133	209.39984988662133	6	AH0
209.39984988662133	209.51984988662133	50	F
209.51984988662133	209.5698498866213	28	IH1
209.5698498866213	209.6998498866213	63	SH
209.6998498866213	209.77984988662132	6	AH0
209.77984988662132	209.8188498866213	56	L
209.8188498866213	209.8488498866213	29	IH2
209.8488498866213	209.92884988662132	58	N
209.92884988662132	210.05884988662132	64	T
210.05884988662132	210.0988498866213	19	EH1
210.0988498866213	210.20884988662132	56	L
210.20884988662132	210.26784988662132	6	AH0
210.26784988662132	210.3478498866213	53	JH
210.3478498866213	210.4078498866213	6	AH0
210.4078498866213	210.45784988662132	58	N
210.45784988662132	210.6578498866213	62	S
210.6578498866213	210.75684988662132	28	IH1
210.75684988662132	210.8968498866213	69	Z
210.8968498866213	211.00684988662132	50	F
211.00684988662132	211.13584988662132	21	ER0
211.13584988662132	211.19584988662132	61	R
211.19584988662132	211.30584988662133	32	IY1
211.30584988662133	211.3358498866213	56	L
211.3358498866213	223.79214240362813	74	sp
223.79214240362813	223.92114240362812	64	T
223.92114240362812	224.20114240362813	1	AA1
224.20114240362813	224.24114240362812	48	D
224.24114240362812	224.3701424036281	60	P
224.3701424036281	224.42014240362812	56	L
224.42014240362812	224.53014240362813	25	EY1
224.53014240362813	224.71014240362814	62	S
224.71014240362814	224.78914240362812	64	T
224.78914240362812	224.8391424036281	64	T
224.8391424036281	224.94914240362812	1	AA1
224.94914240362812	225.02914240362813	60	P
225.02914240362813	225.2281424036281	74	sp
225.2281424036281	225.25814240362814	60	P
225.25814240362814	225.2981424036281	61	R
225.2981424036281	225.3581424036281	15	AY0
225.3581424036281	225.38814240362814	10	AO1
225.38814240362814	225.45814240362813	61	R
225.45814240362813	225.6081424036281	6	AH0
225.6081424036281	225.63814240362814	64	T
225.63814240362814	225.92714240362812	31	IY0
225.92714240362812	226.0771424036281	74	sp
226.0771424036281	226.12614240362814	1	AA1
226.12614240362814	226.20614240362812	58	N
226.20614240362812	226.4761424036281	74	sp
226.4761424036281	226.5361424036281	51	G
226.5361424036281	226.57514240362812	28	IH1
226.57514240362812	226.6151424036281	64	T
226.6151424036281	226.64514240362814	27	IH0
226.64514240362814	226.8051424036281	59	NG
226.8051424036281	226.8651424036281	52	HH
226.8651424036281	226.90514240362813	28	IH1
226.90514240362813	226.96514240362814	69	Z
226.96514240362814	227.09414240362813	74	sp
227.09414240362813	227.12414240362813	46	B
227.12414240362813	227.2741424036281	16	AY1
227.2741424036281	227.32414240362812	54	K
227.32414240362812	227.4831424036281	50	F
227.4831424036281	227.5431424036281	28	IH1
227.5431424036281	227.66314240362811	54	K
227.66314240362811	227.84314240362812	62	S
227.84314240362812	227.99872191607113	64	T
227.99872191607113	241.243389569161	74	sp
241.243389569161	241.40238956916102	67	W
241.40238956916102	241.432389569161	28	IH1
241.432389569161	241.57238956916098	58	N
241.57238956916098	241.761389569161	60	P
241.761389569161	241.871389569161	32	IY1
241.871389569161	241.941389569161	56	L
241.941389569161	242.001389569161	27	IH0
242.001389569161	242.111389569161	59	NG
242.111389569161	242.15138956916098	6	AH0
242.15138956916098	242.200389569161	58	N
242.200389569161	242.250389569161	10	AO1
242.250389569161	242.280389569161	61	R
242.280389569161	242.31038956916098	6	AH0
242.31038956916098	242.669389569161	58	N
242.669389569161	242.839389569161	53	JH
242.839389569161	242.899389569161	74	sp
242.899389569161	242.999389569161	28	IH1
242.999389569161	243.029389569161	64	T
243.029389569161	243.098389569161	28	IH1
243.098389569161	243.268389569161	69	Z
243.268389569161	243.308389569161	52	HH
243.308389569161	243.41838956916098	1	AA1
243.41838956916098	243.587389569161	61	R
243.587389569161	243.69738956916098	48	D
243.69738956916098	243.897389569161	74	sp
243.897389569161	244.066389569161	58	N
244.066389569161	244.15638956916098	1	AA1
244.15638956916098	244.21638956916098	64	T
244.21638956916098	244.306389569161	74	sp
244.306389569161	244.415389569161	64	T
244.415389569161	244.445389569161	6	AH0
244.445389569161	244.605389569161	62	S
244.605389569161	244.665389569161	60	P
244.665389569161	244.735389569161	61	R
244.735389569161	244.904389569161	25	EY1
244.904389569161	245.024389569161	53	JH
245.024389569161	245.184389569161	44	UW1
245.184389569161	245.533389569161	62	S
245.533389569161	258.92547573696146	74	sp
258.92547573696146	258.95547573696143	49	DH
258.95547573696143	258.98547573696146	6	AH0
258.98547573696146	259.09447573696144	57	M
259.09447573696144	259.23447573696143	10	AO1
259.23447573696143	259.26447573696146	61	R
259.26447573696146	259.29447573696143	58	N
259.29447573696143	259.35447573696143	27	IH0
259.35447573696143	259.5134757369614	59	NG
259.5134757369614	259.5734757369614	48	D
259.5734757369614	259.9724757369614	44	UW1
259.9724757369614	260.02247573696144	1	AA1
260.02247573696144	260.18247573696146	58	N
260.18247573696146	260.21247573696144	49	DH
260.21247573696144	260.2424757369614	6	AH0
260.2424757369614	260.37147573696143	62	S
260.37147573696143	260.43147573696143	60	P
260.43147573696143	260.5714757369615	16	AY1
260.5714757369615	260.6414757369614	48	D
260.6414757369614	260.80047573696146	21	ER0
260.80047573696146	261.0404757369614	74	sp
261.0404757369614	261.12047573696145	67	W
261.12047573696145	261.3194757369614	19	EH1
261.3194757369614	261.35947573696143	46	B
261.35947573696143	261.60947573696143	74	sp
261.60947573696143	261.6484757369615	51	G
261.6484757369615	261.73847573696145	56	L
261.73847573696145	261.7684757369614	28	IH1
261.7684757369614	261.90847573696146	62	S
261.90847573696146	261.9484757369614	6	AH0
261.9484757369614	261.98847573696145	58	N
261.98847573696145	262.2274757369614	48	D
262.2274757369614	262.33747573696144	28	IH1
262.33747573696144	262.4174757369614	58	N
262.4174757369614	262.44747573696145	49	DH
262.44747573696145	262.4774757369614	6	AH0
262.4774757369614	262.6364757369614	62	S
262.6364757369614	262.79647573696144	7	AH1
262.79647573696144	262.82647573696147	58	N
262.82647573696147	275.0820290249433	74	sp
275.0820290249433	275.1720290249433	64	T
275.1720290249433	275.2020290249433	9	AO0
275.2020290249433	275.2510290249433	61	R
275.2510290249433	275.2910290249433	58	N
275.2910290249433	275.4410290249433	25	EY1
275.4410290249433	275.5210290249433	48	D
275.5210290249433	275.5510290249433	36	OW2
275.5510290249433	275.6810290249433	69	Z
275.6810290249433	275.8200290249433	10	AO1
275.8200290249433	275.9400290249433	50	F
275.9400290249433	275.9700290249433	6	AH0
275.9700290249433	276.0800290249433	58	N
276.0800290249433	276.1390290249433	48	D
276.1390290249433	276.1690290249433	6	AH0
276.1690290249433	276.2990290249433	62	S
276.2990290249433	276.33902902494333	64	T
276.33902902494333	276.5290290249433	61	R
276.5290290249433	276.5680290249433	38	OY1
276.5680290249433	276.9580290249433	25	EY1
276.9580290249433	276.98802902494333	66	V
276.98802902494333	277.1170290249433	31	IY0
277.1170290249433	277.1770290249433	20	EH2
277.1770290249433	277.25702902494334	61	R
277.25702902494334	277.4370290249433	31	IY0
277.4370290249433	277.6460290249433	69	Z
277.6460290249433	289.44066848072566	74	sp
289.44066848072566	289.47066848072564	49	DH
289.47066848072564	289.5006684807256	25	EY1
289.5006684807256	289.5296684807256	61	R
289.5296684807256	289.55966848072563	6	AH0
289.55966848072563	289.72966848072565	57	M
289.72966848072565	289.92966848072564	25	EY1
289.92966848072564	289.9786684807257	58	N
289.9786684807257	290.0286684807256	48	D
290.0286684807256	290.08866848072563	56	L
290.08866848072563	290.2186684807257	16	AY1
290.2186684807257	290.3486684807257	50	F
290.3486684807257	290.37866848072565	56	L
290.37866848072565	290.5776684807256	10	AO1
290.5776684807256	290.63766848072567	59	NG
290.63766848072567	290.8076684807256	50	F
290.8076684807256	290.88666848072563	61	R
290.88666848072563	290.94666848072563	19	EH1
290.94666848072563	291.04666848072566	58	N
291.04666848072566	291.18666848072564	69	Z
291.18666848072564	291.2266684807256	6	AH0
291.2266684807256	291.27566848072564	58	N
291.27566848072564	291.31566848072566	48	D
291.31566848072566	291.3856684807256	54	K
291.3856684807256	291.4156684807256	6	AH0
291.4156684807256	291.4956684807256	57	M
291.4956684807256	291.57566848072565	60	P
291.57566848072565	291.6156684807256	4	AE1
291.6156684807256	291.65566848072564	58	N
291.65566848072564	291.68566848072567	68	Y
291.68566848072567	291.71466848072566	6	AH0
291.71466848072566	291.98466848072565	58	N
291.98466848072565	292.2711232339211	69	Z
292.2711232339211	303.5310993197279	74	sp
303.5310993197279	303.5610993197279	49	DH
303.5610993197279	303.5910993197279	6	AH0
303.5910993197279	303.6800993197279	50	F
303.6800993197279	303.72009931972786	41	UH1
303.72009931972786	303.8000993197279	64	T
303.8000993197279	303.84009931972787	46	B
303.84009931972787	303.89009931972794	11	AO2
303.89009931972794	304.0300993197279	56	L
304.0300993197279	304.0890993197279	64	T
304.0890993197279	304.2090993197279	32	IY1
304.2090993197279	304.29909931972793	57	M
304.29909931972793	304.3990993197279	54	K
304.3990993197279	304.55809931972794	35	OW1
304.55809931972794	304.7880993197279	47	CH
304.7880993197279	304.8280993197279	52	HH
304.8280993197279	304.9080993197279	6	AH0
304.9080993197279	305.0470993197279	69	Z
305.0470993197279	305.09709931972793	6	AH0
305.09709931972793	305.2970993197279	67	W
305.2970993197279	305.4760993197279	1	AA1
305.4760993197279	305.6260993197279	47	CH
305.6260993197279	305.6660993197279	19	EH1
305.6660993197279	305.8550993197279	69	Z
305.8550993197279	305.9450993197279	65	TH
305.9450993197279	306.01509931972794	28	IH1
306.01509931972794	306.0650993197279	58	N
306.0650993197279	306.1150993197279	19	EH1
306.1150993197279	306.2250993197279	69	Z
306.2250993197279	306.28409931972794	6	AH0
306.28409931972794	306.3840993197279	48	D
306.3840993197279	306.4540993197279	16	AY1
306.4540993197279	306.4840993197279	57	M
306.4840993197279	317.4735029478458	74	sp
317.4735029478458	317.50350294784585	49	DH
317.50350294784585	317.6035029478458	25	EY1
317.6035029478458	317.7625029478458	10	AO1
317.7625029478458	317.8425029478458	50	F
317.8425029478458	317.8825029478458	6	AH0
317.8825029478458	317.9725029478458	58	N
317.9725029478458	318.04250294784583	51	G
318.04250294784583	318.2415029478458	35	OW1
318.2415029478458	318.5705029478458	13	AW1
318.5705029478458	318.6105029478458	64	T
318.6105029478458	318.6505029478458	6	AH0
318.6505029478458	318.72050294784583	58	N
318.72050294784583	318.7605029478458	49	DH
318.7605029478458	318.8705029478458	31	IY0
318.8705029478458	318.97050294784583	32	IY1
318.97050294784583	319.0005029478458	66	V
319.0005029478458	319.09950294784585	58	N
319.09950294784585	319.1295029478458	27	IH0
319.1295029478458	319.2095029478458	59	NG
319.2095029478458	332.51930793650797	74	sp
332.51930793650797	332.5793079365079	1	AA1
332.5793079365079	332.639307936508	61	R
332.639307936508	332.66930793650795	27	IH0
332.66930793650795	332.7093079365079	54	K
332.7093079365079	332.82830793650794	62	S
332.82830793650794	332.88830793650794	60	P
332.88830793650794	332.95830793650794	19	EH1
332.95830793650794	332.99830793650796	61	R
332.99830793650796	333.02830793650793	6	AH0
333.02830793650793	333.1083079365079	57	M
333.1083079365079	333.14830793650793	6	AH0
333.14830793650793	333.17730793650793	58	N
333.17730793650793	333.20730793650796	64	T
333.20730793650796	333.28730793650794	62	S
333.28730793650794	333.35730793650794	74	sp
333.35730793650794	333.437307936508	60	P
333.437307936508	333.57730793650796	1	AA1
333.57730793650796	333.67630793650795	69	Z
333.67630793650795	333.716307936508	6	AH0
333.716307936508	333.75630793650794	64	T
333.75630793650794	333.84630793650797	27	IH0
333.84630793650797	333.92630793650795	66	V
333.92630793650795	334.1753079365079	13	AW1
334.1753079365079	334.20530793650795	64	T
334.20530793650795	334.41530793650793	54	K
334.41530793650793	334.4453079365079	8	AH2
334.4453079365079	334.48430793650795	57	M
334.48430793650795	334.61430793650794	74	sp
334.61430793650794	334.64430793650797	67	W
334.64430793650797	334.67430793650794	6	AH0
334.67430793650794	334.8443079365079	69	Z
334.8443079365079	334.87430793650793	8	AH2
334.87430793650793	334.92330793650797	58	N
334.92330793650797	334.9733079365079	27	IH0
334.9733079365079	335.00330793650795	54	K
335.00330793650795	335.14330793650794	62	S
335.14330793650794	335.18330793650796	60	P
335.18330793650796	335.2333079365079	19	EH1
335.2333079365079	335.26330793650794	54	K
335.26330793650794	335.40230793650795	64	T
335.40230793650795	335.432307936508	6	AH0
335.432307936508	335.47230793650795	48	D
335.47230793650795	347.43332154195014	74	sp
347.43332154195014	347.56332154195013	32	IY1
347.56332154195013	347.5933215419501	47	CH
347.5933215419501	347.8023215419501	62	S
347.8023215419501	347.8423215419501	64	T
347.8423215419501	348.0523215419501	4	AE1
348.0523215419501	348.1613215419501	51	G
348.1613215419501	348.3413215419501	63	SH
348.3413215419501	348.3713215419501	41	UH1
348.3713215419501	348.4713215419501	61	R
348.4713215419501	348.5213215419501	56	L
348.5213215419501	348.6103215419501	31	IY0
348.6103215419501	348.72032154195006	50	F
348.72032154195006	348.9003215419501	16	AY1
348.9003215419501	348.9503215419501	58	N
348.9503215419501	349.0493215419501	48	D
349.0493215419501	349.1393215419501	69	Z
349.1393215419501	349.1693215419501	6	AH0
349.1693215419501	349.23932154195006	74	sp
349.23932154195006	349.27932154195014	46	B
349.27932154195014	349.3993215419501	28	IH1
349.3993215419501	349.4493215419501	51	G
349.4493215419501	349.6283215419501	50	F
349.6283215419501	349.68832154195013	10	AO1
349.68832154195013	349.7183215419501	58	N
349.7183215419501	365.1665641723356	74	sp
365.1665641723356	365.2065641723356	49	DH
365.2065641723356	365.2365641723356	6	AH0
365.2365641723356	365.4155641723356	62	S
365.4155641723356	365.4655641723356	29	IH2
365.4655641723356	365.5555641723356	51	G
365.5555641723356	365.7845641723356	21	ER0
365.7845641723356	365.8445641723356	19	EH1
365.8445641723356	365.87456417233557	64	T
365.87456417233557	366.1235641723356	62	S
366.1235641723356	366.1835641723356	74	sp
366.1835641723356	366.2135641723356	6	AH0
366.2135641723356	366.3435641723356	58	N
366.3435641723356	366.3835641723356	49	DH
366.3835641723356	366.45356417233563	31	IY0
366.45356417233563	366.59256417233564	54	K
366.59256417233564	366.67256417233557	56	L
366.67256417233557	367.1415641723356	25	EY1
367.1415641723356	367.20156417233557	74	sp
367.20156417233557	367.3615641723356	4	AE1
367.3615641723356	367.5505641723356	63	SH
367.5505641723356	367.5805641723356	64	T
367.5805641723356	367.6105641723356	61	R
367.6105641723356	367.8005641723356	26	EY2
367.8005641723356	367.8895641723356	74	sp
367.8895641723356	367.99956417233557	10	AO1
367.99956417233557	368.0295641723356	50	F
368.0295641723356	368.68856417233565	74	sp
368.68856417233565	368.7285641723356	36	OW2
368.7285641723356	368.8875641723356	66	V
368.8875641723356	368.97756417233563	21	ER0
368.97756417233563	369.1575641723356	50	F
369.1575641723356	369.2265641723356	56	L
369.2265641723356	369.44656417233557	35	OW1
369.44656417233557	369.50656417233563	48	D
369.50656417233563	369.6855641723356	29	IH2
369.6855641723356	369.7855641723356	58	N
369.7855641723356	369.89556417233564	64	T
369.89556417233564	369.9355641723356	6	AH0
369.9355641723356	370.0055641723356	49	DH
370.0055641723356	370.17456417233564	7	AH1
370.17456417233564	370.2045641723356	35	OW1
370.2045641723356	370.29456417233564	54	K
370.29456417233564	370.3445641723356	74	sp
370.3445641723356	370.42456417233564	64	T
370.42456417233564	370.5535641723356	25	EY1
370.5535641723356	370.5835641723356	46	B
370.5835641723356	370.6135641723356	6	AH0
370.6135641723356	370.6435641723356	56	L
370.6435641723356	384.0338657596372	74	sp
384.0338657596372	384.0638657596372	60	P
384.0638657596372	384.0938657596372	61	R
384.0938657596372	384.1738657596372	6	AH0
384.1738657596372	384.26386575963716	53	JH
384.26386575963716	384.3628657596372	19	EH1
384.3628657596372	384.3928657596372	54	K
384.3928657596372	384.4228657596372	64	T
384.4228657596372	384.45286575963723	48	D
384.45286575963723	384.4828657596372	27	IH0
384.4828657596372	384.58286575963723	66	V
384.58286575963723	384.6228657596372	19	EH1
384.6228657596372	384.7528657596372	56	L
384.7528657596372	384.7918657596372	6	AH0
384.7918657596372	384.8218657596372	60	P
384.8218657596372	384.8818657596372	57	M
384.8818657596372	384.98186575963723	6	AH0
384.98186575963723	385.0118657596372	58	N
385.0118657596372	385.1318657596372	64	T
385.1318657596372	385.18186575963716	67	W
385.18186575963716	385.22086575963715	6	AH0
385.22086575963715	385.34086575963715	69	Z
385.34086575963715	385.38086575963723	60	P
385.38086575963723	385.4108657596372	61	R
385.4108657596372	385.4408657596372	6	AH0
385.4408657596372	385.5708657596372	62	S
385.5708657596372	385.6698657596372	32	IY1
385.6698657596372	385.7098657596372	48	D
385.7098657596372	385.7698657596372	27	IH0
385.7698657596372	385.8798657596372	59	NG
385.8798657596372	385.9998657596372	64	T
385.9998657596372	386.0988657596372	44	UW1
386.0988657596372	386.2988657596372	62	S
386.2988657596372	386.3488657596372	56	L
386.3488657596372	386.4088657596372	35	OW1
386.4088657596372	386.4388657596372	56	L
386.4388657596372	386.50886575963716	31	IY0
386.50886575963716	399.2276979591837	74	sp
399.2276979591837	399.2676979591837	67	W
399.2676979591837	399.29769795918367	6	AH0
399.29769795918367	399.45669795918366	56	L
399.45669795918366	399.5566979591837	61	R
399.5566979591837	399.69669795918367	1	AA1
399.69669795918367	399.73669795918363	46	B
399.73669795918363	399.77669795918365	6	AH0
399.77669795918365	399.91569795918366	58	N
399.91569795918366	400.0256979591837	67	W
400.0256979591837	400.16569795918366	19	EH1
400.16569795918366	400.3056979591837	61	R
400.3056979591837	400.39469795918365	25	EY1
400.39469795918365	400.4646979591837	68	Y
400.4646979591837	400.52469795918364	19	EH1
400.52469795918364	400.62469795918366	56	L
400.62469795918366	400.7346979591837	34	OW0
400.7346979591837	400.8236979591837	56	L
400.8236979591837	400.89369795918367	28	IH1
400.89369795918367	400.9836979591837	56	L
400.9836979591837	401.20369795918367	31	IY0
401.20369795918367	413.30252789115644	74	sp
413.30252789115644	413.4115278911564	64	T
413.4115278911564	413.52152789115644	1	AA1
413.52152789115644	413.6015278911565	57	M
413.6015278911565	413.7215278911565	6	AH0
413.7215278911565	413.8305278911564	62	S
413.8305278911564	413.9405278911564	65	TH
413.9405278911564	414.01052789115647	28	IH1
414.01052789115647	414.10052789115645	59	NG
414.10052789115645	414.1305278911565	54	K
414.1305278911565	414.26952789115643	62	S
414.26952789115643	414.30952789115645	6	AH0
414.30952789115645	414.44952789115644	56	L
414.44952789115644	414.53952789115647	1	AA1
414.53952789115647	414.6295278911564	61	R
414.6295278911564	414.7785278911564	53	JH
414.7785278911564	415.12752789115643	21	ER0
415.12752789115643	415.24752789115644	54	K
415.24752789115644	415.3175278911565	56	L
415.3175278911565	415.47752789115646	4	AE1
415.47752789115646	415.5075278911564	57	M
415.5075278911564	415.5865278911565	60	P
415.5865278911565	415.74652789115646	62	S
415.74652789115646	415.8065278911564	1	AA1
415.8065278911564	415.9855278911565	56	L
415.9855278911565	416.01552789115647	66	V
416.01552789115647	416.0955278911564	69	Z
416.0955278911564	416.13552789115647	74	sp
416.13552789115647	416.16552789115644	49	DH
416.16552789115644	416.1955278911564	6	AH0
416.1955278911564	416.3255278911564	60	P
416.3255278911564	416.39552789115646	61	R
416.39552789115646	416.42452789115646	1	AA1
416.42452789115646	416.45452789115643	46	B
416.45452789115643	416.5145278911565	56	L
416.5145278911565	416.54452789115646	6	AH0
416.54452789115646	416.57452789115644	57	M
416.57452789115644	427.17091791383217	74	sp
427.17091791383217	427.2109179138322	49	DH
427.2109179138322	427.26991791383216	6	AH0
427.26991791383216	427.38991791383216	62	S
427.38991791383216	427.4199179138322	67	W
427.4199179138322	427.45991791383216	6	AH0
427.45991791383216	427.57991791383216	69	Z
427.57991791383216	427.7189179138322	32	IY1
427.7189179138322	427.80891791383215	69	Z
427.80891791383215	427.92891791383215	31	IY0
427.92891791383215	428.0289179138322	50	F
428.0289179138322	428.05891791383215	21	ER0
428.05891791383215	428.30791791383217	7	AH1
428.30791791383217	428.6269179138322	62	S
428.6269179138322	440.9052489795918	74	sp
440.9052489795918	440.9752489795918	48	D
440.9752489795918	441.0052489795918	6	AH0
441.0052489795918	441.16424897959183	62	S
441.16424897959183	441.2042489795918	19	EH1
441.2042489795918	441.3042489795918	57	M
441.3042489795918	441.3342489795918	46	B
441.3342489795918	441.62324897959184	21	ER0
441.62324897959184	441.6532489795918	6	AH0
441.6532489795918	441.7132489795918	58	N
441.7132489795918	441.7432489795918	48	D
441.7432489795918	441.8432489795918	53	JH
441.8432489795918	441.93324897959184	4	AE1
441.93324897959184	441.9922489795918	58	N
441.9922489795918	442.09224897959183	68	Y
442.09224897959183	442.1722489795918	43	UW0
442.1722489795918	442.2922489795918	20	EH2
442.2922489795918	442.3922489795918	61	R
442.3922489795918	442.5712489795918	31	IY0
442.5712489795918	442.6612489795918	21	ER0
442.6612489795918	442.7812489795918	58	N
442.7812489795918	442.9102489795918	16	AY1
442.9102489795918	443.0502489795918	62	S
443.0502489795918	443.1802489795918	57	M
443.1802489795918	443.2302489795918	7	AH1
443.2302489795918	443.26024897959184	58	N
443.26024897959184	443.28924897959183	65	TH
443.28924897959183	443.47924897959183	62	S
443.47924897959183	443.5092489795918	64	T
443.5092489795918	443.53924897959183	6	AH0
443.53924897959183	443.6892489795918	62	S
443.6892489795918	443.7282489795918	60	P
443.7282489795918	443.7782489795918	19	EH1
443.7782489795918	443.8582489795918	58	N
443.8582489795918	443.9682489795918	48	D
443.9682489795918	444.0082489795918	28	IH1
444.0082489795918	444.1082489795918	58	N
444.1082489795918	444.1482489795918	57	M
444.1482489795918	444.2272489795918	15	AY0
444.2272489795918	444.4472489795918	4	AE1
444.4472489795918	444.4972489795918	57	M
444.4972489795918	444.5572489795918	31	IY0
444.5572489795918	456.9782648526077	74	sp
456.9782648526077	457.0282648526077	56	L
457.0282648526077	457.17826485260775	4	AE1
457.17826485260775	457.3382648526077	62	S
457.3382648526077	457.51726485260775	68	Y
457.51726485260775	457.5472648526077	28	IH1
457.5472648526077	457.57726485260775	61	R
457.57726485260775	457.6172648526077	69	Z
457.6172648526077	457.7372648526077	51	G
457.7372648526077	457.9062648526077	4	AE1
457.9062648526077	458.03626485260776	62	S
458.03626485260776	458.18626485260774	63	SH
458.18626485260774	458.24626485260774	10	AO1
458.24626485260774	458.2952648526077	61	R
458.2952648526077	458.3652648526077	64	T
458.3652648526077	458.4852648526077	6	AH0
458.4852648526077	458.62526485260776	53	JH
458.62526485260776	458.7642648526077	54	K
458.7642648526077	458.90426485260775	1	AA1
458.90426485260775	458.9342648526077	69	Z
458.9342648526077	458.96426485260776	48	D
458.96426485260776	459.1342648526077	62	S
459.1342648526077	459.17326485260776	64	T
459.17326485260776	459.32326485260774	32	IY1
459.32326485260774	459.48326485260776	60	P
459.48326485260776	459.51326485260773	60	P
459.51326485260773	459.55326485260775	61	R
459.55326485260775	459.6322648526077	16	AY1
459.6322648526077	459.79226485260773	62	S
459.79226485260773	459.8622648526077	29	IH2
459.8622648526077	459.9422648526077	58	N
459.9422648526077	460.04226485260773	54	K
460.04226485260773	460.0712648526077	61	R
460.0712648526077	460.1312648526077	32	IY1
460.1312648526077	460.2712648526077	62	S
460.2712648526077	460.3312648526077	6	AH0
460.3312648526077	460.5502648526077	69	Z
460.5502648526077	508.24366167800457	74	sp
508.24366167800457	508.2836616780046	49	DH
508.2836616780046	508.31366167800456	6	AH0
508.31366167800456	508.4926616780046	62	S
508.4926616780046	508.54266167800455	29	IH2
508.54266167800455	508.6326616780046	51	G
508.6326616780046	508.86166167800457	21	ER0
508.86166167800457	508.92166167800457	19	EH1
508.92166167800457	508.95166167800454	64	T
508.95166167800454	509.20066167800456	62	S
509.20066167800456	509.26066167800457	74	sp
509.26066167800457	509.2906616780046	6	AH0
509.2906616780046	509.4206616780046	58	N
509.4206616780046	509.46066167800456	49	DH
509.46066167800456	509.5306616780046	31	IY0
509.5306616780046	509.6696616780046	54	K
509.6696616780046	509.74966167800454	56	L
509.74966167800454	510.2186616780046	25	EY1
510.2186616780046	510.27866167800454	74	sp
510.27866167800454	510.43866167800456	4	AE1
510.43866167800456	510.6276616780046	63	SH
510.6276616780046	510.65766167800456	64	T
510.65766167800456	510.6876616780046	61	R
510.6876616780046	510.8776616780046	26	EY2
510.8776616780046	510.9666616780046	74	sp
510.9666616780046	511.07666167800454	10	AO1
511.07666167800454	511.10666167800457	50	F
511.10666167800457	511.7656616780046	74	sp
511.7656616780046	511.8056616780046	36	OW2
511.8056616780046	511.9646616780046	66	V
511.9646616780046	512.0546616780045	21	ER0
512.0546616780045	512.2346616780045	50	F
512.2346616780045	512.3036616780046	56	L
512.3036616780046	512.5236616780045	35	OW1
512.5236616780045	512.5836616780045	48	D
512.5836616780045	512.7626616780045	29	IH2
512.7626616780045	512.8626616780045	58	N
512.8626616780045	512.9726616780046	64	T
512.9726616780046	513.0126616780045	6	AH0
513.0126616780045	513.0826616780046	49	DH
513.0826616780046	513.2516616780046	7	AH1
513.2516616780046	513.2816616780045	35	OW1
513.2816616780045	513.3716616780046	54	K
513.3716616780046	513.4216616780045	74	sp
513.4216616780045	513.5016616780046	64	T
513.5016616780046	513.6306616780046	25	EY1
513.6306616780046	513.6606616780045	46	B
513.6606616780045	513.6906616780045	6	AH0
513.6906616780045	513.7206616780045	56	L
513.7206616780045	524.8537297052154	74	sp
