524.8537297052154	524.8827297052154	51	G
524.8827297052154	524.9127297052154	61	R
524.9127297052154	525.0027297052154	4	AE1
525.0027297052154	525.0727297052155	58	N
525.0727297052155	525.1527297052154	57	M
525.1527297052154	525.2327297052154	8	AH2
525.2327297052154	525.3117297052154	49	DH
525.3117297052154	525.5217297052154	21	ER0
525.5217297052154	525.5717297052154	14	AW2
525.5717297052154	525.7217297052154	64	T
525.7217297052154	525.7907297052154	51	G
525.7907297052154	525.9007297052154	61	R
525.9007297052154	526.0607297052154	44	UW1
526.0607297052154	526.1307297052155	52	HH
526.1307297052155	526.2897297052154	21	ER0
526.2897297052154	526.4197297052154	7	AH1
526.4197297052154	526.4797297052154	60	P
526.4797297052154	526.5097297052154	46	B
526.5097297052154	526.5797297052154	61	R
526.5797297052154	526.6587297052154	29	IH2
526.6587297052154	526.6987297052154	59	NG
526.6987297052154	526.8087297052155	27	IH0
526.8087297052155	526.9187297052154	59	NG
526.9187297052154	526.9487297052154	6	AH0
526.9487297052154	527.0187297052154	58	N
527.0187297052154	527.0777297052155	74	sp
527.0777297052155	527.1277297052154	60	P
527.1277297052154	527.1677297052154	19	EH1
527.1677297052154	527.1977297052155	64	T
527.1977297052155	527.2577297052154	31	IY0
527.2577297052154	527.3077297052154	54	K
527.3077297052154	527.3377297052155	36	OW2
527.3377297052155	527.5267297052154	64	T
527.5267297052154	527.7567297052154	62	S
527.7567297052154	538.7770857142857	74	sp
538.7770857142857	538.8070857142857	60	P
538.8070857142857	538.8370857142856	61	R
538.8370857142856	538.9170857142857	6	AH0
538.9170857142857	539.0070857142856	53	JH
539.0070857142856	539.1060857142857	19	EH1
539.1060857142857	539.1360857142856	54	K
539.1360857142856	539.1660857142857	64	T
539.1660857142857	539.1960857142857	48	D
539.1960857142857	539.2260857142857	27	IH0
539.2260857142857	539.3260857142857	66	V
539.3260857142857	539.3660857142856	19	EH1
539.3660857142856	539.4960857142856	56	L
539.4960857142856	539.5350857142856	6	AH0
539.5350857142856	539.5650857142857	60	P
539.5650857142857	539.6250857142857	57	M
539.6250857142857	539.7250857142857	6	AH0
539.7250857142857	539.7550857142857	58	N
539.7550857142857	539.8750857142857	64	T
539.8750857142857	539.9250857142856	67	W
539.9250857142856	539.9640857142856	6	AH0
539.9640857142856	540.0840857142856	69	Z
540.0840857142856	540.1240857142857	60	P
540.1240857142857	540.1540857142857	61	R
540.1540857142857	540.1840857142856	6	AH0
540.1840857142856	540.3140857142856	62	S
540.3140857142856	540.4130857142857	32	IY1
540.4130857142857	540.4530857142856	48	D
540.4530857142856	540.5130857142857	27	IH0
540.5130857142857	540.6230857142857	59	NG
540.6230857142857	540.7430857142857	64	T
540.7430857142857	540.8420857142856	44	UW1
540.8420857142856	541.0420857142857	62	S
541.0420857142857	541.0920857142856	56	L
541.0920857142856	541.1520857142857	35	OW1
541.1520857142857	541.1820857142857	56	L
541.1820857142857	541.2520857142856	31	IY0
541.2520857142856	553.4173578231292	74	sp
553.4173578231292	553.5073578231293	64	T
553.5073578231293	553.5373578231292	9	AO0
553.5373578231292	553.5863578231292	61	R
553.5863578231292	553.6263578231292	58	N
553.6263578231292	553.7763578231293	25	EY1
553.7763578231293	553.8563578231292	48	D
553.8563578231292	553.8863578231292	36	OW2
553.8863578231292	554.0163578231293	69	Z
554.0163578231293	554.1553578231292	10	AO1
554.1553578231292	554.2753578231293	50	F
554.2753578231293	554.3053578231293	6	AH0
554.3053578231293	554.4153578231292	58	N
554.4153578231292	554.4743578231293	48	D
554.4743578231293	554.5043578231292	6	AH0
554.5043578231292	554.6343578231292	62	S
554.6343578231292	554.6743578231292	64	T
554.6743578231292	554.8643578231292	61	R
554.8643578231292	554.9033578231292	38	OY1
554.9033578231292	555.2933578231292	25	EY1
555.2933578231292	555.3233578231293	66	V
555.3233578231293	555.4523578231292	31	IY0
555.4523578231292	555.5123578231293	20	EH2
555.5123578231293	555.5923578231293	61	R
555.5923578231293	555.7723578231293	31	IY0
555.7723578231293	555.9813578231292	69	Z
555.9813578231292	567.6303283446712	74	sp
567.6303283446712	567.6703283446711	67	W
567.6703283446711	567.7003283446711	6	AH0
567.7003283446711	567.8593283446712	56	L
567.8593283446712	567.9593283446711	61	R
567.9593283446711	568.0993283446712	1	AA1
568.0993283446712	568.1393283446712	46	B
568.1393283446712	568.1793283446711	6	AH0
568.1793283446711	568.3183283446712	58	N
568.3183283446712	568.4283283446712	67	W
568.4283283446712	568.5683283446712	19	EH1
568.5683283446712	568.7083283446711	61	R
568.7083283446711	568.7973283446712	25	EY1
568.7973283446712	568.8673283446711	68	Y
568.8673283446711	568.9273283446712	19	EH1
568.9273283446712	569.0273283446711	56	L
569.0273283446711	569.1373283446711	34	OW0
569.1373283446711	569.2263283446712	56	L
569.2263283446712	569.2963283446711	28	IH1
569.2963283446711	569.3863283446711	56	L
569.3863283446711	569.6063283446712	31	IY0
569.6063283446712	581.7502829931972	74	sp
581.7502829931972	581.7702829931973	74	sp
581.7702829931973	581.8202829931972	2	AA2
581.8202829931972	581.8702829931972	61	R
581.8702829931972	581.9002829931972	64	T
581.9002829931972	581.9292829931971	6	AH0
581.9292829931971	582.0492829931973	50	F
582.0492829931973	582.0992829931972	28	IH1
582.0992829931972	582.2292829931972	63	SH
582.2292829931972	582.3092829931973	6	AH0
582.3092829931973	582.3482829931972	56	L
582.3482829931972	582.3782829931972	29	IH2
582.3782829931972	582.4582829931971	58	N
582.4582829931971	582.5882829931973	64	T
582.5882829931973	582.6282829931972	19	EH1
582.6282829931972	582.7382829931971	56	L
582.7382829931971	582.7972829931972	6	AH0
582.7972829931972	582.8772829931972	53	JH
582.8772829931972	582.9372829931972	6	AH0
582.9372829931972	582.9872829931971	58	N
582.9872829931971	583.1872829931972	62	S
583.1872829931972	583.2862829931971	28	IH1
583.2862829931971	583.4262829931972	69	Z
583.4262829931972	583.5362829931971	50	F
583.5362829931971	583.6652829931973	21	ER0
583.6652829931973	583.7252829931972	61	R
583.7252829931972	583.8352829931972	32	IY1
583.8352829931972	583.8652829931972	56	L
583.8652829931972	594.6618022675736	74	sp
594.6618022675736	594.6918022675736	49	DH
594.6918022675736	594.7918022675736	25	EY1
594.7918022675736	594.9508022675736	10	AO1
594.9508022675736	595.0308022675737	50	F
595.0308022675737	595.0708022675736	6	AH0
595.0708022675736	595.1608022675737	58	N
595.1608022675737	595.2308022675736	51	G
595.2308022675736	595.4298022675737	35	OW1
595.4298022675737	595.7588022675736	13	AW1
595.7588022675736	595.7988022675736	64	T
595.7988022675736	595.8388022675737	6	AH0
595.8388022675737	595.9088022675736	58	N
595.9088022675736	595.9488022675737	49	DH
595.9488022675737	596.0588022675736	31	IY0
596.0588022675736	596.1588022675736	32	IY1
596.1588022675736	596.1888022675737	66	V
596.1888022675737	596.2878022675736	58	N
596.2878022675736	596.3178022675736	27	IH0
596.3178022675736	596.3978022675736	59	NG
596.3978022675736	607.8149995464853	74	sp
607.8149995464853	607.8749995464852	1	AA1
607.8749995464852	607.9349995464852	61	R
607.9349995464852	607.9649995464853	27	IH0
607.9649995464853	608.0049995464852	54	K
608.0049995464852	608.1239995464853	62	S
608.1239995464853	608.1839995464852	60	P
608.1839995464852	608.2539995464853	19	EH1
608.2539995464853	608.2939995464852	61	R
608.2939995464852	608.3239995464852	6	AH0
608.3239995464852	608.4039995464852	57	M
608.4039995464852	608.4439995464852	6	AH0
608.4439995464852	608.4729995464852	58	N
608.4729995464852	608.5029995464852	64	T
608.5029995464852	608.5829995464852	62	S
608.5829995464852	608.6529995464853	74	sp
608.6529995464853	608.7329995464852	60	P
608.7329995464852	608.8729995464853	1	AA1
608.8729995464853	608.9719995464852	69	Z
608.9719995464852	609.0119995464852	6	AH0
609.0119995464852	609.0519995464853	64	T
609.0519995464853	609.1419995464853	27	IH0
609.1419995464853	609.2219995464852	66	V
609.2219995464852	609.4709995464852	13	AW1
609.4709995464852	609.5009995464852	64	T
609.5009995464852	609.7109995464853	54	K
609.7109995464853	609.7409995464852	8	AH2
609.7409995464852	609.7799995464852	57	M
609.7799995464852	609.9099995464852	74	sp
609.9099995464852	609.9399995464853	67	W
609.9399995464853	609.9699995464853	6	AH0
609.9699995464853	610.1399995464852	69	Z
610.1399995464852	610.1699995464852	8	AH2
610.1699995464852	610.2189995464853	58	N
610.2189995464853	610.2689995464852	27	IH0
610.2689995464852	610.2989995464852	54	K
610.2989995464852	610.4389995464852	62	S
610.4389995464852	610.4789995464853	60	P
610.4789995464853	610.5289995464852	19	EH1
610.5289995464852	610.5589995464852	54	K
610.5589995464852	610.6979995464852	64	T
610.6979995464852	610.7279995464853	6	AH0
610.7279995464853	610.7679995464853	48	D
610.7679995464853	621.9126866213152	74	sp
621.9126866213152	621.9426866213153	49	DH
621.9426866213153	621.9726866213152	6	AH0
621.9726866213152	622.0816866213152	57	M
622.0816866213152	622.2216866213153	10	AO1
622.2216866213153	622.2516866213152	61	R
622.2516866213152	622.2816866213152	58	N
622.2816866213152	622.3416866213151	27	IH0
622.3416866213151	622.5006866213153	59	NG
622.5006866213153	622.5606866213152	48	D
622.5606866213152	622.9596866213152	44	UW1
622.9596866213152	623.0096866213152	1	AA1
623.0096866213152	623.1696866213151	58	N
623.1696866213151	623.1996866213152	49	DH
623.1996866213152	623.2296866213152	6	AH0
623.2296866213152	623.3586866213152	62	S
623.3586866213152	623.4186866213151	60	P
623.4186866213151	623.5586866213152	16	AY1
623.5586866213152	623.6286866213152	48	D
623.6286866213152	623.7876866213152	21	ER0
623.7876866213152	624.0276866213152	74	sp
624.0276866213152	624.1076866213152	67	W
624.1076866213152	624.3066866213152	19	EH1
624.3066866213152	624.3466866213153	46	B
624.3466866213153	624.5966866213153	74	sp
624.5966866213153	624.6356866213152	51	G
624.6356866213152	624.7256866213152	56	L
624.7256866213152	624.7556866213151	28	IH1
624.7556866213151	624.8956866213152	62	S
624.8956866213152	624.9356866213152	6	AH0
624.9356866213152	624.9756866213152	58	N
624.9756866213152	625.2146866213152	48	D
625.2146866213152	625.3246866213152	28	IH1
625.3246866213152	625.4046866213152	58	N
625.4046866213152	625.4346866213152	49	DH
625.4346866213152	625.4646866213152	6	AH0
625.4646866213152	625.6236866213152	62	S
625.6236866213152	625.7836866213152	7	AH1
625.7836866213152	625.8136866213151	58	N
625.8136866213151	636.7400789115645	74	sp
636.7400789115645	636.7900789115646	56	L
636.7900789115646	636.9400789115646	4	AE1
636.9400789115646	637.1000789115647	62	S
637.1000789115647	637.2790789115646	68	Y
637.2790789115646	637.3090789115646	28	IH1
637.3090789115646	637.3390789115647	61	R
637.3390789115647	637.3790789115646	69	Z
637.3790789115646	637.4990789115645	51	G
637.4990789115645	637.6680789115646	4	AE1
637.6680789115646	637.7980789115646	62	S
637.7980789115646	637.9480789115646	63	SH
637.9480789115646	638.0080789115646	10	AO1
638.0080789115646	638.0570789115645	61	R
638.0570789115645	638.1270789115646	64	T
638.1270789115646	638.2470789115646	6	AH0
638.2470789115646	638.3870789115647	53	JH
638.3870789115647	638.5260789115646	54	K
638.5260789115646	638.6660789115647	1	AA1
638.6660789115647	638.6960789115647	69	Z
638.6960789115647	638.7260789115646	48	D
638.7260789115646	638.8960789115646	62	S
638.8960789115646	638.9350789115647	64	T
638.9350789115647	639.0850789115646	32	IY1
639.0850789115646	639.2450789115646	60	P
639.2450789115646	639.2750789115646	60	P
639.2750789115646	639.3150789115646	61	R
639.3150789115646	639.3940789115645	16	AY1
639.3940789115645	639.5540789115646	62	S
639.5540789115646	639.6240789115645	29	IH2
639.6240789115645	639.7040789115646	58	N
639.7040789115646	639.8040789115646	54	K
639.8040789115646	639.8330789115646	61	R
639.8330789115646	639.8930789115645	32	IY1
639.8930789115645	640.0330789115646	62	S
640.0330789115646	640.0930789115646	6	AH0
640.0930789115646	640.3120789115646	69	Z
640.3120789115646	652.888015419501	74	sp
652.888015419501	652.9280154195011	49	DH
652.9280154195011	652.9870154195011	6	AH0
652.9870154195011	653.1070154195011	62	S
653.1070154195011	653.137015419501	67	W
653.137015419501	653.177015419501	6	AH0
653.177015419501	653.2970154195011	69	Z
653.2970154195011	653.436015419501	32	IY1
653.436015419501	653.526015419501	69	Z
653.526015419501	653.646015419501	31	IY0
653.646015419501	653.7460154195011	50	F
653.7460154195011	653.776015419501	21	ER0
653.776015419501	654.0250154195011	7	AH1
654.0250154195011	654.3440154195011	62	S
654.3440154195011	666.0337750566894	74	sp
666.0337750566894	666.1637750566892	32	IY1
666.1637750566892	666.1937750566893	47	CH
666.1937750566893	666.4027750566893	62	S
666.4027750566893	666.4427750566892	64	T
666.4427750566892	666.6527750566893	4	AE1
666.6527750566893	666.7617750566893	51	G
666.7617750566893	666.9417750566893	63	SH
666.9417750566893	666.9717750566892	41	UH1
666.9717750566892	667.0717750566893	61	R
667.0717750566893	667.1217750566893	56	L
667.1217750566893	667.2107750566893	31	IY0
667.2107750566893	667.3207750566893	50	F
667.3207750566893	667.5007750566892	16	AY1
667.5007750566892	667.5507750566893	58	N
667.5507750566893	667.6497750566894	48	D
667.6497750566894	667.7397750566893	69	Z
667.7397750566893	667.7697750566892	6	AH0
667.7697750566892	667.8397750566893	74	sp
667.8397750566893	667.8797750566894	46	B
667.8797750566894	667.9997750566893	28	IH1
667.9997750566893	668.0497750566893	51	G
668.0497750566893	668.2287750566893	50	F
668.2287750566893	668.2887750566892	10	AO1
668.2887750566892	668.3187750566893	58	N
668.3187750566893	681.9002603174603	74	sp
681.9002603174603	682.0292603174603	64	T
682.0292603174603	682.3092603174603	1	AA1
682.3092603174603	682.3492603174602	48	D
682.3492603174602	682.4782603174604	60	P
682.4782603174604	682.5282603174603	56	L
682.5282603174603	682.6382603174603	25	EY1
682.6382603174603	682.8182603174603	62	S
682.8182603174603	682.8972603174602	64	T
682.8972603174602	682.9472603174603	64	T
682.9472603174603	683.0572603174603	1	AA1
683.0572603174603	683.1372603174602	60	P
683.1372603174602	683.3362603174603	74	sp
683.3362603174603	683.3662603174603	60	P
683.3662603174603	683.4062603174602	61	R
683.4062603174602	683.4662603174603	15	AY0
683.4662603174603	683.4962603174603	10	AO1
683.4962603174603	683.5662603174603	61	R
683.5662603174603	683.7162603174603	6	AH0
683.7162603174603	683.7462603174603	64	T
683.7462603174603	684.0352603174604	31	IY0
684.0352603174604	684.1852603174602	74	sp
684.1852603174602	684.2342603174603	1	AA1
684.2342603174603	684.3142603174604	58	N
684.3142603174604	684.5842603174603	74	sp
684.5842603174603	684.6442603174603	51	G
684.6442603174603	684.6832603174603	28	IH1
684.6832603174603	684.7232603174602	64	T
684.7232603174602	684.7532603174603	27	IH0
684.7532603174603	684.9132603174603	59	NG
684.9132603174603	684.9732603174602	52	HH
684.9732603174602	685.0132603174603	28	IH1
685.0132603174603	685.0732603174603	69	Z
685.0732603174603	685.2022603174603	74	sp
685.2022603174603	685.2322603174603	46	B
685.2322603174603	685.3822603174604	16	AY1
685.3822603174604	685.4322603174603	54	K
685.4322603174603	685.5912603174603	50	F
685.5912603174603	685.6512603174604	28	IH1
685.6512603174604	685.7712603174602	54	K
685.7712603174602	685.9512603174603	62	S
685.9512603174603	686.1068398299033	64	T
686.1068398299033	698.255725170068	74	sp
698.255725170068	698.3257251700679	48	D
698.3257251700679	698.3557251700679	6	AH0
698.3557251700679	698.514725170068	62	S
698.514725170068	698.554725170068	19	EH1
698.554725170068	698.654725170068	57	M
698.654725170068	698.684725170068	46	B
698.684725170068	698.9737251700681	21	ER0
698.9737251700681	699.003725170068	6	AH0
699.003725170068	699.063725170068	58	N
699.063725170068	699.093725170068	48	D
699.093725170068	699.193725170068	53	JH
699.193725170068	699.283725170068	4	AE1
699.283725170068	699.342725170068	58	N
699.342725170068	699.442725170068	68	Y
699.442725170068	699.522725170068	43	UW0
699.522725170068	699.6427251700679	20	EH2
699.6427251700679	699.742725170068	61	R
699.742725170068	699.9217251700679	31	IY0
699.9217251700679	700.011725170068	21	ER0
700.011725170068	700.131725170068	58	N
700.131725170068	700.260725170068	16	AY1
700.260725170068	700.400725170068	62	S
700.400725170068	700.530725170068	57	M
700.530725170068	700.580725170068	7	AH1
700.580725170068	700.610725170068	58	N
700.610725170068	700.639725170068	65	TH
700.639725170068	700.8297251700681	62	S
700.8297251700681	700.859725170068	64	T
700.859725170068	700.889725170068	6	AH0
700.889725170068	701.039725170068	62	S
701.039725170068	701.078725170068	60	P
701.078725170068	701.128725170068	19	EH1
701.128725170068	701.208725170068	58	N
701.208725170068	701.318725170068	48	D
701.318725170068	701.358725170068	28	IH1
701.358725170068	701.458725170068	58	N
701.458725170068	701.4987251700679	57	M
701.4987251700679	701.577725170068	15	AY0
701.577725170068	701.7977251700679	4	AE1
701.7977251700679	701.847725170068	57	M
701.847725170068	701.907725170068	31	IY0
701.907725170068	712.4573578231292	74	sp
712.4573578231292	712.4873578231292	49	DH
712.4873578231292	712.5173578231293	6	AH0
712.5173578231293	712.6063578231292	50	F
712.6063578231292	712.6463578231292	41	UH1
712.6463578231292	712.7263578231292	64	T
712.7263578231292	712.7663578231292	46	B
712.7663578231292	712.8163578231292	11	AO2
712.8163578231292	712.9563578231292	56	L
712.9563578231292	713.0153578231292	64	T
713.0153578231292	713.1353578231292	32	IY1
713.1353578231292	713.2253578231292	57	M
713.2253578231292	713.3253578231293	54	K
713.3253578231293	713.4843578231292	35	OW1
713.4843578231292	713.7143578231291	47	CH
713.7143578231291	713.7543578231292	52	HH
713.7543578231292	713.8343578231293	6	AH0
713.8343578231293	713.9733578231292	69	Z
713.9733578231292	714.0233578231292	6	AH0
714.0233578231292	714.2233578231292	67	W
714.2233578231292	714.4023578231293	1	AA1
714.4023578231293	714.5523578231292	47	CH
714.5523578231292	714.5923578231292	19	EH1
714.5923578231292	714.7813578231292	69	Z
714.7813578231292	714.8713578231292	65	TH
714.8713578231292	714.9413578231292	28	IH1
714.9413578231292	714.9913578231292	58	N
714.9913578231292	715.0413578231291	19	EH1
715.0413578231291	715.1513578231293	69	Z
715.1513578231293	715.2103578231292	6	AH0
715.2103578231292	715.3103578231292	48	D
715.3103578231292	715.3803578231292	16	AY1
715.3803578231292	715.4103578231292	57	M
715.4103578231292	727.8232535147392	74	sp
727.8232535147392	727.8532535147392	49	DH
727.8532535147392	727.8832535147393	25	EY1
727.8832535147393	727.9122535147393	61	R
727.9122535147393	727.9422535147393	6	AH0
727.9422535147393	728.1122535147392	57	M
728.1122535147392	728.3122535147393	25	EY1
728.3122535147393	728.3612535147392	58	N
728.3612535147392	728.4112535147392	48	D
728.4112535147392	728.4712535147393	56	L
728.4712535147393	728.6012535147393	16	AY1
728.6012535147393	728.7312535147393	50	F
728.7312535147393	728.7612535147393	56	L
728.7612535147393	728.9602535147393	10	AO1
728.9602535147393	729.0202535147392	59	NG
729.0202535147392	729.1902535147393	50	F
729.1902535147393	729.2692535147393	61	R
729.2692535147393	729.3292535147393	19	EH1
729.3292535147393	729.4292535147392	58	N
729.4292535147392	729.5692535147393	69	Z
729.5692535147393	729.6092535147393	6	AH0
729.6092535147393	729.6582535147393	58	N
729.6582535147393	729.6982535147392	48	D
729.6982535147392	729.7682535147393	54	K
729.7682535147393	729.7982535147393	6	AH0
729.7982535147393	729.8782535147393	57	M
729.8782535147393	729.9582535147392	60	P
729.9582535147392	729.9982535147393	4	AE1
729.9982535147393	730.0382535147393	58	N
730.0382535147393	730.0682535147392	68	Y
730.0682535147392	730.0972535147392	6	AH0
730.0972535147392	730.3672535147393	58	N
730.3672535147393	730.6537082679347	69	Z
730.6537082679347	740.9246594104308	74	sp
740.9246594104308	741.1146594104307	1	AA1
741.1146594104307	741.1446594104307	46	B
741.1446594104307	741.2436594104307	53	JH
741.2436594104307	741.3136594104308	18	EH0
741.3136594104308	741.3436594104307	54	K
741.3436594104307	741.4936594104307	62	S
741.4936594104307	741.5636594104308	57	M
741.5636594104308	741.6626594104307	25	EY1
741.6626594104307	741.7326594104308	48	D
741.7326594104308	741.7826594104307	6	AH0
741.7826594104307	741.8126594104307	66	V
741.8126594104307	742.0426594104307	60	P
742.0426594104307	742.1316594104308	68	Y
742.1316594104308	742.1716594104307	44	UW1
742.1716594104307	742.2316594104307	64	T
742.2316594104307	742.4416594104307	21	ER0
742.4416594104307	742.6106594104307	21	ER0
742.6106594104307	742.6406594104308	74	sp
742.6406594104308	742.6706594104307	46	B
742.6706594104307	742.7406594104307	68	Y
742.7406594104307	742.7706594104308	44	UW1
742.7706594104308	742.8106594104307	64	T
742.8106594104307	742.8706594104307	6	AH0
742.8706594104307	742.9806594104307	50	F
742.9806594104307	743.0096594104307	6	AH0
743.0096594104307	743.0596594104308	56	L
743.0596594104308	768.2754077097505	74	sp
768.2754077097505	768.4344077097505	67	W
768.4344077097505	768.4644077097505	28	IH1
768.4644077097505	768.6044077097506	58	N
768.6044077097506	768.7934077097506	60	P
768.7934077097506	768.9034077097506	32	IY1
768.9034077097506	768.9734077097505	56	L
768.9734077097505	769.0334077097506	27	IH0
769.0334077097506	769.1434077097506	59	NG
769.1434077097506	769.1834077097506	6	AH0
769.1834077097506	769.2324077097505	58	N
769.2324077097505	769.2824077097506	10	AO1
769.2824077097506	769.3124077097506	61	R
769.3124077097506	769.3424077097505	6	AH0
769.3424077097505	769.7014077097506	58	N
769.7014077097506	769.8714077097505	53	JH
769.8714077097505	769.9314077097506	74	sp
769.9314077097506	770.0314077097505	28	IH1
770.0314077097505	770.0614077097506	64	T
770.0614077097506	770.1304077097506	28	IH1
770.1304077097506	770.3004077097505	69	Z
770.3004077097505	770.3404077097506	52	HH
770.3404077097506	770.4504077097506	1	AA1
770.4504077097506	770.6194077097506	61	R
770.6194077097506	770.7294077097506	48	D
770.7294077097506	770.9294077097505	74	sp
770.9294077097505	771.0984077097505	58	N
771.0984077097505	771.1884077097505	1	AA1
771.1884077097505	771.2484077097506	64	T
771.2484077097506	771.3384077097505	74	sp
771.3384077097505	771.4474077097506	64	T
771.4474077097506	771.4774077097505	6	AH0
771.4774077097505	771.6374077097505	62	S
771.6374077097505	771.6974077097506	60	P
771.6974077097506	771.7674077097506	61	R
771.7674077097506	771.9364077097506	25	EY1
771.9364077097506	772.0564077097506	53	JH
772.0564077097506	772.2164077097506	44	UW1
772.2164077097506	772.5654077097506	62	S
772.5654077097506	783.0946367346938	74	sp
