395.4287528344671	395.6577528344671	63	SH
395.6577528344671	395.7577528344671	32	IY1
395.7577528344671	395.8977528344671	67	W
395.8977528344671	396.1367528344671	10	AO1
396.1367528344671	396.19675283446713	61	R
396.19675283446713	396.3467528344671	67	W
396.3467528344671	396.6257528344671	10	AO1
396.6257528344671	396.7157528344671	61	R
396.7157528344671	396.8157528344671	57	M
396.8157528344671	396.9647528344671	50	F
396.9647528344671	397.0347528344671	56	L
397.0347528344671	397.1647528344671	32	IY1
397.1647528344671	397.3337528344671	62	S
397.3337528344671	397.4337528344671	31	IY0
397.4337528344671	397.6037528344671	67	W
397.6037528344671	397.6737528344671	41	UH1
397.6737528344671	397.8127528344671	56	L
397.8127528344671	397.8427528344671	6	AH0
397.8427528344671	397.9327528344671	58	N
397.9327528344671	398.0927528344671	35	OW1
398.0927528344671	398.1527528344671	66	V
398.1527528344671	398.4717528344671	21	ER0
398.4717528344671	398.5417528344671	11	AO2
398.5417528344671	398.8407528344671	56	L
398.8407528344671	399.0997528344671	69	Z
399.0997528344671	411.5128344671202	74	sp
411.5128344671202	411.7218344671202	67	W
411.7218344671202	411.76183446712014	32	IY1
411.76183446712014	411.9018344671201	67	W
411.9018344671201	411.95183446712014	19	EH1
411.95183446712014	412.09083446712015	56	L
412.09083446712015	412.15083446712015	54	K
412.15083446712015	412.20083446712016	6	AH0
412.20083446712016	412.25083446712017	57	M
412.25083446712017	412.39083446712016	57	M
412.39083446712016	412.42983446712014	19	EH1
412.42983446712014	412.49983446712014	58	N
412.49983446712014	412.58983446712017	31	IY0
412.58983446712017	412.65983446712016	58	N
412.65983446712016	412.68983446712014	68	Y
412.68983446712014	412.7698344671202	44	UW1
412.7698344671202	412.93883446712016	62	S
412.93883446712016	412.99883446712016	64	T
412.99883446712016	413.1088344671202	44	UW1
413.1088344671202	413.18883446712016	48	D
413.18883446712016	413.2288344671202	6	AH0
413.2288344671202	413.2888344671201	58	N
413.2888344671201	413.3178344671202	64	T
413.3178344671202	413.40783446712015	62	S
413.40783446712015	413.54783446712014	32	IY1
413.54783446712014	413.70783446712016	47	CH
413.70783446712016	413.79683446712016	68	Y
413.79683446712016	413.93683446712015	28	IH1
413.93683446712015	414.00683446712014	61	R
414.00683446712014	424.944	74	sp
424.944	425.064	54	K
425.064	425.244	1	AA1
425.244	425.403	50	F
425.403	425.473	31	IY0
425.473	425.533	28	IH1
425.533	425.693	69	Z
425.693	425.723	74	sp
425.723	425.813	51	G
425.813	425.892	61	R
425.892	426.142	35	OW1
426.142	426.202	58	N
426.202	426.361	1	AA1
426.361	426.451	58	N
426.451	426.671	62	S
426.671	426.72	64	T
426.72	426.94	32	IY1
426.94	426.97	60	P
426.97	427.01	74	sp
427.01	427.12	53	JH
427.12	427.17900000000003	7	AH1
427.17900000000003	427.23900000000003	59	NG
427.23900000000003	427.309	51	G
427.309	427.339	6	AH0
427.339	427.459	56	L
427.459	427.48900000000003	56	L
427.48900000000003	427.608	16	AY1
427.608	427.708	54	K
427.708	427.88800000000003	62	S
427.88800000000003	427.988	56	L
427.988	428.177	35	OW1
428.177	428.237	60	P
428.237	428.337	62	S
428.337	428.377	6	AH0
428.377	428.466	58	N
428.466	428.606	64	T
428.606	428.646	19	EH1
428.646	428.746	57	M
428.746	428.776	60	P
428.776	428.87600000000003	21	ER0
428.87600000000003	428.90500000000003	6	AH0
428.90500000000003	429.045	47	CH
429.045	429.225	21	ER0
429.225	429.82300000000004	74	sp
429.82300000000004	430.033	21	ER0
430.033	430.063	74	sp
430.063	430.183	64	T
430.183	430.242	19	EH1
430.242	430.29200000000003	57	M
430.29200000000003	430.35200000000003	60	P
430.35200000000003	430.41200000000003	61	R
430.41200000000003	430.462	6	AH0
430.462	430.502	64	T
430.502	430.592	69	Z
430.592	430.781	35	OW1
430.781	431.021	58	N
431.021	431.22	69	Z
431.22	443.2664904941405	74	sp
443.2664904941405	443.3728344671202	54	K
443.3728344671202	443.4228344671202	4	AE1
443.4228344671202	443.5628344671202	56	L
443.5628344671202	443.7418344671202	62	S
443.7418344671202	443.79183446712017	31	IY0
443.79183446712017	443.8318344671202	6	AH0
443.8318344671202	443.8618344671202	57	M
443.8618344671202	444.0318344671202	57	M
444.0318344671202	444.19083446712017	25	EY1
444.19083446712017	444.2608344671202	54	K
444.2608344671202	444.44083446712017	62	S
444.44083446712017	444.4808344671202	74	sp
444.4808344671202	444.5398344671202	46	B
444.5398344671202	444.71983446712017	35	OW1
444.71983446712017	444.9398344671202	58	N
444.9398344671202	445.1488344671202	69	Z
445.1488344671202	445.6278344671202	74	sp
445.6278344671202	445.8868344671202	4	AE1
445.8868344671202	445.9668344671202	58	N
445.9668344671202	445.9968344671202	48	D
445.9968344671202	446.1168344671202	64	T
446.1168344671202	446.22683446712017	32	IY1
446.22683446712017	446.31583446712017	65	TH
446.31583446712017	446.4558344671202	62	S
446.4558344671202	446.4958344671202	64	T
446.4958344671202	446.5258344671202	61	R
446.5258344671202	446.71483446712017	10	AO1
446.71483446712017	446.8648344671202	59	NG
446.8648344671202	457.12834467120183	74	sp
457.12834467120183	457.24834467120183	61	R
457.24834467120183	457.3573446712018	32	IY1
457.3573446712018	457.4073446712018	48	D
457.4073446712018	457.4473446712018	27	IH0
457.4473446712018	457.4973446712018	59	NG
457.4973446712018	457.6073446712018	28	IH1
457.6073446712018	457.8263446712018	58	N
457.8263446712018	457.9763446712018	60	P
457.9763446712018	458.1363446712018	41	UH1
458.1363446712018	458.2163446712018	61	R
458.2163446712018	458.3353446712018	56	L
458.3353446712018	458.5953446712018	16	AY1
458.5953446712018	458.6353446712018	64	T
458.6353446712018	458.6743446712018	51	G
458.6743446712018	458.8143446712018	28	IH1
458.8143446712018	458.84434467120184	66	V
458.84434467120184	458.9143446712018	69	Z
458.9143446712018	459.0143446712018	68	Y
459.0143446712018	459.0843446712018	44	UW1
459.0843446712018	459.2833446712018	16	AY1
459.2833446712018	459.44334467120177	62	S
459.44334467120177	459.4833446712018	64	T
459.4833446712018	459.6123446712018	61	R
459.6123446712018	459.7223446712018	26	EY2
459.7223446712018	459.9123446712018	58	N
459.9123446712018	470.84190476190474	74	sp
470.84190476190474	471.0062762078572	6	AH0
471.0062762078572	471.0697152336895	54	K
471.0697152336895	471.1297152336895	61	R
471.1297152336895	471.31871523368955	4	AE1
471.31871523368955	471.41871523368957	46	B
471.41871523368957	471.5387152336895	47	CH
471.5387152336895	471.6477152336895	4	AE1
471.6477152336895	471.7677152336895	56	L
471.7677152336895	471.8077152336895	6	AH0
471.8077152336895	471.8677152336895	58	N
471.8677152336895	472.0277152336895	53	JH
472.0277152336895	472.0577152336895	48	D
472.0577152336895	472.12671523368954	57	M
472.12671523368954	472.35671523368956	32	IY1
472.35671523368956	472.51571523368955	74	sp
472.51571523368955	472.5657152336895	46	B
472.5657152336895	472.6057152336895	7	AH1
472.6057152336895	472.64571523368954	64	T
472.64571523368954	472.6757152336895	6	AH0
472.6757152336895	472.8557152336895	54	K
472.8557152336895	472.9157152336895	67	W
472.9157152336895	472.9547152336895	28	IH1
472.9547152336895	473.0647152336895	54	K
473.0647152336895	473.2047152336895	62	S
473.2047152336895	473.24471523368953	64	T
473.24471523368953	473.52371523368953	4	AE1
473.52371523368953	473.56371523368955	46	B
473.56371523368955	473.6537152336895	66	V
473.6537152336895	473.70371523368954	4	AE1
473.70371523368954	473.8727152336895	59	NG
473.8727152336895	473.96271523368955	54	K
473.96271523368955	474.0227152336895	67	W
474.0227152336895	474.0527152336895	27	IH0
474.0527152336895	474.21271523368955	63	SH
474.21271523368955	474.2717152336895	64	T
474.2717152336895	474.3417152336895	29	IH2
474.3417152336895	474.5217152336895	57	M
474.5217152336895	485.4394557823129	74	sp
485.4394557823129	485.59845578231295	35	OW1
485.59845578231295	485.6484557823129	58	N
485.6484557823129	485.68845578231293	56	L
485.68845578231293	485.74845578231293	31	IY0
485.74845578231293	485.8184557823129	49	DH
485.8184557823129	485.84845578231295	6	AH0
485.84845578231295	485.9584557823129	46	B
485.9584557823129	486.07745578231294	19	EH1
486.07745578231294	486.2174557823129	62	S
486.2174557823129	486.24745578231295	64	T
486.24745578231295	486.26745578231294	74	sp
486.26745578231294	486.38745578231294	60	P
486.38745578231294	486.46645578231295	56	L
486.46645578231295	486.6264557823129	25	EY1
486.6264557823129	486.76645578231296	21	ER0
486.76645578231296	486.83645578231295	69	Z
486.83645578231295	486.87545578231294	6	AH0
486.87545578231294	486.93545578231294	58	N
486.93545578231294	487.0354557823129	53	JH
487.0354557823129	487.2254557823129	38	OY1
487.2254557823129	487.3544557823129	60	P
487.3544557823129	487.4844557823129	2	AA2
487.4844557823129	487.53445578231293	60	P
487.53445578231293	487.58445578231294	68	Y
487.58445578231294	487.6144557823129	6	AH0
487.6144557823129	487.72445578231293	56	L
487.72445578231293	487.9034557823129	19	EH1
487.9034557823129	487.98345578231294	61	R
487.98345578231294	488.0134557823129	6	AH0
488.0134557823129	488.0734557823129	64	T
488.0734557823129	488.2924557823129	31	IY0
488.2924557823129	499.7008616780045	74	sp
499.7008616780045	499.7711320150992	28	IH1
499.7711320150992	499.8242621794475	64	T
499.8242621794475	499.9100617001258	62	S
499.9100617001258	499.9582109115664	58	N
499.9582109115664	500.0910363224371	1	AA1
500.0910363224371	500.1292236280624	64	T
500.1292236280624	500.3517061912708	32	IY1
500.3517061912708	500.462947472875	69	Z
500.462947472875	500.63728082464274	31	IY0
500.63728082464274	500.67712844790395	64	T
500.67712844790395	500.74877821506254	6	AH0
500.74877821506254	500.80637711468717	54	K
500.80637711468717	500.99782586044506	61	R
500.99782586044506	501.07087983642396	31	IY0
501.07087983642396	501.2620565988057	25	EY1
501.2620565988057	501.3120565988057	64	T
501.3120565988057	501.41205659880575	29	IH2
501.41205659880575	501.4520565988057	56	L
501.4520565988057	501.6320565988057	44	UW1
501.6320565988057	501.7110565988057	57	M
501.7110565988057	501.7410565988057	6	AH0
501.7410565988057	501.82105659880574	58	N
501.82105659880574	501.9810565988057	26	EY2
501.9810565988057	502.0310565988057	64	T
502.0310565988057	502.08105659880573	27	IH0
502.08105659880573	502.1500565988057	59	NG
502.1500565988057	502.2800565988057	27	IH0
502.2800565988057	502.35005659880574	51	G
502.35005659880574	502.4200565988057	69	Z
502.4200565988057	502.5690565988057	4	AE1
502.5690565988057	502.6490565988057	57	M
502.6490565988057	502.7090565988057	60	P
502.7090565988057	502.73905659880575	6	AH0
502.73905659880575	502.8290565988057	56	L
502.8290565988057	503.0980565988057	69	Z
503.0980565988057	532.6399092970521	74	sp
532.6399092970521	532.8099092970522	57	M
532.8099092970522	533.0289092970521	1	AA1
533.0289092970521	533.1089092970522	57	M
533.1089092970522	533.2579092970522	62	S
533.2579092970522	533.2979092970521	64	T
533.2979092970521	533.3379092970522	61	R
533.3379092970522	533.4479092970521	10	AO1
533.4479092970521	533.6379092970521	59	NG
533.6379092970521	533.6779092970521	56	L
533.6779092970521	533.7869092970521	31	IY0
533.7869092970521	533.8569092970522	48	D
533.8569092970522	533.9469092970521	29	IH2
533.9469092970521	534.2559092970521	62	S
534.2559092970521	534.3059092970522	56	L
534.3059092970522	534.5259092970521	16	AY1
534.5259092970521	534.5849092970521	54	K
534.5849092970521	534.7149092970521	62	S
534.7149092970521	534.8849092970521	4	AE1
534.8849092970521	534.9649092970521	60	P
534.9649092970521	534.9949092970521	6	AH0
534.9949092970521	535.1139092970521	64	T
535.1139092970521	535.2739092970521	17	AY2
535.2739092970521	535.4339092970522	69	Z
535.4339092970522	535.5629092970521	21	ER0
535.5629092970521	535.8629092970522	69	Z
535.8629092970522	547.2403628117913	74	sp
547.2403628117913	547.2910024996858	49	DH
547.2910024996858	547.3308501229469	6	AH0
547.3308501229469	547.3881310813849	50	F
547.3881310813849	547.4387707692795	61	R
547.4387707692795	547.5275977627991	16	AY1
547.5275977627991	547.5674453860604	64	T
547.5674453860604	547.6255565033163	6	AH0
547.6255565033163	547.743439055464	58	N
547.743439055464	547.8078770380678	48	D
547.8078770380678	547.9336603725949	47	CH
547.9336603725949	548.0245554832611	16	AY1
548.0245554832611	548.2304348701107	56	L
548.2304348701107	548.2885459873665	48	D
548.2885459873665	548.3473655084831	67	W
548.3473655084831	548.4179290080082	7	AH1
548.4179290080082	548.5698480716916	69	Z
548.5698480716916	548.6932550873572	53	JH
548.6932550873572	548.7732550873573	19	EH1
548.7732550873573	548.8132550873572	58	N
548.8132550873572	548.8432550873572	64	T
548.8432550873572	548.9422550873571	56	L
548.9422550873571	549.0222550873572	31	IY0
549.0222550873572	549.1922550873571	62	S
549.1922550873571	549.2322550873572	6	AH0
549.2322550873572	549.2622550873572	46	B
549.2622550873572	549.3612550873572	48	D
549.3612550873572	549.5512550873572	44	UW1
549.5512550873572	549.6412550873572	48	D
549.6412550873572	549.7112550873571	46	B
549.7112550873571	549.8302550873572	16	AY1
549.8302550873572	549.8602550873572	52	HH
549.8602550873572	549.8902550873572	6	AH0
549.8902550873572	549.9902550873571	69	Z
549.9902550873571	550.0502550873572	46	B
550.0502550873572	550.1102550873572	28	IH1
550.1102550873572	550.1792550873572	51	G
550.1792550873572	550.2392550873572	46	B
550.2392550873572	550.3792550873573	61	R
550.3792550873573	550.4492550873572	7	AH1
550.4492550873572	550.4992550873571	49	DH
550.4992550873571	550.6682550873572	21	ER0
550.6682550873572	561.6239455782313	74	sp
561.6239455782313	561.9629455782313	62	S
561.9629455782313	562.0229455782313	64	T
562.0229455782313	562.2819455782312	32	IY1
562.2819455782312	562.3519455782314	66	V
562.3519455782314	562.3819455782314	67	W
562.3819455782314	562.5709455782313	10	AO1
562.5709455782313	562.6309455782314	61	R
562.6309455782314	562.6609455782313	6	AH0
562.6609455782313	562.7409455782313	46	B
562.7409455782313	562.8509455782313	61	R
562.8509455782313	562.9709455782313	16	AY1
562.9709455782313	563.0199455782313	64	T
563.0199455782313	563.1499455782314	61	R
563.1499455782314	563.2199455782313	19	EH1
563.2199455782313	563.2999455782312	48	D
563.2999455782312	563.3599455782313	74	sp
563.3599455782313	563.4989455782313	54	K
563.4989455782313	563.6989455782314	4	AE1
563.6989455782314	563.7889455782313	70	ZH
563.7889455782313	563.9079455782313	57	M
563.9079455782313	563.9779455782314	27	IH0
563.9779455782314	564.0179455782313	61	R
564.0179455782313	564.2179455782314	62	S
564.2179455782314	564.3169455782313	67	W
564.3169455782313	564.3869455782312	19	EH1
564.3869455782312	564.4369455782313	64	T
564.4369455782313	564.5569455782313	21	ER0
564.5569455782313	575.3411337868481	74	sp
575.3411337868481	575.4011337868482	49	DH
575.4011337868482	575.6311337868482	35	OW1
575.6311337868482	575.7601337868482	69	Z
575.7601337868482	575.8101337868482	52	HH
575.8101337868482	576.0301337868482	44	UW1
576.0301337868482	576.2491337868481	64	T
576.2491337868481	576.3691337868481	32	IY1
576.3691337868481	576.4991337868481	47	CH
576.4991337868481	576.5691337868482	66	V
576.5691337868482	576.7781337868481	4	AE1
576.7781337868481	576.8081337868482	56	L
576.8081337868482	576.9981337868481	68	Y
576.9981337868481	577.0281337868481	43	UW0
577.0281337868481	577.1471337868481	69	Z
577.1471337868481	577.2471337868482	50	F
577.2471337868482	577.4171337868481	22	ER1
577.4171337868481	577.5461337868481	62	S
577.5461337868481	577.5861337868481	64	T
577.5861337868481	577.6261337868482	6	AH0
577.6261337868482	577.7361337868481	46	B
577.7361337868481	577.8561337868482	1	AA1
577.8561337868482	577.9651337868481	56	L
577.9651337868481	577.9951337868481	29	IH2
577.9951337868481	578.1351337868482	63	SH
578.1351337868482	578.3051337868482	47	CH
578.3051337868482	578.4841337868481	32	IY1
578.4841337868481	578.5241337868481	64	T
578.5241337868481	578.6441337868481	27	IH0
578.6441337868481	578.7341337868481	59	NG
578.7341337868481	591.5473922902494	74	sp
591.5473922902494	591.6463922902494	58	N
591.6463922902494	591.7763922902494	7	AH1
591.7763922902494	591.8763922902494	65	TH
591.8763922902494	591.9163922902494	27	IH0
591.9163922902494	591.9663922902494	59	NG
591.9663922902494	592.0453922902494	28	IH1
592.0453922902494	592.1953922902494	69	Z
592.1953922902494	592.2253922902494	19	EH1
592.2253922902494	592.4453922902494	69	Z
592.4453922902494	592.4943922902494	6	AH0
592.4943922902494	592.7643922902494	50	F
592.7643922902494	592.8943922902495	19	EH1
592.8943922902495	592.9533922902494	58	N
592.9533922902494	593.1333922902494	62	S
593.1333922902494	593.2533922902494	27	IH0
593.2533922902494	593.2933922902494	66	V
593.2933922902494	593.4423922902495	74	sp
593.4423922902495	593.5823922902493	19	EH1
593.5823922902493	593.7623922902494	69	Z
593.7623922902494	593.9113922902494	28	IH1
593.9113922902494	593.9613922902495	58	N
593.9613922902495	593.9913922902495	6	AH0
593.9913922902495	594.1713922902494	62	S
594.1713922902494	594.2203922902494	6	AH0
594.2203922902494	594.3003922902494	58	N
594.3003922902494	594.5903922902494	62	S
594.5903922902494	605.8692063492064	74	sp
605.8692063492064	606.002446839486	1	AA1
606.002446839486	606.0954246270954	61	R
606.0954246270954	606.1398640250143	68	Y
606.1398640250143	606.3088640250141	44	UW1
606.3088640250141	606.3988640250142	56	L
606.3988640250142	606.4488640250142	41	UH1
606.4488640250142	606.5388640250142	54	K
606.5388640250142	606.6278640250142	27	IH0
606.6278640250142	606.6578640250142	59	NG
606.6578640250142	606.7978640250142	50	F
606.7978640250142	606.8978640250142	21	ER0
606.8978640250142	606.9478640250143	18	EH0
606.9478640250143	607.0368640250142	57	M
607.0368640250142	607.1468640250142	60	P
607.1468640250142	607.2268640250143	56	L
607.2268640250143	607.3268640250142	38	OY1
607.3268640250142	607.4168640250142	57	M
607.4168640250142	607.4668640250143	6	AH0
607.4668640250143	607.5458640250142	58	N
607.5458640250142	607.6158640250142	64	T
607.6158640250142	619.5872108843538	74	sp
619.5872108843538	619.6472108843539	51	G
619.6472108843539	619.7172108843538	56	L
619.7172108843538	619.8572108843538	44	UW1
619.8572108843538	620.0262108843538	54	K
620.0262108843538	620.1962108843538	36	OW2
620.1962108843538	620.3262108843538	62	S
620.3262108843538	620.3562108843538	6	AH0
620.3562108843538	620.4052108843538	58	N
620.4052108843538	620.4352108843538	48	D
620.4352108843538	620.5352108843538	50	F
620.5352108843538	620.6352108843538	61	R
620.6352108843538	620.6952108843539	44	UW1
620.6952108843539	620.8142108843538	54	K
620.8142108843538	620.9942108843538	64	T
620.9942108843538	621.1142108843537	36	OW2
621.1142108843537	621.2142108843537	62	S
621.2142108843537	621.2932108843538	21	ER0
621.2932108843538	621.3732108843537	58	N
621.3732108843537	621.5132108843538	4	AE1
621.5132108843538	621.6232108843537	47	CH
621.6232108843537	621.6632108843538	61	R
621.6632108843538	621.6922108843538	6	AH0
621.6922108843538	621.7422108843538	56	L
621.7422108843538	621.9222108843537	63	SH
621.9222108843537	621.9922108843538	41	UH1
621.9922108843538	622.0422108843538	51	G
622.0422108843538	622.1512108843538	21	ER0
622.1512108843538	622.2312108843538	69	Z
622.2312108843538	622.3212108843538	50	F
622.3212108843538	622.5012108843538	13	AW1
622.5012108843538	622.5712108843538	58	N
622.5712108843538	622.6002108843538	48	D
622.6002108843538	622.6402108843538	6	AH0
622.6402108843538	622.7102108843537	58	N
622.7102108843537	622.8702108843538	50	F
622.8702108843538	623.0592108843538	61	R
623.0592108843538	623.1992108843538	44	UW1
623.1992108843538	623.2992108843538	64	T
623.2992108843538	639.6694784580499	74	sp
639.6694784580499	639.8284784580499	67	W
639.8284784580499	639.9384784580499	32	IY1
639.9384784580499	639.9684784580498	1	AA1
639.9684784580498	640.1484784580499	61	R
640.1484784580499	640.2484784580499	35	OW1
640.2484784580499	640.3274784580499	60	P
640.3274784580499	640.3774784580498	6	AH0
640.3774784580498	640.4674784580499	58	N
640.4674784580499	640.5674784580499	19	EH1
640.5674784580499	640.6674784580499	66	V
640.6674784580499	640.7464784580499	61	R
640.7464784580499	640.77647845805	31	IY0
640.77647845805	640.9064784580498	57	M
640.9064784580498	640.9464784580499	7	AH1
640.9464784580499	641.0464784580499	58	N
641.0464784580499	641.0864784580499	48	D
641.0864784580499	641.2454784580499	26	EY2
641.2454784580499	641.4754784580499	32	IY1
641.4754784580499	641.5654784580499	66	V
641.5654784580499	641.6544784580499	58	N
641.6544784580499	641.7344784580499	27	IH0
641.7344784580499	641.9544784580498	59	NG
641.9544784580498	652.5402267573696	74	sp
652.5402267573696	652.7592267573697	32	IY1
652.7592267573697	652.8592267573697	66	V
652.8592267573697	652.8992267573697	6	AH0
652.8992267573697	652.9892267573697	58	N
652.9892267573697	653.3682267573697	16	AY1
653.3682267573697	653.3982267573697	6	AH0
653.3982267573697	653.5772267573697	54	K
653.5772267573697	653.7472267573696	25	EY1
653.7472267573696	653.8872267573697	70	ZH
653.8872267573697	653.9272267573697	6	AH0
653.9272267573697	653.9562267573697	58	N
653.9562267573697	653.9862267573696	6	AH0
653.9862267573696	654.0262267573696	56	L
654.0262267573696	654.1062267573697	31	IY0
654.1062267573697	654.1662267573697	51	G
654.1662267573697	654.2162267573697	28	IH1
654.2162267573697	654.2762267573696	64	T
654.2762267573696	654.3162267573697	49	DH
654.3162267573697	654.3562267573697	6	AH0
654.3562267573697	654.4752267573697	57	M
654.4752267573697	654.5252267573696	7	AH1
654.5252267573696	654.6452267573696	58	N
654.6452267573696	654.6852267573697	48	D
654.6852267573697	654.7952267573696	26	EY2
654.7952267573696	654.8542267573697	46	B
654.8542267573697	654.9742267573697	56	L
654.9742267573697	655.2042267573696	44	UW1
655.2042267573696	655.5132267573697	69	Z
655.5132267573697	666.5796825396825	74	sp
666.5796825396825	666.6196825396825	46	B
666.6196825396825	666.8596825396825	1	AA1
666.8596825396825	667.0186825396825	61	R
667.0186825396825	667.1086825396825	46	B
667.1086825396825	667.3386825396825	69	Z
667.3386825396825	667.4176825396825	51	G
667.4176825396825	667.5376825396825	35	OW1
667.5376825396825	667.7776825396825	56	L
667.7776825396825	667.8276825396824	48	D
667.8276825396824	667.8866825396825	46	B
667.8866825396825	668.0066825396825	61	R
668.0066825396825	668.1066825396824	25	EY1
668.1066825396824	668.3239916918724	62	S
668.3239916918724	668.371310744495	56	L
668.371310744495	668.4269526526166	6	AH0
668.4269526526166	668.5257202846321	64	T
668.5257202846321	668.5817988256699	67	W
668.5817988256699	668.6274575606567	6	AH0
668.6274575606567	668.7129639189047	69	Z
668.7129639189047	668.8084607301857	6	AH0
668.8084607301857	668.8800332379215	51	G
668.8800332379215	668.9256919729082	61	R
668.9256919729082	669.0502157955995	4	AE1
669.0502157955995	669.1419125178656	53	JH
669.1419125178656	669.2133061762088	43	UW0
669.2133061762088	669.3610744458024	26	EY2
669.3610744458024	669.5068101391778	63	SH
669.5068101391778	669.530884744898	6	AH0
669.530884744898	669.6230466472985	58	N
669.6230466472985	669.6874626036317	60	P
669.6874626036317	669.7231594328032	61	R
669.7231594328032	669.8169673792306	19	EH1
669.8169673792306	669.9049642139323	69	Z
669.9049642139323	669.9705467605497	6	AH0
669.9705467605497	670.0211864484442	58	N
670.0211864484442	670.1905321397818	64	T
670.1905321397818	682.1383219954648	74	sp
682.1383219954648	682.2883219954648	32	IY1
682.2883219954648	682.3683219954648	66	V
682.3683219954648	682.4183219954648	6	AH0
682.4183219954648	682.5083219954648	58	N
682.5083219954648	682.5583219954648	6	AH0
682.5583219954648	682.7673219954648	62	S
682.7673219954648	682.8173219954648	28	IH1
682.8173219954648	682.8573219954649	57	M
682.8573219954649	682.9173219954648	60	P
682.9173219954648	682.9473219954648	6	AH0
682.9473219954648	682.9873219954648	56	L
682.9873219954648	683.0363219954648	66	V
683.0363219954648	683.1763219954648	34	OW0
683.1763219954648	683.3263219954648	54	K
683.3263219954648	683.4463219954648	4	AE1
683.4463219954648	683.5053219954648	46	B
683.5053219954648	683.5553219954647	68	Y
683.5553219954647	683.6253219954648	6	AH0
683.6253219954648	683.7053219954648	56	L
683.7053219954648	683.8253219954648	20	EH2
683.8253219954648	683.9143219954648	61	R
683.9143219954648	683.9643219954648	31	IY0
683.9643219954648	684.0743219954647	54	K
684.0743219954647	684.1443219954648	6	AH0
684.1443219954648	684.1743219954648	58	N
684.1743219954648	684.2643219954648	64	T
684.2643219954648	684.4433219954648	25	EY1
684.4433219954648	684.4833219954648	58	N
684.4833219954648	684.5333219954648	69	Z
684.5333219954648	684.6933219954648	62	S
684.6933219954648	684.7723219954648	28	IH1
684.7723219954648	684.8923219954648	57	M
684.8923219954648	684.9223219954648	46	B
684.9223219954648	684.9523219954648	6	AH0
684.9523219954648	685.0423219954648	56	L
685.0423219954648	685.2913219954648	69	Z
685.2913219954648	695.5013151927437	74	sp
