67.67718820861678	67.79718820861677	49	DH	21
67.79718820861677	67.85618820861677	7	AH1	21
67.85618820861677	67.99618820861679	67	W	21
67.99618820861679	68.07618820861678	10	AO1	21
68.07618820861678	68.10618820861677	64	T	21
68.10618820861677	68.20618820861678	21	ER0	21
68.20618820861678	68.31518820861677	54	K	21
68.31518820861677	68.39518820861679	6	AH0	21
68.39518820861679	68.42518820861679	58	N	21
68.42518820861679	68.51518820861679	64	T	21
68.51518820861679	68.67518820861679	25	EY1	21
68.67518820861679	68.70418820861678	58	N	21
68.70418820861678	68.73418820861679	48	D	21
68.73418820861679	68.77418820861678	64	T	21
68.77418820861678	68.93418820861677	44	UW1	21
68.93418820861677	68.97418820861678	57	M	21
68.97418820861678	69.02418820861678	7	AH1	21
69.02418820861678	69.11418820861678	47	CH	21
69.11418820861678	69.22318820861679	54	K	21
69.22318820861679	69.26318820861678	56	L	21
69.26318820861678	69.38318820861679	10	AO1	21
69.38318820861679	69.49318820861677	61	R	21
69.49318820861677	69.63218820861678	31	IY0	21
69.63218820861678	69.77218820861678	58	N	21
69.77218820861678	69.94218820861678	4	AE1	21
69.94218820861678	70.02118820861678	58	N	21
70.02118820861678	70.08118820861678	48	D	21
70.08118820861678	70.20118820861678	62	S	21
70.20118820861678	70.26118820861679	64	T	21
70.26118820861679	70.34118820861679	7	AH1	21
70.34118820861679	70.44118820861678	59	NG	21
70.44118820861678	70.47018820861678	52	HH	21
70.47018820861678	70.51018820861678	6	AH0	21
70.51018820861678	70.56018820861678	69	Z	21
70.56018820861678	70.89918820861678	16	AY1	21
70.89918820861678	71.04918820861678	69	Z	21
78.94621315192745	78.98621315192744	74	sp	22
78.98621315192744	79.05621315192745	53	JH	22
79.05621315192745	79.25621315192744	1	AA1	22
79.25621315192744	79.31621315192744	58	N	22
79.31621315192744	79.46521315192744	69	Z	22
79.46521315192744	79.58521315192745	46	B	22
79.58521315192745	79.64521315192745	61	R	22
79.64521315192745	79.77421315192744	7	AH1	22
79.77421315192744	79.83421315192744	49	DH	22
79.83421315192744	80.11421315192744	21	ER0	22
80.11421315192744	80.23321315192744	74	sp	22
80.23321315192744	80.29321315192745	61	R	22
80.29321315192745	80.41321315192745	31	IY0	22
80.41321315192745	80.45321315192744	60	P	22
80.45321315192744	80.56321315192744	25	EY1	22
80.56321315192744	80.62321315192744	58	N	22
80.62321315192744	80.72221315192745	64	T	22
80.72221315192745	80.79221315192744	6	AH0	22
80.79221315192744	80.85221315192744	48	D	22
80.85221315192744	80.89221315192745	49	DH	22
80.89221315192745	80.93221315192744	6	AH0	22
80.93221315192744	81.00221315192745	51	G	22
81.00221315192745	81.09221315192745	21	ER0	22
81.09221315192745	81.24121315192745	1	AA1	22
81.24121315192745	81.27121315192744	70	ZH	22
81.27121315192744	81.38121315192744	48	D	22
81.38121315192744	81.53121315192745	10	AO1	22
81.53121315192745	81.58021315192745	61	R	22
89.40435374149659	89.4943537414966	47	CH	23
89.4943537414966	89.56335374149658	4	AE1	23
89.56335374149658	89.73335374149659	56	L	23
89.73335374149659	89.87335374149659	6	AH0	23
89.87335374149659	89.90335374149659	58	N	23
89.90335374149659	90.02235374149659	53	JH	23
90.02235374149659	90.19235374149659	32	IY1	23
90.19235374149659	90.3723537414966	47	CH	23
90.3723537414966	90.47135374149659	53	JH	23
90.47135374149659	90.55135374149658	19	EH1	23
90.55135374149658	90.58135374149659	58	N	23
90.58135374149659	90.61135374149659	21	ER0	23
90.61135374149659	90.64135374149659	6	AH0	23
90.64135374149659	90.88035374149659	56	L	23
90.88035374149659	90.93035374149659	69	Z	23
90.93035374149659	91.01035374149659	29	IH2	23
91.01035374149659	91.06035374149658	58	N	23
91.06035374149658	91.1403537414966	64	T	23
91.1403537414966	91.17035374149658	19	EH1	23
91.17035374149658	91.3003537414966	56	L	23
91.3003537414966	91.32935374149659	6	AH0	23
91.32935374149659	91.4193537414966	53	JH	23
91.4193537414966	91.49935374149659	6	AH0	23
91.49935374149659	91.73935374149659	58	N	23
91.73935374149659	91.85835374149659	62	S	23
115.43074829931973	115.49074829931972	6	AH0	25
115.49074829931972	115.66074829931972	57	M	25
115.66074829931972	115.72074829931972	7	AH1	25
115.72074829931972	115.78974829931973	62	S	25
115.78974829931973	115.85974829931972	54	K	25
115.85974829931972	115.89974829931973	68	Y	25
115.89974829931973	115.95774829931972	6	AH0	25
115.95774829931972	116.00174829931973	56	L	25
116.00174829931973	116.02974829931972	21	ER0	25
116.02974829931972	116.14374829931972	5	AE2	25
116.14374829931972	116.23774829931972	46	B	25
116.23774829931972	116.25674829931972	48	D	25
116.25674829931972	116.40874829931973	1	AA1	25
116.40874829931973	116.50074829931972	57	M	25
116.50074829931972	116.52274829931973	6	AH0	25
116.52274829931973	116.55074829931972	58	N	25
116.55074829931972	116.63674829931972	6	AH0	25
116.63674829931972	116.65074829931973	58	N	25
116.65074829931973	116.78774829931973	28	IH1	25
116.78774829931973	116.89774829931973	69	Z	25
116.89774829931973	116.97774829931973	51	G	25
116.97774829931973	117.05774829931973	6	AH0	25
117.05774829931973	117.09774829931972	48	D	25
117.09774829931972	117.18674829931972	50	F	25
117.18674829931972	117.25674829931972	21	ER0	25
117.25674829931972	117.28674829931973	68	Y	25
117.28674829931973	117.31674829931973	41	UH1	25
117.31674829931973	117.34674829931973	61	R	25
117.34674829931973	117.42674829931973	46	B	25
117.42674829931973	117.64574829931972	4	AE1	25
117.64574829931972	117.75574829931972	54	K	25
126.30086167800454	126.40086167800453	49	DH	26
126.40086167800453	126.52986167800454	25	EY1	26
126.52986167800454	126.68986167800453	35	OW1	26
126.68986167800453	126.71986167800453	58	N	26
126.71986167800453	126.80986167800454	6	AH0	26
126.80986167800454	126.87986167800453	46	B	26
126.87986167800453	127.00886167800454	28	IH1	26
127.00886167800454	127.03886167800454	51	G	26
127.03886167800454	127.14886167800454	52	HH	26
127.14886167800454	127.40786167800454	13	AW1	26
127.40786167800454	127.51786167800454	62	S	26
127.51786167800454	127.60786167800454	28	IH1	26
127.60786167800454	127.63786167800454	58	N	26
127.63786167800454	127.66786167800454	49	DH	26
127.66786167800454	127.80686167800454	7	AH1	26
127.80686167800454	127.89686167800454	74	sp	26
127.89686167800454	127.93686167800453	61	R	26
127.93686167800453	127.96686167800453	6	AH0	26
127.96686167800453	128.09686167800453	57	M	26
128.09686167800453	128.22586167800455	35	OW1	26
128.22586167800455	128.25586167800452	64	T	26
128.25586167800452	128.32586167800451	54	K	26
128.32586167800451	128.36586167800453	7	AH1	26
128.36586167800453	128.43586167800453	58	N	26
128.43586167800453	128.49586167800453	64	T	26
128.49586167800453	128.52586167800453	61	R	26
128.52586167800453	128.56586167800452	31	IY0	26
128.56586167800452	128.69486167800454	62	S	26
128.69486167800454	128.91486167800454	17	AY2	26
128.91486167800454	128.97486167800452	48	D	26
138.50231292517006	138.57231292517005	49	DH	27
138.57231292517005	138.69131292517005	7	AH1	27
138.69131292517005	138.78131292517006	61	R	27
138.78131292517006	139.03031292517005	35	OW1	27
139.03031292517005	139.30031292517006	69	Z	27
139.30031292517006	139.62931292517007	74	sp	27
139.62931292517007	139.72931292517006	54	K	27
139.72931292517006	139.84931292517007	9	AO0	27
139.84931292517007	139.89931292517005	61	R	27
139.89931292517005	140.10831292517005	62	S	27
140.10831292517005	140.30831292517007	1	AA1	27
140.30831292517007	140.74731292517006	70	ZH	27
140.74731292517006	141.21631292517006	74	sp	27
141.21631292517006	141.26531292517006	62	S	27
141.26531292517006	141.31531292517008	57	M	27
141.31531292517008	141.36531292517006	19	EH1	27
141.36531292517006	141.47531292517007	56	L	27
141.47531292517007	141.50531292517007	48	D	27
141.50531292517007	141.63531292517007	62	S	27
141.63531292517007	141.68431292517008	67	W	27
141.68431292517008	141.80431292517005	32	IY1	27
141.80431292517005	141.86431292517005	64	T	27
163.44172335600908	163.59172335600908	49	DH	28
163.59172335600908	163.72072335600907	4	AE1	28
163.72072335600907	163.7607233560091	64	T	28
163.7607233560091	163.81072335600908	74	sp	28
163.81072335600908	163.90072335600908	60	P	28
163.90072335600908	164.00072335600908	28	IH1	28
164.00072335600908	164.06072335600908	54	K	28
164.06072335600908	164.1697233560091	60	P	28
164.1697233560091	164.27972335600907	2	AA2	28
164.27972335600907	164.35972335600908	54	K	28
164.35972335600908	164.43972335600907	6	AH0	28
164.43972335600907	164.46972335600907	64	T	28
164.46972335600907	164.52972335600907	67	W	28
164.52972335600907	164.55872335600907	6	AH0	28
164.55872335600907	164.63872335600908	69	Z	28
164.63872335600908	164.6587233560091	74	sp	28
164.6587233560091	164.75872335600909	54	K	28
164.75872335600909	164.91872335600908	1	AA1	28
164.91872335600908	164.94872335600908	64	T	28
164.94872335600908	164.98872335600907	61	R	28
164.98872335600907	165.07772335600907	19	EH1	28
165.07772335600907	165.1177233560091	48	D	28
165.1177233560091	165.17772335600907	52	HH	28
165.17772335600907	165.3077233560091	4	AE1	28
165.3077233560091	165.35772335600907	58	N	28
165.35772335600907	165.3977233560091	48	D	28
165.3977233560091	165.5267233560091	6	AH0	28
165.5267233560091	165.5867233560091	48	D	28
176.0907029478458	176.1907029478458	4	AE1	29
176.1907029478458	176.2207029478458	58	N	29
176.2207029478458	176.2507029478458	6	AH0	29
176.2507029478458	176.2907029478458	48	D	29
176.2907029478458	176.36070294784582	7	AH1	29
176.36070294784582	176.50970294784582	56	L	29
176.50970294784582	176.53970294784583	64	T	29
176.53970294784583	176.63970294784582	57	M	29
176.63970294784582	176.7197029478458	25	EY1	29
176.7197029478458	177.0187029478458	56	L	29
177.0187029478458	177.2087029478458	69	Z	29
177.2087029478458	177.2987029478458	46	B	29
177.2987029478458	177.4277029478458	6	AH0	29
177.4277029478458	177.53770294784582	46	B	29
177.53770294784582	177.6777029478458	44	UW1	29
177.6777029478458	177.78770294784582	58	N	29
177.78770294784582	177.9167029478458	69	Z	29
177.9167029478458	178.0167029478458	64	T	29
178.0167029478458	178.2067029478458	32	IY1	29
178.2067029478458	178.27570294784582	65	TH	29
178.27570294784582	178.30570294784582	74	sp	29
178.30570294784582	178.45570294784582	1	AA1	29
178.45570294784582	178.48570294784582	61	R	29
178.48570294784582	178.54570294784583	58	N	29
178.54570294784583	178.67570294784582	1	AA1	29
178.67570294784582	178.7247029478458	64	T	29
178.7247029478458	178.8747029478458	62	S	29
178.8747029478458	178.9647029478458	44	UW1	29
178.9647029478458	178.9947029478458	64	T	29
178.9947029478458	179.0247029478458	6	AH0	29
179.0247029478458	179.1247029478458	46	B	29
179.1247029478458	179.1737029478458	6	AH0	29
179.1737029478458	179.4037029478458	56	L	29
179.4037029478458	179.53370294784582	50	F	29
179.53370294784582	179.6027029478458	21	ER0	29
179.6027029478458	179.8027029478458	32	IY1	29
179.8027029478458	179.84270294784582	64	T	29
179.84270294784582	179.88270294784581	27	IH0	29
179.88270294784581	180.03170294784582	59	NG	29
180.03170294784582	180.1717029478458	63	SH	29
180.1717029478458	180.2017029478458	19	EH1	29
180.2017029478458	180.3317029478458	56	L	29
180.3317029478458	180.4417029478458	50	F	29
180.4417029478458	180.55070294784582	29	IH2	29
180.55070294784582	180.7807029478458	63	SH	29
190.14539682539683	190.22539682539684	52	HH	30
190.22539682539684	190.31539682539685	21	ER0	30
190.31539682539685	190.34539682539682	67	W	30
190.34539682539682	190.56439682539684	10	AO1	30
190.56439682539684	190.62439682539684	61	R	30
190.62439682539684	190.71439682539685	48	D	30
190.71439682539685	190.75439682539684	61	R	30
190.75439682539684	190.85439682539683	36	OW2	30
190.85439682539683	190.88339682539683	46	B	30
190.88339682539683	190.98339682539682	54	K	30
190.98339682539682	191.06339682539684	6	AH0	30
191.06339682539684	191.09339682539684	58	N	30
191.09339682539684	191.18339682539684	62	S	30
191.18339682539684	191.25339682539683	28	IH1	30
191.25339682539683	191.31239682539683	62	S	30
191.31239682539683	191.36239682539684	74	sp	30
191.36239682539684	191.42239682539685	7	AH1	30
191.42239682539685	191.48239682539682	66	V	30
191.48239682539682	191.63239682539682	35	OW1	30
191.63239682539682	191.66239682539683	58	N	30
191.66239682539683	191.69239682539683	56	L	30
191.69239682539683	191.72239682539683	31	IY0	30
191.72239682539683	191.85139682539682	62	S	30
191.85139682539682	191.90139682539683	54	K	30
191.90139682539683	191.99139682539683	22	ER1	30
191.99139682539683	192.07139682539685	64	T	30
192.07139682539685	192.11139682539684	62	S	30
192.11139682539684	192.24039682539683	4	AE1	30
192.24039682539683	192.28039682539682	58	N	30
192.28039682539682	192.31039682539682	48	D	30
192.31039682539682	192.34039682539682	46	B	30
192.34039682539682	192.39039682539683	56	L	30
192.39039682539683	192.53039682539682	13	AW1	30
192.53039682539682	192.62939682539684	62	S	30
192.62939682539684	192.79939682539683	6	AH0	30
192.79939682539683	192.85939682539683	69	Z	30
200.4083446712018	200.48834467120182	49	DH	31
200.48834467120182	200.53834467120183	6	AH0	31
200.53834467120183	200.6773446712018	64	T	31
200.6773446712018	200.72734467120182	44	UW1	31
200.72734467120182	200.94734467120182	1	AA1	31
200.94734467120182	200.97734467120182	61	R	31
200.97734467120182	201.00634467120182	64	T	31
201.00634467120182	201.06634467120182	6	AH0	31
201.06634467120182	201.1763446712018	62	S	31
201.1763446712018	201.22634467120182	27	IH0	31
201.22634467120182	201.2963446712018	54	K	31
201.2963446712018	201.3663446712018	62	S	31
201.3663446712018	201.4453446712018	47	CH	31
201.4453446712018	201.55534467120182	25	EY1	31
201.55534467120182	201.64534467120183	58	N	31
201.64534467120183	201.68534467120182	53	JH	31
201.68534467120182	201.7253446712018	48	D	31
201.7253446712018	201.86534467120183	10	AO1	31
201.86534467120183	201.89434467120182	64	T	31
201.89434467120182	201.92434467120182	6	AH0	31
201.92434467120182	201.9743446712018	51	G	31
201.9743446712018	202.0043446712018	61	R	31
202.0043446712018	202.21434467120181	5	AE2	31
202.21434467120181	202.2543446712018	50	F	31
202.2543446712018	202.45334467120182	62	S	31
211.54657596371882	211.63657596371883	46	B	32
211.63657596371883	211.67657596371882	7	AH1	32
211.67657596371882	211.7165759637188	64	T	32
211.7165759637188	211.78657596371883	21	ER0	32
211.78657596371883	211.91557596371882	62	S	32
211.91557596371882	211.96557596371883	54	K	32
211.96557596371883	212.0855759637188	2	AA2	32
212.0855759637188	212.23557596371882	47	CH	32
212.23557596371882	212.31557596371883	74	sp	32
212.31557596371883	212.35457596371882	50	F	32
212.35457596371882	212.57457596371881	7	AH1	32
212.57457596371881	212.74457596371883	53	JH	32
212.74457596371883	212.79357596371884	74	sp	32
212.79357596371884	212.8535759637188	51	G	32
212.8535759637188	213.05357596371883	35	OW1	32
213.05357596371883	213.12357596371882	69	Z	32
213.12357596371882	213.20357596371883	67	W	32
213.20357596371883	213.23257596371883	19	EH1	32
213.23257596371883	213.4725759637188	56	L	32
213.4725759637188	213.5025759637188	67	W	32
213.5025759637188	213.5325759637188	6	AH0	32
213.5325759637188	213.5625759637188	49	DH	32
213.5625759637188	213.61257596371883	66	V	32
213.61257596371883	213.64257596371883	6	AH0	32
213.64257596371883	213.6815759637188	58	N	32
213.6815759637188	213.72157596371883	28	IH1	32
213.72157596371883	213.9015759637188	56	L	32
213.9015759637188	213.99157596371882	6	AH0	32
213.99157596371882	214.36057596371882	74	sp	32
214.36057596371882	214.53057596371883	16	AY1	32
214.53057596371883	214.61957596371883	62	S	32
214.61957596371883	214.70957596371883	54	K	32
214.70957596371883	214.73957596371883	61	R	32
214.73957596371883	214.80957596371883	32	IY1	32
214.80957596371883	214.97957596371882	57	M	32
225.35573696145124	225.44473696145124	61	R	33
225.44473696145124	225.51473696145123	28	IH1	33
225.51473696145123	225.67473696145123	47	CH	33
225.67473696145123	225.77473696145125	74	sp	33
225.77473696145125	225.85373696145123	60	P	33
225.85373696145123	225.97373696145124	22	ER1	33
225.97373696145124	226.12373696145124	47	CH	33
226.12373696145124	226.20373696145126	6	AH0	33
226.20373696145126	226.25373696145124	62	S	33
226.25373696145124	226.28373696145124	64	T	33
226.28373696145124	226.43273696145124	74	sp	33
226.43273696145124	226.50273696145123	62	S	33
226.50273696145123	226.59273696145124	19	EH1	33
226.59273696145124	226.69273696145123	66	V	33
226.69273696145123	226.73173696145125	61	R	33
226.73173696145125	226.76173696145125	6	AH0	33
226.76173696145125	226.90173696145123	56	L	33
226.90173696145123	227.01173696145125	62	S	33
227.01173696145125	227.24073696145123	16	AY1	33
227.24073696145123	227.27073696145123	58	N	33
227.27073696145123	227.37073696145126	48	D	33
227.37073696145126	227.46073696145123	74	sp	33
227.46073696145123	227.61073696145124	56	L	33
227.61073696145124	227.64973696145125	28	IH1	33
227.64973696145125	227.74973696145125	65	TH	33
227.74973696145125	227.85973696145123	6	AH0	33
227.85973696145123	227.90973696145124	51	G	33
227.90973696145124	227.93973696145125	61	R	33
227.93973696145125	228.19873696145123	5	AE2	33
228.19873696145123	228.25873696145123	50	F	33
228.25873696145123	228.45873696145125	62	S	33
236.99224489795915	237.09224489795918	74	sp	34
237.09224489795918	237.15224489795918	19	EH1	34
237.15224489795918	237.22224489795917	58	N	34
237.22224489795917	237.28224489795917	31	IY0	34
237.28224489795917	237.37124489795917	54	K	34
237.37124489795917	237.42124489795916	2	AA2	34
237.42124489795916	237.48124489795916	58	N	34
237.48124489795916	237.51124489795916	64	T	34
237.51124489795916	237.54124489795916	61	R	34
237.54124489795916	237.58124489795918	6	AH0	34
237.58124489795918	237.66124489795916	46	B	34
237.66124489795916	237.70124489795916	68	Y	34
237.70124489795916	237.73124489795916	44	UW1	34
237.73124489795916	237.83024489795918	63	SH	34
237.83024489795918	237.88024489795916	6	AH0	34
237.88024489795916	237.94024489795916	58	N	34
237.94024489795916	237.97024489795916	69	Z	34
237.97024489795916	238.00024489795916	67	W	34
238.00024489795916	238.03024489795916	6	AH0	34
238.03024489795916	238.06024489795917	56	L	34
238.06024489795917	238.15024489795917	46	B	34
238.15024489795917	238.21924489795916	31	IY0	34
238.21924489795916	238.26924489795917	51	G	34
238.26924489795917	238.29924489795917	61	R	34
238.29924489795917	238.40924489795916	25	EY1	34
238.40924489795916	238.43924489795916	64	T	34
238.43924489795916	238.52924489795916	56	L	34
238.52924489795916	238.55924489795916	31	IY0	34
238.55924489795916	238.58924489795916	6	AH0	34
238.58924489795916	238.68824489795918	60	P	34
238.68824489795918	238.71824489795918	61	R	34
238.71824489795918	238.75824489795917	32	IY1	34
238.75824489795917	238.91824489795917	63	SH	34
238.91824489795917	238.98824489795916	31	IY0	34
238.98824489795916	239.17724489795916	26	EY2	34
239.17724489795916	239.20724489795916	64	T	34
239.20724489795916	239.25724489795917	6	AH0	34
239.25724489795917	239.29724489795916	48	D	34
251.73278911564626	251.78178911564626	49	DH	35
251.78178911564626	251.91178911564626	31	IY0	35
251.91178911564626	252.00178911564626	54	K	35
252.00178911564626	252.03178911564626	61	R	35
252.03178911564626	252.17178911564625	4	AE1	35
252.17178911564625	252.24078911564627	58	N	35
252.24078911564627	252.28078911564626	46	B	35
252.28078911564626	252.50078911564626	20	EH2	35
252.50078911564626	252.53078911564626	61	R	35
252.53078911564626	252.58078911564627	31	IY0	35
252.58078911564627	252.67978911564626	46	B	35
252.67978911564626	253.03978911564624	1	AA1	35
253.03978911564624	253.12878911564624	51	G	35
253.12878911564624	253.18878911564624	74	sp	35
253.18878911564624	253.25878911564627	51	G	35
253.25878911564627	253.31878911564627	19	EH1	35
253.31878911564627	253.38878911564626	64	T	35
253.38878911564626	253.42878911564625	62	S	35
253.42878911564625	253.49878911564625	74	sp	35
253.49878911564625	253.66778911564626	19	EH1	35
253.66778911564626	253.74778911564624	66	V	35
253.74778911564624	253.84778911564626	21	ER0	35
253.84778911564626	253.98678911564625	60	P	35
253.98678911564625	254.01678911564625	61	R	35
254.01678911564625	254.08678911564627	28	IH1	35
254.08678911564627	254.11678911564624	64	T	35
254.11678911564624	254.39678911564624	31	IY0	35
254.39678911564624	254.95478911564626	74	sp	35
254.95478911564626	255.00478911564625	51	G	35
255.00478911564625	255.07478911564627	28	IH1	35
255.07478911564627	255.12478911564625	64	T	35
255.12478911564625	255.15478911564625	62	S	35
255.15478911564625	255.20478911564626	66	V	35
255.20478911564626	255.38378911564627	19	EH1	35
255.38378911564627	255.41378911564627	61	R	35
255.41378911564627	255.44378911564627	31	IY0	35
255.44378911564627	255.47378911564624	60	P	35
255.47378911564624	255.55378911564625	61	R	35
255.55378911564625	255.59178911564626	28	IH1	35
255.59178911564626	255.62378911564625	64	T	35
255.62378911564625	255.68878911564624	31	IY0	35
255.68878911564624	255.72578911564625	6	AH0	35
255.72578911564625	255.75778911564626	58	N	35
255.75778911564626	255.91978911564627	10	AO1	35
255.91978911564627	255.94478911564624	64	T	35
255.94478911564624	256.04278911564626	6	AH0	35
256.04278911564626	256.22278911564626	57	M	35
267.941	267.991	52	HH	36
267.991	268.16	13	AW1	36
268.16	268.23	48	D	36
268.23	268.42	44	UW1	36
268.42	268.669	38	OY1	36
268.669	268.80899999999997	62	S	36
268.80899999999997	268.839	64	T	36
268.839	268.95799999999997	21	ER0	36
268.95799999999997	269.048	69	Z	36
269.048	269.148	57	M	36
269.148	269.20799999999997	25	EY1	36
269.20799999999997	269.288	54	K	36
269.288	269.358	74	sp	36
269.358	269.437	60	P	36
269.437	269.477	22	ER1	36
269.477	269.767	56	L	36
269.767	269.826	69	Z	36
305.4923464843726	305.5440793650793	57	M	37
305.5440793650793	305.57407936507934	25	EY1	37
305.57407936507934	305.64407936507934	16	AY1	37
305.64407936507934	306.0530793650793	10	AO1	37
306.0530793650793	306.08307936507936	61	R	37
306.08307936507936	306.1230793650793	48	D	37
306.1230793650793	306.17307936507933	21	ER0	37
306.17307936507933	306.43207936507935	6	AH0	37
306.43207936507935	306.5920793650793	60	P	37
306.5920793650793	306.7020793650793	1	AA1	37
306.7020793650793	306.73207936507936	61	R	37
306.73207936507936	306.88107936507936	50	F	37
306.88107936507936	306.9810793650793	25	EY1	37
306.9810793650793	307.13107936507936	4	AE1	37
307.13107936507936	307.2310793650793	50	F	37
307.2310793650793	307.28007936507936	64	T	37
307.28007936507936	307.3200793650793	21	ER0	37
307.3200793650793	307.4500793650793	16	AY1	37
307.4500793650793	307.5700793650793	32	IY1	37
307.5700793650793	307.6400793650793	64	T	37
307.6400793650793	307.68007936507934	48	D	37
307.68007936507934	307.74907936507935	28	IH1	37
307.74907936507935	307.82907936507934	58	N	37
307.82907936507934	307.87907936507935	21	ER0	37
315.9244444444444	316.02444444444444	28	IH1	38
316.02444444444444	316.0544444444444	69	Z	38
316.0544444444444	316.1844444444444	63	SH	38
316.1844444444444	316.2534444444444	32	IY1	38
316.2534444444444	316.31344444444443	51	G	38
316.31344444444443	316.4534444444444	35	OW1	38
316.4534444444444	316.5034444444444	27	IH0	38
316.5034444444444	316.7324444444444	59	NG	38
316.7324444444444	316.8524444444444	67	W	38
316.8524444444444	316.9024444444444	28	IH1	38
316.9024444444444	317.01244444444444	65	TH	38
317.01244444444444	317.0814444444444	68	Y	38
317.0814444444444	317.2414444444444	44	UW1	38
325.68920634920636	325.74920634920636	74	sp	39
325.74920634920636	325.80920634920636	54	K	39
325.80920634920636	325.8492063492064	6	AH0	39
325.8492063492064	325.9092063492064	58	N	39
325.9092063492064	325.93920634920636	49	DH	39
325.93920634920636	325.9692063492064	6	AH0	39
325.9692063492064	326.1092063492064	25	EY1	39
326.1092063492064	326.21820634920635	53	JH	39
326.21820634920635	326.2582063492064	6	AH0	39
326.2582063492064	326.3082063492064	58	N	39
326.3082063492064	326.42820634920633	62	S	39
326.42820634920633	326.54820634920634	31	IY0	39
326.54820634920634	326.66720634920637	35	OW1	39
326.66720634920637	326.7172063492064	66	V	39
326.7172063492064	326.79720634920636	21	ER0	39
326.79720634920636	326.91720634920637	65	TH	39
326.91720634920637	326.98720634920636	61	R	39
326.98720634920636	327.14620634920635	36	OW2	39
327.14620634920635	327.27620634920635	25	EY1	39
327.27620634920635	327.3662063492064	56	L	39
327.3662063492064	327.41620634920633	31	IY0	39
327.41620634920633	327.4552063492064	6	AH0	39
327.4552063492064	327.56520634920633	58	N	39
327.56520634920633	327.6352063492064	50	F	39
327.6352063492064	327.74520634920634	10	AO1	39
327.74520634920634	327.79520634920635	61	R	39
327.79520634920635	327.94420634920635	62	S	39
327.94420634920635	328.08420634920634	6	AH0	39
328.08420634920634	328.2842063492064	69	Z	39
