346.5839455782313	346.6539455782313	49	DH	27
346.6539455782313	346.7729455782313	7	AH1	27
346.7729455782313	346.8629455782313	61	R	27
346.8629455782313	347.11194557823126	35	OW1	27
347.11194557823126	347.3819455782313	69	Z	27
347.3819455782313	347.7109455782313	74	sp	27
347.7109455782313	347.8109455782313	54	K	27
347.8109455782313	347.93094557823133	9	AO0	27
347.93094557823133	347.9809455782313	61	R	27
347.9809455782313	348.1899455782313	62	S	27
348.1899455782313	348.3899455782313	1	AA1	27
348.3899455782313	348.8289455782313	70	ZH	27
348.8289455782313	349.2979455782313	74	sp	27
349.2979455782313	349.34694557823127	62	S	27
349.34694557823127	349.39694557823134	57	M	27
349.39694557823134	349.4469455782313	19	EH1	27
349.4469455782313	349.5569455782313	56	L	27
349.5569455782313	349.5869455782313	48	D	27
349.5869455782313	349.7169455782313	62	S	27
349.7169455782313	349.7659455782313	67	W	27
349.7659455782313	349.88594557823126	32	IY1	27
349.88594557823126	349.9459455782313	64	T	27
360.2530612244898	360.3330612244898	52	HH	30
360.3330612244898	360.4230612244898	21	ER0	30
360.4230612244898	360.4530612244898	67	W	30
360.4530612244898	360.67206122448977	10	AO1	30
360.67206122448977	360.7320612244898	61	R	30
360.7320612244898	360.8220612244898	48	D	30
360.8220612244898	360.8620612244898	61	R	30
360.8620612244898	360.9620612244898	36	OW2	30
360.9620612244898	360.9910612244898	46	B	30
360.9910612244898	361.09106122448975	54	K	30
361.09106122448975	361.1710612244898	6	AH0	30
361.1710612244898	361.20106122448976	58	N	30
361.20106122448976	361.2910612244898	62	S	30
361.2910612244898	361.3610612244898	28	IH1	30
361.3610612244898	361.4200612244898	62	S	30
361.4200612244898	361.47006122448977	74	sp	30
361.47006122448977	361.5300612244898	7	AH1	30
361.5300612244898	361.5900612244898	66	V	30
361.5900612244898	361.74006122448975	35	OW1	30
361.74006122448975	361.7700612244898	58	N	30
361.7700612244898	361.8000612244898	56	L	30
361.8000612244898	361.8300612244898	31	IY0	30
361.8300612244898	361.9590612244898	62	S	30
361.9590612244898	362.00906122448976	54	K	30
362.00906122448976	362.0990612244898	22	ER1	30
362.0990612244898	362.1790612244898	64	T	30
362.1790612244898	362.2190612244898	62	S	30
362.2190612244898	362.3480612244898	4	AE1	30
362.3480612244898	362.3880612244898	58	N	30
362.3880612244898	362.41806122448975	48	D	30
362.41806122448975	362.4480612244898	46	B	30
362.4480612244898	362.4980612244898	56	L	30
362.4980612244898	362.6380612244898	13	AW1	30
362.6380612244898	362.7370612244898	62	S	30
362.7370612244898	362.9070612244898	6	AH0	30
362.9070612244898	362.9670612244898	69	Z	30
371.0930612244898	371.1930612244898	49	DH	26
371.1930612244898	371.3220612244898	25	EY1	26
371.3220612244898	371.4820612244898	35	OW1	26
371.4820612244898	371.5120612244898	58	N	26
371.5120612244898	371.60206122448983	6	AH0	26
371.60206122448983	371.67206122448977	46	B	26
371.67206122448977	371.8010612244898	28	IH1	26
371.8010612244898	371.8310612244898	51	G	26
371.8310612244898	371.9410612244898	52	HH	26
371.9410612244898	372.2000612244898	13	AW1	26
372.2000612244898	372.3100612244898	62	S	26
372.3100612244898	372.40006122448983	28	IH1	26
372.40006122448983	372.4300612244898	58	N	26
372.4300612244898	372.4600612244898	49	DH	26
372.4600612244898	372.5990612244898	7	AH1	26
372.5990612244898	372.6890612244898	74	sp	26
372.6890612244898	372.7290612244898	61	R	26
372.7290612244898	372.7590612244898	6	AH0	26
372.7590612244898	372.8890612244898	57	M	26
372.8890612244898	373.01806122448977	35	OW1	26
373.01806122448977	373.0480612244898	64	T	26
373.0480612244898	373.1180612244898	54	K	26
373.1180612244898	373.1580612244898	7	AH1	26
373.1580612244898	373.2280612244898	58	N	26
373.2280612244898	373.2880612244898	64	T	26
373.2880612244898	373.3180612244898	61	R	26
373.3180612244898	373.3580612244898	31	IY0	26
373.3580612244898	373.4870612244898	62	S	26
373.4870612244898	373.7070612244898	17	AY2	26
373.7070612244898	373.7670612244898	48	D	26
382.4784580498866	382.59845804988663	49	DH	21
382.59845804988663	382.6574580498866	7	AH1	21
382.6574580498866	382.7974580498866	67	W	21
382.7974580498866	382.8774580498866	10	AO1	21
382.8774580498866	382.9074580498866	64	T	21
382.9074580498866	383.0074580498866	21	ER0	21
383.0074580498866	383.1164580498866	54	K	21
383.1164580498866	383.1964580498866	6	AH0	21
383.1964580498866	383.2264580498866	58	N	21
383.2264580498866	383.3164580498866	64	T	21
383.3164580498866	383.4764580498866	25	EY1	21
383.4764580498866	383.5054580498866	58	N	21
383.5054580498866	383.5354580498866	48	D	21
383.5354580498866	383.5754580498866	64	T	21
383.5754580498866	383.73545804988663	44	UW1	21
383.73545804988663	383.7754580498866	57	M	21
383.7754580498866	383.8254580498866	7	AH1	21
383.8254580498866	383.91545804988664	47	CH	21
383.91545804988664	384.0244580498866	54	K	21
384.0244580498866	384.06445804988664	56	L	21
384.06445804988664	384.1844580498866	10	AO1	21
384.1844580498866	384.2944580498866	61	R	21
384.2944580498866	384.4334580498866	31	IY0	21
384.4334580498866	384.5734580498866	58	N	21
384.5734580498866	384.7434580498866	4	AE1	21
384.7434580498866	384.8224580498866	58	N	21
384.8224580498866	384.8824580498866	48	D	21
384.8824580498866	385.0024580498866	62	S	21
385.0024580498866	385.06245804988663	64	T	21
385.06245804988663	385.1424580498866	7	AH1	21
385.1424580498866	385.24245804988664	59	NG	21
385.24245804988664	385.27145804988663	52	HH	21
385.27145804988663	385.3114580498866	6	AH0	21
385.3114580498866	385.3614580498866	69	Z	21
385.3614580498866	385.7004580498866	16	AY1	21
385.7004580498866	385.8504580498866	69	Z	21
395.44244897959186	395.4824489795918	74	sp	22
395.4824489795918	395.5524489795919	53	JH	22
395.5524489795919	395.7524489795918	1	AA1	22
395.7524489795918	395.81244897959186	58	N	22
395.81244897959186	395.96144897959186	69	Z	22
395.96144897959186	396.08144897959187	46	B	22
396.08144897959187	396.1414489795918	61	R	22
396.1414489795918	396.27044897959183	7	AH1	22
396.27044897959183	396.33044897959184	49	DH	22
396.33044897959184	396.61044897959187	21	ER0	22
396.61044897959187	396.72944897959184	74	sp	22
396.72944897959184	396.78944897959184	61	R	22
396.78944897959184	396.90944897959184	31	IY0	22
396.90944897959184	396.9494489795918	60	P	22
396.9494489795918	397.0594489795918	25	EY1	22
397.0594489795918	397.1194489795918	58	N	22
397.1194489795918	397.2184489795918	64	T	22
397.2184489795918	397.28844897959186	6	AH0	22
397.28844897959186	397.3484489795918	48	D	22
397.3484489795918	397.38844897959183	49	DH	22
397.38844897959183	397.42844897959185	6	AH0	22
397.42844897959185	397.49844897959184	51	G	22
397.49844897959184	397.5884489795918	21	ER0	22
397.5884489795918	397.7374489795918	1	AA1	22
397.7374489795918	397.76744897959185	70	ZH	22
397.76744897959185	397.8774489795918	48	D	22
397.8774489795918	398.02744897959184	10	AO1	22
398.02744897959184	398.0764489795919	61	R	22
418.65945578231293	418.71945578231293	74	sp	39
418.71945578231293	418.77945578231294	54	K	39
418.77945578231294	418.81945578231296	6	AH0	39
418.81945578231296	418.87945578231296	58	N	39
418.87945578231296	418.90945578231293	49	DH	39
418.90945578231293	418.93945578231296	6	AH0	39
418.93945578231296	419.07945578231295	25	EY1	39
419.07945578231295	419.18845578231293	53	JH	39
419.18845578231293	419.22845578231295	6	AH0	39
419.22845578231295	419.27845578231296	58	N	39
419.27845578231296	419.3984557823129	62	S	39
419.3984557823129	419.5184557823129	31	IY0	39
419.5184557823129	419.63745578231294	35	OW1	39
419.63745578231294	419.68745578231295	66	V	39
419.68745578231295	419.76745578231294	21	ER0	39
419.76745578231294	419.88745578231294	65	TH	39
419.88745578231294	419.95745578231293	61	R	39
419.95745578231293	420.1164557823129	36	OW2	39
420.1164557823129	420.2464557823129	25	EY1	39
420.2464557823129	420.33645578231295	56	L	39
420.33645578231295	420.3864557823129	31	IY0	39
420.3864557823129	420.42545578231295	6	AH0	39
420.42545578231295	420.5354557823129	58	N	39
420.5354557823129	420.60545578231296	50	F	39
420.60545578231296	420.7154557823129	10	AO1	39
420.7154557823129	420.7654557823129	61	R	39
420.7654557823129	420.9144557823129	62	S	39
420.9144557823129	421.0544557823129	6	AH0	39
421.0544557823129	421.25445578231296	69	Z	39
430.06557823129253	430.1145782312925	49	DH	35
430.1145782312925	430.2445782312925	31	IY0	35
430.2445782312925	430.33457823129254	54	K	35
430.33457823129254	430.3645782312925	61	R	35
430.3645782312925	430.5045782312925	4	AE1	35
430.5045782312925	430.5735782312926	58	N	35
430.5735782312926	430.61357823129254	46	B	35
430.61357823129254	430.83357823129256	20	EH2	35
430.83357823129256	430.86357823129254	61	R	35
430.86357823129254	430.91357823129255	31	IY0	35
430.91357823129255	431.01257823129254	46	B	35
431.01257823129254	431.37257823129255	1	AA1	35
431.37257823129255	431.4615782312925	51	G	35
431.4615782312925	431.52157823129255	74	sp	35
431.52157823129255	431.59157823129254	51	G	35
431.59157823129254	431.65157823129255	19	EH1	35
431.65157823129255	431.72157823129254	64	T	35
431.72157823129254	431.76157823129256	62	S	35
431.76157823129256	431.8315782312925	74	sp	35
431.8315782312925	432.00057823129254	19	EH1	35
432.00057823129254	432.0805782312925	66	V	35
432.0805782312925	432.18057823129254	21	ER0	35
432.18057823129254	432.31957823129255	60	P	35
432.31957823129255	432.3495782312925	61	R	35
432.3495782312925	432.4195782312926	28	IH1	35
432.4195782312926	432.44957823129255	64	T	35
432.44957823129255	432.7295782312925	31	IY0	35
432.7295782312925	433.2875782312925	74	sp	35
433.2875782312925	433.3375782312925	51	G	35
433.3375782312925	433.4075782312925	28	IH1	35
433.4075782312925	433.45757823129253	64	T	35
433.45757823129253	433.48757823129256	62	S	35
433.48757823129256	433.5375782312925	66	V	35
433.5375782312925	433.71657823129254	19	EH1	35
433.71657823129254	433.7465782312926	61	R	35
433.7465782312926	433.77657823129255	31	IY0	35
433.77657823129255	433.8065782312925	60	P	35
433.8065782312925	433.88657823129256	61	R	35
433.88657823129256	433.92457823129257	28	IH1	35
433.92457823129257	433.9565782312925	64	T	35
433.9565782312925	434.02157823129255	31	IY0	35
434.02157823129255	434.05857823129253	6	AH0	35
434.05857823129253	434.0905782312925	58	N	35
434.0905782312925	434.25257823129255	10	AO1	35
434.25257823129255	434.2775782312925	64	T	35
434.2775782312925	434.37557823129254	6	AH0	35
434.37557823129254	434.55557823129254	57	M	35
442.532335600907	442.62233560090704	46	B	32
442.62233560090704	442.662335600907	7	AH1	32
442.662335600907	442.70233560090696	64	T	32
442.70233560090696	442.772335600907	21	ER0	32
442.772335600907	442.90133560090703	62	S	32
442.90133560090703	442.951335600907	54	K	32
442.951335600907	443.071335600907	2	AA2	32
443.071335600907	443.22133560090697	47	CH	32
443.22133560090697	443.301335600907	74	sp	32
443.301335600907	443.340335600907	50	F	32
443.340335600907	443.560335600907	7	AH1	32
443.560335600907	443.730335600907	53	JH	32
443.730335600907	443.779335600907	74	sp	32
443.779335600907	443.839335600907	51	G	32
443.839335600907	444.039335600907	35	OW1	32
444.039335600907	444.109335600907	69	Z	32
444.109335600907	444.18933560090704	67	W	32
444.18933560090704	444.21833560090704	19	EH1	32
444.21833560090704	444.458335600907	56	L	32
444.458335600907	444.488335600907	67	W	32
444.488335600907	444.518335600907	6	AH0	32
444.518335600907	444.54833560090697	49	DH	32
444.54833560090697	444.59833560090703	66	V	32
444.59833560090703	444.628335600907	6	AH0	32
444.628335600907	444.667335600907	58	N	32
444.667335600907	444.707335600907	28	IH1	32
444.707335600907	444.887335600907	56	L	32
444.887335600907	444.977335600907	6	AH0	32
444.977335600907	445.34633560090697	74	sp	32
445.34633560090697	445.51633560090704	16	AY1	32
445.51633560090704	445.605335600907	62	S	32
445.605335600907	445.695335600907	54	K	32
445.695335600907	445.725335600907	61	R	32
445.725335600907	445.79533560090704	32	IY1	32
445.79533560090704	445.965335600907	57	M	32
455.65215419501135	455.7121541950113	6	AH0	25
455.7121541950113	455.8821541950113	57	M	25
455.8821541950113	455.9421541950113	7	AH1	25
455.9421541950113	456.01115419501133	62	S	25
456.01115419501133	456.0811541950113	54	K	25
456.0811541950113	456.1211541950113	68	Y	25
456.1211541950113	456.1791541950113	6	AH0	25
456.1791541950113	456.2231541950113	56	L	25
456.2231541950113	456.2511541950113	21	ER0	25
456.2511541950113	456.3651541950113	5	AE2	25
456.3651541950113	456.4591541950113	46	B	25
456.4591541950113	456.4781541950113	48	D	25
456.4781541950113	456.6301541950113	1	AA1	25
456.6301541950113	456.7221541950113	57	M	25
456.7221541950113	456.74415419501133	6	AH0	25
456.74415419501133	456.7721541950113	58	N	25
456.7721541950113	456.8581541950113	6	AH0	25
456.8581541950113	456.8721541950113	58	N	25
456.8721541950113	457.0091541950113	28	IH1	25
457.0091541950113	457.11915419501133	69	Z	25
457.11915419501133	457.1991541950113	51	G	25
457.1991541950113	457.2791541950113	6	AH0	25
457.2791541950113	457.3191541950113	48	D	25
457.3191541950113	457.4081541950113	50	F	25
457.4081541950113	457.4781541950113	21	ER0	25
457.4781541950113	457.50815419501134	68	Y	25
457.50815419501134	457.5381541950113	41	UH1	25
457.5381541950113	457.5681541950113	61	R	25
457.5681541950113	457.64815419501133	46	B	25
457.64815419501133	457.8671541950113	4	AE1	25
457.8671541950113	457.9771541950113	54	K	25
480.26136054421767	480.3613605442177	74	sp	34
480.3613605442177	480.4213605442177	19	EH1	34
480.4213605442177	480.4913605442177	58	N	34
480.4913605442177	480.5513605442177	31	IY0	34
480.5513605442177	480.6403605442177	54	K	34
480.6403605442177	480.6903605442177	2	AA2	34
480.6903605442177	480.75036054421764	58	N	34
480.75036054421764	480.7803605442177	64	T	34
480.7803605442177	480.8103605442177	61	R	34
480.8103605442177	480.85036054421766	6	AH0	34
480.85036054421766	480.9303605442177	46	B	34
480.9303605442177	480.97036054421767	68	Y	34
480.97036054421767	481.00036054421764	44	UW1	34
481.00036054421764	481.0993605442177	63	SH	34
481.0993605442177	481.14936054421764	6	AH0	34
481.14936054421764	481.2093605442177	58	N	34
481.2093605442177	481.2393605442177	69	Z	34
481.2393605442177	481.26936054421765	67	W	34
481.26936054421765	481.2993605442177	6	AH0	34
481.2993605442177	481.3293605442177	56	L	34
481.3293605442177	481.4193605442177	46	B	34
481.4193605442177	481.4883605442177	31	IY0	34
481.4883605442177	481.53836054421765	51	G	34
481.53836054421765	481.5683605442177	61	R	34
481.5683605442177	481.67836054421764	25	EY1	34
481.67836054421764	481.70836054421767	64	T	34
481.70836054421767	481.79836054421764	56	L	34
481.79836054421764	481.8283605442177	31	IY0	34
481.8283605442177	481.8583605442177	6	AH0	34
481.8583605442177	481.9573605442177	60	P	34
481.9573605442177	481.9873605442177	61	R	34
481.9873605442177	482.0273605442177	32	IY1	34
482.0273605442177	482.18736054421765	63	SH	34
482.18736054421765	482.2573605442177	31	IY0	34
482.2573605442177	482.44636054421767	26	EY2	34
482.44636054421767	482.47636054421764	64	T	34
482.47636054421764	482.5263605442177	6	AH0	34
482.5263605442177	482.5663605442177	48	D	34
492.0081632653061	492.0671632653061	57	M	37
492.0671632653061	492.0971632653061	25	EY1	37
492.0971632653061	492.1671632653061	16	AY1	37
492.1671632653061	492.5761632653061	10	AO1	37
492.5761632653061	492.6061632653061	61	R	37
492.6061632653061	492.6461632653061	48	D	37
492.6461632653061	492.6961632653061	21	ER0	37
492.6961632653061	492.9551632653061	6	AH0	37
492.9551632653061	493.1151632653061	60	P	37
493.1151632653061	493.2251632653061	1	AA1	37
493.2251632653061	493.2551632653061	61	R	37
493.2551632653061	493.4041632653061	50	F	37
493.4041632653061	493.5041632653061	25	EY1	37
493.5041632653061	493.6541632653061	4	AE1	37
493.6541632653061	493.7541632653061	50	F	37
493.7541632653061	493.8031632653061	64	T	37
493.8031632653061	493.8431632653061	21	ER0	37
493.8431632653061	493.9731632653061	16	AY1	37
493.9731632653061	494.0931632653061	32	IY1	37
494.0931632653061	494.1631632653061	64	T	37
494.1631632653061	494.2031632653061	48	D	37
494.2031632653061	494.2721632653061	28	IH1	37
494.2721632653061	494.3521632653061	58	N	37
494.3521632653061	494.4021632653061	21	ER0	37
503.6518820861678	503.74188208616783	47	CH	23
503.74188208616783	503.8108820861678	4	AE1	23
503.8108820861678	503.9808820861678	56	L	23
503.9808820861678	504.1208820861678	6	AH0	23
504.1208820861678	504.1508820861678	58	N	23
504.1508820861678	504.2698820861678	53	JH	23
504.2698820861678	504.4398820861678	32	IY1	23
504.4398820861678	504.6198820861678	47	CH	23
504.6198820861678	504.7188820861678	53	JH	23
504.7188820861678	504.7988820861678	19	EH1	23
504.7988820861678	504.8288820861678	58	N	23
504.8288820861678	504.8588820861678	21	ER0	23
504.8588820861678	504.88888208616777	6	AH0	23
504.88888208616777	505.1278820861678	56	L	23
505.1278820861678	505.1778820861678	69	Z	23
505.1778820861678	505.2578820861678	29	IH2	23
505.2578820861678	505.3078820861678	58	N	23
505.3078820861678	505.3878820861678	64	T	23
505.3878820861678	505.41788208616777	19	EH1	23
505.41788208616777	505.5478820861678	56	L	23
505.5478820861678	505.5768820861678	6	AH0	23
505.5768820861678	505.6668820861678	53	JH	23
505.6668820861678	505.74688208616783	6	AH0	23
505.74688208616783	505.9868820861678	58	N	23
505.9868820861678	506.1058820861678	62	S	23
514.6366439909297	514.7866439909296	49	DH	28
514.7866439909296	514.9156439909297	4	AE1	28
514.9156439909297	514.9556439909297	64	T	28
514.9556439909297	515.0056439909297	74	sp	28
515.0056439909297	515.0956439909296	60	P	28
515.0956439909296	515.1956439909296	28	IH1	28
515.1956439909296	515.2556439909297	54	K	28
515.2556439909297	515.3646439909296	60	P	28
515.3646439909296	515.4746439909296	2	AA2	28
515.4746439909296	515.5546439909297	54	K	28
515.5546439909297	515.6346439909296	6	AH0	28
515.6346439909296	515.6646439909297	64	T	28
515.6646439909297	515.7246439909296	67	W	28
515.7246439909296	515.7536439909296	6	AH0	28
515.7536439909296	515.8336439909297	69	Z	28
515.8336439909297	515.8536439909296	74	sp	28
515.8536439909296	515.9536439909297	54	K	28
515.9536439909297	516.1136439909296	1	AA1	28
516.1136439909296	516.1436439909296	64	T	28
516.1436439909296	516.1836439909297	61	R	28
516.1836439909297	516.2726439909296	19	EH1	28
516.2726439909296	516.3126439909297	48	D	28
516.3126439909297	516.3726439909296	52	HH	28
516.3726439909296	516.5026439909296	4	AE1	28
516.5026439909296	516.5526439909297	58	N	28
516.5526439909297	516.5926439909297	48	D	28
516.5926439909297	516.7216439909297	6	AH0	28
516.7216439909297	516.7816439909296	48	D	28
526.0853514739229	526.1853514739229	28	IH1	38
526.1853514739229	526.2153514739229	69	Z	38
526.2153514739229	526.3453514739228	63	SH	38
526.3453514739228	526.4143514739228	32	IY1	38
526.4143514739228	526.4743514739229	51	G	38
526.4743514739229	526.6143514739229	35	OW1	38
526.6143514739229	526.6643514739228	27	IH0	38
526.6643514739228	526.8933514739228	59	NG	38
526.8933514739228	527.0133514739229	67	W	38
527.0133514739229	527.0633514739229	28	IH1	38
527.0633514739229	527.1733514739228	65	TH	38
527.1733514739228	527.2423514739228	68	Y	38
527.2423514739228	527.4023514739229	44	UW1	38
536.844716553288	536.9337165532879	61	R	33
536.9337165532879	537.003716553288	28	IH1	33
537.003716553288	537.1637165532879	47	CH	33
537.1637165532879	537.263716553288	74	sp	33
537.263716553288	537.3427165532879	60	P	33
537.3427165532879	537.4627165532879	22	ER1	33
537.4627165532879	537.612716553288	47	CH	33
537.612716553288	537.6927165532879	6	AH0	33
537.6927165532879	537.7427165532879	62	S	33
537.7427165532879	537.772716553288	64	T	33
537.772716553288	537.921716553288	74	sp	33
537.921716553288	537.9917165532879	62	S	33
537.9917165532879	538.081716553288	19	EH1	33
538.081716553288	538.181716553288	66	V	33
538.181716553288	538.220716553288	61	R	33
538.220716553288	538.2507165532879	6	AH0	33
538.2507165532879	538.3907165532879	56	L	33
538.3907165532879	538.5007165532879	62	S	33
538.5007165532879	538.729716553288	16	AY1	33
538.729716553288	538.759716553288	58	N	33
538.759716553288	538.859716553288	48	D	33
538.859716553288	538.949716553288	74	sp	33
538.949716553288	539.099716553288	56	L	33
539.099716553288	539.138716553288	28	IH1	33
539.138716553288	539.238716553288	65	TH	33
539.238716553288	539.3487165532879	6	AH0	33
539.3487165532879	539.398716553288	51	G	33
539.398716553288	539.4287165532879	61	R	33
539.4287165532879	539.6877165532879	5	AE2	33
539.6877165532879	539.747716553288	50	F	33
539.747716553288	539.9477165532879	62	S	33
548.466	548.5160000000001	52	HH	36
548.5160000000001	548.6850000000001	13	AW1	36
548.6850000000001	548.7550000000001	48	D	36
548.7550000000001	548.945	44	UW1	36
548.945	549.194	38	OY1	36
549.194	549.3340000000001	62	S	36
549.3340000000001	549.364	64	T	36
549.364	549.483	21	ER0	36
549.483	549.5730000000001	69	Z	36
549.5730000000001	549.673	57	M	36
549.673	549.733	25	EY1	36
549.733	549.8130000000001	54	K	36
549.8130000000001	549.883	74	sp	36
549.883	549.962	60	P	36
549.962	550.002	22	ER1	36
550.002	550.292	56	L	36
550.292	550.3510000000001	69	Z	36
560.0563587787963	560.1487981859409	4	AE1	29
560.1487981859409	560.178798185941	58	N	29
560.178798185941	560.208798185941	6	AH0	29
560.208798185941	560.2487981859409	48	D	29
560.2487981859409	560.318798185941	7	AH1	29
560.318798185941	560.467798185941	56	L	29
560.467798185941	560.497798185941	64	T	29
560.497798185941	560.597798185941	57	M	29
560.597798185941	560.6777981859409	25	EY1	29
560.6777981859409	560.976798185941	56	L	29
560.976798185941	561.1667981859409	69	Z	29
561.1667981859409	561.256798185941	46	B	29
561.256798185941	561.385798185941	6	AH0	29
561.385798185941	561.495798185941	46	B	29
561.495798185941	561.635798185941	44	UW1	29
561.635798185941	561.745798185941	58	N	29
561.745798185941	561.874798185941	69	Z	29
561.874798185941	561.9747981859409	64	T	29
561.9747981859409	562.164798185941	32	IY1	29
562.164798185941	562.2337981859409	65	TH	29
562.2337981859409	562.2637981859409	74	sp	29
562.2637981859409	562.413798185941	1	AA1	29
562.413798185941	562.443798185941	61	R	29
562.443798185941	562.5037981859409	58	N	29
562.5037981859409	562.633798185941	1	AA1	29
562.633798185941	562.682798185941	64	T	29
562.682798185941	562.832798185941	62	S	29
562.832798185941	562.922798185941	44	UW1	29
562.922798185941	562.952798185941	64	T	29
562.952798185941	562.982798185941	6	AH0	29
562.982798185941	563.082798185941	46	B	29
563.082798185941	563.131798185941	6	AH0	29
563.131798185941	563.361798185941	56	L	29
563.361798185941	563.491798185941	50	F	29
563.491798185941	563.5607981859409	21	ER0	29
563.5607981859409	563.760798185941	32	IY1	29
563.760798185941	563.800798185941	64	T	29
563.800798185941	563.8407981859409	27	IH0	29
563.8407981859409	563.989798185941	59	NG	29
563.989798185941	564.1297981859409	63	SH	29
564.1297981859409	564.159798185941	19	EH1	29
564.159798185941	564.289798185941	56	L	29
564.289798185941	564.399798185941	50	F	29
564.399798185941	564.508798185941	29	IH2	29
564.508798185941	564.7387981859409	63	SH	29
572.5707936507937	572.6507936507937	49	DH	31
572.6507936507937	572.7007936507937	6	AH0	31
572.7007936507937	572.8397936507937	64	T	31
572.8397936507937	572.8897936507938	44	UW1	31
572.8897936507938	573.1097936507938	1	AA1	31
573.1097936507938	573.1397936507938	61	R	31
573.1397936507938	573.1687936507938	64	T	31
573.1687936507938	573.2287936507937	6	AH0	31
573.2287936507937	573.3387936507937	62	S	31
573.3387936507937	573.3887936507938	27	IH0	31
573.3887936507938	573.4587936507937	54	K	31
573.4587936507937	573.5287936507937	62	S	31
573.5287936507937	573.6077936507937	47	CH	31
573.6077936507937	573.7177936507937	25	EY1	31
573.7177936507937	573.8077936507938	58	N	31
573.8077936507938	573.8477936507937	53	JH	31
573.8477936507937	573.8877936507937	48	D	31
573.8877936507937	574.0277936507937	10	AO1	31
574.0277936507937	574.0567936507937	64	T	31
574.0567936507937	574.0867936507938	6	AH0	31
574.0867936507938	574.1367936507937	51	G	31
574.1367936507937	574.1667936507937	61	R	31
574.1667936507937	574.3767936507937	5	AE2	31
574.3767936507937	574.4167936507937	50	F	31
574.4167936507937	574.6157936507938	62	S	31
