67.67718820861678	67.79718820861677	49	DH	21
67.79718820861677	67.85618820861677	7	AH1	21
67.85618820861677	67.99618820861679	67	W	21
67.99618820861679	68.07618820861678	10	AO1	21
68.07618820861678	68.10618820861677	64	T	21
68.10618820861677	68.20618820861678	21	ER0	21
68.20618820861678	68.31518820861677	54	K	21
68.31518820861677	68.39518820861679	6	AH0	21
68.39518820861679	68.42518820861679	58	N	21
68.42518820861679	68.51518820861679	64	T	21
68.51518820861679	68.67518820861679	25	EY1	21
68.67518820861679	68.70418820861678	58	N	21
68.70418820861678	68.73418820861679	48	D	21
68.73418820861679	68.77418820861678	64	T	21
68.77418820861678	68.93418820861677	44	UW1	21
68.93418820861677	68.97418820861678	57	M	21
68.97418820861678	69.02418820861678	7	AH1	21
69.02418820861678	69.11418820861678	47	CH	21
69.11418820861678	69.22318820861679	54	K	21
69.22318820861679	69.26318820861678	56	L	21
69.26318820861678	69.38318820861679	10	AO1	21
69.38318820861679	69.49318820861677	61	R	21
69.49318820861677	69.63218820861678	31	IY0	21
69.63218820861678	69.77218820861678	58	N	21
69.77218820861678	69.94218820861678	4	AE1	21
69.94218820861678	70.02118820861678	58	N	21
70.02118820861678	70.08118820861678	48	D	21
70.08118820861678	70.20118820861678	62	S	21
70.20118820861678	70.26118820861679	64	T	21
70.26118820861679	70.34118820861679	7	AH1	21
70.34118820861679	70.44118820861678	59	NG	21
70.44118820861678	70.47018820861678	52	HH	21
70.47018820861678	70.51018820861678	6	AH0	21
70.51018820861678	70.56018820861678	69	Z	21
70.56018820861678	70.89918820861678	16	AY1	21
70.89918820861678	71.04918820861678	69	Z	21
78.94621315192745	78.98621315192744	74	sp	22
78.98621315192744	79.05621315192745	53	JH	22
79.05621315192745	79.25621315192744	1	AA1	22
79.25621315192744	79.31621315192744	58	N	22
79.31621315192744	79.46521315192744	69	Z	22
79.46521315192744	79.58521315192745	46	B	22
79.58521315192745	79.64521315192745	61	R	22
79.64521315192745	79.77421315192744	7	AH1	22
79.77421315192744	79.83421315192744	49	DH	22
79.83421315192744	80.11421315192744	21	ER0	22
80.11421315192744	80.23321315192744	74	sp	22
80.23321315192744	80.29321315192745	61	R	22
80.29321315192745	80.41321315192745	31	IY0	22
80.41321315192745	80.45321315192744	60	P	22
80.45321315192744	80.56321315192744	25	EY1	22
80.56321315192744	80.62321315192744	58	N	22
80.62321315192744	80.72221315192745	64	T	22
80.72221315192745	80.79221315192744	6	AH0	22
80.79221315192744	80.85221315192744	48	D	22
80.85221315192744	80.89221315192745	49	DH	22
80.89221315192745	80.93221315192744	6	AH0	22
80.93221315192744	81.00221315192745	51	G	22
81.00221315192745	81.09221315192745	21	ER0	22
81.09221315192745	81.24121315192745	1	AA1	22
81.24121315192745	81.27121315192744	70	ZH	22
81.27121315192744	81.38121315192744	48	D	22
81.38121315192744	81.53121315192745	10	AO1	22
81.53121315192745	81.58021315192745	61	R	22
89.40435374149659	89.4943537414966	47	CH	23
89.4943537414966	89.56335374149658	4	AE1	23
89.56335374149658	89.73335374149659	56	L	23
89.73335374149659	89.87335374149659	6	AH0	23
89.87335374149659	89.90335374149659	58	N	23
89.90335374149659	90.02235374149659	53	JH	23
90.02235374149659	90.19235374149659	32	IY1	23
90.19235374149659	90.3723537414966	47	CH	23
90.3723537414966	90.47135374149659	53	JH	23
90.47135374149659	90.55135374149658	19	EH1	23
90.55135374149658	90.58135374149659	58	N	23
90.58135374149659	90.61135374149659	21	ER0	23
90.61135374149659	90.64135374149659	6	AH0	23
90.64135374149659	90.88035374149659	56	L	23
90.88035374149659	90.93035374149659	69	Z	23
90.93035374149659	91.01035374149659	29	IH2	23
91.01035374149659	91.06035374149658	58	N	23
91.06035374149658	91.1403537414966	64	T	23
91.1403537414966	91.17035374149658	19	EH1	23
91.17035374149658	91.3003537414966	56	L	23
91.3003537414966	91.32935374149659	6	AH0	23
91.32935374149659	91.4193537414966	53	JH	23
91.4193537414966	91.49935374149659	6	AH0	23
91.49935374149659	91.73935374149659	58	N	23
91.73935374149659	91.85835374149659	62	S	23
115.43074829931973	115.49074829931972	6	AH0	25
115.49074829931972	115.66074829931972	57	M	25
115.66074829931972	115.72074829931972	7	AH1	25
115.72074829931972	115.78974829931973	62	S	25
115.78974829931973	115.85974829931972	54	K	25
115.85974829931972	115.89974829931973	68	Y	25
115.89974829931973	115.95774829931972	6	AH0	25
115.95774829931972	116.00174829931973	56	L	25
116.00174829931973	116.02974829931972	21	ER0	25
116.02974829931972	116.14374829931972	5	AE2	25
116.14374829931972	116.23774829931972	46	B	25
116.23774829931972	116.25674829931972	48	D	25
116.25674829931972	116.40874829931973	1	AA1	25
116.40874829931973	116.50074829931972	57	M	25
116.50074829931972	116.52274829931973	6	AH0	25
116.52274829931973	116.55074829931972	58	N	25
116.55074829931972	116.63674829931972	6	AH0	25
116.63674829931972	116.65074829931973	58	N	25
116.65074829931973	116.78774829931973	28	IH1	25
116.78774829931973	116.89774829931973	69	Z	25
116.89774829931973	116.97774829931973	51	G	25
116.97774829931973	117.05774829931973	6	AH0	25
117.05774829931973	117.09774829931972	48	D	25
117.09774829931972	117.18674829931972	50	F	25
117.18674829931972	117.25674829931972	21	ER0	25
117.25674829931972	117.28674829931973	68	Y	25
117.28674829931973	117.31674829931973	41	UH1	25
117.31674829931973	117.34674829931973	61	R	25
117.34674829931973	117.42674829931973	46	B	25
117.42674829931973	117.64574829931972	4	AE1	25
117.64574829931972	117.75574829931972	54	K	25
126.30086167800454	126.40086167800453	49	DH	26
126.40086167800453	126.52986167800454	25	EY1	26
126.52986167800454	126.68986167800453	35	OW1	26
126.68986167800453	126.71986167800453	58	N	26
126.71986167800453	126.80986167800454	6	AH0	26
126.80986167800454	126.87986167800453	46	B	26
126.87986167800453	127.00886167800454	28	IH1	26
127.00886167800454	127.03886167800454	51	G	26
127.03886167800454	127.14886167800454	52	HH	26
127.14886167800454	127.40786167800454	13	AW1	26
127.40786167800454	127.51786167800454	62	S	26
127.51786167800454	127.60786167800454	28	IH1	26
127.60786167800454	127.63786167800454	58	N	26
127.63786167800454	127.66786167800454	49	DH	26
127.66786167800454	127.80686167800454	7	AH1	26
127.80686167800454	127.89686167800454	74	sp	26
127.89686167800454	127.93686167800453	61	R	26
127.93686167800453	127.96686167800453	6	AH0	26
127.96686167800453	128.09686167800453	57	M	26
128.09686167800453	128.22586167800455	35	OW1	26
128.22586167800455	128.25586167800452	64	T	26
128.25586167800452	128.32586167800451	54	K	26
128.32586167800451	128.36586167800453	7	AH1	26
128.36586167800453	128.43586167800453	58	N	26
128.43586167800453	128.49586167800453	64	T	26
128.49586167800453	128.52586167800453	61	R	26
128.52586167800453	128.56586167800452	31	IY0	26
128.56586167800452	128.69486167800454	62	S	26
128.69486167800454	128.91486167800454	17	AY2	26
128.91486167800454	128.97486167800452	48	D	26
138.50231292517006	138.57231292517005	49	DH	27
138.57231292517005	138.69131292517005	7	AH1	27
138.69131292517005	138.78131292517006	61	R	27
138.78131292517006	139.03031292517005	35	OW1	27
139.03031292517005	139.30031292517006	69	Z	27
139.30031292517006	139.62931292517007	74	sp	27
139.62931292517007	139.72931292517006	54	K	27
139.72931292517006	139.84931292517007	9	AO0	27
139.84931292517007	139.89931292517005	61	R	27
139.89931292517005	140.10831292517005	62	S	27
140.10831292517005	140.30831292517007	1	AA1	27
140.30831292517007	140.74731292517006	70	ZH	27
140.74731292517006	141.21631292517006	74	sp	27
141.21631292517006	141.26531292517006	62	S	27
141.26531292517006	141.31531292517008	57	M	27
141.31531292517008	141.36531292517006	19	EH1	27
141.36531292517006	141.47531292517007	56	L	27
141.47531292517007	141.50531292517007	48	D	27
141.50531292517007	141.63531292517007	62	S	27
141.63531292517007	141.68431292517008	67	W	27
141.68431292517008	141.80431292517005	32	IY1	27
141.80431292517005	141.86431292517005	64	T	27
163.44172335600908	163.59172335600908	49	DH	28
163.59172335600908	163.72072335600907	4	AE1	28
163.72072335600907	163.7607233560091	64	T	28
163.7607233560091	163.81072335600908	74	sp	28
163.81072335600908	163.90072335600908	60	P	28
163.90072335600908	164.00072335600908	28	IH1	28
164.00072335600908	164.06072335600908	54	K	28
164.06072335600908	164.1697233560091	60	P	28
164.1697233560091	164.27972335600907	2	AA2	28
164.27972335600907	164.35972335600908	54	K	28
164.35972335600908	164.43972335600907	6	AH0	28
164.43972335600907	164.46972335600907	64	T	28
164.46972335600907	164.52972335600907	67	W	28
164.52972335600907	164.55872335600907	6	AH0	28
164.55872335600907	164.63872335600908	69	Z	28
164.63872335600908	164.6587233560091	74	sp	28
164.6587233560091	164.75872335600909	54	K	28
164.75872335600909	164.91872335600908	1	AA1	28
164.91872335600908	164.94872335600908	64	T	28
164.94872335600908	164.98872335600907	61	R	28
164.98872335600907	165.07772335600907	19	EH1	28
165.07772335600907	165.1177233560091	48	D	28
165.1177233560091	165.17772335600907	52	HH	28
165.17772335600907	165.3077233560091	4	AE1	28
165.3077233560091	165.35772335600907	58	N	28
165.35772335600907	165.3977233560091	48	D	28
165.3977233560091	165.5267233560091	6	AH0	28
165.5267233560091	165.5867233560091	48	D	28
176.0907029478458	176.1907029478458	4	AE1	29
176.1907029478458	176.2207029478458	58	N	29
176.2207029478458	176.2507029478458	6	AH0	29
176.2507029478458	176.2907029478458	48	D	29
176.2907029478458	176.36070294784582	7	AH1	29
176.36070294784582	176.50970294784582	56	L	29
176.50970294784582	176.53970294784583	64	T	29
176.53970294784583	176.63970294784582	57	M	29
176.63970294784582	176.7197029478458	25	EY1	29
176.7197029478458	177.0187029478458	56	L	29
177.0187029478458	177.2087029478458	69	Z	29
177.2087029478458	177.2987029478458	46	B	29
177.2987029478458	177.4277029478458	6	AH0	29
177.4277029478458	177.53770294784582	46	B	29
177.53770294784582	177.6777029478458	44	UW1	29
177.6777029478458	177.78770294784582	58	N	29
177.78770294784582	177.9167029478458	69	Z	29
177.9167029478458	178.0167029478458	64	T	29
178.0167029478458	178.2067029478458	32	IY1	29
178.2067029478458	178.27570294784582	65	TH	29
178.27570294784582	178.30570294784582	74	sp	29
178.30570294784582	178.45570294784582	1	AA1	29
178.45570294784582	178.48570294784582	61	R	29
178.48570294784582	178.54570294784583	58	N	29
178.54570294784583	178.67570294784582	1	AA1	29
178.67570294784582	178.7247029478458	64	T	29
178.7247029478458	178.8747029478458	62	S	29
178.8747029478458	178.9647029478458	44	UW1	29
178.9647029478458	178.9947029478458	64	T	29
178.9947029478458	179.0247029478458	6	AH0	29
179.0247029478458	179.1247029478458	46	B	29
179.1247029478458	179.1737029478458	6	AH0	29
179.1737029478458	179.4037029478458	56	L	29
179.4037029478458	179.53370294784582	50	F	29
179.53370294784582	179.6027029478458	21	ER0	29
179.6027029478458	179.8027029478458	32	IY1	29
179.8027029478458	179.84270294784582	64	T	29
179.84270294784582	179.88270294784581	27	IH0	29
179.88270294784581	180.03170294784582	59	NG	29
180.03170294784582	180.1717029478458	63	SH	29
180.1717029478458	180.2017029478458	19	EH1	29
180.2017029478458	180.3317029478458	56	L	29
180.3317029478458	180.4417029478458	50	F	29
180.4417029478458	180.55070294784582	29	IH2	29
180.55070294784582	180.7807029478458	63	SH	29
190.14539682539683	190.22539682539684	52	HH	30
190.22539682539684	190.31539682539685	21	ER0	30
190.31539682539685	190.34539682539682	67	W	30
190.34539682539682	190.56439682539684	10	AO1	30
190.56439682539684	190.62439682539684	61	R	30
190.62439682539684	190.71439682539685	48	D	30
190.71439682539685	190.75439682539684	61	R	30
190.75439682539684	190.85439682539683	36	OW2	30
190.85439682539683	190.88339682539683	46	B	30
190.88339682539683	190.98339682539682	54	K	30
190.98339682539682	191.06339682539684	6	AH0	30
191.06339682539684	191.09339682539684	58	N	30
191.09339682539684	191.18339682539684	62	S	30
191.18339682539684	191.25339682539683	28	IH1	30
191.25339682539683	191.31239682539683	62	S	30
191.31239682539683	191.36239682539684	74	sp	30
191.36239682539684	191.42239682539685	7	AH1	30
191.42239682539685	191.48239682539682	66	V	30
191.48239682539682	191.63239682539682	35	OW1	30
191.63239682539682	191.66239682539683	58	N	30
191.66239682539683	191.69239682539683	56	L	30
191.69239682539683	191.72239682539683	31	IY0	30
191.72239682539683	191.85139682539682	62	S	30
191.85139682539682	191.90139682539683	54	K	30
191.90139682539683	191.99139682539683	22	ER1	30
191.99139682539683	192.07139682539685	64	T	30
192.07139682539685	192.11139682539684	62	S	30
192.11139682539684	192.24039682539683	4	AE1	30
192.24039682539683	192.28039682539682	58	N	30
192.28039682539682	192.31039682539682	48	D	30
192.31039682539682	192.34039682539682	46	B	30
192.34039682539682	192.39039682539683	56	L	30
192.39039682539683	192.53039682539682	13	AW1	30
192.53039682539682	192.62939682539684	62	S	30
192.62939682539684	192.79939682539683	6	AH0	30
192.79939682539683	192.85939682539683	69	Z	30
200.4083446712018	200.48834467120182	49	DH	31
200.48834467120182	200.53834467120183	6	AH0	31
200.53834467120183	200.6773446712018	64	T	31
200.6773446712018	200.72734467120182	44	UW1	31
200.72734467120182	200.94734467120182	1	AA1	31
200.94734467120182	200.97734467120182	61	R	31
200.97734467120182	201.00634467120182	64	T	31
201.00634467120182	201.06634467120182	6	AH0	31
201.06634467120182	201.1763446712018	62	S	31
201.1763446712018	201.22634467120182	27	IH0	31
201.22634467120182	201.2963446712018	54	K	31
201.2963446712018	201.3663446712018	62	S	31
201.3663446712018	201.4453446712018	47	CH	31
201.4453446712018	201.55534467120182	25	EY1	31
201.55534467120182	201.64534467120183	58	N	31
201.64534467120183	201.68534467120182	53	JH	31
201.68534467120182	201.7253446712018	48	D	31
201.7253446712018	201.86534467120183	10	AO1	31
201.86534467120183	201.89434467120182	64	T	31
201.89434467120182	201.92434467120182	6	AH0	31
201.92434467120182	201.9743446712018	51	G	31
201.9743446712018	202.0043446712018	61	R	31
202.0043446712018	202.21434467120181	5	AE2	31
202.21434467120181	202.2543446712018	50	F	31
202.2543446712018	202.45334467120182	62	S	31
211.54657596371882	211.63657596371883	46	B	32
211.63657596371883	211.67657596371882	7	AH1	32
211.67657596371882	211.7165759637188	64	T	32
211.7165759637188	211.78657596371883	21	ER0	32
211.78657596371883	211.91557596371882	62	S	32
211.91557596371882	211.96557596371883	54	K	32
211.96557596371883	212.0855759637188	2	AA2	32
212.0855759637188	212.23557596371882	47	CH	32
212.23557596371882	212.31557596371883	74	sp	32
212.31557596371883	212.35457596371882	50	F	32
212.35457596371882	212.57457596371881	7	AH1	32
212.57457596371881	212.74457596371883	53	JH	32
212.74457596371883	212.79357596371884	74	sp	32
212.79357596371884	212.8535759637188	51	G	32
212.8535759637188	213.05357596371883	35	OW1	32
213.05357596371883	213.12357596371882	69	Z	32
213.12357596371882	213.20357596371883	67	W	32
213.20357596371883	213.23257596371883	19	EH1	32
213.23257596371883	213.4725759637188	56	L	32
213.4725759637188	213.5025759637188	67	W	32
213.5025759637188	213.5325759637188	6	AH0	32
213.5325759637188	213.5625759637188	49	DH	32
213.5625759637188	213.61257596371883	66	V	32
213.61257596371883	213.64257596371883	6	AH0	32
213.64257596371883	213.6815759637188	58	N	32
213.6815759637188	213.72157596371883	28	IH1	32
213.72157596371883	213.9015759637188	56	L	32
213.9015759637188	213.99157596371882	6	AH0	32
213.99157596371882	214.36057596371882	74	sp	32
214.36057596371882	214.53057596371883	16	AY1	32
214.53057596371883	214.61957596371883	62	S	32
214.61957596371883	214.70957596371883	54	K	32
214.70957596371883	214.73957596371883	61	R	32
214.73957596371883	214.80957596371883	32	IY1	32
214.80957596371883	214.97957596371882	57	M	32
225.35573696145124	225.44473696145124	61	R	33
225.44473696145124	225.51473696145123	28	IH1	33
225.51473696145123	225.67473696145123	47	CH	33
225.67473696145123	225.77473696145125	74	sp	33
225.77473696145125	225.85373696145123	60	P	33
225.85373696145123	225.97373696145124	22	ER1	33
225.97373696145124	226.12373696145124	47	CH	33
226.12373696145124	226.20373696145126	6	AH0	33
226.20373696145126	226.25373696145124	62	S	33
226.25373696145124	226.28373696145124	64	T	33
226.28373696145124	226.43273696145124	74	sp	33
226.43273696145124	226.50273696145123	62	S	33
226.50273696145123	226.59273696145124	19	EH1	33
226.59273696145124	226.69273696145123	66	V	33
226.69273696145123	226.73173696145125	61	R	33
226.73173696145125	226.76173696145125	6	AH0	33
226.76173696145125	226.90173696145123	56	L	33
226.90173696145123	227.01173696145125	62	S	33
227.01173696145125	227.24073696145123	16	AY1	33
227.24073696145123	227.27073696145123	58	N	33
227.27073696145123	227.37073696145126	48	D	33
227.37073696145126	227.46073696145123	74	sp	33
227.46073696145123	227.61073696145124	56	L	33
227.61073696145124	227.64973696145125	28	IH1	33
227.64973696145125	227.74973696145125	65	TH	33
227.74973696145125	227.85973696145123	6	AH0	33
227.85973696145123	227.90973696145124	51	G	33
227.90973696145124	227.93973696145125	61	R	33
227.93973696145125	228.19873696145123	5	AE2	33
228.19873696145123	228.25873696145123	50	F	33
228.25873696145123	228.45873696145125	62	S	33
236.99224489795915	237.09224489795918	74	sp	34
237.09224489795918	237.15224489795918	19	EH1	34
237.15224489795918	237.22224489795917	58	N	34
237.22224489795917	237.28224489795917	31	IY0	34
237.28224489795917	237.37124489795917	54	K	34
237.37124489795917	237.42124489795916	2	AA2	34
237.42124489795916	237.48124489795916	58	N	34
237.48124489795916	237.51124489795916	64	T	34
237.51124489795916	237.54124489795916	61	R	34
237.54124489795916	237.58124489795918	6	AH0	34
237.58124489795918	237.66124489795916	46	B	34
237.66124489795916	237.70124489795916	68	Y	34
237.70124489795916	237.73124489795916	44	UW1	34
237.73124489795916	237.83024489795918	63	SH	34
237.83024489795918	237.88024489795916	6	AH0	34
237.88024489795916	237.94024489795916	58	N	34
237.94024489795916	237.97024489795916	69	Z	34
237.97024489795916	238.00024489795916	67	W	34
238.00024489795916	238.03024489795916	6	AH0	34
238.03024489795916	238.06024489795917	56	L	34
238.06024489795917	238.15024489795917	46	B	34
238.15024489795917	238.21924489795916	31	IY0	34
238.21924489795916	238.26924489795917	51	G	34
238.26924489795917	238.29924489795917	61	R	34
238.29924489795917	238.40924489795916	25	EY1	34
238.40924489795916	238.43924489795916	64	T	34
238.43924489795916	238.52924489795916	56	L	34
238.52924489795916	238.55924489795916	31	IY0	34
238.55924489795916	238.58924489795916	6	AH0	34
238.58924489795916	238.68824489795918	60	P	34
238.68824489795918	238.71824489795918	61	R	34
238.71824489795918	238.75824489795917	32	IY1	34
238.75824489795917	238.91824489795917	63	SH	34
238.91824489795917	238.98824489795916	31	IY0	34
238.98824489795916	239.17724489795916	26	EY2	34
239.17724489795916	239.20724489795916	64	T	34
239.20724489795916	239.25724489795917	6	AH0	34
239.25724489795917	239.29724489795916	48	D	34
251.73278911564626	251.78178911564626	49	DH	35
251.78178911564626	251.91178911564626	31	IY0	35
251.91178911564626	252.00178911564626	54	K	35
252.00178911564626	252.03178911564626	61	R	35
252.03178911564626	252.17178911564625	4	AE1	35
252.17178911564625	252.24078911564627	58	N	35
252.24078911564627	252.28078911564626	46	B	35
252.28078911564626	252.50078911564626	20	EH2	35
252.50078911564626	252.53078911564626	61	R	35
252.53078911564626	252.58078911564627	31	IY0	35
252.58078911564627	252.67978911564626	46	B	35
252.67978911564626	253.03978911564624	1	AA1	35
253.03978911564624	253.12878911564624	51	G	35
253.12878911564624	253.18878911564624	74	sp	35
253.18878911564624	253.25878911564627	51	G	35
253.25878911564627	253.31878911564627	19	EH1	35
253.31878911564627	253.38878911564626	64	T	35
253.38878911564626	253.42878911564625	62	S	35
253.42878911564625	253.49878911564625	74	sp	35
253.49878911564625	253.66778911564626	19	EH1	35
253.66778911564626	253.74778911564624	66	V	35
253.74778911564624	253.84778911564626	21	ER0	35
253.84778911564626	253.98678911564625	60	P	35
253.98678911564625	254.01678911564625	61	R	35
254.01678911564625	254.08678911564627	28	IH1	35
254.08678911564627	254.11678911564624	64	T	35
254.11678911564624	254.39678911564624	31	IY0	35
254.39678911564624	254.95478911564626	74	sp	35
254.95478911564626	255.00478911564625	51	G	35
255.00478911564625	255.07478911564627	28	IH1	35
255.07478911564627	255.12478911564625	64	T	35
255.12478911564625	255.15478911564625	62	S	35
255.15478911564625	255.20478911564626	66	V	35
255.20478911564626	255.38378911564627	19	EH1	35
255.38378911564627	255.41378911564627	61	R	35
255.41378911564627	255.44378911564627	31	IY0	35
255.44378911564627	255.47378911564624	60	P	35
255.47378911564624	255.55378911564625	61	R	35
255.55378911564625	255.59178911564626	28	IH1	35
255.59178911564626	255.62378911564625	64	T	35
255.62378911564625	255.68878911564624	31	IY0	35
255.68878911564624	255.72578911564625	6	AH0	35
255.72578911564625	255.75778911564626	58	N	35
255.75778911564626	255.91978911564627	10	AO1	35
255.91978911564627	255.94478911564624	64	T	35
255.94478911564624	256.04278911564626	6	AH0	35
256.04278911564626	256.22278911564626	57	M	35
267.941	267.991	52	HH	36
267.991	268.16	13	AW1	36
268.16	268.23	48	D	36
268.23	268.42	44	UW1	36
268.42	268.669	38	OY1	36
268.669	268.80899999999997	62	S	36
268.80899999999997	268.839	64	T	36
268.839	268.95799999999997	21	ER0	36
268.95799999999997	269.048	69	Z	36
269.048	269.148	57	M	36
269.148	269.20799999999997	25	EY1	36
269.20799999999997	269.288	54	K	36
269.288	269.358	74	sp	36
269.358	269.437	60	P	36
269.437	269.477	22	ER1	36
269.477	269.767	56	L	36
269.767	269.826	69	Z	36
305.4923464843726	305.5440793650793	57	M	37
305.5440793650793	305.57407936507934	25	EY1	37
305.57407936507934	305.64407936507934	16	AY1	37
305.64407936507934	306.0530793650793	10	AO1	37
306.0530793650793	306.08307936507936	61	R	37
306.08307936507936	306.1230793650793	48	D	37
306.1230793650793	306.17307936507933	21	ER0	37
306.17307936507933	306.43207936507935	6	AH0	37
306.43207936507935	306.5920793650793	60	P	37
306.5920793650793	306.7020793650793	1	AA1	37
306.7020793650793	306.73207936507936	61	R	37
306.73207936507936	306.88107936507936	50	F	37
306.88107936507936	306.9810793650793	25	EY1	37
306.9810793650793	307.13107936507936	4	AE1	37
307.13107936507936	307.2310793650793	50	F	37
307.2310793650793	307.28007936507936	64	T	37
307.28007936507936	307.3200793650793	21	ER0	37
307.3200793650793	307.4500793650793	16	AY1	37
307.4500793650793	307.5700793650793	32	IY1	37
307.5700793650793	307.6400793650793	64	T	37
307.6400793650793	307.68007936507934	48	D	37
307.68007936507934	307.74907936507935	28	IH1	37
307.74907936507935	307.82907936507934	58	N	37
307.82907936507934	307.87907936507935	21	ER0	37
315.9244444444444	316.02444444444444	28	IH1	38
316.02444444444444	316.0544444444444	69	Z	38
316.0544444444444	316.1844444444444	63	SH	38
316.1844444444444	316.2534444444444	32	IY1	38
316.2534444444444	316.31344444444443	51	G	38
316.31344444444443	316.4534444444444	35	OW1	38
316.4534444444444	316.5034444444444	27	IH0	38
316.5034444444444	316.7324444444444	59	NG	38
316.7324444444444	316.8524444444444	67	W	38
316.8524444444444	316.9024444444444	28	IH1	38
316.9024444444444	317.01244444444444	65	TH	38
317.01244444444444	317.0814444444444	68	Y	38
317.0814444444444	317.2414444444444	44	UW1	38
325.68920634920636	325.74920634920636	74	sp	39
325.74920634920636	325.80920634920636	54	K	39
325.80920634920636	325.8492063492064	6	AH0	39
325.8492063492064	325.9092063492064	58	N	39
325.9092063492064	325.93920634920636	49	DH	39
325.93920634920636	325.9692063492064	6	AH0	39
325.9692063492064	326.1092063492064	25	EY1	39
326.1092063492064	326.21820634920635	53	JH	39
326.21820634920635	326.2582063492064	6	AH0	39
326.2582063492064	326.3082063492064	58	N	39
326.3082063492064	326.42820634920633	62	S	39
326.42820634920633	326.54820634920634	31	IY0	39
326.54820634920634	326.66720634920637	35	OW1	39
326.66720634920637	326.7172063492064	66	V	39
326.7172063492064	326.79720634920636	21	ER0	39
326.79720634920636	326.91720634920637	65	TH	39
326.91720634920637	326.98720634920636	61	R	39
326.98720634920636	327.14620634920635	36	OW2	39
327.14620634920635	327.27620634920635	25	EY1	39
327.27620634920635	327.3662063492064	56	L	39
327.3662063492064	327.41620634920633	31	IY0	39
327.41620634920633	327.4552063492064	6	AH0	39
327.4552063492064	327.56520634920633	58	N	39
327.56520634920633	327.6352063492064	50	F	39
327.6352063492064	327.74520634920634	10	AO1	39
327.74520634920634	327.79520634920635	61	R	39
327.79520634920635	327.94420634920635	62	S	39
327.94420634920635	328.08420634920634	6	AH0	39
328.08420634920634	328.2842063492064	69	Z	39
346.5839455782313	346.6539455782313	49	DH	27
346.6539455782313	346.7729455782313	7	AH1	27
346.7729455782313	346.8629455782313	61	R	27
346.8629455782313	347.11194557823126	35	OW1	27
347.11194557823126	347.3819455782313	69	Z	27
347.3819455782313	347.7109455782313	74	sp	27
347.7109455782313	347.8109455782313	54	K	27
347.8109455782313	347.93094557823133	9	AO0	27
347.93094557823133	347.9809455782313	61	R	27
347.9809455782313	348.1899455782313	62	S	27
348.1899455782313	348.3899455782313	1	AA1	27
348.3899455782313	348.8289455782313	70	ZH	27
348.8289455782313	349.2979455782313	74	sp	27
349.2979455782313	349.34694557823127	62	S	27
349.34694557823127	349.39694557823134	57	M	27
349.39694557823134	349.4469455782313	19	EH1	27
349.4469455782313	349.5569455782313	56	L	27
349.5569455782313	349.5869455782313	48	D	27
349.5869455782313	349.7169455782313	62	S	27
349.7169455782313	349.7659455782313	67	W	27
349.7659455782313	349.88594557823126	32	IY1	27
349.88594557823126	349.9459455782313	64	T	27
360.2530612244898	360.3330612244898	52	HH	30
360.3330612244898	360.4230612244898	21	ER0	30
360.4230612244898	360.4530612244898	67	W	30
360.4530612244898	360.67206122448977	10	AO1	30
360.67206122448977	360.7320612244898	61	R	30
360.7320612244898	360.8220612244898	48	D	30
360.8220612244898	360.8620612244898	61	R	30
360.8620612244898	360.9620612244898	36	OW2	30
360.9620612244898	360.9910612244898	46	B	30
360.9910612244898	361.09106122448975	54	K	30
361.09106122448975	361.1710612244898	6	AH0	30
361.1710612244898	361.20106122448976	58	N	30
361.20106122448976	361.2910612244898	62	S	30
361.2910612244898	361.3610612244898	28	IH1	30
361.3610612244898	361.4200612244898	62	S	30
361.4200612244898	361.47006122448977	74	sp	30
361.47006122448977	361.5300612244898	7	AH1	30
361.5300612244898	361.5900612244898	66	V	30
361.5900612244898	361.74006122448975	35	OW1	30
361.74006122448975	361.7700612244898	58	N	30
361.7700612244898	361.8000612244898	56	L	30
361.8000612244898	361.8300612244898	31	IY0	30
361.8300612244898	361.9590612244898	62	S	30
361.9590612244898	362.00906122448976	54	K	30
362.00906122448976	362.0990612244898	22	ER1	30
362.0990612244898	362.1790612244898	64	T	30
362.1790612244898	362.2190612244898	62	S	30
362.2190612244898	362.3480612244898	4	AE1	30
362.3480612244898	362.3880612244898	58	N	30
362.3880612244898	362.41806122448975	48	D	30
362.41806122448975	362.4480612244898	46	B	30
362.4480612244898	362.4980612244898	56	L	30
362.4980612244898	362.6380612244898	13	AW1	30
362.6380612244898	362.7370612244898	62	S	30
362.7370612244898	362.9070612244898	6	AH0	30
362.9070612244898	362.9670612244898	69	Z	30
371.0930612244898	371.1930612244898	49	DH	26
371.1930612244898	371.3220612244898	25	EY1	26
371.3220612244898	371.4820612244898	35	OW1	26
371.4820612244898	371.5120612244898	58	N	26
371.5120612244898	371.60206122448983	6	AH0	26
371.60206122448983	371.67206122448977	46	B	26
371.67206122448977	371.8010612244898	28	IH1	26
371.8010612244898	371.8310612244898	51	G	26
371.8310612244898	371.9410612244898	52	HH	26
371.9410612244898	372.2000612244898	13	AW1	26
372.2000612244898	372.3100612244898	62	S	26
372.3100612244898	372.40006122448983	28	IH1	26
372.40006122448983	372.4300612244898	58	N	26
372.4300612244898	372.4600612244898	49	DH	26
372.4600612244898	372.5990612244898	7	AH1	26
372.5990612244898	372.6890612244898	74	sp	26
372.6890612244898	372.7290612244898	61	R	26
372.7290612244898	372.7590612244898	6	AH0	26
372.7590612244898	372.8890612244898	57	M	26
372.8890612244898	373.01806122448977	35	OW1	26
373.01806122448977	373.0480612244898	64	T	26
373.0480612244898	373.1180612244898	54	K	26
373.1180612244898	373.1580612244898	7	AH1	26
373.1580612244898	373.2280612244898	58	N	26
373.2280612244898	373.2880612244898	64	T	26
373.2880612244898	373.3180612244898	61	R	26
373.3180612244898	373.3580612244898	31	IY0	26
373.3580612244898	373.4870612244898	62	S	26
373.4870612244898	373.7070612244898	17	AY2	26
373.7070612244898	373.7670612244898	48	D	26
382.4784580498866	382.59845804988663	49	DH	21
382.59845804988663	382.6574580498866	7	AH1	21
382.6574580498866	382.7974580498866	67	W	21
382.7974580498866	382.8774580498866	10	AO1	21
382.8774580498866	382.9074580498866	64	T	21
382.9074580498866	383.0074580498866	21	ER0	21
383.0074580498866	383.1164580498866	54	K	21
383.1164580498866	383.1964580498866	6	AH0	21
383.1964580498866	383.2264580498866	58	N	21
383.2264580498866	383.3164580498866	64	T	21
383.3164580498866	383.4764580498866	25	EY1	21
383.4764580498866	383.5054580498866	58	N	21
383.5054580498866	383.5354580498866	48	D	21
383.5354580498866	383.5754580498866	64	T	21
383.5754580498866	383.73545804988663	44	UW1	21
383.73545804988663	383.7754580498866	57	M	21
383.7754580498866	383.8254580498866	7	AH1	21
383.8254580498866	383.91545804988664	47	CH	21
383.91545804988664	384.0244580498866	54	K	21
384.0244580498866	384.06445804988664	56	L	21
384.06445804988664	384.1844580498866	10	AO1	21
384.1844580498866	384.2944580498866	61	R	21
384.2944580498866	384.4334580498866	31	IY0	21
384.4334580498866	384.5734580498866	58	N	21
384.5734580498866	384.7434580498866	4	AE1	21
384.7434580498866	384.8224580498866	58	N	21
384.8224580498866	384.8824580498866	48	D	21
384.8824580498866	385.0024580498866	62	S	21
385.0024580498866	385.06245804988663	64	T	21
385.06245804988663	385.1424580498866	7	AH1	21
385.1424580498866	385.24245804988664	59	NG	21
385.24245804988664	385.27145804988663	52	HH	21
385.27145804988663	385.3114580498866	6	AH0	21
385.3114580498866	385.3614580498866	69	Z	21
385.3614580498866	385.7004580498866	16	AY1	21
385.7004580498866	385.8504580498866	69	Z	21
395.44244897959186	395.4824489795918	74	sp	22
395.4824489795918	395.5524489795919	53	JH	22
395.5524489795919	395.7524489795918	1	AA1	22
395.7524489795918	395.81244897959186	58	N	22
395.81244897959186	395.96144897959186	69	Z	22
395.96144897959186	396.08144897959187	46	B	22
396.08144897959187	396.1414489795918	61	R	22
396.1414489795918	396.27044897959183	7	AH1	22
396.27044897959183	396.33044897959184	49	DH	22
396.33044897959184	396.61044897959187	21	ER0	22
396.61044897959187	396.72944897959184	74	sp	22
396.72944897959184	396.78944897959184	61	R	22
396.78944897959184	396.90944897959184	31	IY0	22
396.90944897959184	396.9494489795918	60	P	22
396.9494489795918	397.0594489795918	25	EY1	22
397.0594489795918	397.1194489795918	58	N	22
397.1194489795918	397.2184489795918	64	T	22
397.2184489795918	397.28844897959186	6	AH0	22
397.28844897959186	397.3484489795918	48	D	22
397.3484489795918	397.38844897959183	49	DH	22
397.38844897959183	397.42844897959185	6	AH0	22
397.42844897959185	397.49844897959184	51	G	22
397.49844897959184	397.5884489795918	21	ER0	22
397.5884489795918	397.7374489795918	1	AA1	22
397.7374489795918	397.76744897959185	70	ZH	22
397.76744897959185	397.8774489795918	48	D	22
397.8774489795918	398.02744897959184	10	AO1	22
398.02744897959184	398.0764489795919	61	R	22
418.65945578231293	418.71945578231293	74	sp	39
418.71945578231293	418.77945578231294	54	K	39
418.77945578231294	418.81945578231296	6	AH0	39
418.81945578231296	418.87945578231296	58	N	39
418.87945578231296	418.90945578231293	49	DH	39
418.90945578231293	418.93945578231296	6	AH0	39
418.93945578231296	419.07945578231295	25	EY1	39
419.07945578231295	419.18845578231293	53	JH	39
419.18845578231293	419.22845578231295	6	AH0	39
419.22845578231295	419.27845578231296	58	N	39
419.27845578231296	419.3984557823129	62	S	39
419.3984557823129	419.5184557823129	31	IY0	39
419.5184557823129	419.63745578231294	35	OW1	39
419.63745578231294	419.68745578231295	66	V	39
419.68745578231295	419.76745578231294	21	ER0	39
419.76745578231294	419.88745578231294	65	TH	39
419.88745578231294	419.95745578231293	61	R	39
419.95745578231293	420.1164557823129	36	OW2	39
420.1164557823129	420.2464557823129	25	EY1	39
420.2464557823129	420.33645578231295	56	L	39
420.33645578231295	420.3864557823129	31	IY0	39
420.3864557823129	420.42545578231295	6	AH0	39
420.42545578231295	420.5354557823129	58	N	39
420.5354557823129	420.60545578231296	50	F	39
420.60545578231296	420.7154557823129	10	AO1	39
420.7154557823129	420.7654557823129	61	R	39
420.7654557823129	420.9144557823129	62	S	39
420.9144557823129	421.0544557823129	6	AH0	39
421.0544557823129	421.25445578231296	69	Z	39
430.06557823129253	430.1145782312925	49	DH	35
430.1145782312925	430.2445782312925	31	IY0	35
430.2445782312925	430.33457823129254	54	K	35
430.33457823129254	430.3645782312925	61	R	35
430.3645782312925	430.5045782312925	4	AE1	35
430.5045782312925	430.5735782312926	58	N	35
430.5735782312926	430.61357823129254	46	B	35
430.61357823129254	430.83357823129256	20	EH2	35
430.83357823129256	430.86357823129254	61	R	35
430.86357823129254	430.91357823129255	31	IY0	35
430.91357823129255	431.01257823129254	46	B	35
431.01257823129254	431.37257823129255	1	AA1	35
431.37257823129255	431.4615782312925	51	G	35
431.4615782312925	431.52157823129255	74	sp	35
431.52157823129255	431.59157823129254	51	G	35
431.59157823129254	431.65157823129255	19	EH1	35
431.65157823129255	431.72157823129254	64	T	35
431.72157823129254	431.76157823129256	62	S	35
431.76157823129256	431.8315782312925	74	sp	35
431.8315782312925	432.00057823129254	19	EH1	35
432.00057823129254	432.0805782312925	66	V	35
432.0805782312925	432.18057823129254	21	ER0	35
432.18057823129254	432.31957823129255	60	P	35
432.31957823129255	432.3495782312925	61	R	35
432.3495782312925	432.4195782312926	28	IH1	35
432.4195782312926	432.44957823129255	64	T	35
432.44957823129255	432.7295782312925	31	IY0	35
432.7295782312925	433.2875782312925	74	sp	35
433.2875782312925	433.3375782312925	51	G	35
433.3375782312925	433.4075782312925	28	IH1	35
433.4075782312925	433.45757823129253	64	T	35
433.45757823129253	433.48757823129256	62	S	35
433.48757823129256	433.5375782312925	66	V	35
433.5375782312925	433.71657823129254	19	EH1	35
433.71657823129254	433.7465782312926	61	R	35
433.7465782312926	433.77657823129255	31	IY0	35
433.77657823129255	433.8065782312925	60	P	35
433.8065782312925	433.88657823129256	61	R	35
433.88657823129256	433.92457823129257	28	IH1	35
433.92457823129257	433.9565782312925	64	T	35
433.9565782312925	434.02157823129255	31	IY0	35
434.02157823129255	434.05857823129253	6	AH0	35
434.05857823129253	434.0905782312925	58	N	35
434.0905782312925	434.25257823129255	10	AO1	35
434.25257823129255	434.2775782312925	64	T	35
434.2775782312925	434.37557823129254	6	AH0	35
434.37557823129254	434.55557823129254	57	M	35
442.532335600907	442.62233560090704	46	B	32
442.62233560090704	442.662335600907	7	AH1	32
442.662335600907	442.70233560090696	64	T	32
442.70233560090696	442.772335600907	21	ER0	32
442.772335600907	442.90133560090703	62	S	32
442.90133560090703	442.951335600907	54	K	32
442.951335600907	443.071335600907	2	AA2	32
443.071335600907	443.22133560090697	47	CH	32
443.22133560090697	443.301335600907	74	sp	32
443.301335600907	443.340335600907	50	F	32
443.340335600907	443.560335600907	7	AH1	32
443.560335600907	443.730335600907	53	JH	32
443.730335600907	443.779335600907	74	sp	32
443.779335600907	443.839335600907	51	G	32
443.839335600907	444.039335600907	35	OW1	32
444.039335600907	444.109335600907	69	Z	32
444.109335600907	444.18933560090704	67	W	32
444.18933560090704	444.21833560090704	19	EH1	32
444.21833560090704	444.458335600907	56	L	32
444.458335600907	444.488335600907	67	W	32
444.488335600907	444.518335600907	6	AH0	32
444.518335600907	444.54833560090697	49	DH	32
444.54833560090697	444.59833560090703	66	V	32
444.59833560090703	444.628335600907	6	AH0	32
444.628335600907	444.667335600907	58	N	32
444.667335600907	444.707335600907	28	IH1	32
444.707335600907	444.887335600907	56	L	32
444.887335600907	444.977335600907	6	AH0	32
444.977335600907	445.34633560090697	74	sp	32
445.34633560090697	445.51633560090704	16	AY1	32
445.51633560090704	445.605335600907	62	S	32
445.605335600907	445.695335600907	54	K	32
445.695335600907	445.725335600907	61	R	32
445.725335600907	445.79533560090704	32	IY1	32
445.79533560090704	445.965335600907	57	M	32
455.65215419501135	455.7121541950113	6	AH0	25
455.7121541950113	455.8821541950113	57	M	25
455.8821541950113	455.9421541950113	7	AH1	25
455.9421541950113	456.01115419501133	62	S	25
456.01115419501133	456.0811541950113	54	K	25
456.0811541950113	456.1211541950113	68	Y	25
456.1211541950113	456.1791541950113	6	AH0	25
456.1791541950113	456.2231541950113	56	L	25
456.2231541950113	456.2511541950113	21	ER0	25
456.2511541950113	456.3651541950113	5	AE2	25
456.3651541950113	456.4591541950113	46	B	25
456.4591541950113	456.4781541950113	48	D	25
456.4781541950113	456.6301541950113	1	AA1	25
456.6301541950113	456.7221541950113	57	M	25
456.7221541950113	456.74415419501133	6	AH0	25
456.74415419501133	456.7721541950113	58	N	25
456.7721541950113	456.8581541950113	6	AH0	25
456.8581541950113	456.8721541950113	58	N	25
456.8721541950113	457.0091541950113	28	IH1	25
457.0091541950113	457.11915419501133	69	Z	25
457.11915419501133	457.1991541950113	51	G	25
457.1991541950113	457.2791541950113	6	AH0	25
457.2791541950113	457.3191541950113	48	D	25
457.3191541950113	457.4081541950113	50	F	25
457.4081541950113	457.4781541950113	21	ER0	25
457.4781541950113	457.50815419501134	68	Y	25
457.50815419501134	457.5381541950113	41	UH1	25
457.5381541950113	457.5681541950113	61	R	25
457.5681541950113	457.64815419501133	46	B	25
457.64815419501133	457.8671541950113	4	AE1	25
457.8671541950113	457.9771541950113	54	K	25
480.26136054421767	480.3613605442177	74	sp	34
480.3613605442177	480.4213605442177	19	EH1	34
480.4213605442177	480.4913605442177	58	N	34
480.4913605442177	480.5513605442177	31	IY0	34
480.5513605442177	480.6403605442177	54	K	34
480.6403605442177	480.6903605442177	2	AA2	34
480.6903605442177	480.75036054421764	58	N	34
480.75036054421764	480.7803605442177	64	T	34
480.7803605442177	480.8103605442177	61	R	34
480.8103605442177	480.85036054421766	6	AH0	34
480.85036054421766	480.9303605442177	46	B	34
480.9303605442177	480.97036054421767	68	Y	34
480.97036054421767	481.00036054421764	44	UW1	34
481.00036054421764	481.0993605442177	63	SH	34
481.0993605442177	481.14936054421764	6	AH0	34
481.14936054421764	481.2093605442177	58	N	34
481.2093605442177	481.2393605442177	69	Z	34
481.2393605442177	481.26936054421765	67	W	34
481.26936054421765	481.2993605442177	6	AH0	34
481.2993605442177	481.3293605442177	56	L	34
481.3293605442177	481.4193605442177	46	B	34
481.4193605442177	481.4883605442177	31	IY0	34
481.4883605442177	481.53836054421765	51	G	34
481.53836054421765	481.5683605442177	61	R	34
481.5683605442177	481.67836054421764	25	EY1	34
481.67836054421764	481.70836054421767	64	T	34
481.70836054421767	481.79836054421764	56	L	34
481.79836054421764	481.8283605442177	31	IY0	34
481.8283605442177	481.8583605442177	6	AH0	34
481.8583605442177	481.9573605442177	60	P	34
481.9573605442177	481.9873605442177	61	R	34
481.9873605442177	482.0273605442177	32	IY1	34
482.0273605442177	482.18736054421765	63	SH	34
482.18736054421765	482.2573605442177	31	IY0	34
482.2573605442177	482.44636054421767	26	EY2	34
482.44636054421767	482.47636054421764	64	T	34
482.47636054421764	482.5263605442177	6	AH0	34
482.5263605442177	482.5663605442177	48	D	34
492.0081632653061	492.0671632653061	57	M	37
492.0671632653061	492.0971632653061	25	EY1	37
492.0971632653061	492.1671632653061	16	AY1	37
492.1671632653061	492.5761632653061	10	AO1	37
492.5761632653061	492.6061632653061	61	R	37
492.6061632653061	492.6461632653061	48	D	37
492.6461632653061	492.6961632653061	21	ER0	37
492.6961632653061	492.9551632653061	6	AH0	37
492.9551632653061	493.1151632653061	60	P	37
493.1151632653061	493.2251632653061	1	AA1	37
493.2251632653061	493.2551632653061	61	R	37
493.2551632653061	493.4041632653061	50	F	37
493.4041632653061	493.5041632653061	25	EY1	37
493.5041632653061	493.6541632653061	4	AE1	37
493.6541632653061	493.7541632653061	50	F	37
493.7541632653061	493.8031632653061	64	T	37
493.8031632653061	493.8431632653061	21	ER0	37
493.8431632653061	493.9731632653061	16	AY1	37
493.9731632653061	494.0931632653061	32	IY1	37
494.0931632653061	494.1631632653061	64	T	37
494.1631632653061	494.2031632653061	48	D	37
494.2031632653061	494.2721632653061	28	IH1	37
494.2721632653061	494.3521632653061	58	N	37
494.3521632653061	494.4021632653061	21	ER0	37
503.6518820861678	503.74188208616783	47	CH	23
503.74188208616783	503.8108820861678	4	AE1	23
503.8108820861678	503.9808820861678	56	L	23
503.9808820861678	504.1208820861678	6	AH0	23
504.1208820861678	504.1508820861678	58	N	23
504.1508820861678	504.2698820861678	53	JH	23
504.2698820861678	504.4398820861678	32	IY1	23
504.4398820861678	504.6198820861678	47	CH	23
504.6198820861678	504.7188820861678	53	JH	23
504.7188820861678	504.7988820861678	19	EH1	23
504.7988820861678	504.8288820861678	58	N	23
504.8288820861678	504.8588820861678	21	ER0	23
504.8588820861678	504.88888208616777	6	AH0	23
504.88888208616777	505.1278820861678	56	L	23
505.1278820861678	505.1778820861678	69	Z	23
505.1778820861678	505.2578820861678	29	IH2	23
505.2578820861678	505.3078820861678	58	N	23
505.3078820861678	505.3878820861678	64	T	23
505.3878820861678	505.41788208616777	19	EH1	23
505.41788208616777	505.5478820861678	56	L	23
505.5478820861678	505.5768820861678	6	AH0	23
505.5768820861678	505.6668820861678	53	JH	23
505.6668820861678	505.74688208616783	6	AH0	23
505.74688208616783	505.9868820861678	58	N	23
505.9868820861678	506.1058820861678	62	S	23
514.6366439909297	514.7866439909296	49	DH	28
514.7866439909296	514.9156439909297	4	AE1	28
514.9156439909297	514.9556439909297	64	T	28
514.9556439909297	515.0056439909297	74	sp	28
515.0056439909297	515.0956439909296	60	P	28
515.0956439909296	515.1956439909296	28	IH1	28
515.1956439909296	515.2556439909297	54	K	28
515.2556439909297	515.3646439909296	60	P	28
515.3646439909296	515.4746439909296	2	AA2	28
515.4746439909296	515.5546439909297	54	K	28
515.5546439909297	515.6346439909296	6	AH0	28
515.6346439909296	515.6646439909297	64	T	28
515.6646439909297	515.7246439909296	67	W	28
515.7246439909296	515.7536439909296	6	AH0	28
515.7536439909296	515.8336439909297	69	Z	28
515.8336439909297	515.8536439909296	74	sp	28
515.8536439909296	515.9536439909297	54	K	28
515.9536439909297	516.1136439909296	1	AA1	28
516.1136439909296	516.1436439909296	64	T	28
516.1436439909296	516.1836439909297	61	R	28
516.1836439909297	516.2726439909296	19	EH1	28
516.2726439909296	516.3126439909297	48	D	28
516.3126439909297	516.3726439909296	52	HH	28
516.3726439909296	516.5026439909296	4	AE1	28
516.5026439909296	516.5526439909297	58	N	28
516.5526439909297	516.5926439909297	48	D	28
516.5926439909297	516.7216439909297	6	AH0	28
516.7216439909297	516.7816439909296	48	D	28
526.0853514739229	526.1853514739229	28	IH1	38
526.1853514739229	526.2153514739229	69	Z	38
526.2153514739229	526.3453514739228	63	SH	38
526.3453514739228	526.4143514739228	32	IY1	38
526.4143514739228	526.4743514739229	51	G	38
526.4743514739229	526.6143514739229	35	OW1	38
526.6143514739229	526.6643514739228	27	IH0	38
526.6643514739228	526.8933514739228	59	NG	38
526.8933514739228	527.0133514739229	67	W	38
527.0133514739229	527.0633514739229	28	IH1	38
527.0633514739229	527.1733514739228	65	TH	38
527.1733514739228	527.2423514739228	68	Y	38
527.2423514739228	527.4023514739229	44	UW1	38
536.844716553288	536.9337165532879	61	R	33
536.9337165532879	537.003716553288	28	IH1	33
537.003716553288	537.1637165532879	47	CH	33
537.1637165532879	537.263716553288	74	sp	33
537.263716553288	537.3427165532879	60	P	33
537.3427165532879	537.4627165532879	22	ER1	33
537.4627165532879	537.612716553288	47	CH	33
537.612716553288	537.6927165532879	6	AH0	33
537.6927165532879	537.7427165532879	62	S	33
537.7427165532879	537.772716553288	64	T	33
537.772716553288	537.921716553288	74	sp	33
537.921716553288	537.9917165532879	62	S	33
537.9917165532879	538.081716553288	19	EH1	33
538.081716553288	538.181716553288	66	V	33
538.181716553288	538.220716553288	61	R	33
538.220716553288	538.2507165532879	6	AH0	33
538.2507165532879	538.3907165532879	56	L	33
538.3907165532879	538.5007165532879	62	S	33
538.5007165532879	538.729716553288	16	AY1	33
538.729716553288	538.759716553288	58	N	33
538.759716553288	538.859716553288	48	D	33
538.859716553288	538.949716553288	74	sp	33
538.949716553288	539.099716553288	56	L	33
539.099716553288	539.138716553288	28	IH1	33
539.138716553288	539.238716553288	65	TH	33
539.238716553288	539.3487165532879	6	AH0	33
539.3487165532879	539.398716553288	51	G	33
539.398716553288	539.4287165532879	61	R	33
539.4287165532879	539.6877165532879	5	AE2	33
539.6877165532879	539.747716553288	50	F	33
539.747716553288	539.9477165532879	62	S	33
548.466	548.5160000000001	52	HH	36
548.5160000000001	548.6850000000001	13	AW1	36
548.6850000000001	548.7550000000001	48	D	36
548.7550000000001	548.945	44	UW1	36
548.945	549.194	38	OY1	36
549.194	549.3340000000001	62	S	36
549.3340000000001	549.364	64	T	36
549.364	549.483	21	ER0	36
549.483	549.5730000000001	69	Z	36
549.5730000000001	549.673	57	M	36
549.673	549.733	25	EY1	36
549.733	549.8130000000001	54	K	36
549.8130000000001	549.883	74	sp	36
549.883	549.962	60	P	36
549.962	550.002	22	ER1	36
550.002	550.292	56	L	36
550.292	550.3510000000001	69	Z	36
560.0563587787963	560.1487981859409	4	AE1	29
560.1487981859409	560.178798185941	58	N	29
560.178798185941	560.208798185941	6	AH0	29
560.208798185941	560.2487981859409	48	D	29
560.2487981859409	560.318798185941	7	AH1	29
560.318798185941	560.467798185941	56	L	29
560.467798185941	560.497798185941	64	T	29
560.497798185941	560.597798185941	57	M	29
560.597798185941	560.6777981859409	25	EY1	29
560.6777981859409	560.976798185941	56	L	29
560.976798185941	561.1667981859409	69	Z	29
561.1667981859409	561.256798185941	46	B	29
561.256798185941	561.385798185941	6	AH0	29
561.385798185941	561.495798185941	46	B	29
561.495798185941	561.635798185941	44	UW1	29
561.635798185941	561.745798185941	58	N	29
561.745798185941	561.874798185941	69	Z	29
561.874798185941	561.9747981859409	64	T	29
561.9747981859409	562.164798185941	32	IY1	29
562.164798185941	562.2337981859409	65	TH	29
562.2337981859409	562.2637981859409	74	sp	29
562.2637981859409	562.413798185941	1	AA1	29
562.413798185941	562.443798185941	61	R	29
562.443798185941	562.5037981859409	58	N	29
562.5037981859409	562.633798185941	1	AA1	29
562.633798185941	562.682798185941	64	T	29
562.682798185941	562.832798185941	62	S	29
562.832798185941	562.922798185941	44	UW1	29
562.922798185941	562.952798185941	64	T	29
562.952798185941	562.982798185941	6	AH0	29
562.982798185941	563.082798185941	46	B	29
563.082798185941	563.131798185941	6	AH0	29
563.131798185941	563.361798185941	56	L	29
563.361798185941	563.491798185941	50	F	29
563.491798185941	563.5607981859409	21	ER0	29
563.5607981859409	563.760798185941	32	IY1	29
563.760798185941	563.800798185941	64	T	29
563.800798185941	563.8407981859409	27	IH0	29
563.8407981859409	563.989798185941	59	NG	29
563.989798185941	564.1297981859409	63	SH	29
564.1297981859409	564.159798185941	19	EH1	29
564.159798185941	564.289798185941	56	L	29
564.289798185941	564.399798185941	50	F	29
564.399798185941	564.508798185941	29	IH2	29
564.508798185941	564.7387981859409	63	SH	29
572.5707936507937	572.6507936507937	49	DH	31
572.6507936507937	572.7007936507937	6	AH0	31
572.7007936507937	572.8397936507937	64	T	31
572.8397936507937	572.8897936507938	44	UW1	31
572.8897936507938	573.1097936507938	1	AA1	31
573.1097936507938	573.1397936507938	61	R	31
573.1397936507938	573.1687936507938	64	T	31
573.1687936507938	573.2287936507937	6	AH0	31
573.2287936507937	573.3387936507937	62	S	31
573.3387936507937	573.3887936507938	27	IH0	31
573.3887936507938	573.4587936507937	54	K	31
573.4587936507937	573.5287936507937	62	S	31
573.5287936507937	573.6077936507937	47	CH	31
573.6077936507937	573.7177936507937	25	EY1	31
573.7177936507937	573.8077936507938	58	N	31
573.8077936507938	573.8477936507937	53	JH	31
573.8477936507937	573.8877936507937	48	D	31
573.8877936507937	574.0277936507937	10	AO1	31
574.0277936507937	574.0567936507937	64	T	31
574.0567936507937	574.0867936507938	6	AH0	31
574.0867936507938	574.1367936507937	51	G	31
574.1367936507937	574.1667936507937	61	R	31
574.1667936507937	574.3767936507937	5	AE2	31
574.3767936507937	574.4167936507937	50	F	31
574.4167936507937	574.6157936507938	62	S	31
