891.781	891.871	1	AA1	0
891.871	891.911	61	R	0
891.911	892.06	68	Y	0
892.06	892.0899999999999	41	UH1	0
892.0899999999999	892.1199999999999	61	R	0
892.1199999999999	892.18	51	G	0
892.18	892.21	61	R	0
892.21	892.439	25	EY1	0
892.439	892.4689999999999	48	D	0
892.4689999999999	892.5889999999999	69	Z	0
892.5889999999999	892.6389999999999	52	HH	0
892.6389999999999	892.789	16	AY1	0
892.789	893.108	21	ER0	0
893.108	893.1579999999999	10	AO1	0
893.1579999999999	893.2579999999999	61	R	0
893.2579999999999	893.357	56	L	0
893.357	893.4569999999999	35	OW1	0
893.4569999999999	893.577	21	ER0	0
893.577	893.6769999999999	49	DH	0
893.6769999999999	893.746	4	AE1	0
893.746	893.836	58	N	0
893.836	893.886	58	N	0
893.886	894.026	4	AE1	0
894.026	894.106	58	N	0
894.106	894.2577899637913	62	S	0
894.2577899637913	894.6058207195483	31	IY0	0
894.6058207195483	894.8301072065917	69	Z	0
911.057	911.1969999999999	63	SH	1
911.1969999999999	911.2669999999999	32	IY1	1
911.2669999999999	911.297	67	W	1
911.297	911.526	10	AO1	1
911.526	911.636	61	R	1
911.636	911.785	67	W	1
911.785	912.0049999999999	10	AO1	1
912.0049999999999	912.194	61	R	1
912.194	912.2339999999999	57	M	1
912.2339999999999	912.364	50	F	1
912.364	912.394	56	L	1
912.394	912.4839999999999	32	IY1	1
912.4839999999999	912.6329999999999	62	S	1
912.6329999999999	912.7829999999999	31	IY0	1
912.7829999999999	913.362	67	W	1
913.362	913.3919999999999	41	UH1	1
913.3919999999999	913.6009999999999	56	L	1
913.6009999999999	913.651	6	AH0	1
913.651	913.8209999999999	58	N	1
913.8209999999999	913.98	35	OW1	1
913.98	914.02	66	V	1
914.02	914.23	21	ER0	1
914.23	914.27	11	AO2	1
914.27	914.4089999999999	56	L	1
914.4089999999999	914.439	69	Z	1
1516.5939999999998	1516.654	61	R	2
1516.654	1516.764	32	IY1	2
1516.764	1516.7939999999999	48	D	2
1516.7939999999999	1516.864	27	IH0	2
1516.864	1516.894	59	NG	2
1516.894	1516.934	28	IH1	2
1516.934	1517.033	58	N	2
1517.033	1517.143	60	P	2
1517.143	1517.193	41	UH1	2
1517.193	1517.253	61	R	2
1517.253	1517.323	56	L	2
1517.323	1517.552	16	AY1	2
1517.552	1517.5819999999999	64	T	2
1517.5819999999999	1517.662	51	G	2
1517.662	1517.732	28	IH1	2
1517.732	1517.762	66	V	2
1517.762	1517.8319999999999	69	Z	2
1517.8319999999999	1517.8619999999999	68	Y	2
1517.8619999999999	1517.941	44	UW1	2
1517.941	1518.1409999999998	16	AY1	2
1518.1409999999998	1518.331	62	S	2
1518.331	1518.3799999999999	64	T	2
1518.3799999999999	1518.45	61	R	2
1518.45	1518.59	26	EY2	2
1518.59	1518.999	58	N	2
1518.999	1519.328	74	sp	2
1519.328	1519.378	35	OW1	2
1519.378	1519.408	48	D	2
1530.363	1530.802	74	sp	3
1530.802	1530.922	32	IY1	3
1530.922	1530.962	66	V	3
1530.962	1531.012	6	AH0	3
1531.012	1531.1009999999999	58	N	3
1531.1009999999999	1531.3509999999999	16	AY1	3
1531.3509999999999	1531.381	6	AH0	3
1531.381	1531.511	54	K	3
1531.511	1531.6299999999999	25	EY1	3
1531.6299999999999	1531.6899999999998	70	ZH	3
1531.6899999999998	1531.72	6	AH0	3
1531.72	1531.75	58	N	3
1531.75	1531.98	56	L	3
1531.98	1532.129	31	IY0	3
1532.129	1532.239	51	G	3
1532.239	1532.329	28	IH1	3
1532.329	1532.4189999999999	64	T	3
1532.4189999999999	1532.448	49	DH	3
1532.448	1532.4779999999998	6	AH0	3
1532.4779999999998	1532.588	57	M	3
1532.588	1532.648	7	AH1	3
1532.648	1532.698	58	N	3
1532.698	1532.738	48	D	3
1532.738	1532.848	31	IY0	3
1532.848	1532.907	46	B	3
1532.907	1532.937	56	L	3
1532.937	1533.287	44	UW1	3
1533.287	1533.636	69	Z	3
1548.462	1548.522	67	W	4
1548.522	1548.552	28	IH1	4
1548.552	1548.731	61	R	4
1548.731	1548.9109999999998	35	OW1	4
1548.9109999999998	1548.991	60	P	4
1548.991	1549.041	6	AH0	4
1549.041	1549.1699999999998	58	N	4
1549.1699999999998	1549.29	19	EH1	4
1549.29	1549.32	66	V	4
1549.32	1549.41	21	ER0	4
1549.41	1549.4399999999998	31	IY0	4
1549.4399999999998	1549.639	57	M	4
1549.639	1549.7189999999998	7	AH1	4
1549.7189999999998	1549.759	58	N	4
1549.759	1549.799	48	D	4
1549.799	1549.829	26	EY2	4
1549.829	1550.128	32	IY1	4
1550.128	1550.158	66	V	4
1550.158	1550.2279999999998	58	N	4
1550.2279999999998	1550.268	27	IH0	4
1550.268	1550.4579999999999	59	NG	4
1561.872	1561.961	28	IH1	5
1561.961	1562.041	64	T	5
1562.041	1562.131	62	S	5
1562.131	1562.191	58	N	5
1562.191	1562.311	1	AA1	5
1562.311	1562.36	64	T	5
1562.36	1562.53	32	IY1	5
1562.53	1562.56	69	Z	5
1562.56	1562.6699999999998	31	IY0	5
1562.6699999999998	1562.73	64	T	5
1562.73	1562.789	6	AH0	5
1562.789	1562.939	54	K	5
1562.939	1563.009	61	R	5
1563.009	1563.069	31	IY0	5
1563.069	1563.258	25	EY1	5
1563.258	1563.288	64	T	5
1563.288	1563.318	29	IH2	5
1563.318	1563.468	56	L	5
1563.468	1563.518	44	UW1	5
1563.518	1563.558	57	M	5
1563.558	1563.588	6	AH0	5
1563.588	1563.648	58	N	5
1563.648	1563.697	26	EY2	5
1563.697	1563.727	64	T	5
1563.727	1563.807	27	IH0	5
1563.807	1563.9569999999999	59	NG	5
1563.9569999999999	1563.9869999999999	27	IH0	5
1563.9869999999999	1564.057	51	G	5
1564.057	1564.106	69	Z	5
1564.106	1564.216	4	AE1	5
1564.216	1564.2859999999998	57	M	5
1564.2859999999998	1564.326	60	P	5
1564.326	1564.376	6	AH0	5
1564.376	1564.506	56	L	5
1564.506	1564.585	69	Z	5
1587.543	1587.633	57	M	6
1587.633	1587.703	7	AH1	6
1587.703	1587.773	57	M	6
1587.773	1587.9019999999998	62	S	6
1587.9019999999998	1587.972	64	T	6
1587.972	1588.002	61	R	6
1588.002	1588.052	10	AO1	6
1588.052	1588.172	59	NG	6
1588.172	1588.202	56	L	6
1588.202	1588.302	31	IY0	6
1588.302	1588.3609999999999	48	D	6
1588.3609999999999	1588.421	29	IH2	6
1588.421	1588.591	62	S	6
1588.591	1588.6409999999998	56	L	6
1588.6409999999998	1588.75	16	AY1	6
1588.75	1588.85	54	K	6
1588.85	1588.96	62	S	6
1588.96	1589.12	4	AE1	6
1589.12	1589.1989999999998	60	P	6
1589.1989999999998	1589.229	6	AH0	6
1589.229	1589.279	64	T	6
1589.279	1589.4089999999999	17	AY2	6
1589.4089999999999	1589.499	69	Z	6
1589.499	1589.529	21	ER0	6
1589.529	1589.7479999999998	69	Z	6
1589.7479999999998	1590.147	74	sp	6
1599.825	1600.0149999999999	74	sp	7
1600.0149999999999	1600.125	49	DH	7
1600.125	1600.155	35	OW1	7
1600.155	1600.254	69	Z	7
1600.254	1600.2839999999999	52	HH	7
1600.2839999999999	1600.334	44	UW1	7
1600.334	1600.444	64	T	7
1600.444	1600.564	32	IY1	7
1600.564	1600.743	47	CH	7
1600.743	1600.773	66	V	7
1600.773	1600.893	4	AE1	7
1600.893	1600.923	56	L	7
1600.923	1601.062	68	Y	7
1601.062	1601.102	43	UW0	7
1601.102	1601.202	69	Z	7
1601.202	1601.282	50	F	7
1601.282	1601.442	22	ER1	7
1601.442	1601.581	62	S	7
1601.581	1601.6109999999999	64	T	7
1601.6109999999999	1601.6609999999998	6	AH0	7
1601.6609999999998	1601.711	46	B	7
1601.711	1601.841	1	AA1	7
1601.841	1601.901	56	L	7
1601.901	1601.9309999999998	29	IH2	7
1601.9309999999998	1602.12	63	SH	7
1602.12	1602.16	47	CH	7
1602.16	1602.26	32	IY1	7
1602.26	1602.29	64	T	7
1602.29	1602.36	27	IH0	7
1602.36	1602.4089999999999	59	NG	7
1633.4189999999999	1633.479	49	DH	8
1633.479	1633.509	6	AH0	8
1633.509	1633.589	50	F	8
1633.589	1633.658	61	R	8
1633.658	1633.698	16	AY1	8
1633.698	1633.7279999999998	64	T	8
1633.7279999999998	1633.758	6	AH0	8
1633.758	1633.838	58	N	8
1633.838	1633.868	48	D	8
1633.868	1633.9779999999998	47	CH	8
1633.9779999999998	1634.058	16	AY1	8
1634.058	1634.247	56	L	8
1634.247	1634.2769999999998	48	D	8
1634.2769999999998	1634.307	67	W	8
1634.307	1634.357	7	AH1	8
1634.357	1634.4669999999999	69	Z	8
1634.4669999999999	1634.5359999999998	53	JH	8
1634.5359999999998	1634.586	19	EH1	8
1634.586	1634.646	58	N	8
1634.646	1634.676	64	T	8
1634.676	1634.706	56	L	8
1634.706	1634.776	31	IY0	8
1634.776	1634.926	62	S	8
1634.926	1634.985	6	AH0	8
1634.985	1635.0249999999999	46	B	8
1635.0249999999999	1635.085	48	D	8
1635.085	1635.2649999999999	44	UW1	8
1635.2649999999999	1635.305	48	D	8
1635.305	1635.345	74	sp	8
1635.345	1635.384	46	B	8
1635.384	1635.584	16	AY1	8
1635.584	1635.614	52	HH	8
1635.614	1635.684	28	IH1	8
1635.684	1635.814	69	Z	8
1635.814	1635.893	46	B	8
1635.893	1635.933	28	IH1	8
1635.933	1636.013	51	G	8
1636.013	1636.093	46	B	8
1636.093	1636.143	61	R	8
1636.143	1636.253	7	AH1	8
1636.253	1636.292	49	DH	8
1636.292	1636.392	21	ER0	8
1636.392	1636.981	73	ns	8
1647.517	1647.667	32	IY1	9
1647.667	1647.697	66	V	9
1647.697	1647.7259999999999	6	AH0	9
1647.7259999999999	1647.836	58	N	9
1647.836	1647.866	6	AH0	9
1647.866	1648.0159999999998	62	S	9
1648.0159999999998	1648.046	28	IH1	9
1648.046	1648.096	57	M	9
1648.096	1648.155	60	P	9
1648.155	1648.205	6	AH0	9
1648.205	1648.285	56	L	9
1648.285	1648.3149999999998	66	V	9
1648.3149999999998	1648.395	34	OW0	9
1648.395	1648.5149999999999	54	K	9
1648.5149999999999	1648.614	4	AE1	9
1648.614	1648.674	46	B	9
1648.674	1648.704	68	Y	9
1648.704	1648.734	6	AH0	9
1648.734	1648.7939999999999	56	L	9
1648.7939999999999	1648.8239999999998	20	EH2	9
1648.8239999999998	1648.854	61	R	9
1648.854	1649.033	31	IY0	9
1649.033	1649.143	54	K	9
1649.143	1649.173	6	AH0	9
1649.173	1649.243	58	N	9
1649.243	1649.343	64	T	9
1649.343	1649.542	25	EY1	9
1649.542	1649.672	58	N	9
1649.672	1649.702	69	Z	9
1649.702	1649.8819999999998	62	S	9
1649.8819999999998	1649.9109999999998	28	IH1	9
1649.9109999999998	1650.031	57	M	9
1650.031	1650.071	46	B	9
1650.071	1650.1009999999999	6	AH0	9
1650.1009999999999	1650.241	56	L	9
1650.241	1650.51	69	Z	9
1660.677	1660.747	6	AH0	10
1660.747	1660.847	54	K	10
1660.847	1660.926	61	R	10
1660.926	1660.9859999999999	4	AE1	10
1660.9859999999999	1661.0359999999998	46	B	10
1661.0359999999998	1661.076	74	sp	10
1661.076	1661.196	47	CH	10
1661.196	1661.2459999999999	4	AE1	10
1661.2459999999999	1661.316	56	L	10
1661.316	1661.375	6	AH0	10
1661.375	1661.445	58	N	10
1661.445	1661.5049999999999	53	JH	10
1661.5049999999999	1661.555	48	D	10
1661.555	1661.585	57	M	10
1661.585	1661.7839999999999	32	IY1	10
1661.7839999999999	1661.984	74	sp	10
1661.984	1662.124	46	B	10
1662.124	1662.184	7	AH1	10
1662.184	1662.233	64	T	10
1662.233	1662.293	6	AH0	10
1662.293	1662.423	54	K	10
1662.423	1662.453	67	W	10
1662.453	1662.513	28	IH1	10
1662.513	1662.6229999999998	54	K	10
1662.6229999999998	1662.762	62	S	10
1662.762	1662.802	64	T	10
1662.802	1662.992	4	AE1	10
1662.992	1663.052	46	B	10
1663.052	1663.1009999999999	66	V	10
1663.1009999999999	1663.1809999999998	4	AE1	10
1663.1809999999998	1663.301	59	NG	10
1663.301	1663.3609999999999	54	K	10
1663.3609999999999	1663.421	67	W	10
1663.421	1663.451	27	IH0	10
1663.451	1663.6299999999999	63	SH	10
1663.6299999999999	1663.68	64	T	10
1663.68	1663.71	29	IH2	10
1663.71	1663.87	57	M	10
1676.86	1676.8899999999999	51	G	11
1676.8899999999999	1676.9199999999998	56	L	11
1676.9199999999998	1677.0	44	UW1	11
1677.0	1677.09	54	K	11
1677.09	1677.18	36	OW2	11
1677.18	1677.339	62	S	11
1677.339	1677.369	6	AH0	11
1677.369	1677.4289999999999	58	N	11
1677.4289999999999	1677.459	48	D	11
1677.459	1677.539	50	F	11
1677.539	1677.599	61	R	11
1677.599	1677.628	44	UW1	11
1677.628	1677.668	54	K	11
1677.668	1677.818	64	T	11
1677.818	1677.898	36	OW2	11
1677.898	1678.058	62	S	11
1678.058	1678.247	1	AA1	11
1678.247	1678.317	61	R	11
1678.317	1678.417	58	N	11
1678.417	1678.5159999999998	4	AE1	11
1678.5159999999998	1678.626	47	CH	11
1678.626	1678.656	61	R	11
1678.656	1678.686	6	AH0	11
1678.686	1678.716	56	L	11
1678.716	1678.856	63	SH	11
1678.856	1678.906	41	UH1	11
1678.906	1678.985	51	G	11
1678.985	1679.095	21	ER0	11
1679.095	1679.205	69	Z	11
1679.205	1679.2649999999999	50	F	11
1679.2649999999999	1679.384	13	AW1	11
1679.384	1679.494	58	N	11
1679.494	1679.524	48	D	11
1679.524	1679.5539999999999	28	IH1	11
1679.5539999999999	1679.624	58	N	11
1679.624	1679.913	50	F	11
1679.913	1680.023	61	R	11
1680.023	1680.1229999999998	44	UW1	11
1680.1229999999998	1680.153	64	T	11
1692.764	1692.8239999999998	74	sp	12
1692.8239999999998	1692.894	1	AA1	12
1692.894	1692.934	61	R	12
1692.934	1693.0529999999999	68	Y	12
1693.0529999999999	1693.113	44	UW1	12
1693.113	1693.143	56	L	12
1693.143	1693.173	41	UH1	12
1693.173	1693.273	54	K	12
1693.273	1693.3129999999999	27	IH0	12
1693.3129999999999	1693.393	59	NG	12
1693.393	1693.472	50	F	12
1693.472	1693.532	61	R	12
1693.532	1693.662	21	ER0	12
1693.662	1693.762	18	EH0	12
1693.762	1693.872	57	M	12
1693.872	1694.001	60	P	12
1694.001	1694.061	56	L	12
1694.061	1694.1409999999998	38	OY1	12
1694.1409999999998	1694.261	57	M	12
1694.261	1694.3999999999999	6	AH0	12
1694.3999999999999	1694.43	58	N	12
1694.43	1694.46	64	T	12
1706.573	1706.682	54	K	13
1706.682	1706.772	1	AA1	13
1706.772	1706.822	50	F	13
1706.822	1706.852	31	IY0	13
1706.852	1706.982	28	IH1	13
1706.982	1707.1009999999999	69	Z	13
1707.1009999999999	1707.1809999999998	51	G	13
1707.1809999999998	1707.291	61	R	13
1707.291	1707.3509999999999	35	OW1	13
1707.3509999999999	1707.471	58	N	13
1707.471	1707.511	74	sp	13
1707.511	1707.79	1	AA1	13
1707.79	1707.8999999999999	58	N	13
1707.8999999999999	1708.099	62	S	13
1708.099	1708.139	64	T	13
1708.139	1708.359	32	IY1	13
1708.359	1708.508	60	P	13
1708.508	1708.858	74	sp	13
1708.858	1709.017	53	JH	13
1709.017	1709.077	7	AH1	13
1709.077	1709.177	59	NG	13
1709.177	1709.2169999999999	51	G	13
1709.2169999999999	1709.247	6	AH0	13
1709.247	1709.4759999999999	56	L	13
1709.4759999999999	1709.566	56	L	13
1709.566	1709.7749999999999	16	AY1	13
1709.7749999999999	1709.985	54	K	13
1709.985	1710.165	74	sp	13
1710.165	1710.3239999999998	62	S	13
1710.3239999999998	1710.434	56	L	13
1710.434	1710.614	35	OW1	13
1710.614	1710.673	60	P	13
1710.673	1710.8329999999999	62	S	13
1710.8329999999999	1710.953	28	IH1	13
1710.953	1711.072	58	N	13
1711.072	1711.182	64	T	13
1711.182	1711.232	19	EH1	13
1711.232	1711.312	57	M	13
1711.312	1711.3619999999999	60	P	13
1711.3619999999999	1711.482	61	R	13
1711.482	1711.541	6	AH0	13
1711.541	1711.6209999999999	64	T	13
1711.6209999999999	1711.711	69	Z	13
1711.711	1711.901	35	OW1	13
1711.901	1712.1	58	N	13
1712.1	1712.3799999999999	69	Z	13
1722.327	1722.357	67	W	14
1722.357	1722.447	32	IY1	14
1722.447	1722.5359999999998	67	W	14
1722.5359999999998	1722.596	19	EH1	14
1722.596	1722.676	56	L	14
1722.676	1722.7659999999998	54	K	14
1722.7659999999998	1722.796	6	AH0	14
1722.796	1722.936	57	M	14
1722.936	1723.215	57	M	14
1723.215	1723.285	19	EH1	14
1723.285	1723.3549999999998	58	N	14
1723.3549999999998	1723.454	31	IY0	14
1723.454	1723.5539999999999	58	N	14
1723.5539999999999	1723.604	68	Y	14
1723.604	1723.6339999999998	44	UW1	14
1723.6339999999998	1723.794	62	S	14
1723.794	1723.843	64	T	14
1723.843	1723.933	44	UW1	14
1723.933	1723.973	48	D	14
1723.973	1724.023	6	AH0	14
1724.023	1724.133	58	N	14
1724.133	1724.1629999999998	64	T	14
1724.1629999999998	1724.282	62	S	14
1724.282	1724.472	32	IY1	14
1724.472	1724.662	47	CH	14
1724.662	1725.051	68	Y	14
1725.051	1725.1409999999998	28	IH1	14
1725.1409999999998	1725.31	61	R	14
1734.29	1734.3990000000001	35	OW1	15
1734.3990000000001	1734.4289999999999	58	N	15
1734.4289999999999	1734.4889999999998	56	L	15
1734.4889999999998	1734.589	31	IY0	15
1734.589	1734.639	49	DH	15
1734.639	1734.6789999999999	6	AH0	15
1734.6789999999999	1734.779	46	B	15
1734.779	1734.858	19	EH1	15
1734.858	1734.988	62	S	15
1734.988	1735.0179999999998	64	T	15
1735.0179999999998	1735.068	60	P	15
1735.068	1735.118	56	L	15
1735.118	1735.218	25	EY1	15
1735.218	1735.337	21	ER0	15
1735.337	1735.4669999999999	69	Z	15
1735.4669999999999	1735.5469999999998	6	AH0	15
1735.5469999999998	1735.687	58	N	15
1735.687	1735.816	53	JH	15
1735.816	1735.9759999999999	38	OY1	15
1735.9759999999999	1736.155	60	P	15
1736.155	1736.265	2	AA2	15
1736.265	1736.3349999999998	60	P	15
1736.3349999999998	1736.365	68	Y	15
1736.365	1736.405	6	AH0	15
1736.405	1736.555	56	L	15
1736.555	1736.694	19	EH1	15
1736.694	1736.754	61	R	15
1736.754	1736.7839999999999	6	AH0	15
1736.7839999999999	1736.814	64	T	15
1736.814	1737.053	31	IY0	15
1737.053	1737.582	74	sp	15
1746.811	1746.9309999999998	54	K	16
1746.9309999999998	1746.981	4	AE1	16
1746.981	1747.031	56	L	16
1747.031	1747.1699999999998	62	S	16
1747.1699999999998	1747.25	31	IY0	16
1747.25	1747.28	6	AH0	16
1747.28	1747.4399999999998	57	M	16
1747.4399999999998	1747.47	57	M	16
1747.47	1747.589	25	EY1	16
1747.589	1747.689	54	K	16
1747.689	1747.819	62	S	16
1747.819	1747.879	46	B	16
1747.879	1748.098	35	OW1	16
1748.098	1748.128	58	N	16
1748.128	1748.2279999999998	69	Z	16
1748.2279999999998	1748.338	4	AE1	16
1748.338	1748.4579999999999	58	N	16
1748.4579999999999	1748.5069999999998	48	D	16
1748.5069999999998	1748.557	64	T	16
1748.557	1748.687	32	IY1	16
1748.687	1748.787	65	TH	16
1748.787	1748.936	74	sp	16
1748.936	1749.096	62	S	16
1749.096	1749.146	64	T	16
1749.146	1749.176	61	R	16
1749.176	1749.3549999999998	10	AO1	16
1749.3549999999998	1749.535	59	NG	16
1761.488	1761.558	58	N	17
1761.558	1761.687	7	AH1	17
1761.687	1761.727	65	TH	17
1761.727	1761.7969999999998	27	IH0	17
1761.7969999999998	1762.057	59	NG	17
1762.057	1762.436	74	sp	17
1762.436	1762.5449999999998	28	IH1	17
1762.5449999999998	1762.625	69	Z	17
1762.625	1762.785	4	AE1	17
1762.785	1762.895	69	Z	17
1762.895	1763.104	6	AH0	17
1763.104	1763.234	50	F	17
1763.234	1763.314	19	EH1	17
1763.314	1763.3639999999998	58	N	17
1763.3639999999998	1763.513	62	S	17
1763.513	1763.613	27	IH0	17
1763.613	1763.693	66	V	17
1763.693	1764.082	4	AE1	17
1764.082	1764.302	69	Z	17
1764.302	1764.401	28	IH1	17
1764.401	1764.4509999999998	58	N	17
1764.4509999999998	1764.531	6	AH0	17
1764.531	1764.691	62	S	17
1764.691	1764.731	6	AH0	17
1764.731	1764.86	58	N	17
1764.86	1765.1699999999998	62	S	17
1775.985	1776.165	62	S	18
1776.165	1776.194	64	T	18
1776.194	1776.3239999999998	32	IY1	18
1776.3239999999998	1776.374	66	V	18
1776.374	1776.434	67	W	18
1776.434	1776.5339999999999	10	AO1	18
1776.5339999999999	1776.604	61	R	18
1776.604	1776.773	25	EY1	18
1776.773	1776.8129999999999	46	B	18
1776.8129999999999	1776.933	61	R	18
1776.933	1777.1719999999998	16	AY1	18
1777.1719999999998	1777.272	64	T	18
1777.272	1777.412	61	R	18
1777.412	1777.6009999999999	19	EH1	18
1777.6009999999999	1777.771	48	D	18
1777.771	1778.08	74	sp	18
1778.08	1778.2	54	K	18
1778.2	1778.32	4	AE1	18
1778.32	1778.4289999999999	70	ZH	18
1778.4289999999999	1778.4689999999998	57	M	18
1778.4689999999998	1778.589	27	IH0	18
1778.589	1778.709	61	R	18
1778.709	1778.888	62	S	18
1778.888	1778.948	67	W	18
1778.948	1778.988	19	EH1	18
1778.988	1779.0379999999998	64	T	18
1779.0379999999998	1779.168	21	ER0	18
1790.203	1790.243	46	B	19
1790.243	1790.3819999999998	1	AA1	19
1790.3819999999998	1790.4219999999998	61	R	19
1790.4219999999998	1790.462	46	B	19
1790.462	1790.5919999999999	69	Z	19
1790.5919999999999	1790.662	51	G	19
1790.662	1790.741	35	OW1	19
1790.741	1790.821	56	L	19
1790.821	1790.8509999999999	48	D	19
1790.8509999999999	1790.9309999999998	46	B	19
1790.9309999999998	1791.021	61	R	19
1791.021	1791.071	25	EY1	19
1791.071	1791.2299999999998	62	S	19
1791.2299999999998	1791.3	56	L	19
1791.3	1791.3999999999999	6	AH0	19
1791.3999999999999	1791.49	64	T	19
1791.49	1791.709	74	sp	19
1791.709	1791.9089999999999	67	W	19
1791.9089999999999	1791.9489999999998	6	AH0	19
1791.9489999999998	1792.0089999999998	69	Z	19
1792.0089999999998	1792.078	25	EY1	19
1792.078	1792.198	51	G	19
1792.198	1792.258	61	R	19
1792.258	1792.2879999999998	4	AE1	19
1792.2879999999998	1792.398	53	JH	19
1792.398	1792.5269999999998	43	UW0	19
1792.5269999999998	1793.0759999999998	74	sp	19
1793.0759999999998	1793.126	51	G	19
1793.126	1793.2459999999999	61	R	19
1793.2459999999999	1793.276	5	AE2	19
1793.276	1793.3259999999998	53	JH	19
1793.3259999999998	1793.405	43	UW0	19
1793.405	1793.445	25	EY1	19
1793.445	1793.5849999999998	63	SH	19
1793.5849999999998	1793.6101262057548	6	AH0	19
1793.6101262057548	1793.6542984410296	58	N	19
1793.6542984410296	1793.6905450937381	60	P	19
1793.6905450937381	1793.729215177711	61	R	19
1793.729215177711	1793.7756192784786	19	EH1	19
1793.7756192784786	1793.8142893624515	69	Z	19
1793.8142893624515	1793.8568264548219	6	AH0	19
1793.8568264548219	1793.9186985891788	58	N	19
1793.9186985891788	1793.9573982700852	64	T	19
