428.95959214800945	429.0079297529757	1	AA1	0
429.0079297529757	429.0582008621406	61	R	0
429.0582008621406	429.11427248390146	68	Y	0
429.11427248390146	429.16647709726504	41	UH1	0
429.16647709726504	429.2766868365881	61	R	0
429.2766868365881	429.41009862629494	51	G	0
429.41009862629494	429.47583776904906	61	R	0
429.47583776904906	429.6053825503586	25	EY1	0
429.6053825503586	429.65952066792084	48	D	0
429.65952066792084	429.823	69	Z	0
429.823	429.85299999999995	52	HH	0
429.85299999999995	430.053	16	AY1	0
430.053	430.1553904889725	21	ER0	0
430.1553904889725	430.27299999999997	21	ER0	0
430.27299999999997	430.363	56	L	0
430.363	430.433	35	OW1	0
430.433	430.573	21	ER0	0
430.573	430.65299999999996	49	DH	0
430.65299999999996	430.703	6	AH0	0
430.703	430.78514789876255	58	N	0
430.78514789876255	430.8541302390781	58	N	0
430.8541302390781	431.0126775833674	4	AE1	0
431.0126775833674	431.08808424711475	58	N	0
431.08808424711475	431.1963604822392	62	S	0
431.1963604822392	431.3703758601177	31	IY0	0
431.3703758601177	431.54245773379756	69	Z	0
439.27299999999997	439.383	63	SH	1
439.383	439.433	32	IY1	1
439.433	439.513	67	W	1
439.513	439.58299999999997	10	AO1	1
439.58299999999997	439.693	61	R	1
439.693	439.753	67	W	1
439.753	439.91299999999995	10	AO1	1
439.91299999999995	440.03299999999996	61	R	1
440.03299999999996	440.133	57	M	1
440.133	440.28299999999996	50	F	1
440.28299999999996	440.313	56	L	1
440.313	440.433	32	IY1	1
440.433	440.60299999999995	62	S	1
440.60299999999995	440.933	31	IY0	1
440.933	441.703	74	sp	1
441.703	442.04299999999995	7	AH1	1
442.04299999999995	442.28299999999996	67	W	1
442.28299999999996	442.313	41	UH1	1
442.313	442.493	56	L	1
442.493	442.58299999999997	6	AH0	1
442.58299999999997	442.693	58	N	1
442.693	442.873	35	OW1	1
442.873	442.953	66	V	1
442.953	443.04299999999995	21	ER0	1
443.04299999999995	443.073	11	AO2	1
443.073	443.233	56	L	1
443.233	443.263	69	Z	1
443.263	443.71299999999997	74	sp	1
485.733	485.823	61	R	2
485.823	485.91299999999995	32	IY1	2
485.91299999999995	485.943	48	D	2
485.943	485.97299999999996	27	IH0	2
485.97299999999996	486.003	59	NG	2
486.003	486.10299999999995	28	IH1	2
486.10299999999995	486.203	58	N	2
486.203	486.303	60	P	2
486.303	486.383	41	UH1	2
486.383	486.453	61	R	2
486.453	486.573	56	L	2
486.573	486.743	16	AY1	2
486.743	486.77299999999997	64	T	2
486.77299999999997	486.91299999999995	51	G	2
486.91299999999995	486.983	28	IH1	2
486.983	487.013	66	V	2
487.013	487.123	69	Z	2
487.123	487.203	68	Y	2
487.203	487.303	44	UW1	2
487.303	487.493	16	AY1	2
487.493	487.66299999999995	62	S	2
487.66299999999995	487.703	64	T	2
487.703	487.733	61	R	2
487.733	487.78299999999996	26	EY2	2
487.78299999999996	488.003	58	N	2
573.643	573.7529999999999	32	IY1	3
573.7529999999999	573.823	66	V	3
573.823	573.8729999999999	6	AH0	3
573.8729999999999	573.963	58	N	3
573.963	574.183	16	AY1	3
574.183	574.213	6	AH0	3
574.213	574.333	54	K	3
574.333	574.393	25	EY1	3
574.393	574.563	70	ZH	3
574.563	574.593	6	AH0	3
574.593	574.6229999999999	58	N	3
574.6229999999999	574.653	56	L	3
574.653	574.723	31	IY0	3
574.723	574.8829999999999	51	G	3
574.8829999999999	575.1229999999999	19	EH1	3
575.1229999999999	575.163	64	T	3
575.163	575.293	74	sp	3
575.293	575.343	49	DH	3
575.343	575.3829999999999	6	AH0	3
575.3829999999999	575.5029999999999	57	M	3
575.5029999999999	575.553	7	AH1	3
575.553	575.6129999999999	58	N	3
575.6129999999999	575.663	48	D	3
575.663	575.7429999999999	26	EY2	3
575.7429999999999	575.823	46	B	3
575.823	575.913	56	L	3
575.913	576.073	44	UW1	3
576.073	576.423	69	Z	3
586.063	586.143	67	W	4
586.143	586.223	32	IY1	4
586.223	586.413	21	ER0	4
586.413	586.583	35	OW1	4
586.583	586.683	60	P	4
586.683	586.823	6	AH0	4
586.823	587.043	58	N	4
587.043	587.173	74	sp	4
587.173	587.313	19	EH1	4
587.313	587.343	66	V	4
587.343	587.403	61	R	4
587.403	587.583	31	IY0	4
587.583	587.673	57	M	4
587.673	587.733	7	AH1	4
587.733	587.813	58	N	4
587.813	587.853	48	D	4
587.853	587.913	26	EY2	4
587.913	588.023	57	M	4
588.023	588.183	74	sp	4
588.183	588.3629999999999	32	IY1	4
588.3629999999999	588.393	66	V	4
588.393	588.453	58	N	4
588.453	588.553	27	IH0	4
588.553	588.653	59	NG	4
612.1859999999999	612.226	6	AH0	5
612.226	612.256	64	T	5
612.256	612.376	62	S	5
612.376	612.406	58	N	5
612.406	612.466	1	AA1	5
612.466	612.506	64	T	5
612.506	612.7349999999999	32	IY1	5
612.7349999999999	612.8549999999999	69	Z	5
612.8549999999999	612.885	31	IY0	5
612.885	612.9749999999999	64	T	5
612.9749999999999	613.034	6	AH0	5
613.034	613.2339999999999	54	K	5
613.2339999999999	613.2639999999999	61	R	5
613.2639999999999	613.394	31	IY0	5
613.394	613.7529999999999	25	EY1	5
613.7529999999999	613.7829999999999	64	T	5
613.7829999999999	614.0219999999999	74	sp	5
614.0219999999999	614.112	29	IH2	5
614.112	614.1419999999999	56	L	5
614.1419999999999	614.222	44	UW1	5
614.222	614.3309999999999	57	M	5
614.3309999999999	614.361	6	AH0	5
614.361	614.4409999999999	58	N	5
614.4409999999999	614.531	26	EY2	5
614.531	614.5809999999999	64	T	5
614.5809999999999	614.651	27	IH0	5
614.651	614.9499999999999	59	NG	5
614.9499999999999	615.948	74	sp	5
615.948	615.978	29	IH2	5
615.978	616.0079999999999	56	L	5
616.0079999999999	616.117	44	UW1	5
616.117	616.197	57	M	5
616.197	616.227	6	AH0	5
616.227	616.2769999999999	58	N	5
616.2769999999999	616.387	26	EY2	5
616.387	616.4169999999999	64	T	5
616.4169999999999	616.467	27	IH0	5
616.467	616.616	59	NG	5
616.616	616.646	27	IH0	5
616.646	616.6759999999999	51	G	5
616.6759999999999	616.736	69	Z	5
616.736	616.8059999999999	4	AE1	5
616.8059999999999	616.876	57	M	5
616.876	616.906	60	P	5
616.906	616.9359999999999	6	AH0	5
616.9359999999999	617.005	56	L	5
617.005	617.2049999999999	69	Z	5
630.924	631.4029999999999	74	sp	6
631.4029999999999	631.5419999999999	57	M	6
631.5419999999999	631.632	7	AH1	6
631.632	631.842	57	M	6
631.842	632.251	74	sp	6
632.251	632.75	62	S	6
632.75	632.799	64	T	6
632.799	632.8689999999999	61	R	6
632.8689999999999	632.929	10	AO1	6
632.929	633.039	59	NG	6
633.039	633.169	56	L	6
633.169	633.3679999999999	31	IY0	6
633.3679999999999	633.438	48	D	6
633.438	633.5079999999999	29	IH2	6
633.5079999999999	633.717	62	S	6
633.717	633.7669999999999	56	L	6
633.7669999999999	633.947	16	AY1	6
633.947	634.087	54	K	6
634.087	634.226	62	S	6
634.226	634.406	4	AE1	6
634.406	634.486	60	P	6
634.486	634.516	6	AH0	6
634.516	634.5949999999999	64	T	6
634.5949999999999	634.8149999999999	17	AY2	6
634.8149999999999	634.9649999999999	69	Z	6
634.9649999999999	635.1339999999999	21	ER0	6
635.1339999999999	635.5329999999999	69	Z	6
656.286	656.4359999999999	49	DH	7
656.4359999999999	656.4659999999999	35	OW1	7
656.4659999999999	656.5649999999999	69	Z	7
656.5649999999999	656.5949999999999	52	HH	7
656.5949999999999	656.625	44	UW1	7
656.625	656.745	64	T	7
656.745	656.865	32	IY1	7
656.865	657.0139999999999	47	CH	7
657.0139999999999	657.054	66	V	7
657.054	657.1339999999999	4	AE1	7
657.1339999999999	657.2339999999999	56	L	7
657.2339999999999	657.404	68	Y	7
657.404	657.433	43	UW0	7
657.433	657.593	69	Z	7
657.593	657.723	50	F	7
657.723	657.952	22	ER1	7
657.952	658.232	62	S	7
658.232	658.2919999999999	64	T	7
658.2919999999999	658.381	6	AH0	7
658.381	658.501	46	B	7
658.501	658.6709999999999	1	AA1	7
658.6709999999999	658.731	56	L	7
658.731	658.76	29	IH2	7
658.76	658.9599999999999	63	SH	7
658.9599999999999	659.0899999999999	47	CH	7
659.0899999999999	659.18	32	IY1	7
659.18	659.2189999999999	64	T	7
659.2189999999999	659.269	27	IH0	7
659.269	659.4889999999999	59	NG	7
671.2008961554689	671.2211053622981	49	DH	8
671.2211053622981	671.2705023066203	31	IY0	8
671.2705023066203	671.4077811047244	50	F	8
671.4077811047244	671.5230891157665	61	R	8
671.5230891157665	671.5849612501233	16	AY1	8
671.5849612501233	671.613963813103	64	T	8
671.613963813103	671.6758359474599	58	N	8
671.6758359474599	671.711	48	D	8
671.711	671.7770804066666	47	CH	8
671.7770804066666	671.8312185242288	16	AY1	8
671.8312185242288	671.9510957845451	56	L	8
671.9510957845451	671.9936328769154	48	D	8
671.9936328769154	672.0091009105047	67	W	8
672.0091009105047	672.13	1	AA1	8
672.13	672.27	69	Z	8
672.27	672.399	53	JH	8
672.399	672.4689999999999	19	EH1	8
672.4689999999999	672.4989999999999	58	N	8
672.4989999999999	672.529	64	T	8
672.529	672.6189999999999	56	L	8
672.6189999999999	672.7489999999999	31	IY0	8
672.7489999999999	672.928	62	S	8
672.928	672.968	6	AH0	8
672.968	672.9979999999999	46	B	8
672.9979999999999	673.1179999999999	48	D	8
673.1179999999999	673.2769999999999	44	UW1	8
673.2769999999999	673.337	48	D	8
673.337	673.4069999999999	46	B	8
673.4069999999999	673.567	16	AY1	8
673.567	673.597	52	HH	8
673.597	673.6469999999999	28	IH1	8
673.6469999999999	673.776	69	Z	8
673.776	673.8159999999999	46	B	8
673.8159999999999	673.886	28	IH1	8
673.886	673.9359999999999	51	G	8
673.9359999999999	673.996	46	B	8
673.996	674.096	61	R	8
674.096	674.165	7	AH1	8
674.165	674.2149999999999	49	DH	8
674.2149999999999	674.255	21	ER0	8
685.959	686.078	32	IY1	9
686.078	686.1379999999999	66	V	9
686.1379999999999	686.1679999999999	6	AH0	9
686.1679999999999	686.228	58	N	9
686.228	686.288	6	AH0	9
686.288	686.4179999999999	62	S	9
686.4179999999999	686.458	28	IH1	9
686.458	686.497	57	M	9
686.497	686.567	60	P	9
686.567	686.627	6	AH0	9
686.627	686.6669999999999	56	L	9
686.6669999999999	686.727	66	V	9
686.727	686.807	34	OW0	9
686.807	686.9359999999999	54	K	9
686.9359999999999	687.036	4	AE1	9
687.036	687.0659999999999	46	B	9
687.0659999999999	687.096	68	Y	9
687.096	687.156	6	AH0	9
687.156	687.246	56	L	9
687.246	687.3259999999999	20	EH2	9
687.3259999999999	687.3549999999999	61	R	9
687.3549999999999	687.425	31	IY0	9
687.425	687.535	54	K	9
687.535	687.5649999999999	6	AH0	9
687.5649999999999	687.635	58	N	9
687.635	687.7149999999999	64	T	9
687.7149999999999	687.794	25	EY1	9
687.794	687.934	58	N	9
687.934	687.9739999999999	69	Z	9
687.9739999999999	688.194	62	S	9
688.194	688.2429999999999	28	IH1	9
688.2429999999999	688.303	46	B	9
688.303	688.413	58	N	9
688.413	688.443	6	AH0	9
688.443	688.553	56	L	9
688.553	688.722	69	Z	9
688.722	689.102	74	sp	9
713.4559999999999	713.5559999999999	6	AH0	10
713.5559999999999	713.6759999999999	54	K	10
713.6759999999999	713.736	61	R	10
713.736	713.915	4	AE1	10
713.915	714.015	46	B	10
714.015	714.184	47	CH	10
714.184	714.274	4	AE1	10
714.274	714.324	56	L	10
714.324	714.424	6	AH0	10
714.424	714.524	58	N	10
714.524	714.574	53	JH	10
714.574	714.6039999999999	48	D	10
714.6039999999999	714.663	57	M	10
714.663	714.8829999999999	32	IY1	10
714.8829999999999	715.0429999999999	46	B	10
715.0429999999999	715.3019999999999	7	AH1	10
715.3019999999999	715.352	64	T	10
715.352	715.511	25	EY1	10
715.511	715.661	54	K	10
715.661	715.6909999999999	67	W	10
715.6909999999999	715.781	28	IH1	10
715.781	715.9309999999999	60	P	10
715.9309999999999	716.3599999999999	62	S	10
716.3599999999999	716.509	64	T	10
716.509	716.6089999999999	7	AH1	10
716.6089999999999	717.327	72	lg	10
717.327	717.4069999999999	74	sp	10
717.4069999999999	717.477	6	AH0	10
717.477	717.6969999999999	54	K	10
717.6969999999999	717.726	67	W	10
717.726	717.7959999999999	28	IH1	10
717.7959999999999	717.896	54	K	10
717.896	718.0459999999999	62	S	10
718.0459999999999	718.086	64	T	10
718.086	718.425	4	AE1	10
718.425	718.5749999999999	46	B	10
718.5749999999999	718.924	66	V	10
718.924	719.053	4	AE1	10
719.053	719.173	59	NG	10
719.173	719.2729999999999	54	K	10
719.2729999999999	719.303	67	W	10
719.303	719.3729999999999	27	IH0	10
719.3729999999999	719.5519999999999	63	SH	10
719.5519999999999	719.6519999999999	64	T	10
719.6519999999999	719.8219999999999	29	IH2	10
719.8219999999999	719.9209999999999	57	M	10
738.2199999999999	738.2615842496994	51	G	11
738.2615842496994	738.2883694102394	56	L	11
738.2883694102394	738.4027300562009	44	UW1	11
738.4027300562009	738.5226073165172	54	K	11
738.5226073165172	738.777829870739	36	OW2	11
738.777829870739	739.0620549879407	62	S	11
739.0620549879407	739.2479999999999	6	AH0	11
739.2479999999999	739.357	58	N	11
739.357	739.3969999999999	48	D	11
739.3969999999999	739.487	50	F	11
739.487	739.7159999999999	61	R	11
739.7159999999999	740.086	7	AH1	11
740.086	740.116	54	K	11
740.116	740.145	64	T	11
740.145	740.175	36	OW2	11
740.175	740.375	62	S	11
740.375	740.5939999999999	1	AA1	11
740.5939999999999	740.654	61	R	11
740.654	740.7539999999999	58	N	11
740.7539999999999	740.884	4	AE1	11
740.884	740.9839999999999	47	CH	11
740.9839999999999	741.0139999999999	21	ER0	11
741.0139999999999	741.0429999999999	6	AH0	11
741.0429999999999	741.073	56	L	11
741.073	741.2729999999999	63	SH	11
741.2729999999999	741.333	41	UH1	11
741.333	741.423	51	G	11
741.423	741.612	21	ER0	11
741.612	741.742	69	Z	11
741.742	741.8119999999999	50	F	11
741.8119999999999	741.9209999999999	13	AW1	11
741.9209999999999	741.971	58	N	11
741.971	742.011	48	D	11
742.011	742.0609999999999	28	IH1	11
742.0609999999999	742.131	58	N	11
742.131	742.241	50	F	11
742.241	742.4	61	R	11
742.4	742.43	44	UW1	11
742.43	742.4699999999999	64	T	11
754.942	755.002	1	AA1	12
755.002	755.0519999999999	61	R	12
755.0519999999999	755.211	68	Y	12
755.211	755.3109999999999	44	UW1	12
755.3109999999999	755.3409999999999	56	L	12
755.3409999999999	755.381	41	UH1	12
755.381	755.4309999999999	54	K	12
755.4309999999999	755.471	27	IH0	12
755.471	755.5999999999999	59	NG	12
755.5999999999999	755.73	50	F	12
755.73	755.8928664575915	21	ER0	12
755.8928664575915	755.9997295675181	6	AH0	12
755.9997295675181	756.0693357186695	57	M	12
756.0693357186695	756.1911464831844	60	P	12
756.1911464831844	756.2278830629589	56	L	12
756.2278830629589	756.2858881889183	38	OY1	12
756.2858881889183	756.359361348467	57	M	12
756.359361348467	756.4057654492347	6	AH0	12
756.4057654492347	756.4615648336238	58	N	12
756.4615648336238	756.4748512213853	64	T	12
766.2159999999999	766.326	54	K	13
766.326	766.4259999999999	1	AA1	13
766.4259999999999	766.516	50	F	13
766.516	766.615	31	IY0	13
766.615	766.645	6	AH0	13
766.645	766.7149999999999	69	Z	13
766.7149999999999	766.795	51	G	13
766.795	766.8449999999999	61	R	13
766.8449999999999	766.915	35	OW1	13
766.915	767.0039999999999	58	N	13
767.0039999999999	767.1039999999999	28	IH1	13
767.1039999999999	767.2239999999999	58	N	13
767.2239999999999	767.653	62	S	13
767.653	767.683	64	T	13
767.683	767.9119999999999	32	IY1	13
767.9119999999999	767.962	60	P	13
767.962	768.3509999999999	74	sp	13
768.3509999999999	768.461	53	JH	13
768.461	768.5609999999999	7	AH1	13
768.5609999999999	768.641	59	NG	13
768.641	768.6709999999999	51	G	13
768.6709999999999	768.701	6	AH0	13
768.701	768.741	56	L	13
768.741	768.98	56	L	13
768.98	769.1299999999999	16	AY1	13
769.1299999999999	769.259	54	K	13
769.259	769.3989999999999	62	S	13
769.3989999999999	769.4789999999999	56	L	13
769.4789999999999	769.6379999999999	35	OW1	13
769.6379999999999	769.708	60	P	13
769.708	769.8979999999999	62	S	13
769.8979999999999	770.067	28	IH1	13
770.067	770.307	58	N	13
770.307	770.7959999999999	74	sp	13
770.7959999999999	770.896	64	T	13
770.896	770.9449999999999	19	EH1	13
770.9449999999999	771.0049999999999	57	M	13
771.0049999999999	771.0949999999999	60	P	13
771.0949999999999	771.1903933401568	21	ER0	13
771.1903933401568	771.2561324829109	6	AH0	13
771.2561324829109	771.3083370962744	64	T	13
771.3083370962744	771.4630174321665	69	Z	13
771.4630174321665	771.6196312722572	35	OW1	13
771.6196312722572	771.7685110955532	58	N	13
771.7685110955532	771.8883883558694	69	Z	13
785.622	785.692	74	sp	14
785.692	785.8119999999999	67	W	14
785.8119999999999	786.1809999999999	32	IY1	14
786.1809999999999	786.3599999999999	67	W	14
786.3599999999999	786.39	19	EH1	14
786.39	786.43	56	L	14
786.43	786.55	54	K	14
786.55	786.5899999999999	6	AH0	14
786.5899999999999	786.8689999999999	57	M	14
786.8689999999999	786.9889999999999	74	sp	14
786.9889999999999	787.179	57	M	14
787.179	787.2679999999999	19	EH1	14
787.2679999999999	787.308	58	N	14
787.308	787.448	31	IY0	14
787.448	787.548	58	N	14
787.548	787.6379999999999	68	Y	14
787.6379999999999	787.6969999999999	44	UW1	14
787.6969999999999	787.827	62	S	14
787.827	787.867	64	T	14
787.867	787.967	44	UW1	14
787.967	788.0369999999999	48	D	14
788.0369999999999	788.077	6	AH0	14
788.077	788.1659999999999	58	N	14
788.1659999999999	788.2046221439873	64	T	14
788.2046221439873	788.2800288077347	62	S	14
788.2800288077347	788.4095735890442	32	IY1	14
788.4095735890442	788.6145250341011	47	CH	14
788.6145250341011	788.8052735589624	68	Y	14
788.8052735589624	788.9657544074504	28	IH1	14
788.9657544074504	789.1069002139518	61	R	14
800.1489999999999	800.269	74	sp	15
800.269	800.3489999999999	35	OW1	15
800.3489999999999	800.3789999999999	58	N	15
800.3789999999999	800.438	56	L	15
800.438	800.538	31	IY0	15
800.538	800.598	49	DH	15
800.598	800.6379999999999	6	AH0	15
800.6379999999999	800.728	46	B	15
800.728	800.838	19	EH1	15
800.838	800.997	62	S	15
800.997	801.0269999999999	64	T	15
801.0269999999999	801.067	60	P	15
801.067	801.137	56	L	15
801.137	801.227	25	EY1	15
801.227	801.336	21	ER0	15
801.336	801.506	69	Z	15
801.506	801.576	18	EH0	15
801.576	801.6759999999999	58	N	15
801.6759999999999	801.775	53	JH	15
801.775	801.9649999999999	38	OY1	15
801.9649999999999	802.0849999999999	60	P	15
802.0849999999999	802.135	2	AA2	15
802.135	802.194	60	P	15
802.194	802.2739999999999	68	Y	15
802.2739999999999	802.314	6	AH0	15
802.314	802.374	56	L	15
802.374	802.4739999999999	19	EH1	15
802.4739999999999	802.5239999999999	61	R	15
802.5239999999999	802.554	6	AH0	15
802.554	802.584	64	T	15
802.584	802.683	31	IY0	15
813.199	813.309	54	K	16
813.309	813.3489999999999	4	AE1	16
813.3489999999999	813.459	56	L	16
813.459	813.6089999999999	62	S	16
813.6089999999999	813.6479999999999	31	IY0	16
813.6479999999999	813.728	6	AH0	16
813.728	813.778	57	M	16
813.778	813.8979999999999	57	M	16
813.8979999999999	814.028	25	EY1	16
814.028	814.107	54	K	16
814.107	814.207	62	S	16
814.207	814.237	74	sp	16
814.237	814.327	46	B	16
814.327	814.586	35	OW1	16
814.586	814.6959999999999	58	N	16
814.6959999999999	814.826	69	Z	16
814.826	814.9359999999999	4	AE1	16
814.9359999999999	815.055	58	N	16
815.055	815.0949999999999	48	D	16
815.0949999999999	815.145	64	T	16
815.145	815.275	32	IY1	16
815.275	815.3249999999999	65	TH	16
815.3249999999999	815.4839999999999	74	sp	16
815.4839999999999	815.644	62	S	16
815.644	815.674	64	T	16
815.674	815.7239999999999	61	R	16
815.7239999999999	815.8829999999999	10	AO1	16
815.8829999999999	816.0029999999999	59	NG	16
826.04	826.1199999999999	58	N	17
826.1199999999999	826.26	7	AH1	17
826.26	826.31	65	TH	17
826.31	826.3599999999999	27	IH0	17
826.3599999999999	826.6189999999999	59	NG	17
826.6189999999999	827.2479999999999	74	sp	17
827.2479999999999	827.377	28	IH1	17
827.377	827.467	69	Z	17
827.467	827.6569999999999	19	EH1	17
827.6569999999999	827.7959999999999	69	Z	17
827.7959999999999	827.896	6	AH0	17
827.896	828.036	50	F	17
828.036	828.096	19	EH1	17
828.096	828.175	58	N	17
828.175	828.305	62	S	17
828.305	828.4449999999999	27	IH0	17
828.4449999999999	828.5939999999999	66	V	17
828.5939999999999	828.894	74	sp	17
828.894	829.103	4	AE1	17
829.103	829.223	69	Z	17
829.223	829.343	28	IH1	17
829.343	829.403	58	N	17
829.403	829.453	6	AH0	17
829.453	829.5419999999999	62	S	17
829.5419999999999	829.582	6	AH0	17
829.582	829.6519999999999	58	N	17
829.6519999999999	829.9309999999999	62	S	17
845.606	845.875	62	S	18
845.875	845.905	64	T	18
845.905	846.0849999999999	32	IY1	18
846.0849999999999	846.135	66	V	18
846.135	846.184	67	W	18
846.184	846.334	10	AO1	18
846.334	846.414	61	R	18
846.414	846.584	25	EY1	18
846.584	846.673	46	B	18
846.673	846.7529999999999	61	R	18
846.7529999999999	847.0529999999999	16	AY1	18
847.0529999999999	847.102	64	T	18
847.102	847.1719999999999	74	sp	18
847.1719999999999	847.3219999999999	61	R	18
847.3219999999999	847.5909999999999	19	EH1	18
847.5909999999999	847.741	48	D	18
847.741	848.1299999999999	74	sp	18
848.1299999999999	848.3	54	K	18
848.3	848.439	4	AE1	18
848.439	848.5989999999999	70	ZH	18
848.5989999999999	848.679	57	M	18
848.679	848.838	27	IH0	18
848.838	849.0079999999999	61	R	18
861.6389999999999	861.679	46	B	19
861.679	861.8489999999999	1	AA1	19
861.8489999999999	861.929	61	R	19
861.929	861.959	46	B	19
861.959	862.098	69	Z	19
862.098	862.1679999999999	51	G	19
862.1679999999999	862.198	35	OW1	19
862.198	862.4669999999999	56	L	19
862.4669999999999	862.6969999999999	48	D	19
862.6969999999999	862.9859999999999	74	sp	19
862.9859999999999	863.0459999999999	46	B	19
863.0459999999999	863.2159999999999	61	R	19
863.2159999999999	863.316	25	EY1	19
863.316	863.4949999999999	62	S	19
863.4949999999999	863.625	56	L	19
863.625	863.7939999999999	6	AH0	19
863.7939999999999	863.834	64	T	19
863.834	863.9639999999999	67	W	19
863.9639999999999	864.054	7	AH1	19
864.054	864.164	69	Z	19
864.164	864.3729999999999	25	EY1	19
864.3729999999999	864.453	51	G	19
864.453	864.483	61	R	19
864.483	864.603	5	AE2	19
864.603	864.712	53	JH	19
864.712	864.752	43	UW0	19
864.752	864.8319999999999	25	EY1	19
864.8319999999999	864.952	63	SH	19
864.952	864.992	6	AH0	19
864.992	865.0519999999999	58	N	19
865.0519999999999	865.121	60	P	19
865.121	865.151	21	ER0	19
865.151	865.1809999999999	69	Z	19
865.1809999999999	865.211	19	EH1	19
865.211	865.6199999999999	58	N	19
865.6199999999999	865.72	64	T	19
891.781	891.871	1	AA1	0
891.871	891.911	61	R	0
891.911	892.06	68	Y	0
892.06	892.0899999999999	41	UH1	0
892.0899999999999	892.1199999999999	61	R	0
892.1199999999999	892.18	51	G	0
892.18	892.21	61	R	0
892.21	892.439	25	EY1	0
892.439	892.4689999999999	48	D	0
892.4689999999999	892.5889999999999	69	Z	0
892.5889999999999	892.6389999999999	52	HH	0
892.6389999999999	892.789	16	AY1	0
892.789	893.108	21	ER0	0
893.108	893.1579999999999	10	AO1	0
893.1579999999999	893.2579999999999	61	R	0
893.2579999999999	893.357	56	L	0
893.357	893.4569999999999	35	OW1	0
893.4569999999999	893.577	21	ER0	0
893.577	893.6769999999999	49	DH	0
893.6769999999999	893.746	4	AE1	0
893.746	893.836	58	N	0
893.836	893.886	58	N	0
893.886	894.026	4	AE1	0
894.026	894.106	58	N	0
894.106	894.2577899637913	62	S	0
894.2577899637913	894.6058207195483	31	IY0	0
894.6058207195483	894.8301072065917	69	Z	0
911.057	911.1969999999999	63	SH	1
911.1969999999999	911.2669999999999	32	IY1	1
911.2669999999999	911.297	67	W	1
911.297	911.526	10	AO1	1
911.526	911.636	61	R	1
911.636	911.785	67	W	1
911.785	912.0049999999999	10	AO1	1
912.0049999999999	912.194	61	R	1
912.194	912.2339999999999	57	M	1
912.2339999999999	912.364	50	F	1
912.364	912.394	56	L	1
912.394	912.4839999999999	32	IY1	1
912.4839999999999	912.6329999999999	62	S	1
912.6329999999999	912.7829999999999	31	IY0	1
912.7829999999999	913.362	67	W	1
913.362	913.3919999999999	41	UH1	1
913.3919999999999	913.6009999999999	56	L	1
913.6009999999999	913.651	6	AH0	1
913.651	913.8209999999999	58	N	1
913.8209999999999	913.98	35	OW1	1
913.98	914.02	66	V	1
914.02	914.23	21	ER0	1
914.23	914.27	11	AO2	1
914.27	914.4089999999999	56	L	1
914.4089999999999	914.439	69	Z	1
1516.5939999999998	1516.654	61	R	2
1516.654	1516.764	32	IY1	2
1516.764	1516.7939999999999	48	D	2
1516.7939999999999	1516.864	27	IH0	2
1516.864	1516.894	59	NG	2
1516.894	1516.934	28	IH1	2
1516.934	1517.033	58	N	2
1517.033	1517.143	60	P	2
1517.143	1517.193	41	UH1	2
1517.193	1517.253	61	R	2
1517.253	1517.323	56	L	2
1517.323	1517.552	16	AY1	2
1517.552	1517.5819999999999	64	T	2
1517.5819999999999	1517.662	51	G	2
1517.662	1517.732	28	IH1	2
1517.732	1517.762	66	V	2
1517.762	1517.8319999999999	69	Z	2
1517.8319999999999	1517.8619999999999	68	Y	2
1517.8619999999999	1517.941	44	UW1	2
1517.941	1518.1409999999998	16	AY1	2
1518.1409999999998	1518.331	62	S	2
1518.331	1518.3799999999999	64	T	2
1518.3799999999999	1518.45	61	R	2
1518.45	1518.59	26	EY2	2
1518.59	1518.999	58	N	2
1518.999	1519.328	74	sp	2
1519.328	1519.378	35	OW1	2
1519.378	1519.408	48	D	2
1530.363	1530.802	74	sp	3
1530.802	1530.922	32	IY1	3
1530.922	1530.962	66	V	3
1530.962	1531.012	6	AH0	3
1531.012	1531.1009999999999	58	N	3
1531.1009999999999	1531.3509999999999	16	AY1	3
1531.3509999999999	1531.381	6	AH0	3
1531.381	1531.511	54	K	3
1531.511	1531.6299999999999	25	EY1	3
1531.6299999999999	1531.6899999999998	70	ZH	3
1531.6899999999998	1531.72	6	AH0	3
1531.72	1531.75	58	N	3
1531.75	1531.98	56	L	3
1531.98	1532.129	31	IY0	3
1532.129	1532.239	51	G	3
1532.239	1532.329	28	IH1	3
1532.329	1532.4189999999999	64	T	3
1532.4189999999999	1532.448	49	DH	3
1532.448	1532.4779999999998	6	AH0	3
1532.4779999999998	1532.588	57	M	3
1532.588	1532.648	7	AH1	3
1532.648	1532.698	58	N	3
1532.698	1532.738	48	D	3
1532.738	1532.848	31	IY0	3
1532.848	1532.907	46	B	3
1532.907	1532.937	56	L	3
1532.937	1533.287	44	UW1	3
1533.287	1533.636	69	Z	3
1548.462	1548.522	67	W	4
1548.522	1548.552	28	IH1	4
1548.552	1548.731	61	R	4
1548.731	1548.9109999999998	35	OW1	4
1548.9109999999998	1548.991	60	P	4
1548.991	1549.041	6	AH0	4
1549.041	1549.1699999999998	58	N	4
1549.1699999999998	1549.29	19	EH1	4
1549.29	1549.32	66	V	4
1549.32	1549.41	21	ER0	4
1549.41	1549.4399999999998	31	IY0	4
1549.4399999999998	1549.639	57	M	4
1549.639	1549.7189999999998	7	AH1	4
1549.7189999999998	1549.759	58	N	4
1549.759	1549.799	48	D	4
1549.799	1549.829	26	EY2	4
1549.829	1550.128	32	IY1	4
1550.128	1550.158	66	V	4
1550.158	1550.2279999999998	58	N	4
1550.2279999999998	1550.268	27	IH0	4
1550.268	1550.4579999999999	59	NG	4
1561.872	1561.961	28	IH1	5
1561.961	1562.041	64	T	5
1562.041	1562.131	62	S	5
1562.131	1562.191	58	N	5
1562.191	1562.311	1	AA1	5
1562.311	1562.36	64	T	5
1562.36	1562.53	32	IY1	5
1562.53	1562.56	69	Z	5
1562.56	1562.6699999999998	31	IY0	5
1562.6699999999998	1562.73	64	T	5
1562.73	1562.789	6	AH0	5
1562.789	1562.939	54	K	5
1562.939	1563.009	61	R	5
1563.009	1563.069	31	IY0	5
1563.069	1563.258	25	EY1	5
1563.258	1563.288	64	T	5
1563.288	1563.318	29	IH2	5
1563.318	1563.468	56	L	5
1563.468	1563.518	44	UW1	5
1563.518	1563.558	57	M	5
1563.558	1563.588	6	AH0	5
1563.588	1563.648	58	N	5
1563.648	1563.697	26	EY2	5
1563.697	1563.727	64	T	5
1563.727	1563.807	27	IH0	5
1563.807	1563.9569999999999	59	NG	5
1563.9569999999999	1563.9869999999999	27	IH0	5
1563.9869999999999	1564.057	51	G	5
1564.057	1564.106	69	Z	5
1564.106	1564.216	4	AE1	5
1564.216	1564.2859999999998	57	M	5
1564.2859999999998	1564.326	60	P	5
1564.326	1564.376	6	AH0	5
1564.376	1564.506	56	L	5
1564.506	1564.585	69	Z	5
1587.543	1587.633	57	M	6
1587.633	1587.703	7	AH1	6
1587.703	1587.773	57	M	6
1587.773	1587.9019999999998	62	S	6
1587.9019999999998	1587.972	64	T	6
1587.972	1588.002	61	R	6
1588.002	1588.052	10	AO1	6
1588.052	1588.172	59	NG	6
1588.172	1588.202	56	L	6
1588.202	1588.302	31	IY0	6
1588.302	1588.3609999999999	48	D	6
1588.3609999999999	1588.421	29	IH2	6
1588.421	1588.591	62	S	6
1588.591	1588.6409999999998	56	L	6
1588.6409999999998	1588.75	16	AY1	6
1588.75	1588.85	54	K	6
1588.85	1588.96	62	S	6
1588.96	1589.12	4	AE1	6
1589.12	1589.1989999999998	60	P	6
1589.1989999999998	1589.229	6	AH0	6
1589.229	1589.279	64	T	6
1589.279	1589.4089999999999	17	AY2	6
1589.4089999999999	1589.499	69	Z	6
1589.499	1589.529	21	ER0	6
1589.529	1589.7479999999998	69	Z	6
1589.7479999999998	1590.147	74	sp	6
1599.825	1600.0149999999999	74	sp	7
1600.0149999999999	1600.125	49	DH	7
1600.125	1600.155	35	OW1	7
1600.155	1600.254	69	Z	7
1600.254	1600.2839999999999	52	HH	7
1600.2839999999999	1600.334	44	UW1	7
1600.334	1600.444	64	T	7
1600.444	1600.564	32	IY1	7
1600.564	1600.743	47	CH	7
1600.743	1600.773	66	V	7
1600.773	1600.893	4	AE1	7
1600.893	1600.923	56	L	7
1600.923	1601.062	68	Y	7
1601.062	1601.102	43	UW0	7
1601.102	1601.202	69	Z	7
1601.202	1601.282	50	F	7
1601.282	1601.442	22	ER1	7
1601.442	1601.581	62	S	7
1601.581	1601.6109999999999	64	T	7
1601.6109999999999	1601.6609999999998	6	AH0	7
1601.6609999999998	1601.711	46	B	7
1601.711	1601.841	1	AA1	7
1601.841	1601.901	56	L	7
1601.901	1601.9309999999998	29	IH2	7
1601.9309999999998	1602.12	63	SH	7
1602.12	1602.16	47	CH	7
1602.16	1602.26	32	IY1	7
1602.26	1602.29	64	T	7
1602.29	1602.36	27	IH0	7
1602.36	1602.4089999999999	59	NG	7
1633.4189999999999	1633.479	49	DH	8
1633.479	1633.509	6	AH0	8
1633.509	1633.589	50	F	8
1633.589	1633.658	61	R	8
1633.658	1633.698	16	AY1	8
1633.698	1633.7279999999998	64	T	8
1633.7279999999998	1633.758	6	AH0	8
1633.758	1633.838	58	N	8
1633.838	1633.868	48	D	8
1633.868	1633.9779999999998	47	CH	8
1633.9779999999998	1634.058	16	AY1	8
1634.058	1634.247	56	L	8
1634.247	1634.2769999999998	48	D	8
1634.2769999999998	1634.307	67	W	8
1634.307	1634.357	7	AH1	8
1634.357	1634.4669999999999	69	Z	8
1634.4669999999999	1634.5359999999998	53	JH	8
1634.5359999999998	1634.586	19	EH1	8
1634.586	1634.646	58	N	8
1634.646	1634.676	64	T	8
1634.676	1634.706	56	L	8
1634.706	1634.776	31	IY0	8
1634.776	1634.926	62	S	8
1634.926	1634.985	6	AH0	8
1634.985	1635.0249999999999	46	B	8
1635.0249999999999	1635.085	48	D	8
1635.085	1635.2649999999999	44	UW1	8
1635.2649999999999	1635.305	48	D	8
1635.305	1635.345	74	sp	8
1635.345	1635.384	46	B	8
1635.384	1635.584	16	AY1	8
1635.584	1635.614	52	HH	8
1635.614	1635.684	28	IH1	8
1635.684	1635.814	69	Z	8
1635.814	1635.893	46	B	8
1635.893	1635.933	28	IH1	8
1635.933	1636.013	51	G	8
1636.013	1636.093	46	B	8
1636.093	1636.143	61	R	8
1636.143	1636.253	7	AH1	8
1636.253	1636.292	49	DH	8
1636.292	1636.392	21	ER0	8
1636.392	1636.981	73	ns	8
1647.517	1647.667	32	IY1	9
1647.667	1647.697	66	V	9
1647.697	1647.7259999999999	6	AH0	9
1647.7259999999999	1647.836	58	N	9
1647.836	1647.866	6	AH0	9
1647.866	1648.0159999999998	62	S	9
1648.0159999999998	1648.046	28	IH1	9
1648.046	1648.096	57	M	9
1648.096	1648.155	60	P	9
1648.155	1648.205	6	AH0	9
1648.205	1648.285	56	L	9
1648.285	1648.3149999999998	66	V	9
1648.3149999999998	1648.395	34	OW0	9
1648.395	1648.5149999999999	54	K	9
1648.5149999999999	1648.614	4	AE1	9
1648.614	1648.674	46	B	9
1648.674	1648.704	68	Y	9
1648.704	1648.734	6	AH0	9
1648.734	1648.7939999999999	56	L	9
1648.7939999999999	1648.8239999999998	20	EH2	9
1648.8239999999998	1648.854	61	R	9
1648.854	1649.033	31	IY0	9
1649.033	1649.143	54	K	9
1649.143	1649.173	6	AH0	9
1649.173	1649.243	58	N	9
1649.243	1649.343	64	T	9
1649.343	1649.542	25	EY1	9
1649.542	1649.672	58	N	9
1649.672	1649.702	69	Z	9
1649.702	1649.8819999999998	62	S	9
1649.8819999999998	1649.9109999999998	28	IH1	9
1649.9109999999998	1650.031	57	M	9
1650.031	1650.071	46	B	9
1650.071	1650.1009999999999	6	AH0	9
1650.1009999999999	1650.241	56	L	9
1650.241	1650.51	69	Z	9
1660.677	1660.747	6	AH0	10
1660.747	1660.847	54	K	10
1660.847	1660.926	61	R	10
1660.926	1660.9859999999999	4	AE1	10
1660.9859999999999	1661.0359999999998	46	B	10
1661.0359999999998	1661.076	74	sp	10
1661.076	1661.196	47	CH	10
1661.196	1661.2459999999999	4	AE1	10
1661.2459999999999	1661.316	56	L	10
1661.316	1661.375	6	AH0	10
1661.375	1661.445	58	N	10
1661.445	1661.5049999999999	53	JH	10
1661.5049999999999	1661.555	48	D	10
1661.555	1661.585	57	M	10
1661.585	1661.7839999999999	32	IY1	10
1661.7839999999999	1661.984	74	sp	10
1661.984	1662.124	46	B	10
1662.124	1662.184	7	AH1	10
1662.184	1662.233	64	T	10
1662.233	1662.293	6	AH0	10
1662.293	1662.423	54	K	10
1662.423	1662.453	67	W	10
1662.453	1662.513	28	IH1	10
1662.513	1662.6229999999998	54	K	10
1662.6229999999998	1662.762	62	S	10
1662.762	1662.802	64	T	10
1662.802	1662.992	4	AE1	10
1662.992	1663.052	46	B	10
1663.052	1663.1009999999999	66	V	10
1663.1009999999999	1663.1809999999998	4	AE1	10
1663.1809999999998	1663.301	59	NG	10
1663.301	1663.3609999999999	54	K	10
1663.3609999999999	1663.421	67	W	10
1663.421	1663.451	27	IH0	10
1663.451	1663.6299999999999	63	SH	10
1663.6299999999999	1663.68	64	T	10
1663.68	1663.71	29	IH2	10
1663.71	1663.87	57	M	10
1676.86	1676.8899999999999	51	G	11
1676.8899999999999	1676.9199999999998	56	L	11
1676.9199999999998	1677.0	44	UW1	11
1677.0	1677.09	54	K	11
1677.09	1677.18	36	OW2	11
1677.18	1677.339	62	S	11
1677.339	1677.369	6	AH0	11
1677.369	1677.4289999999999	58	N	11
1677.4289999999999	1677.459	48	D	11
1677.459	1677.539	50	F	11
1677.539	1677.599	61	R	11
1677.599	1677.628	44	UW1	11
1677.628	1677.668	54	K	11
1677.668	1677.818	64	T	11
1677.818	1677.898	36	OW2	11
1677.898	1678.058	62	S	11
1678.058	1678.247	1	AA1	11
1678.247	1678.317	61	R	11
1678.317	1678.417	58	N	11
1678.417	1678.5159999999998	4	AE1	11
1678.5159999999998	1678.626	47	CH	11
1678.626	1678.656	61	R	11
1678.656	1678.686	6	AH0	11
1678.686	1678.716	56	L	11
1678.716	1678.856	63	SH	11
1678.856	1678.906	41	UH1	11
1678.906	1678.985	51	G	11
1678.985	1679.095	21	ER0	11
1679.095	1679.205	69	Z	11
1679.205	1679.2649999999999	50	F	11
1679.2649999999999	1679.384	13	AW1	11
1679.384	1679.494	58	N	11
1679.494	1679.524	48	D	11
1679.524	1679.5539999999999	28	IH1	11
1679.5539999999999	1679.624	58	N	11
1679.624	1679.913	50	F	11
1679.913	1680.023	61	R	11
1680.023	1680.1229999999998	44	UW1	11
1680.1229999999998	1680.153	64	T	11
1692.764	1692.8239999999998	74	sp	12
1692.8239999999998	1692.894	1	AA1	12
1692.894	1692.934	61	R	12
1692.934	1693.0529999999999	68	Y	12
1693.0529999999999	1693.113	44	UW1	12
1693.113	1693.143	56	L	12
1693.143	1693.173	41	UH1	12
1693.173	1693.273	54	K	12
1693.273	1693.3129999999999	27	IH0	12
1693.3129999999999	1693.393	59	NG	12
1693.393	1693.472	50	F	12
1693.472	1693.532	61	R	12
1693.532	1693.662	21	ER0	12
1693.662	1693.762	18	EH0	12
1693.762	1693.872	57	M	12
1693.872	1694.001	60	P	12
1694.001	1694.061	56	L	12
1694.061	1694.1409999999998	38	OY1	12
1694.1409999999998	1694.261	57	M	12
1694.261	1694.3999999999999	6	AH0	12
1694.3999999999999	1694.43	58	N	12
1694.43	1694.46	64	T	12
1706.573	1706.682	54	K	13
1706.682	1706.772	1	AA1	13
1706.772	1706.822	50	F	13
1706.822	1706.852	31	IY0	13
1706.852	1706.982	28	IH1	13
1706.982	1707.1009999999999	69	Z	13
1707.1009999999999	1707.1809999999998	51	G	13
1707.1809999999998	1707.291	61	R	13
1707.291	1707.3509999999999	35	OW1	13
1707.3509999999999	1707.471	58	N	13
1707.471	1707.511	74	sp	13
1707.511	1707.79	1	AA1	13
1707.79	1707.8999999999999	58	N	13
1707.8999999999999	1708.099	62	S	13
1708.099	1708.139	64	T	13
1708.139	1708.359	32	IY1	13
1708.359	1708.508	60	P	13
1708.508	1708.858	74	sp	13
1708.858	1709.017	53	JH	13
1709.017	1709.077	7	AH1	13
1709.077	1709.177	59	NG	13
1709.177	1709.2169999999999	51	G	13
1709.2169999999999	1709.247	6	AH0	13
1709.247	1709.4759999999999	56	L	13
1709.4759999999999	1709.566	56	L	13
1709.566	1709.7749999999999	16	AY1	13
1709.7749999999999	1709.985	54	K	13
1709.985	1710.165	74	sp	13
1710.165	1710.3239999999998	62	S	13
1710.3239999999998	1710.434	56	L	13
1710.434	1710.614	35	OW1	13
1710.614	1710.673	60	P	13
1710.673	1710.8329999999999	62	S	13
1710.8329999999999	1710.953	28	IH1	13
1710.953	1711.072	58	N	13
1711.072	1711.182	64	T	13
1711.182	1711.232	19	EH1	13
1711.232	1711.312	57	M	13
1711.312	1711.3619999999999	60	P	13
1711.3619999999999	1711.482	61	R	13
1711.482	1711.541	6	AH0	13
1711.541	1711.6209999999999	64	T	13
1711.6209999999999	1711.711	69	Z	13
1711.711	1711.901	35	OW1	13
1711.901	1712.1	58	N	13
1712.1	1712.3799999999999	69	Z	13
1722.327	1722.357	67	W	14
1722.357	1722.447	32	IY1	14
1722.447	1722.5359999999998	67	W	14
1722.5359999999998	1722.596	19	EH1	14
1722.596	1722.676	56	L	14
1722.676	1722.7659999999998	54	K	14
1722.7659999999998	1722.796	6	AH0	14
1722.796	1722.936	57	M	14
1722.936	1723.215	57	M	14
1723.215	1723.285	19	EH1	14
1723.285	1723.3549999999998	58	N	14
1723.3549999999998	1723.454	31	IY0	14
1723.454	1723.5539999999999	58	N	14
1723.5539999999999	1723.604	68	Y	14
1723.604	1723.6339999999998	44	UW1	14
1723.6339999999998	1723.794	62	S	14
1723.794	1723.843	64	T	14
1723.843	1723.933	44	UW1	14
1723.933	1723.973	48	D	14
1723.973	1724.023	6	AH0	14
1724.023	1724.133	58	N	14
1724.133	1724.1629999999998	64	T	14
1724.1629999999998	1724.282	62	S	14
1724.282	1724.472	32	IY1	14
1724.472	1724.662	47	CH	14
1724.662	1725.051	68	Y	14
1725.051	1725.1409999999998	28	IH1	14
1725.1409999999998	1725.31	61	R	14
1734.29	1734.3990000000001	35	OW1	15
1734.3990000000001	1734.4289999999999	58	N	15
1734.4289999999999	1734.4889999999998	56	L	15
1734.4889999999998	1734.589	31	IY0	15
1734.589	1734.639	49	DH	15
1734.639	1734.6789999999999	6	AH0	15
1734.6789999999999	1734.779	46	B	15
1734.779	1734.858	19	EH1	15
1734.858	1734.988	62	S	15
1734.988	1735.0179999999998	64	T	15
1735.0179999999998	1735.068	60	P	15
1735.068	1735.118	56	L	15
1735.118	1735.218	25	EY1	15
1735.218	1735.337	21	ER0	15
1735.337	1735.4669999999999	69	Z	15
1735.4669999999999	1735.5469999999998	6	AH0	15
1735.5469999999998	1735.687	58	N	15
1735.687	1735.816	53	JH	15
1735.816	1735.9759999999999	38	OY1	15
1735.9759999999999	1736.155	60	P	15
1736.155	1736.265	2	AA2	15
1736.265	1736.3349999999998	60	P	15
1736.3349999999998	1736.365	68	Y	15
1736.365	1736.405	6	AH0	15
1736.405	1736.555	56	L	15
1736.555	1736.694	19	EH1	15
1736.694	1736.754	61	R	15
1736.754	1736.7839999999999	6	AH0	15
1736.7839999999999	1736.814	64	T	15
1736.814	1737.053	31	IY0	15
1737.053	1737.582	74	sp	15
1746.811	1746.9309999999998	54	K	16
1746.9309999999998	1746.981	4	AE1	16
1746.981	1747.031	56	L	16
1747.031	1747.1699999999998	62	S	16
1747.1699999999998	1747.25	31	IY0	16
1747.25	1747.28	6	AH0	16
1747.28	1747.4399999999998	57	M	16
1747.4399999999998	1747.47	57	M	16
1747.47	1747.589	25	EY1	16
1747.589	1747.689	54	K	16
1747.689	1747.819	62	S	16
1747.819	1747.879	46	B	16
1747.879	1748.098	35	OW1	16
1748.098	1748.128	58	N	16
1748.128	1748.2279999999998	69	Z	16
1748.2279999999998	1748.338	4	AE1	16
1748.338	1748.4579999999999	58	N	16
1748.4579999999999	1748.5069999999998	48	D	16
1748.5069999999998	1748.557	64	T	16
1748.557	1748.687	32	IY1	16
1748.687	1748.787	65	TH	16
1748.787	1748.936	74	sp	16
1748.936	1749.096	62	S	16
1749.096	1749.146	64	T	16
1749.146	1749.176	61	R	16
1749.176	1749.3549999999998	10	AO1	16
1749.3549999999998	1749.535	59	NG	16
1761.488	1761.558	58	N	17
1761.558	1761.687	7	AH1	17
1761.687	1761.727	65	TH	17
1761.727	1761.7969999999998	27	IH0	17
1761.7969999999998	1762.057	59	NG	17
1762.057	1762.436	74	sp	17
1762.436	1762.5449999999998	28	IH1	17
1762.5449999999998	1762.625	69	Z	17
1762.625	1762.785	4	AE1	17
1762.785	1762.895	69	Z	17
1762.895	1763.104	6	AH0	17
1763.104	1763.234	50	F	17
1763.234	1763.314	19	EH1	17
1763.314	1763.3639999999998	58	N	17
1763.3639999999998	1763.513	62	S	17
1763.513	1763.613	27	IH0	17
1763.613	1763.693	66	V	17
1763.693	1764.082	4	AE1	17
1764.082	1764.302	69	Z	17
1764.302	1764.401	28	IH1	17
1764.401	1764.4509999999998	58	N	17
1764.4509999999998	1764.531	6	AH0	17
1764.531	1764.691	62	S	17
1764.691	1764.731	6	AH0	17
1764.731	1764.86	58	N	17
1764.86	1765.1699999999998	62	S	17
1775.985	1776.165	62	S	18
1776.165	1776.194	64	T	18
1776.194	1776.3239999999998	32	IY1	18
1776.3239999999998	1776.374	66	V	18
1776.374	1776.434	67	W	18
1776.434	1776.5339999999999	10	AO1	18
1776.5339999999999	1776.604	61	R	18
1776.604	1776.773	25	EY1	18
1776.773	1776.8129999999999	46	B	18
1776.8129999999999	1776.933	61	R	18
1776.933	1777.1719999999998	16	AY1	18
1777.1719999999998	1777.272	64	T	18
1777.272	1777.412	61	R	18
1777.412	1777.6009999999999	19	EH1	18
1777.6009999999999	1777.771	48	D	18
1777.771	1778.08	74	sp	18
1778.08	1778.2	54	K	18
1778.2	1778.32	4	AE1	18
1778.32	1778.4289999999999	70	ZH	18
1778.4289999999999	1778.4689999999998	57	M	18
1778.4689999999998	1778.589	27	IH0	18
1778.589	1778.709	61	R	18
1778.709	1778.888	62	S	18
1778.888	1778.948	67	W	18
1778.948	1778.988	19	EH1	18
1778.988	1779.0379999999998	64	T	18
1779.0379999999998	1779.168	21	ER0	18
1790.203	1790.243	46	B	19
1790.243	1790.3819999999998	1	AA1	19
1790.3819999999998	1790.4219999999998	61	R	19
1790.4219999999998	1790.462	46	B	19
1790.462	1790.5919999999999	69	Z	19
1790.5919999999999	1790.662	51	G	19
1790.662	1790.741	35	OW1	19
1790.741	1790.821	56	L	19
1790.821	1790.8509999999999	48	D	19
1790.8509999999999	1790.9309999999998	46	B	19
1790.9309999999998	1791.021	61	R	19
1791.021	1791.071	25	EY1	19
1791.071	1791.2299999999998	62	S	19
1791.2299999999998	1791.3	56	L	19
1791.3	1791.3999999999999	6	AH0	19
1791.3999999999999	1791.49	64	T	19
1791.49	1791.709	74	sp	19
1791.709	1791.9089999999999	67	W	19
1791.9089999999999	1791.9489999999998	6	AH0	19
1791.9489999999998	1792.0089999999998	69	Z	19
1792.0089999999998	1792.078	25	EY1	19
1792.078	1792.198	51	G	19
1792.198	1792.258	61	R	19
1792.258	1792.2879999999998	4	AE1	19
1792.2879999999998	1792.398	53	JH	19
1792.398	1792.5269999999998	43	UW0	19
1792.5269999999998	1793.0759999999998	74	sp	19
1793.0759999999998	1793.126	51	G	19
1793.126	1793.2459999999999	61	R	19
1793.2459999999999	1793.276	5	AE2	19
1793.276	1793.3259999999998	53	JH	19
1793.3259999999998	1793.405	43	UW0	19
1793.405	1793.445	25	EY1	19
1793.445	1793.5849999999998	63	SH	19
1793.5849999999998	1793.6101262057548	6	AH0	19
1793.6101262057548	1793.6542984410296	58	N	19
1793.6542984410296	1793.6905450937381	60	P	19
1793.6905450937381	1793.729215177711	61	R	19
1793.729215177711	1793.7756192784786	19	EH1	19
1793.7756192784786	1793.8142893624515	69	Z	19
1793.8142893624515	1793.8568264548219	6	AH0	19
1793.8568264548219	1793.9186985891788	58	N	19
1793.9186985891788	1793.9573982700852	64	T	19
