455.272	455.3680896066474	63	SH	1
455.3680896066474	455.43174908141265	32	IY1	1
455.43174908141265	455.5440050401307	67	W	1
455.5440050401307	455.66868296871587	10	AO1	1
455.66868296871587	455.73366755443124	61	R	1
455.73366755443124	455.85996965366854	67	W	1
455.85996965366854	455.97269216444425	10	AO1	1
455.97269216444425	456.04784050496136	61	R	1
456.04784050496136	456.14772717457106	57	M	1
456.14772717457106	456.32452303141076	50	F	1
456.32452303141076	456.39796345509797	56	L	1
456.39796345509797	456.4850672134246	32	IY1	1
456.4850672134246	456.60291347469007	62	S	1
456.60291347469007	456.81194781521197	31	IY0	1
456.81194781521197	457.7392688394834	74	sp	1
457.7392688394834	458.21802527527	6	AH0	1
458.21802527527	458.3020992497259	67	W	1
458.3020992497259	458.4336088456309	41	UH1	1
458.4336088456309	458.48997010101874	56	L	1
458.48997010101874	458.6009846949645	6	AH0	1
458.6009846949645	458.7187806600695	58	N	1
458.7187806600695	458.88437197108743	35	OW1	1
458.88437197108743	458.96464406209435	66	V	1
458.96464406209435	459.0961536579993	21	ER0	1
459.0961536579993	459.2062508347067	8	AH2	1
459.2062508347067	459.3360525137817	56	L	1
459.3360525137817	459.47474341174524	69	Z	1
496.1272582103196	496.2225747688535	61	R	2
496.2225747688535	496.2716772384013	32	IY1	2
496.2716772384013	496.3092261857025	48	D	2
496.3092261857025	496.3409983718805	27	IH0	2
496.3409983718805	496.44786845266094	59	NG	2
496.44786845266094	496.50274768333196	27	IH0	2
496.50274768333196	496.69626918096145	58	N	2
496.69626918096145	496.73381812826267	60	P	2
496.73381812826267	496.8118044034268	41	UH1	2
496.8118044034268	496.8724603952211	61	R	2
496.8724603952211	496.994573394755	56	L	2
496.994573394755	497.17076460901467	16	AY1	2
497.17076460901467	497.2537266293567	64	T	2
497.2537266293567	497.2920765926033	51	G	2
497.2920765926033	497.3989466733837	28	IH1	2
497.3989466733837	497.4653794263013	66	V	2
497.4653794263013	497.5165692604654	69	Z	2
497.5165692604654	497.5953565515748	68	Y	2
497.5953565515748	497.69853723584833	44	UW1	2
497.69853723584833	497.89863651054634	16	AY1	2
497.89863651054634	498.04883229975127	62	S	2
498.04883229975127	498.09793476929906	64	T	2
498.09793476929906	498.1268185749154	61	R	2
498.1268185749154	498.21058161120277	26	EY2	2
498.21058161120277	498.3310925788461	58	N	2
579.56076140828	579.6867725800962	32	IY1	3
579.6867725800962	579.7772238048449	66	V	3
579.7772238048449	579.8328860969979	6	AH0	3
579.8328860969979	579.9372528947847	58	N	3
579.9372528947847	580.1355498105797	16	AY1	3
580.1355498105797	580.2067367453005	6	AH0	3
580.2067367453005	580.2729250597849	54	K	3
580.2729250597849	580.413391371635	25	EY1	3
580.413391371635	580.4920819232998	70	ZH	3
580.4920819232998	580.5472388520367	6	AH0	3
580.5472388520367	580.6112208893716	58	N	3
580.6112208893716	580.6487276009127	6	AH0	3
580.6487276009127	580.6921177181858	56	L	3
580.6921177181858	580.761750597301	33	IY2	3
580.761750597301	580.7913187696304	51	G	3
580.7913187696304	581.0560720275679	19	EH1	3
581.0560720275679	581.158344428891	64	T	3
581.158344428891	581.2266907937942	49	DH	3
581.2266907937942	581.3322890918691	6	AH0	3
581.3322890918691	581.4429612919029	57	M	3
581.4429612919029	581.4973827949234	6	AH0	3
581.4973827949234	581.5532751493769	58	N	3
581.5532751493769	581.5944589895005	48	D	3
581.5944589895005	581.6766995245658	25	EY1	3
581.6766995245658	581.7577234985619	46	B	3
581.7577234985619	581.8194992587472	56	L	3
581.8194992587472	582.1092569910454	44	UW1	3
582.1092569910454	582.3446470304017	69	Z	3
592.1991575895408	592.2791575895409	67	W	4
592.2791575895409	592.3591575895408	32	IY1	4
592.3591575895408	592.5491575895409	21	ER0	4
592.5491575895409	592.7191575895408	35	OW1	4
592.7191575895408	592.8191575895409	60	P	4
592.8191575895409	592.9591575895408	6	AH0	4
592.9591575895408	593.1791575895409	58	N	4
593.1791575895409	593.3091575895409	74	sp	4
593.3091575895409	593.4491575895408	19	EH1	4
593.4491575895408	593.4791575895408	66	V	4
593.4791575895408	593.5391575895409	61	R	4
593.5391575895409	593.7191575895408	31	IY0	4
593.7191575895408	593.8091575895409	57	M	4
593.8091575895409	593.8691575895408	7	AH1	4
593.8691575895408	593.9491575895408	58	N	4
593.9491575895408	593.9891575895408	48	D	4
593.9891575895408	594.0491575895409	26	EY2	4
594.0491575895409	594.1591575895409	57	M	4
594.1591575895409	594.3191575895409	74	sp	4
594.3191575895409	594.4991575895408	32	IY1	4
594.4991575895408	594.5291575895409	66	V	4
594.5291575895409	594.5891575895408	58	N	4
594.5891575895408	594.6891575895409	27	IH0	4
594.6891575895409	594.7891575895409	59	NG	4
620.3734768103957	620.4477800329657	28	IH1	5
620.4477800329657	620.474644625566	64	T	5
620.474644625566	620.5880729054338	62	S	5
620.5880729054338	620.6477720001011	58	N	5
620.6477720001011	620.7373206421021	1	AA1	5
620.7373206421021	620.8149294651695	64	T	5
620.8149294651695	620.9432825187041	32	IY1	5
620.9432825187041	621.089545300639	69	Z	5
621.089545300639	621.1373045763728	31	IY0	5
621.1373045763728	621.1820788973732	64	T	5
621.1820788973732	621.229838173107	44	UW1	5
621.229838173107	621.328341679308	54	K	5
621.328341679308	621.385055819242	61	R	5
621.385055819242	621.4984840991098	27	IH0	5
621.4984840991098	621.8477238029133	25	EY1	5
621.8477238029133	621.9283175807141	64	T	5
621.9283175807141	622.2596475561174	74	sp	5
622.2596475561174	622.3193466507847	27	IH0	5
622.3193466507847	622.3581510623185	56	L	5
622.3581510623185	622.4208351117192	44	UW1	5
622.4208351117192	622.4476997043193	57	M	5
622.4476997043193	622.4924740253199	6	AH0	5
622.4924740253199	622.5342633915869	58	N	5
622.5342633915869	622.7253004945222	26	EY2	5
622.7253004945222	622.7820146344561	64	T	5
622.7820146344561	622.9342473258577	6	AH0	5
622.9342473258577	623.0857268528213	59	NG	5
623.0857268528213	624.1937475815029	74	sp	5
624.1937475815029	624.233469373002	27	IH0	5
624.233469373002	624.2859200607705	56	L	5
624.2859200607705	624.3261322547264	44	UW1	5
624.3261322547264	624.376834586236	57	M	5
624.376834586236	624.4222918489687	6	AH0	5
624.4222918489687	624.4677491117014	58	N	5
624.4677491117014	624.5918824060868	26	EY2	5
624.5918824060868	624.6355913125607	64	T	5
624.6355913125607	624.7002804941418	6	AH0	5
624.7002804941418	624.7859499508304	59	NG	5
624.7859499508304	624.8541358449294	18	EH0	5
624.8541358449294	624.8908513263674	54	K	5
624.8908513263674	625.0062428394581	62	S	5
625.0062428394581	625.1373695588794	4	AE1	5
625.1373695588794	625.223039015568	57	M	5
625.223039015568	625.3751460100966	60	P	5
625.3751460100966	625.4415835479367	6	AH0	5
625.4415835479367	625.6391478051981	56	L	5
625.6391478051981	625.7938228767474	69	Z	5
643.3857246187337	643.5247246187337	57	M	6
643.5247246187337	643.6147246187337	7	AH1	6
643.6147246187337	643.8247246187337	57	M	6
643.8247246187337	644.2337246187337	74	sp	6
644.2337246187337	644.7327246187338	62	S	6
644.7327246187338	644.7817246187337	64	T	6
644.7817246187337	644.8517246187337	61	R	6
644.8517246187337	644.9117246187337	10	AO1	6
644.9117246187337	645.0217246187337	59	NG	6
645.0217246187337	645.1517246187337	56	L	6
645.1517246187337	645.3507246187337	31	IY0	6
645.3507246187337	645.4207246187337	48	D	6
645.4207246187337	645.4907246187337	29	IH2	6
645.4907246187337	645.6997246187337	62	S	6
645.6997246187337	645.7497246187337	56	L	6
645.7497246187337	645.9297246187338	16	AY1	6
645.9297246187338	646.0697246187337	54	K	6
646.0697246187337	646.2087246187338	62	S	6
646.2087246187338	646.3887246187337	4	AE1	6
646.3887246187337	646.4687246187337	60	P	6
646.4687246187337	646.4987246187337	6	AH0	6
646.4987246187337	646.5777246187337	64	T	6
646.5777246187337	646.7977246187337	17	AY2	6
646.7977246187337	646.9477246187337	69	Z	6
646.9477246187337	647.1167246187337	21	ER0	6
647.1167246187337	647.5157246187337	69	Z	6
663.2137650021491	663.3637650021491	49	DH	7
663.3637650021491	663.393765002149	35	OW1	7
663.393765002149	663.4927650021491	69	Z	7
663.4927650021491	663.5227650021491	52	HH	7
663.5227650021491	663.5527650021492	44	UW1	7
663.5527650021492	663.6727650021492	64	T	7
663.6727650021492	663.7927650021492	32	IY1	7
663.7927650021492	663.941765002149	47	CH	7
663.941765002149	663.9817650021491	66	V	7
663.9817650021491	664.0617650021491	4	AE1	7
664.0617650021491	664.1617650021491	56	L	7
664.1617650021491	664.3317650021492	68	Y	7
664.3317650021492	664.3607650021492	43	UW0	7
664.3607650021492	664.5207650021491	69	Z	7
664.5207650021491	664.6507650021491	50	F	7
664.6507650021491	664.8797650021492	22	ER1	7
664.8797650021492	665.1597650021491	62	S	7
665.1597650021491	665.2197650021491	64	T	7
665.2197650021491	665.3087650021491	6	AH0	7
665.3087650021491	665.4287650021491	46	B	7
665.4287650021491	665.5987650021491	1	AA1	7
665.5987650021491	665.6587650021492	56	L	7
665.6587650021492	665.6877650021491	29	IH2	7
665.6877650021491	665.8877650021491	63	SH	7
665.8877650021491	666.0177650021491	47	CH	7
666.0177650021491	666.1077650021491	32	IY1	7
666.1077650021491	666.1467650021491	64	T	7
666.1467650021491	666.1967650021492	27	IH0	7
666.1967650021492	666.4167650021491	59	NG	7
678.4770605155152	678.4972697223444	49	DH	8
678.4972697223444	678.5466666666666	31	IY0	8
678.5466666666666	678.6839454647708	50	F	8
678.6839454647708	678.7992534758129	61	R	8
678.7992534758129	678.8611256101697	16	AY1	8
678.8611256101697	678.8901281731494	64	T	8
678.8901281731494	678.9520003075062	58	N	8
678.9520003075062	678.9871643600463	48	D	8
678.9871643600463	679.053244766713	47	CH	8
679.053244766713	679.1073828842751	16	AY1	8
679.1073828842751	679.2272601445915	56	L	8
679.2272601445915	679.2697972369617	48	D	8
679.2697972369617	679.285265270551	67	W	8
679.285265270551	679.4061643600463	1	AA1	8
679.4061643600463	679.5461643600463	69	Z	8
679.5461643600463	679.6751643600463	53	JH	8
679.6751643600463	679.7451643600463	19	EH1	8
679.7451643600463	679.7751643600462	58	N	8
679.7751643600462	679.8051643600463	64	T	8
679.8051643600463	679.8951643600462	56	L	8
679.8951643600462	680.0251643600462	31	IY0	8
680.0251643600462	680.2041643600463	62	S	8
680.2041643600463	680.2441643600463	6	AH0	8
680.2441643600463	680.2741643600463	46	B	8
680.2741643600463	680.3941643600463	48	D	8
680.3941643600463	680.5531643600463	44	UW1	8
680.5531643600463	680.6131643600463	48	D	8
680.6131643600463	680.6831643600462	46	B	8
680.6831643600462	680.8431643600463	16	AY1	8
680.8431643600463	680.8731643600463	52	HH	8
680.8731643600463	680.9231643600463	28	IH1	8
680.9231643600463	681.0521643600463	69	Z	8
681.0521643600463	681.0921643600462	46	B	8
681.0921643600462	681.1621643600463	28	IH1	8
681.1621643600463	681.2121643600462	51	G	8
681.2121643600462	681.2721643600463	46	B	8
681.2721643600463	681.3721643600463	61	R	8
681.3721643600463	681.4411643600463	7	AH1	8
681.4411643600463	681.4911643600462	49	DH	8
681.4911643600462	681.5311643600463	21	ER0	8
691.8208875106436	691.9398875106436	32	IY1	9
691.9398875106436	691.9998875106436	66	V	9
691.9998875106436	692.0298875106436	6	AH0	9
692.0298875106436	692.0898875106436	58	N	9
692.0898875106436	692.1498875106437	6	AH0	9
692.1498875106437	692.2798875106436	62	S	9
692.2798875106436	692.3198875106436	28	IH1	9
692.3198875106436	692.3588875106436	57	M	9
692.3588875106436	692.4288875106437	60	P	9
692.4288875106437	692.4888875106436	6	AH0	9
692.4888875106436	692.5288875106436	56	L	9
692.5288875106436	692.5888875106436	66	V	9
692.5888875106436	692.6688875106437	34	OW0	9
692.6688875106437	692.7978875106436	54	K	9
692.7978875106436	692.8978875106436	4	AE1	9
692.8978875106436	692.9278875106436	46	B	9
692.9278875106436	692.9578875106437	68	Y	9
692.9578875106437	693.0178875106436	6	AH0	9
693.0178875106436	693.1078875106436	56	L	9
693.1078875106436	693.1878875106436	20	EH2	9
693.1878875106436	693.2168875106436	61	R	9
693.2168875106436	693.2868875106436	31	IY0	9
693.2868875106436	693.3968875106436	54	K	9
693.3968875106436	693.4268875106436	6	AH0	9
693.4268875106436	693.4968875106437	58	N	9
693.4968875106437	693.5768875106436	64	T	9
693.5768875106436	693.6558875106437	25	EY1	9
693.6558875106437	693.7958875106436	58	N	9
693.7958875106436	693.8358875106436	69	Z	9
693.8358875106436	694.0558875106436	62	S	9
694.0558875106436	694.1048875106436	28	IH1	9
694.1048875106436	694.1648875106437	46	B	9
694.1648875106437	694.2748875106437	58	N	9
694.2748875106437	694.3048875106437	6	AH0	9
694.3048875106437	694.4148875106437	56	L	9
694.4148875106437	694.5838875106436	69	Z	9
723.8648831605216	723.9648831605216	6	AH0	10
723.9648831605216	724.0848831605216	54	K	10
724.0848831605216	724.1448831605217	61	R	10
724.1448831605217	724.3238831605216	4	AE1	10
724.3238831605216	724.4238831605217	46	B	10
724.4238831605217	724.5928831605216	47	CH	10
724.5928831605216	724.6828831605217	4	AE1	10
724.6828831605217	724.7328831605216	56	L	10
724.7328831605216	724.8328831605216	6	AH0	10
724.8328831605216	724.9328831605217	58	N	10
724.9328831605217	724.9828831605216	53	JH	10
724.9828831605216	725.0128831605216	48	D	10
725.0128831605216	725.0718831605217	57	M	10
725.0718831605217	725.2918831605216	32	IY1	10
725.2918831605216	725.4518831605216	46	B	10
725.4518831605216	725.7108831605216	7	AH1	10
725.7108831605216	725.7608831605216	64	T	10
725.7608831605216	725.9198831605216	25	EY1	10
725.9198831605216	726.0698831605216	54	K	10
726.0698831605216	726.0998831605216	67	W	10
726.0998831605216	726.1898831605216	28	IH1	10
726.1898831605216	726.3398831605216	60	P	10
726.3398831605216	726.7688831605216	62	S	10
726.7688831605216	726.9178831605217	64	T	10
726.9178831605217	727.0178831605216	7	AH1	10
727.0178831605216	727.7358831605217	72	lg	10
727.7358831605217	727.8158831605216	74	sp	10
727.8158831605216	727.8858831605216	6	AH0	10
727.8858831605216	728.1058831605216	54	K	10
728.1058831605216	728.1348831605217	67	W	10
728.1348831605217	728.2048831605216	28	IH1	10
728.2048831605216	728.3048831605216	54	K	10
728.3048831605216	728.4548831605216	62	S	10
728.4548831605216	728.4948831605217	64	T	10
728.4948831605217	728.8338831605216	4	AE1	10
728.8338831605216	728.9838831605216	46	B	10
728.9838831605216	729.3328831605216	66	V	10
729.3328831605216	729.4618831605217	4	AE1	10
729.4618831605217	729.5818831605217	59	NG	10
729.5818831605217	729.6818831605216	54	K	10
729.6818831605216	729.7118831605217	67	W	10
729.7118831605217	729.7818831605216	27	IH0	10
729.7818831605216	729.9608831605216	63	SH	10
729.9608831605216	730.0608831605216	64	T	10
730.0608831605216	730.2308831605216	29	IH2	10
730.2308831605216	730.3298831605216	57	M	10
746.2876079667452	746.3291922164447	51	G	11
746.3291922164447	746.3559773769847	56	L	11
746.3559773769847	746.4703380229462	44	UW1	11
746.4703380229462	746.5902152832625	54	K	11
746.5902152832625	746.8454378374843	36	OW2	11
746.8454378374843	747.129662954686	62	S	11
747.129662954686	747.3156079667452	6	AH0	11
747.3156079667452	747.4246079667453	58	N	11
747.4246079667453	747.4646079667452	48	D	11
747.4646079667452	747.5546079667453	50	F	11
747.5546079667453	747.7836079667452	61	R	11
747.7836079667452	748.1536079667453	7	AH1	11
748.1536079667453	748.1836079667453	54	K	11
748.1836079667453	748.2126079667453	64	T	11
748.2126079667453	748.2426079667453	36	OW2	11
748.2426079667453	748.4426079667453	62	S	11
748.4426079667453	748.6616079667452	1	AA1	11
748.6616079667452	748.7216079667453	61	R	11
748.7216079667453	748.8216079667452	58	N	11
748.8216079667452	748.9516079667453	4	AE1	11
748.9516079667453	749.0516079667452	47	CH	11
749.0516079667452	749.0816079667452	21	ER0	11
749.0816079667452	749.1106079667452	6	AH0	11
749.1106079667452	749.1406079667453	56	L	11
749.1406079667453	749.3406079667452	63	SH	11
749.3406079667452	749.4006079667453	41	UH1	11
749.4006079667453	749.4906079667453	51	G	11
749.4906079667453	749.6796079667453	21	ER0	11
749.6796079667453	749.8096079667453	69	Z	11
749.8096079667453	749.8796079667452	50	F	11
749.8796079667452	749.9886079667452	13	AW1	11
749.9886079667452	750.0386079667453	58	N	11
750.0386079667453	750.0786079667453	48	D	11
750.0786079667453	750.1286079667452	28	IH1	11
750.1286079667452	750.1986079667453	58	N	11
750.1986079667453	750.3086079667453	50	F	11
750.3086079667453	750.4676079667453	61	R	11
750.4676079667453	750.4976079667452	44	UW1	11
750.4976079667452	750.5376079667452	64	T	11
760.012598668055	760.072598668055	1	AA1	12
760.072598668055	760.1225986680549	61	R	12
760.1225986680549	760.281598668055	68	Y	12
760.281598668055	760.381598668055	44	UW1	12
760.381598668055	760.4115986680549	56	L	12
760.4115986680549	760.451598668055	41	UH1	12
760.451598668055	760.501598668055	54	K	12
760.501598668055	760.541598668055	27	IH0	12
760.541598668055	760.6705986680549	59	NG	12
760.6705986680549	760.800598668055	50	F	12
760.800598668055	760.9634651256465	21	ER0	12
760.9634651256465	761.0703282355731	6	AH0	12
761.0703282355731	761.1399343867246	57	M	12
761.1399343867246	761.2617451512394	60	P	12
761.2617451512394	761.2984817310139	56	L	12
761.2984817310139	761.3564868569733	38	OY1	12
761.3564868569733	761.429960016522	57	M	12
761.429960016522	761.4763641172897	6	AH0	12
761.4763641172897	761.5321635016788	58	N	12
761.5321635016788	761.5454498894403	64	T	12
775.7118438857476	775.8218438857477	54	K	13
775.8218438857477	775.9218438857476	1	AA1	13
775.9218438857476	776.0118438857477	50	F	13
776.0118438857477	776.1108438857477	31	IY0	13
776.1108438857477	776.1408438857477	6	AH0	13
776.1408438857477	776.2108438857476	69	Z	13
776.2108438857476	776.2908438857477	51	G	13
776.2908438857477	776.3408438857476	61	R	13
776.3408438857476	776.4108438857477	35	OW1	13
776.4108438857477	776.4998438857476	58	N	13
776.4998438857476	776.5998438857476	28	IH1	13
776.5998438857476	776.7198438857477	58	N	13
776.7198438857477	777.1488438857477	62	S	13
777.1488438857477	777.1788438857477	64	T	13
777.1788438857477	777.4078438857476	32	IY1	13
777.4078438857476	777.4578438857477	60	P	13
777.4578438857477	777.8468438857476	74	sp	13
777.8468438857476	777.9568438857477	53	JH	13
777.9568438857477	778.0568438857476	7	AH1	13
778.0568438857476	778.1368438857477	59	NG	13
778.1368438857477	778.1668438857477	51	G	13
778.1668438857477	778.1968438857477	6	AH0	13
778.1968438857477	778.2368438857477	56	L	13
778.2368438857477	778.4758438857477	56	L	13
778.4758438857477	778.6258438857476	16	AY1	13
778.6258438857476	778.7548438857477	54	K	13
778.7548438857477	778.8948438857476	62	S	13
778.8948438857476	778.9748438857476	56	L	13
778.9748438857476	779.1338438857476	35	OW1	13
779.1338438857476	779.2038438857477	60	P	13
779.2038438857477	779.3938438857476	62	S	13
779.3938438857476	779.5628438857477	28	IH1	13
779.5628438857477	779.8028438857477	58	N	13
779.8028438857477	780.2918438857477	74	sp	13
780.2918438857477	780.3918438857477	64	T	13
780.3918438857477	780.4408438857477	19	EH1	13
780.4408438857477	780.5008438857476	57	M	13
780.5008438857476	780.5908438857476	60	P	13
780.5908438857476	780.6862372259045	21	ER0	13
780.6862372259045	780.7519763686586	6	AH0	13
780.7519763686586	780.8041809820221	64	T	13
780.8041809820221	780.9588613179142	69	Z	13
780.9588613179142	781.1154751580049	35	OW1	13
781.1154751580049	781.2643549813009	58	N	13
781.2643549813009	781.3842322416172	69	Z	13
792.7625235455306	792.8325235455306	74	sp	14
792.8325235455306	792.9525235455305	67	W	14
792.9525235455305	793.3215235455306	32	IY1	14
793.3215235455306	793.5005235455305	67	W	14
793.5005235455305	793.5305235455306	19	EH1	14
793.5305235455306	793.5705235455306	56	L	14
793.5705235455306	793.6905235455306	54	K	14
793.6905235455306	793.7305235455306	6	AH0	14
793.7305235455306	794.0095235455306	57	M	14
794.0095235455306	794.1295235455306	74	sp	14
794.1295235455306	794.3195235455306	57	M	14
794.3195235455306	794.4085235455306	19	EH1	14
794.4085235455306	794.4485235455306	58	N	14
794.4485235455306	794.5885235455306	31	IY0	14
794.5885235455306	794.6885235455306	58	N	14
794.6885235455306	794.7785235455306	68	Y	14
794.7785235455306	794.8375235455305	44	UW1	14
794.8375235455305	794.9675235455306	62	S	14
794.9675235455306	795.0075235455306	64	T	14
795.0075235455306	795.1075235455306	44	UW1	14
795.1075235455306	795.1775235455306	48	D	14
795.1775235455306	795.2175235455306	6	AH0	14
795.2175235455306	795.3065235455306	58	N	14
795.3065235455306	795.345145689518	64	T	14
795.345145689518	795.4205523532653	62	S	14
795.4205523532653	795.5500971345748	32	IY1	14
795.5500971345748	795.7550485796318	47	CH	14
795.7550485796318	795.9457971044931	68	Y	14
795.9457971044931	796.106277952981	28	IH1	14
796.106277952981	796.2474237594824	61	R	14
806.046001583452	806.1660015834522	74	sp	15
806.1660015834522	806.2460015834521	35	OW1	15
806.2460015834521	806.2760015834521	58	N	15
806.2760015834521	806.3350015834521	56	L	15
806.3350015834521	806.4350015834522	31	IY0	15
806.4350015834522	806.4950015834521	49	DH	15
806.4950015834521	806.5350015834521	6	AH0	15
806.5350015834521	806.6250015834521	46	B	15
806.6250015834521	806.7350015834521	19	EH1	15
806.7350015834521	806.8940015834521	62	S	15
806.8940015834521	806.9240015834521	64	T	15
806.9240015834521	806.9640015834522	60	P	15
806.9640015834522	807.0340015834521	56	L	15
807.0340015834521	807.1240015834521	25	EY1	15
807.1240015834521	807.2330015834522	21	ER0	15
807.2330015834522	807.4030015834521	69	Z	15
807.4030015834521	807.4730015834522	18	EH0	15
807.4730015834522	807.5730015834521	58	N	15
807.5730015834521	807.6720015834521	53	JH	15
807.6720015834521	807.8620015834521	38	OY1	15
807.8620015834521	807.9820015834521	60	P	15
807.9820015834521	808.0320015834521	2	AA2	15
808.0320015834521	808.0910015834521	60	P	15
808.0910015834521	808.171001583452	68	Y	15
808.171001583452	808.2110015834521	6	AH0	15
808.2110015834521	808.2710015834522	56	L	15
808.2710015834522	808.3710015834521	19	EH1	15
808.3710015834521	808.421001583452	61	R	15
808.421001583452	808.4510015834521	6	AH0	15
808.4510015834521	808.4810015834521	64	T	15
808.4810015834521	808.5800015834521	31	IY0	15
819.359970333185	819.469970333185	54	K	16
819.469970333185	819.5099703331849	4	AE1	16
819.5099703331849	819.6199703331849	56	L	16
819.6199703331849	819.7699703331849	62	S	16
819.7699703331849	819.8089703331849	31	IY0	16
819.8089703331849	819.888970333185	6	AH0	16
819.888970333185	819.938970333185	57	M	16
819.938970333185	820.0589703331849	57	M	16
820.0589703331849	820.188970333185	25	EY1	16
820.188970333185	820.267970333185	54	K	16
820.267970333185	820.367970333185	62	S	16
820.367970333185	820.397970333185	74	sp	16
820.397970333185	820.487970333185	46	B	16
820.487970333185	820.746970333185	35	OW1	16
820.746970333185	820.8569703331849	58	N	16
820.8569703331849	820.986970333185	69	Z	16
820.986970333185	821.0969703331849	4	AE1	16
821.0969703331849	821.2159703331849	58	N	16
821.2159703331849	821.2559703331849	48	D	16
821.2559703331849	821.305970333185	64	T	16
821.305970333185	821.435970333185	32	IY1	16
821.435970333185	821.4859703331849	65	TH	16
821.4859703331849	821.6449703331849	74	sp	16
821.6449703331849	821.804970333185	62	S	16
821.804970333185	821.834970333185	64	T	16
821.834970333185	821.8849703331849	61	R	16
821.8849703331849	822.0439703331849	10	AO1	16
822.0439703331849	822.1639703331849	59	NG	16
833.2404288013072	833.3204288013071	58	N	17
833.3204288013071	833.4604288013072	7	AH1	17
833.4604288013072	833.5104288013072	65	TH	17
833.5104288013072	833.5604288013071	27	IH0	17
833.5604288013071	833.8194288013071	59	NG	17
833.8194288013071	834.4484288013072	74	sp	17
834.4484288013072	834.5774288013072	28	IH1	17
834.5774288013072	834.6674288013072	69	Z	17
834.6674288013072	834.8574288013072	19	EH1	17
834.8574288013072	834.9964288013072	69	Z	17
834.9964288013072	835.0964288013072	6	AH0	17
835.0964288013072	835.2364288013072	50	F	17
835.2364288013072	835.2964288013072	19	EH1	17
835.2964288013072	835.3754288013072	58	N	17
835.3754288013072	835.5054288013072	62	S	17
835.5054288013072	835.6454288013072	27	IH0	17
835.6454288013072	835.7944288013072	66	V	17
835.7944288013072	836.0944288013072	74	sp	17
836.0944288013072	836.3034288013072	4	AE1	17
836.3034288013072	836.4234288013072	69	Z	17
836.4234288013072	836.5434288013072	28	IH1	17
836.5434288013072	836.6034288013072	58	N	17
836.6034288013072	836.6534288013072	6	AH0	17
836.6534288013072	836.7424288013071	62	S	17
836.7424288013071	836.7824288013072	6	AH0	17
836.7824288013072	836.8524288013072	58	N	17
836.8524288013072	837.1314288013072	62	S	17
853.2505162052523	853.5195162052523	62	S	18
853.5195162052523	853.5495162052523	64	T	18
853.5495162052523	853.7295162052523	32	IY1	18
853.7295162052523	853.7795162052523	66	V	18
853.7795162052523	853.8285162052523	67	W	18
853.8285162052523	853.9785162052523	10	AO1	18
853.9785162052523	854.0585162052523	61	R	18
854.0585162052523	854.2285162052523	25	EY1	18
854.2285162052523	854.3175162052523	46	B	18
854.3175162052523	854.3975162052523	61	R	18
854.3975162052523	854.6975162052522	16	AY1	18
854.6975162052522	854.7465162052523	64	T	18
854.7465162052523	854.8165162052522	74	sp	18
854.8165162052522	854.9665162052522	61	R	18
854.9665162052522	855.2355162052522	19	EH1	18
855.2355162052522	855.3855162052523	48	D	18
855.3855162052523	855.7745162052522	74	sp	18
855.7745162052522	855.9445162052523	54	K	18
855.9445162052523	856.0835162052523	4	AE1	18
856.0835162052523	856.2435162052523	70	ZH	18
856.2435162052523	856.3235162052523	57	M	18
856.3235162052523	856.4825162052523	27	IH0	18
856.4825162052523	856.6525162052523	61	R	18
856.6525162052523	856.9158945673255	62	S	18
856.9158945673255	857.0163021691877	67	W	18
857.0163021691877	857.0694591348796	19	EH1	18
857.0694591348796	857.1009595589932	64	T	18
857.1009595589932	857.325400080803	21	ER0	18
869.8403133409141	869.8803133409142	46	B	19
869.8803133409142	870.0503133409142	1	AA1	19
870.0503133409142	870.1303133409142	61	R	19
870.1303133409142	870.1603133409142	46	B	19
870.1603133409142	870.2993133409142	69	Z	19
870.2993133409142	870.3693133409141	51	G	19
870.3693133409141	870.3993133409142	35	OW1	19
870.3993133409142	870.6683133409141	56	L	19
870.6683133409141	870.8983133409141	48	D	19
870.8983133409141	871.1873133409141	74	sp	19
871.1873133409141	871.2473133409142	46	B	19
871.2473133409142	871.4173133409141	61	R	19
871.4173133409141	871.5173133409143	25	EY1	19
871.5173133409143	871.6963133409141	62	S	19
871.6963133409141	871.8263133409142	56	L	19
871.8263133409142	871.9953133409141	6	AH0	19
871.9953133409141	872.0353133409142	64	T	19
872.0353133409142	872.1653133409142	67	W	19
872.1653133409142	872.2553133409142	7	AH1	19
872.2553133409142	872.3653133409142	69	Z	19
872.3653133409142	872.5743133409142	25	EY1	19
872.5743133409142	872.6543133409142	51	G	19
872.6543133409142	872.6843133409142	61	R	19
872.6843133409142	872.8043133409142	5	AE2	19
872.8043133409142	872.9133133409142	53	JH	19
872.9133133409142	872.9533133409142	43	UW0	19
872.9533133409142	873.0333133409141	25	EY1	19
873.0333133409141	873.1533133409142	63	SH	19
873.1533133409142	873.1933133409142	6	AH0	19
873.1933133409142	873.2533133409141	58	N	19
873.2533133409141	873.3223133409142	60	P	19
873.3223133409142	873.3523133409142	21	ER0	19
873.3523133409142	873.3823133409142	69	Z	19
873.3823133409142	873.4123133409142	19	EH1	19
873.4123133409142	873.8213133409141	58	N	19
873.8213133409141	873.9267224823101	64	T	19
899.0268130541078	899.1658130541078	57	M	6
899.1658130541078	899.2558130541079	7	AH1	6
899.2558130541079	899.4658130541079	57	M	6
899.4658130541079	899.8748130541079	74	sp	6
899.8748130541079	900.3738130541079	62	S	6
900.3738130541079	900.4228130541079	64	T	6
900.4228130541079	900.4928130541078	61	R	6
900.4928130541078	900.5528130541079	10	AO1	6
900.5528130541079	900.6628130541079	59	NG	6
900.6628130541079	900.7928130541079	56	L	6
900.7928130541079	900.9918130541079	31	IY0	6
900.9918130541079	901.0618130541079	48	D	6
901.0618130541079	901.1318130541079	29	IH2	6
901.1318130541079	901.3408130541079	62	S	6
901.3408130541079	901.3908130541079	56	L	6
901.3908130541079	901.5708130541079	16	AY1	6
901.5708130541079	901.7108130541079	54	K	6
901.7108130541079	901.8498130541079	62	S	6
901.8498130541079	902.0298130541079	4	AE1	6
902.0298130541079	902.1098130541079	60	P	6
902.1098130541079	902.1398130541079	6	AH0	6
902.1398130541079	902.2188130541078	64	T	6
902.2188130541078	902.4388130541079	17	AY2	6
902.4388130541079	902.5888130541078	69	Z	6
902.5888130541078	902.7578130541078	21	ER0	6
902.7578130541078	903.1568130541078	69	Z	6
918.0883156055993	918.1983156055994	63	SH	1
918.1983156055994	918.2483156055994	32	IY1	1
918.2483156055994	918.3283156055993	67	W	1
918.3283156055993	918.3983156055994	10	AO1	1
918.3983156055994	918.5083156055994	61	R	1
918.5083156055994	918.5683156055993	67	W	1
918.5683156055993	918.7283156055994	10	AO1	1
918.7283156055994	918.8483156055993	61	R	1
918.8483156055993	918.9483156055994	57	M	1
918.9483156055994	919.0983156055993	50	F	1
919.0983156055993	919.1283156055994	56	L	1
919.1283156055994	919.2483156055994	32	IY1	1
919.2483156055994	919.4183156055993	62	S	1
919.4183156055993	919.7483156055994	31	IY0	1
919.7483156055994	920.5183156055994	74	sp	1
920.5183156055994	920.8583156055993	7	AH1	1
920.8583156055993	921.0983156055993	67	W	1
921.0983156055993	921.1283156055994	41	UH1	1
921.1283156055994	921.3083156055993	56	L	1
921.3083156055993	921.3983156055994	6	AH0	1
921.3983156055994	921.5083156055994	58	N	1
921.5083156055994	921.6883156055994	35	OW1	1
921.6883156055994	921.7683156055994	66	V	1
921.7683156055994	921.8583156055993	21	ER0	1
921.8583156055993	921.8883156055994	11	AO2	1
921.8883156055994	922.0483156055993	56	L	1
922.0483156055993	922.0783156055993	69	Z	1
1521.9670140180956	1522.0070140180956	6	AH0	5
1522.0070140180956	1522.0370140180958	64	T	5
1522.0370140180958	1522.1570140180957	62	S	5
1522.1570140180957	1522.1870140180956	58	N	5
1522.1870140180956	1522.2470140180958	1	AA1	5
1522.2470140180958	1522.2870140180958	64	T	5
1522.2870140180958	1522.5160140180956	32	IY1	5
1522.5160140180956	1522.6360140180955	69	Z	5
1522.6360140180955	1522.6660140180957	31	IY0	5
1522.6660140180957	1522.7560140180956	64	T	5
1522.7560140180956	1522.8150140180956	6	AH0	5
1522.8150140180956	1523.0150140180956	54	K	5
1523.0150140180956	1523.0450140180956	61	R	5
1523.0450140180956	1523.1750140180957	31	IY0	5
1523.1750140180957	1523.5340140180956	25	EY1	5
1523.5340140180956	1523.5640140180956	64	T	5
1523.5640140180956	1523.8030140180956	74	sp	5
1523.8030140180956	1523.8930140180955	29	IH2	5
1523.8930140180955	1523.9230140180957	56	L	5
1523.9230140180957	1524.0030140180957	44	UW1	5
1524.0030140180957	1524.1120140180956	57	M	5
1524.1120140180956	1524.1420140180958	6	AH0	5
1524.1420140180958	1524.2220140180957	58	N	5
1524.2220140180957	1524.3120140180956	26	EY2	5
1524.3120140180956	1524.3620140180956	64	T	5
1524.3620140180956	1524.4320140180957	27	IH0	5
1524.4320140180957	1524.7310140180957	59	NG	5
1524.7310140180957	1525.7290140180958	74	sp	5
1525.7290140180958	1525.7590140180955	29	IH2	5
1525.7590140180955	1525.7890140180957	56	L	5
1525.7890140180957	1525.8980140180956	44	UW1	5
1525.8980140180956	1525.9780140180956	57	M	5
1525.9780140180956	1526.0080140180958	6	AH0	5
1526.0080140180958	1526.0580140180955	58	N	5
1526.0580140180955	1526.1680140180956	26	EY2	5
1526.1680140180956	1526.1980140180956	64	T	5
1526.1980140180956	1526.2480140180955	27	IH0	5
1526.2480140180955	1526.3970140180957	59	NG	5
1526.3970140180957	1526.4270140180956	27	IH0	5
1526.4270140180956	1526.4570140180956	51	G	5
1526.4570140180956	1526.5170140180958	69	Z	5
1526.5170140180958	1526.5870140180955	4	AE1	5
1526.5870140180955	1526.6570140180957	57	M	5
1526.6570140180957	1526.6870140180956	60	P	5
1526.6870140180956	1526.7170140180956	6	AH0	5
1526.7170140180956	1526.7860140180956	56	L	5
1526.7860140180956	1526.9860140180956	69	Z	5
1537.1501439314966	1537.2501439314965	6	AH0	10
1537.2501439314965	1537.3701439314966	54	K	10
1537.3701439314966	1537.4301439314968	61	R	10
1537.4301439314968	1537.6091439314966	4	AE1	10
1537.6091439314966	1537.7091439314968	46	B	10
1537.7091439314968	1537.8781439314967	47	CH	10
1537.8781439314967	1537.9681439314968	4	AE1	10
1537.9681439314968	1538.0181439314965	56	L	10
1538.0181439314965	1538.1181439314967	6	AH0	10
1538.1181439314967	1538.2181439314968	58	N	10
1538.2181439314968	1538.2681439314965	53	JH	10
1538.2681439314965	1538.2981439314967	48	D	10
1538.2981439314967	1538.3571439314967	57	M	10
1538.3571439314967	1538.5771439314967	32	IY1	10
1538.5771439314967	1538.7371439314966	46	B	10
1538.7371439314966	1538.9961439314966	7	AH1	10
1538.9961439314966	1539.0461439314968	64	T	10
1539.0461439314968	1539.2051439314967	25	EY1	10
1539.2051439314967	1539.3551439314965	54	K	10
1539.3551439314965	1539.3851439314967	67	W	10
1539.3851439314967	1539.4751439314966	28	IH1	10
1539.4751439314966	1539.6251439314965	60	P	10
1539.6251439314965	1540.0541439314966	62	S	10
1540.0541439314966	1540.2031439314967	64	T	10
1540.2031439314967	1540.3031439314966	7	AH1	10
1540.3031439314966	1541.0211439314967	72	lg	10
1541.0211439314967	1541.1011439314966	74	sp	10
1541.1011439314966	1541.1711439314968	6	AH0	10
1541.1711439314968	1541.3911439314966	54	K	10
1541.3911439314966	1541.4201439314966	67	W	10
1541.4201439314966	1541.4901439314967	28	IH1	10
1541.4901439314967	1541.5901439314966	54	K	10
1541.5901439314966	1541.7401439314967	62	S	10
1541.7401439314967	1541.7801439314967	64	T	10
1541.7801439314967	1542.1191439314966	4	AE1	10
1542.1191439314966	1542.2691439314967	46	B	10
1542.2691439314967	1542.6181439314967	66	V	10
1542.6181439314967	1542.7471439314968	4	AE1	10
1542.7471439314968	1542.8671439314967	59	NG	10
1542.8671439314967	1542.9671439314966	54	K	10
1542.9671439314966	1542.9971439314968	67	W	10
1542.9971439314968	1543.0671439314965	27	IH0	10
1543.0671439314965	1543.2461439314966	63	SH	10
1543.2461439314966	1543.3461439314965	64	T	10
1543.3461439314965	1543.5161439314966	29	IH2	10
1543.5161439314966	1543.6151439314967	57	M	10
1554.3472645971478	1554.3674738039772	49	DH	8
1554.3674738039772	1554.4168707482993	31	IY0	8
1554.4168707482993	1554.5541495464036	50	F	8
1554.5541495464036	1554.6694575574456	61	R	8
1554.6694575574456	1554.7313296918023	16	AY1	8
1554.7313296918023	1554.760332254782	64	T	8
1554.760332254782	1554.8222043891387	58	N	8
1554.8222043891387	1554.857368441679	48	D	8
1554.857368441679	1554.9234488483457	47	CH	8
1554.9234488483457	1554.977586965908	16	AY1	8
1554.977586965908	1555.097464226224	56	L	8
1555.097464226224	1555.1400013185944	48	D	8
1555.1400013185944	1555.1554693521837	67	W	8
1555.1554693521837	1555.276368441679	1	AA1	8
1555.276368441679	1555.416368441679	69	Z	8
1555.416368441679	1555.5453684416789	53	JH	8
1555.5453684416789	1555.615368441679	19	EH1	8
1555.615368441679	1555.6453684416788	58	N	8
1555.6453684416788	1555.675368441679	64	T	8
1555.675368441679	1555.765368441679	56	L	8
1555.765368441679	1555.8953684416788	31	IY0	8
1555.8953684416788	1556.0743684416789	62	S	8
1556.0743684416789	1556.1143684416788	6	AH0	8
1556.1143684416788	1556.144368441679	46	B	8
1556.144368441679	1556.264368441679	48	D	8
1556.264368441679	1556.423368441679	44	UW1	8
1556.423368441679	1556.483368441679	48	D	8
1556.483368441679	1556.553368441679	46	B	8
1556.553368441679	1556.713368441679	16	AY1	8
1556.713368441679	1556.743368441679	52	HH	8
1556.743368441679	1556.793368441679	28	IH1	8
1556.793368441679	1556.9223684416788	69	Z	8
1556.9223684416788	1556.9623684416788	46	B	8
1556.9623684416788	1557.032368441679	28	IH1	8
1557.032368441679	1557.082368441679	51	G	8
1557.082368441679	1557.142368441679	46	B	8
1557.142368441679	1557.242368441679	61	R	8
1557.242368441679	1557.311368441679	7	AH1	8
1557.311368441679	1557.361368441679	49	DH	8
1557.361368441679	1557.401368441679	21	ER0	8
1569.012106517148	1569.102106517148	61	R	2
1569.102106517148	1569.192106517148	32	IY1	2
1569.192106517148	1569.222106517148	48	D	2
1569.222106517148	1569.252106517148	27	IH0	2
1569.252106517148	1569.282106517148	59	NG	2
1569.282106517148	1569.3821065171478	28	IH1	2
1569.3821065171478	1569.482106517148	58	N	2
1569.482106517148	1569.582106517148	60	P	2
1569.582106517148	1569.662106517148	41	UH1	2
1569.662106517148	1569.732106517148	61	R	2
1569.732106517148	1569.852106517148	56	L	2
1569.852106517148	1570.022106517148	16	AY1	2
1570.022106517148	1570.0521065171479	64	T	2
1570.0521065171479	1570.192106517148	51	G	2
1570.192106517148	1570.262106517148	28	IH1	2
1570.262106517148	1570.2921065171479	66	V	2
1570.2921065171479	1570.402106517148	69	Z	2
1570.402106517148	1570.482106517148	68	Y	2
1570.482106517148	1570.582106517148	44	UW1	2
1570.582106517148	1570.772106517148	16	AY1	2
1570.772106517148	1570.942106517148	62	S	2
1570.942106517148	1570.982106517148	64	T	2
1570.982106517148	1571.012106517148	61	R	2
1571.012106517148	1571.0621065171479	26	EY2	2
1571.0621065171479	1571.282106517148	58	N	2
1592.8654488811785	1592.9754488811786	32	IY1	3
1592.9754488811786	1593.0454488811786	66	V	3
1593.0454488811786	1593.0954488811785	6	AH0	3
1593.0954488811785	1593.1854488811787	58	N	3
1593.1854488811787	1593.4054488811785	16	AY1	3
1593.4054488811785	1593.4354488811787	6	AH0	3
1593.4354488811787	1593.5554488811786	54	K	3
1593.5554488811786	1593.6154488811785	25	EY1	3
1593.6154488811785	1593.7854488811786	70	ZH	3
1593.7854488811786	1593.8154488811786	6	AH0	3
1593.8154488811786	1593.8454488811785	58	N	3
1593.8454488811785	1593.8754488811787	56	L	3
1593.8754488811787	1593.9454488811784	31	IY0	3
1593.9454488811784	1594.1054488811785	51	G	3
1594.1054488811785	1594.3454488811785	19	EH1	3
1594.3454488811785	1594.3854488811785	64	T	3
1594.3854488811785	1594.5154488811786	74	sp	3
1594.5154488811786	1594.5654488811786	49	DH	3
1594.5654488811786	1594.6054488811785	6	AH0	3
1594.6054488811785	1594.7254488811786	57	M	3
1594.7254488811786	1594.7754488811786	7	AH1	3
1594.7754488811786	1594.8354488811785	58	N	3
1594.8354488811785	1594.8854488811785	48	D	3
1594.8854488811785	1594.9654488811784	26	EY2	3
1594.9654488811784	1595.0454488811786	46	B	3
1595.0454488811786	1595.1354488811785	56	L	3
1595.1354488811785	1595.2954488811786	44	UW1	3
1595.2954488811786	1595.6454488811787	69	Z	3
1606.1395082848405	1606.2495082848407	54	K	13
1606.2495082848407	1606.3495082848406	1	AA1	13
1606.3495082848406	1606.4395082848405	50	F	13
1606.4395082848405	1606.5385082848406	31	IY0	13
1606.5385082848406	1606.5685082848406	6	AH0	13
1606.5685082848406	1606.6385082848406	69	Z	13
1606.6385082848406	1606.7185082848405	51	G	13
1606.7185082848405	1606.7685082848407	61	R	13
1606.7685082848407	1606.8385082848406	35	OW1	13
1606.8385082848406	1606.9275082848405	58	N	13
1606.9275082848405	1607.0275082848407	28	IH1	13
1607.0275082848407	1607.1475082848406	58	N	13
1607.1475082848406	1607.5765082848407	62	S	13
1607.5765082848407	1607.6065082848406	64	T	13
1607.6065082848406	1607.8355082848407	32	IY1	13
1607.8355082848407	1607.8855082848406	60	P	13
1607.8855082848406	1608.2745082848405	74	sp	13
1608.2745082848405	1608.3845082848406	53	JH	13
1608.3845082848406	1608.4845082848406	7	AH1	13
1608.4845082848406	1608.5645082848405	59	NG	13
1608.5645082848405	1608.5945082848407	51	G	13
1608.5945082848407	1608.6245082848407	6	AH0	13
1608.6245082848407	1608.6645082848406	56	L	13
1608.6645082848406	1608.9035082848407	56	L	13
1608.9035082848407	1609.0535082848405	16	AY1	13
1609.0535082848405	1609.1825082848407	54	K	13
1609.1825082848407	1609.3225082848405	62	S	13
1609.3225082848405	1609.4025082848407	56	L	13
1609.4025082848407	1609.5615082848406	35	OW1	13
1609.5615082848406	1609.6315082848405	60	P	13
1609.6315082848405	1609.8215082848405	62	S	13
1609.8215082848405	1609.9905082848406	28	IH1	13
1609.9905082848406	1610.2305082848407	58	N	13
1610.2305082848407	1610.7195082848407	74	sp	13
1610.7195082848407	1610.8195082848406	64	T	13
1610.8195082848406	1610.8685082848406	19	EH1	13
1610.8685082848406	1610.9285082848405	57	M	13
1610.9285082848405	1611.0185082848407	60	P	13
1611.0185082848407	1611.1139016249974	21	ER0	13
1611.1139016249974	1611.1796407677516	6	AH0	13
1611.1796407677516	1611.231845381115	64	T	13
1611.231845381115	1611.386525717007	69	Z	13
1611.386525717007	1611.5431395570977	35	OW1	13
1611.5431395570977	1611.692019380394	58	N	13
1611.692019380394	1611.81189664071	69	Z	13
1653.9112628501916	1654.0212628501918	54	K	16
1654.0212628501918	1654.0612628501917	4	AE1	16
1654.0612628501917	1654.1712628501916	56	L	16
1654.1712628501916	1654.3212628501915	62	S	16
1654.3212628501915	1654.3602628501917	31	IY0	16
1654.3602628501917	1654.4402628501916	6	AH0	16
1654.4402628501916	1654.4902628501918	57	M	16
1654.4902628501918	1654.6102628501917	57	M	16
1654.6102628501917	1654.7402628501918	25	EY1	16
1654.7402628501918	1654.8192628501915	54	K	16
1654.8192628501915	1654.9192628501917	62	S	16
1654.9192628501917	1654.9492628501916	74	sp	16
1654.9492628501916	1655.0392628501918	46	B	16
1655.0392628501918	1655.2982628501918	35	OW1	16
1655.2982628501918	1655.4082628501915	58	N	16
1655.4082628501915	1655.5382628501916	69	Z	16
1655.5382628501916	1655.6482628501917	4	AE1	16
1655.6482628501917	1655.7672628501916	58	N	16
1655.7672628501916	1655.8072628501916	48	D	16
1655.8072628501916	1655.8572628501915	64	T	16
1655.8572628501915	1655.9872628501917	32	IY1	16
1655.9872628501917	1656.0372628501916	65	TH	16
1656.0372628501916	1656.1962628501915	74	sp	16
1656.1962628501915	1656.3562628501918	62	S	16
1656.3562628501918	1656.3862628501915	64	T	16
1656.3862628501915	1656.4362628501917	61	R	16
1656.4362628501917	1656.5952628501916	10	AO1	16
1656.5952628501916	1656.7152628501917	59	NG	16
1668.0078416855854	1668.0478416855854	46	B	19
1668.0478416855854	1668.2178416855854	1	AA1	19
1668.2178416855854	1668.2978416855854	61	R	19
1668.2978416855854	1668.3278416855856	46	B	19
1668.3278416855856	1668.4668416855855	69	Z	19
1668.4668416855855	1668.5368416855854	51	G	19
1668.5368416855854	1668.5668416855856	35	OW1	19
1668.5668416855856	1668.8358416855854	56	L	19
1668.8358416855854	1669.0658416855854	48	D	19
1669.0658416855854	1669.3548416855854	74	sp	19
1669.3548416855854	1669.4148416855855	46	B	19
1669.4148416855855	1669.5848416855854	61	R	19
1669.5848416855854	1669.6848416855855	25	EY1	19
1669.6848416855855	1669.8638416855854	62	S	19
1669.8638416855854	1669.9938416855855	56	L	19
1669.9938416855855	1670.1628416855854	6	AH0	19
1670.1628416855854	1670.2028416855856	64	T	19
1670.2028416855856	1670.3328416855854	67	W	19
1670.3328416855854	1670.4228416855854	7	AH1	19
1670.4228416855854	1670.5328416855855	69	Z	19
1670.5328416855855	1670.7418416855853	25	EY1	19
1670.7418416855853	1670.8218416855855	51	G	19
1670.8218416855855	1670.8518416855854	61	R	19
1670.8518416855854	1670.9718416855853	5	AE2	19
1670.9718416855853	1671.0808416855855	53	JH	19
1671.0808416855855	1671.1208416855854	43	UW0	19
1671.1208416855854	1671.2008416855854	25	EY1	19
1671.2008416855854	1671.3208416855855	63	SH	19
1671.3208416855855	1671.3608416855855	6	AH0	19
1671.3608416855855	1671.4208416855854	58	N	19
1671.4208416855854	1671.4898416855854	60	P	19
1671.4898416855854	1671.5198416855856	21	ER0	19
1671.5198416855856	1671.5498416855853	69	Z	19
1671.5498416855853	1671.5798416855855	19	EH1	19
1671.5798416855855	1671.9888416855854	58	N	19
1684.213685064251	1684.2552693139503	51	G	11
1684.2552693139503	1684.2820544744905	56	L	11
1684.2820544744905	1684.3964151204518	44	UW1	11
1684.3964151204518	1684.5162923807682	54	K	11
1684.5162923807682	1684.77151493499	36	OW2	11
1684.77151493499	1685.0557400521916	62	S	11
1685.0557400521916	1685.2416850642508	6	AH0	11
1685.2416850642508	1685.350685064251	58	N	11
1685.350685064251	1685.3906850642509	48	D	11
1685.3906850642509	1685.4806850642508	50	F	11
1685.4806850642508	1685.7096850642508	61	R	11
1685.7096850642508	1686.079685064251	7	AH1	11
1686.079685064251	1686.109685064251	54	K	11
1686.109685064251	1686.138685064251	64	T	11
1686.138685064251	1686.168685064251	36	OW2	11
1686.168685064251	1686.368685064251	62	S	11
1686.368685064251	1686.5876850642508	1	AA1	11
1686.5876850642508	1686.647685064251	61	R	11
1686.647685064251	1686.7476850642508	58	N	11
1686.7476850642508	1686.877685064251	4	AE1	11
1686.877685064251	1686.9776850642509	47	CH	11
1686.9776850642509	1687.0076850642508	21	ER0	11
1687.0076850642508	1687.0366850642508	6	AH0	11
1687.0366850642508	1687.066685064251	56	L	11
1687.066685064251	1687.2666850642509	63	SH	11
1687.2666850642509	1687.3266850642508	41	UH1	11
1687.3266850642508	1687.416685064251	51	G	11
1687.416685064251	1687.6056850642508	21	ER0	11
1687.6056850642508	1687.735685064251	69	Z	11
1687.735685064251	1687.8056850642508	50	F	11
1687.8056850642508	1687.914685064251	13	AW1	11
1687.914685064251	1687.964685064251	58	N	11
1687.964685064251	1688.004685064251	48	D	11
1688.004685064251	1688.0546850642509	28	IH1	11
1688.0546850642509	1688.124685064251	58	N	11
1688.124685064251	1688.234685064251	50	F	11
1688.234685064251	1688.3936850642508	61	R	11
1688.3936850642508	1688.423685064251	44	UW1	11
1688.423685064251	1688.463685064251	64	T	11
1699.1030167028293	1699.2530167028294	49	DH	7
1699.2530167028294	1699.2830167028294	35	OW1	7
1699.2830167028294	1699.3820167028293	69	Z	7
1699.3820167028293	1699.4120167028295	52	HH	7
1699.4120167028295	1699.4420167028295	44	UW1	7
1699.4420167028295	1699.5620167028296	64	T	7
1699.5620167028296	1699.6820167028295	32	IY1	7
1699.6820167028295	1699.8310167028294	47	CH	7
1699.8310167028294	1699.8710167028294	66	V	7
1699.8710167028294	1699.9510167028293	4	AE1	7
1699.9510167028293	1700.0510167028294	56	L	7
1700.0510167028294	1700.2210167028295	68	Y	7
1700.2210167028295	1700.2500167028295	43	UW0	7
1700.2500167028295	1700.4100167028296	69	Z	7
1700.4100167028296	1700.5400167028295	50	F	7
1700.5400167028295	1700.7690167028295	22	ER1	7
1700.7690167028295	1701.0490167028295	62	S	7
1701.0490167028295	1701.1090167028294	64	T	7
1701.1090167028294	1701.1980167028296	6	AH0	7
1701.1980167028296	1701.3180167028295	46	B	7
1701.3180167028295	1701.4880167028296	1	AA1	7
1701.4880167028296	1701.5480167028295	56	L	7
1701.5480167028295	1701.5770167028295	29	IH2	7
1701.5770167028295	1701.7770167028293	63	SH	7
1701.7770167028293	1701.9070167028294	47	CH	7
1701.9070167028294	1701.9970167028296	32	IY1	7
1701.9970167028296	1702.0360167028293	64	T	7
1702.0360167028293	1702.0860167028295	27	IH0	7
1702.0860167028295	1702.3060167028293	59	NG	7
1715.4267832022538	1715.5457832022537	32	IY1	9
1715.5457832022537	1715.6057832022536	66	V	9
1715.6057832022536	1715.6357832022536	6	AH0	9
1715.6357832022536	1715.6957832022536	58	N	9
1715.6957832022536	1715.7557832022537	6	AH0	9
1715.7557832022537	1715.8857832022536	62	S	9
1715.8857832022536	1715.9257832022536	28	IH1	9
1715.9257832022536	1715.9647832022538	57	M	9
1715.9647832022538	1716.0347832022537	60	P	9
1716.0347832022537	1716.0947832022537	6	AH0	9
1716.0947832022537	1716.1347832022536	56	L	9
1716.1347832022536	1716.1947832022538	66	V	9
1716.1947832022538	1716.2747832022537	34	OW0	9
1716.2747832022537	1716.4037832022536	54	K	9
1716.4037832022536	1716.5037832022535	4	AE1	9
1716.5037832022535	1716.5337832022537	46	B	9
1716.5337832022537	1716.5637832022537	68	Y	9
1716.5637832022537	1716.6237832022537	6	AH0	9
1716.6237832022537	1716.7137832022536	56	L	9
1716.7137832022536	1716.7937832022535	20	EH2	9
1716.7937832022535	1716.8227832022535	61	R	9
1716.8227832022535	1716.8927832022537	31	IY0	9
1716.8927832022537	1717.0027832022538	54	K	9
1717.0027832022538	1717.0327832022535	6	AH0	9
1717.0327832022535	1717.1027832022537	58	N	9
1717.1027832022537	1717.1827832022536	64	T	9
1717.1827832022536	1717.2617832022538	25	EY1	9
1717.2617832022538	1717.4017832022537	58	N	9
1717.4017832022537	1717.4417832022536	69	Z	9
1717.4417832022536	1717.6617832022537	62	S	9
1717.6617832022537	1717.7107832022537	28	IH1	9
1717.7107832022537	1717.7707832022538	46	B	9
1717.7707832022538	1717.8807832022537	58	N	9
1717.8807832022537	1717.9107832022537	6	AH0	9
1717.9107832022537	1718.0207832022538	56	L	9
1718.0207832022538	1718.1897832022537	69	Z	9
1728.5657052440188	1728.6257052440187	1	AA1	12
1728.6257052440187	1728.6757052440187	61	R	12
1728.6757052440187	1728.8347052440188	68	Y	12
1728.8347052440188	1728.9347052440187	44	UW1	12
1728.9347052440187	1728.9647052440187	56	L	12
1728.9647052440187	1729.0047052440186	41	UH1	12
1729.0047052440186	1729.0547052440188	54	K	12
1729.0547052440188	1729.0947052440188	27	IH0	12
1729.0947052440188	1729.2237052440187	59	NG	12
1729.2237052440187	1729.3537052440188	50	F	12
1729.3537052440188	1729.5165717016102	21	ER0	12
1729.5165717016102	1729.6234348115368	6	AH0	12
1729.6234348115368	1729.6930409626884	57	M	12
1729.6930409626884	1729.8148517272032	60	P	12
1729.8148517272032	1729.8515883069776	56	L	12
1729.8515883069776	1729.909593432937	38	OY1	12
1729.909593432937	1729.9830665924858	57	M	12
1729.9830665924858	1730.0294706932534	6	AH0	12
1730.0294706932534	1730.0852700776427	58	N	12
1730.0852700776427	1730.098556465404	64	T	12
1740.0925816258218	1740.172581625822	67	W	4
1740.172581625822	1740.252581625822	32	IY1	4
1740.252581625822	1740.442581625822	21	ER0	4
1740.442581625822	1740.6125816258218	35	OW1	4
1740.6125816258218	1740.712581625822	60	P	4
1740.712581625822	1740.852581625822	6	AH0	4
1740.852581625822	1741.0725816258218	58	N	4
1741.0725816258218	1741.202581625822	74	sp	4
1741.202581625822	1741.3425816258218	19	EH1	4
1741.3425816258218	1741.372581625822	66	V	4
1741.372581625822	1741.432581625822	61	R	4
1741.432581625822	1741.6125816258218	31	IY0	4
1741.6125816258218	1741.702581625822	57	M	4
1741.702581625822	1741.762581625822	7	AH1	4
1741.762581625822	1741.8425816258218	58	N	4
1741.8425816258218	1741.8825816258218	48	D	4
1741.8825816258218	1741.942581625822	26	EY2	4
1741.942581625822	1742.0525816258219	57	M	4
1742.0525816258219	1742.212581625822	74	sp	4
1742.212581625822	1742.392581625822	32	IY1	4
1742.392581625822	1742.422581625822	66	V	4
1742.422581625822	1742.482581625822	58	N	4
1742.482581625822	1742.582581625822	27	IH0	4
1742.582581625822	1742.682581625822	59	NG	4
1753.0745524864315	1753.3435524864312	62	S	18
1753.3435524864312	1753.3735524864314	64	T	18
1753.3735524864314	1753.5535524864313	32	IY1	18
1753.5535524864313	1753.6035524864315	66	V	18
1753.6035524864315	1753.6525524864314	67	W	18
1753.6525524864314	1753.8025524864313	10	AO1	18
1753.8025524864313	1753.8825524864315	61	R	18
1753.8825524864315	1754.0525524864313	25	EY1	18
1754.0525524864313	1754.1415524864315	46	B	18
1754.1415524864315	1754.2215524864314	61	R	18
1754.2215524864314	1754.5215524864311	16	AY1	18
1754.5215524864311	1754.5705524864313	64	T	18
1754.5705524864313	1754.6405524864313	74	sp	18
1754.6405524864313	1754.7905524864314	61	R	18
1754.7905524864314	1755.0595524864311	19	EH1	18
1755.0595524864311	1755.2095524864312	48	D	18
1755.2095524864312	1755.5985524864313	74	sp	18
1755.5985524864313	1755.7685524864314	54	K	18
1755.7685524864314	1755.9075524864313	4	AE1	18
1755.9075524864313	1756.0675524864314	70	ZH	18
1756.0675524864314	1756.1475524864313	57	M	18
1756.1475524864313	1756.3065524864314	27	IH0	18
1756.3065524864314	1756.4765524864313	61	R	18
1756.4765524864313	1756.7515731596557	62	S	18
1756.7515731596557	1756.8349098127144	67	W	18
1756.8349098127144	1756.907493349249	19	EH1	18
1756.907493349249	1756.9370644196892	64	T	18
1756.9370644196892	1757.2139571701741	21	ER0	18
1768.2641929736428	1768.3441929736427	58	N	17
1768.3441929736427	1768.484192973643	7	AH1	17
1768.484192973643	1768.5341929736428	65	TH	17
1768.5341929736428	1768.584192973643	27	IH0	17
1768.584192973643	1768.843192973643	59	NG	17
1768.843192973643	1769.472192973643	74	sp	17
1769.472192973643	1769.6011929736428	28	IH1	17
1769.6011929736428	1769.691192973643	69	Z	17
1769.691192973643	1769.881192973643	19	EH1	17
1769.881192973643	1770.020192973643	69	Z	17
1770.020192973643	1770.120192973643	6	AH0	17
1770.120192973643	1770.260192973643	50	F	17
1770.260192973643	1770.3201929736429	19	EH1	17
1770.3201929736429	1770.399192973643	58	N	17
1770.399192973643	1770.529192973643	62	S	17
1770.529192973643	1770.669192973643	27	IH0	17
1770.669192973643	1770.818192973643	66	V	17
1770.818192973643	1771.118192973643	74	sp	17
1771.118192973643	1771.327192973643	4	AE1	17
1771.327192973643	1771.4471929736428	69	Z	17
1771.4471929736428	1771.567192973643	28	IH1	17
1771.567192973643	1771.627192973643	58	N	17
1771.627192973643	1771.6771929736428	6	AH0	17
1771.6771929736428	1771.7661929736428	62	S	17
1771.7661929736428	1771.806192973643	6	AH0	17
1771.806192973643	1771.876192973643	58	N	17
1771.876192973643	1772.155192973643	62	S	17
1783.0261970149184	1783.0961970149183	74	sp	14
1783.0961970149183	1783.2161970149182	67	W	14
1783.2161970149182	1783.5851970149183	32	IY1	14
1783.5851970149183	1783.7641970149184	67	W	14
1783.7641970149184	1783.7941970149184	19	EH1	14
1783.7941970149184	1783.8341970149183	56	L	14
1783.8341970149183	1783.9541970149185	54	K	14
1783.9541970149185	1783.9941970149184	6	AH0	14
1783.9941970149184	1784.2731970149184	57	M	14
1784.2731970149184	1784.3931970149183	74	sp	14
1784.3931970149183	1784.5831970149184	57	M	14
1784.5831970149184	1784.6721970149183	19	EH1	14
1784.6721970149183	1784.7121970149183	58	N	14
1784.7121970149183	1784.8521970149184	31	IY0	14
1784.8521970149184	1784.9521970149185	58	N	14
1784.9521970149185	1785.0421970149182	68	Y	14
1785.0421970149182	1785.1011970149184	44	UW1	14
1785.1011970149184	1785.2311970149185	62	S	14
1785.2311970149185	1785.2711970149185	64	T	14
1785.2711970149185	1785.3711970149184	44	UW1	14
1785.3711970149184	1785.4411970149183	48	D	14
1785.4411970149183	1785.4811970149185	6	AH0	14
1785.4811970149185	1785.5701970149184	58	N	14
1785.5701970149184	1785.6088191589056	64	T	14
1785.6088191589056	1785.684225822653	62	S	14
1785.684225822653	1785.8137706039624	32	IY1	14
1785.8137706039624	1786.0187220490195	47	CH	14
1786.0187220490195	1786.209470573881	68	Y	14
1786.209470573881	1786.3699514223688	28	IH1	14
1786.3699514223688	1786.5110972288703	61	R	14
1797.331262354427	1797.4512623544272	74	sp	15
1797.4512623544272	1797.531262354427	35	OW1	15
1797.531262354427	1797.561262354427	58	N	15
1797.561262354427	1797.6202623544273	56	L	15
1797.6202623544273	1797.7202623544272	31	IY0	15
1797.7202623544272	1797.7802623544271	49	DH	15
1797.7802623544271	1797.820262354427	6	AH0	15
1797.820262354427	1797.9102623544272	46	B	15
1797.9102623544272	1798.0202623544271	19	EH1	15
1798.0202623544271	1798.179262354427	62	S	15
1798.179262354427	1798.2092623544272	64	T	15
1798.2092623544272	1798.2492623544272	60	P	15
1798.2492623544272	1798.319262354427	56	L	15
1798.319262354427	1798.409262354427	25	EY1	15
1798.409262354427	1798.5182623544272	21	ER0	15
1798.5182623544272	1798.688262354427	69	Z	15
1798.688262354427	1798.7582623544272	18	EH0	15
1798.7582623544272	1798.858262354427	58	N	15
1798.858262354427	1798.9572623544273	53	JH	15
1798.9572623544273	1799.147262354427	38	OY1	15
1799.147262354427	1799.2672623544272	60	P	15
1799.2672623544272	1799.3172623544272	2	AA2	15
1799.3172623544272	1799.3762623544271	60	P	15
1799.3762623544271	1799.456262354427	68	Y	15
1799.456262354427	1799.496262354427	6	AH0	15
1799.496262354427	1799.5562623544272	56	L	15
1799.5562623544272	1799.656262354427	19	EH1	15
1799.656262354427	1799.706262354427	61	R	15
1799.706262354427	1799.7362623544273	6	AH0	15
1799.7362623544273	1799.766262354427	64	T	15
1799.766262354427	1799.8652623544272	31	IY0	15
