5.529918485227556	5.59909551645599	6	AH0	40
5.59909551645599	5.7382830371204285	62	S	40
5.7382830371204285	5.792457820612576	54	K	40
5.792457820612576	5.825835763822178	61	R	40
5.825835763822178	5.870009048823467	44	UW1	40
5.870009048823467	5.954188327788187	48	D	40
5.954188327788187	6.008263034488789	61	R	40
6.008263034488789	6.102443811944368	17	AY2	40
6.102443811944368	6.151617846191085	66	V	40
6.151617846191085	6.209365014103989	21	ER0	40
6.209365014103989	6.2929125153972825	6	AH0	40
6.2929125153972825	6.33841530944095	69	Z	40
6.33841530944095	6.458433291331245	57	M	40
6.458433291331245	6.60678885227897	25	EY1	40
6.60678885227897	6.7354231456326445	48	D	40
6.7354231456326445	6.809600926106508	50	F	40
6.809600926106508	7.010881083235022	21	ER0	40
7.010881083235022	7.091455075696215	57	M	40
7.091455075696215	7.124793403999075	66	V	40
7.124793403999075	7.2948188783436585	7	AH1	40
7.2948188783436585	7.73356330092897	74	sp	40
7.73356330092897	7.805517744185612	66	V	40
7.805517744185612	7.906366187301763	1	AA1	40
7.906366187301763	8.00054696475734	48	D	40
8.00054696475734	8.030551460229916	54	K	40
8.030551460229916	8.193632231508435	6	AH0	40
8.193632231508435	8.3135477906161	4	AE1	40
8.3135477906161	8.355050778353982	58	N	40
8.355050778353982	8.370886484297841	48	D	40
8.370886484297841	8.432148008545433	10	AO1	40
8.432148008545433	8.489044356253817	61	R	40
8.489044356253817	8.54071876512325	6	AH0	40
8.54071876512325	8.57113998969961	58	N	40
8.57113998969961	8.589671609776445	53	JH	40
8.589671609776445	8.708860825441343	53	JH	40
8.708860825441343	8.858049844596641	44	UW1	40
8.858049844596641	9.052662336064586	62	S	40
14.522	14.592	52	HH	41
14.592	14.672	13	AW1	41
14.672	14.752	57	M	41
14.752	14.832	7	AH1	41
14.832	14.962	47	CH	41
14.962	14.992	6	AH0	41
14.992	15.082	56	L	41
15.082	15.212	13	AW1	41
15.212	15.262	6	AH0	41
15.262	15.292	58	N	41
15.292	15.392	62	S	41
15.392	15.432	48	D	41
15.432	15.482	44	UW1	41
15.482	15.592	68	Y	41
15.592	15.642	44	UW1	41
15.642	15.702	51	G	41
15.702	15.862	19	EH1	41
15.862	15.892	64	T	41
27.992	28.092	62	S	42
28.092	28.232	16	AY1	42
28.232	28.312	54	K	42
28.312	28.352	6	AH0	42
28.352	28.412	56	L	42
28.412	28.502	60	P	42
28.502	28.562	61	R	42
28.562	28.642	35	OW1	42
28.642	28.682	51	G	42
28.682	28.712	61	R	42
28.712	28.832	5	AE2	42
28.832	28.862	57	M	42
28.862	28.962	69	Z	42
28.962	29.002	67	W	42
29.002	29.032	6	AH0	42
29.032	29.062	56	L	42
29.062	29.172	58	N	42
29.172	29.262	19	EH1	42
29.262	29.292	66	V	42
29.292	29.412	21	ER0	42
29.412	29.512	54	K	42
29.512	29.552	6	AH0	42
29.552	29.602	57	M	42
29.602	29.672	60	P	42
29.672	29.702	56	L	42
29.702	29.862	16	AY1	42
40.652	40.702	49	DH	43
40.702	40.822	7	AH1	43
40.822	40.872	46	B	43
40.872	40.992	1	AA1	43
40.992	41.122	62	S	43
41.122	41.152	64	T	43
41.152	41.192	6	AH0	43
41.192	41.282	58	N	43
41.282	41.322	46	B	43
41.322	41.402	3	AE0	43
41.402	41.492	56	L	43
41.492	41.682	25	EY1	43
41.682	41.802	35	OW1	43
41.802	41.832	66	V	43
41.832	41.902	21	ER0	43
41.902	42.052	54	K	43
42.052	42.132	25	EY1	43
42.132	42.242	57	M	43
42.242	42.272	49	DH	43
42.272	42.332	19	EH1	43
42.332	42.362	61	R	43
42.362	42.462	50	F	43
42.462	42.522	7	AH1	43
42.522	42.602	58	N	43
42.602	42.632	48	D	43
42.632	42.662	27	IH0	43
42.662	42.722	59	NG	43
42.722	42.842	63	SH	43
42.842	42.882	10	AO1	43
42.882	42.992	61	R	43
42.992	43.022	64	T	43
43.022	43.052	6	AH0	43
43.052	43.172	53	JH	43
53.322	53.392	19	EH1	44
53.392	53.422	66	V	44
53.422	53.462	61	R	44
53.462	53.582	31	IY0	44
53.582	53.682	54	K	44
53.682	53.812	4	AE1	44
53.812	53.842	46	B	44
53.842	53.952	58	N	44
53.952	54.052	32	IY1	44
54.052	54.082	48	D	44
54.082	54.182	69	Z	44
54.182	54.242	61	R	44
54.242	54.312	31	IY0	44
54.312	54.402	60	P	44
54.402	54.482	25	EY1	44
54.482	54.532	58	N	44
54.532	54.582	64	T	44
54.582	54.632	27	IH0	44
54.632	54.672	59	NG	44
54.672	54.822	10	AO1	44
54.822	54.942	50	F	44
54.942	55.002	6	AH0	44
55.002	55.112	58	N	44
55.112	55.532	73	ns	44
63.41188313078761	63.472	52	HH	45
63.472	63.502	19	EH1	45
63.502	63.612	56	L	45
63.612	63.682	60	P	45
63.682	63.712	51	G	45
63.712	63.772	61	R	45
63.772	63.892	19	EH1	45
63.892	63.972	51	G	45
63.972	64.032	74	sp	45
64.032	64.132	64	T	45
64.132	64.192	6	AH0	45
64.192	64.302	60	P	45
64.302	64.382	28	IH1	45
64.382	64.482	54	K	45
64.482	64.562	25	EY1	45
64.562	64.682	60	P	45
64.682	64.762	19	EH1	45
64.762	64.882	54	K	45
64.882	64.952	7	AH1	45
64.952	64.992	66	V	45
64.992	65.032	60	P	45
65.032	65.072	6	AH0	45
65.072	65.192	64	T	45
65.192	65.282	25	EY1	45
65.282	65.322	64	T	45
65.322	65.432	34	OW0	45
65.432	65.562	69	Z	45
74.102	74.152	67	W	46
74.152	74.252	32	IY1	46
74.252	74.302	56	L	46
74.302	74.462	16	AY1	46
74.462	74.492	54	K	46
74.492	74.532	46	B	46
74.532	74.602	56	L	46
74.602	74.672	44	UW1	46
74.672	74.842	47	CH	46
74.842	74.942	32	IY1	46
74.942	75.062	69	Z	46
75.062	75.092	74	sp	46
75.092	75.132	46	B	46
75.132	75.212	7	AH1	46
75.212	75.242	64	T	46
75.242	75.302	66	V	46
75.302	75.382	28	IH1	46
75.382	75.442	54	K	46
75.442	75.512	64	T	46
75.512	75.612	21	ER0	46
75.612	75.642	56	L	46
75.642	75.762	16	AY1	46
75.762	75.792	54	K	46
75.792	75.892	62	S	46
75.892	75.972	46	B	46
75.972	76.122	61	R	46
76.122	76.152	7	AH1	46
84.952	84.982	54	K	47
84.982	85.072	13	AW1	47
85.072	85.142	58	N	47
85.142	85.172	64	T	47
85.172	85.212	49	DH	47
85.212	85.262	7	AH1	47
85.262	85.352	58	N	47
85.352	85.442	7	AH1	47
85.442	85.512	57	M	47
85.512	85.542	46	B	47
85.542	85.582	21	ER0	47
85.582	85.742	7	AH1	47
85.742	85.772	66	V	47
85.772	85.872	64	T	47
85.872	85.992	32	IY1	47
85.992	86.092	62	S	47
86.092	86.162	60	P	47
86.162	86.192	45	UW2	47
86.192	86.252	58	N	47
86.252	86.352	69	Z	47
86.352	86.422	7	AH1	47
86.422	86.452	66	V	47
86.452	86.572	62	S	47
86.572	86.702	38	OY1	47
86.702	86.822	62	S	47
86.822	86.902	11	AO2	47
86.902	87.032	62	S	47
87.032	87.052	74	sp	47
87.052	87.082	49	DH	47
87.082	87.172	4	AE1	47
87.172	87.202	64	T	47
87.202	87.272	68	Y	47
87.272	87.302	44	UW1	47
87.302	87.522	4	AE1	47
87.522	87.622	48	D	47
96.972	97.062	46	B	48
97.062	97.202	4	AE1	48
97.202	97.232	51	G	48
97.232	97.332	60	P	48
97.332	97.532	17	AY2	48
97.532	97.562	60	P	48
97.562	97.6826552723556	62	S	48
97.6826552723556	97.772	4	AE1	48
97.772	97.832	58	N	48
97.832	97.862	48	D	48
97.862	97.892	46	B	48
97.892	97.982	1	AA1	48
97.982	98.082	59	NG	48
98.082	98.112	51	G	48
98.112	98.262	36	OW2	48
98.262	98.402	69	Z	48
98.402	98.462	21	ER0	48
98.462	98.582	57	M	48
98.582	98.612	68	Y	48
98.612	98.642	44	UW1	48
98.642	98.752	69	Z	48
98.752	98.802	27	IH0	48
98.802	98.842	54	K	48
98.842	98.882	6	AH0	48
98.882	98.942	56	L	48
98.942	99.022	28	IH1	48
99.022	99.072	58	N	48
99.072	99.152	62	S	48
99.152	99.182	64	T	48
99.182	99.212	61	R	48
99.212	99.242	6	AH0	48
99.242	99.272	57	M	48
99.272	99.322	6	AH0	48
99.322	99.362	58	N	48
99.362	99.432	64	T	48
99.432	99.572	62	S	48
99.572	100.022	74	sp	48
108.082	108.132	52	HH	49
108.132	108.302	13	AW1	49
108.302	108.382	51	G	49
108.382	108.492	41	UH1	49
108.492	108.542	48	D	49
108.542	108.632	28	IH1	49
108.632	108.812	69	Z	49
108.812	108.892	68	Y	49
108.892	108.922	10	AO1	49
108.922	109.132	61	R	49
109.132	109.182	19	EH1	49
109.182	109.302	58	N	49
109.302	109.342	48	D	49
109.342	109.522	21	ER0	49
109.522	109.552	6	AH0	49
109.552	109.682	58	N	49
109.682	109.822	62	S	49
117.542	117.622	49	DH	50
117.622	117.732	7	AH1	50
117.732	117.812	18	EH0	50
117.812	117.992	62	S	50
117.992	118.292	25	EY1	50
118.292	119.242	74	sp	50
119.242	119.382	8	AH2	50
119.382	119.512	58	N	50
119.512	119.562	48	D	50
119.562	119.672	6	AH0	50
119.672	119.732	46	B	50
119.732	119.862	56	L	50
119.862	119.982	32	IY1	50
119.982	120.072	61	R	50
120.072	120.132	6	AH0	50
120.132	120.242	50	F	50
120.242	120.272	56	L	50
120.272	120.382	19	EH1	50
120.382	120.412	54	K	50
120.412	120.512	62	S	50
120.512	120.622	13	AW1	50
120.622	120.842	61	R	50
120.842	121.102	35	OW1	50
121.102	121.242	58	N	50
121.242	121.532	74	sp	50
121.532	121.562	25	EY1	50
121.562	121.632	46	B	50
121.632	121.712	56	L	50
121.712	121.842	31	IY0	50
132.992	133.152	6	AH0	51
133.152	133.232	46	B	51
133.232	133.282	10	AO1	51
133.282	133.312	61	R	51
133.312	133.392	27	IH0	51
133.392	133.472	59	NG	51
133.472	133.502	58	N	51
133.502	133.822	1	AA1	51
133.822	133.852	66	V	51
133.852	133.882	6	AH0	51
133.882	133.912	56	L	51
133.912	133.942	6	AH0	51
133.942	134.102	69	Z	51
134.102	134.332	25	EY1	51
134.332	134.542	62	S	51
134.542	134.572	40	UH0	51
134.572	134.702	60	P	51
134.702	134.892	22	ER1	51
134.892	134.942	46	B	51
134.942	135.812	74	sp	51
135.812	135.962	62	S	51
135.962	136.002	60	P	51
136.002	136.092	19	EH1	51
136.092	136.272	56	L	51
136.272	137.282	74	sp	51
137.282	137.452	62	S	51
137.452	137.482	56	L	51
137.482	137.602	32	IY1	51
137.602	137.642	60	P	51
137.642	137.682	27	IH0	51
137.682	137.782	59	NG	51
137.782	137.832	60	P	51
137.832	137.862	28	IH1	51
137.862	137.982	56	L	51
150.582	150.692	10	AO1	52
150.692	150.762	61	R	52
150.762	150.812	6	AH0	52
150.812	150.852	58	N	52
150.852	150.882	53	JH	52
150.882	150.972	53	JH	52
150.972	151.092	44	UW1	52
151.092	151.162	62	S	52
151.162	151.192	64	T	52
151.192	151.292	25	EY1	52
151.292	151.402	62	S	52
151.402	151.432	64	T	52
151.432	151.572	62	S	52
151.572	151.632	50	F	52
151.632	151.712	7	AH1	52
151.712	151.772	58	N	52
151.772	151.832	31	IY0	52
151.832	151.992	4	AE1	52
151.992	152.032	50	F	52
152.032	152.072	64	T	52
152.072	152.152	21	ER0	52
152.152	152.272	64	T	52
152.272	152.362	44	UW1	52
152.362	152.392	65	TH	52
152.392	152.452	60	P	52
152.452	152.632	26	EY2	52
152.632	152.782	62	S	52
152.782	152.812	64	T	52
152.812	153.212	74	sp	52
161.442	161.502	49	DH	53
161.502	161.632	7	AH1	53
161.632	161.712	67	W	53
161.712	161.752	28	IH1	53
161.752	161.872	56	L	53
161.872	161.972	68	Y	53
161.972	162.082	6	AH0	53
162.082	162.182	67	W	53
162.182	162.212	41	UH1	53
162.212	162.312	57	M	53
162.312	162.372	6	AH0	53
162.372	162.432	58	N	53
162.432	162.462	67	W	53
162.462	162.592	10	AO1	53
162.592	162.632	61	R	53
162.632	163.022	25	EY1	53
163.022	163.712	74	sp	53
163.712	163.742	57	M	53
163.742	163.872	7	AH1	53
163.872	164.042	62	S	53
164.042	164.122	54	K	53
164.122	164.152	61	R	53
164.152	164.292	5	AE2	53
164.292	164.342	64	T	53
164.342	164.582	74	sp	53
164.582	164.682	54	K	53
164.682	164.812	35	OW1	53
164.812	164.842	64	T	53
175.312	175.362	49	DH	54
175.362	175.412	7	AH1	54
175.412	175.462	57	M	54
175.462	175.542	6	AH0	54
175.542	175.672	62	S	54
175.672	175.702	54	K	54
175.702	175.782	32	IY1	54
175.782	175.812	64	T	54
175.812	175.842	34	OW0	54
175.842	175.872	67	W	54
175.872	176.132	7	AH1	54
176.132	176.272	69	Z	54
176.272	176.332	61	R	54
176.332	176.442	31	IY0	54
176.442	176.522	64	T	54
176.522	176.552	61	R	54
176.552	176.622	4	AE1	54
176.622	176.682	54	K	54
176.682	176.762	64	T	54
176.762	176.842	6	AH0	54
176.842	176.872	48	D	54
176.872	176.902	67	W	54
176.902	176.992	28	IH1	54
176.992	177.102	65	TH	54
177.102	177.152	4	AE1	54
177.152	177.232	58	N	54
177.232	177.292	6	AH0	54
177.292	177.352	60	P	54
177.352	177.432	1	AA1	54
177.432	177.512	56	L	54
177.512	177.562	6	AH0	54
177.562	177.672	53	JH	54
177.672	177.772	31	IY0	54
187.812	187.932	16	AY1	55
187.932	188.052	53	JH	55
188.052	188.132	6	AH0	55
188.132	188.232	62	S	55
188.232	188.262	64	T	55
188.262	188.302	62	S	55
188.302	188.422	10	AO1	55
188.422	188.582	53	JH	55
188.582	188.662	28	IH1	55
188.662	188.722	57	M	55
188.722	188.872	58	N	55
188.872	188.932	28	IH1	55
188.932	189.012	61	R	55
189.012	189.072	49	DH	55
189.072	189.122	6	AH0	55
189.122	189.252	58	N	55
189.252	189.362	68	Y	55
189.362	189.612	44	UW1	55
189.612	190.08623245159143	74	sp	55
190.08623245159143	190.132	2	AA2	55
190.132	190.202	61	R	55
190.202	190.302	54	K	55
190.302	190.332	31	IY0	55
190.332	190.362	6	AH0	55
190.362	190.402	56	L	55
190.402	190.562	1	AA1	55
190.562	190.682	53	JH	55
190.682	190.722	27	IH0	55
190.722	190.792	54	K	55
190.792	190.832	6	AH0	55
190.832	190.882	56	L	55
190.882	190.942	57	M	55
190.942	190.972	68	Y	55
190.972	191.002	43	UW0	55
191.002	191.102	69	Z	55
191.102	191.152	32	IY1	55
191.152	191.212	6	AH0	55
191.212	191.322	57	M	55
202.502	202.552	61	R	56
202.552	202.662	16	AY1	56
202.662	202.692	64	T	56
202.692	202.752	58	N	56
202.752	202.952	13	AW1	56
202.952	203.072	57	M	56
203.072	203.172	25	EY1	56
203.172	203.252	58	N	56
203.252	203.412	1	AA1	56
203.412	203.452	64	T	56
203.452	203.502	74	sp	56
203.502	203.552	46	B	56
203.552	203.682	32	IY1	56
203.682	203.752	49	DH	56
203.752	203.892	7	AH1	56
203.892	203.952	46	B	56
203.952	204.032	19	EH1	56
204.032	204.152	62	S	56
204.152	204.182	64	T	56
204.182	204.222	64	T	56
204.222	204.322	16	AY1	56
204.322	204.352	57	M	56
204.352	204.452	50	F	56
204.452	204.512	21	ER0	56
204.512	204.602	46	B	56
204.602	204.682	28	IH1	56
204.682	204.752	69	Z	56
204.752	204.782	58	N	56
204.782	204.832	6	AH0	56
204.832	204.932	62	S	56
204.932	205.022	6	AH0	56
205.022	205.212	69	Z	56
205.212	205.382	57	M	56
205.382	205.502	22	ER1	56
205.502	205.712	53	JH	56
216.052	216.102	49	DH	57
216.102	216.252	7	AH1	57
216.252	216.302	57	M	57
216.302	216.402	28	IH1	57
216.402	216.512	62	S	57
216.512	216.612	60	P	57
216.612	216.642	61	R	57
216.642	216.802	28	IH1	57
216.802	216.872	58	N	57
216.872	216.902	64	T	57
216.902	216.982	60	P	57
216.982	217.062	61	R	57
217.062	217.092	6	AH0	57
217.092	217.182	66	V	57
217.182	217.322	35	OW1	57
217.322	217.372	54	K	57
217.372	217.402	64	T	57
217.402	217.792	4	AE1	57
217.792	217.992	58	N	57
217.992	218.182	74	sp	57
218.182	218.272	29	IH2	57
218.272	218.392	57	M	57
218.392	218.482	32	IY1	57
218.482	218.522	48	D	57
218.522	218.612	31	IY0	57
218.612	218.812	6	AH0	57
218.812	218.842	64	T	57
218.842	218.902	48	D	57
218.902	218.972	29	IH2	57
218.972	219.082	62	S	57
219.082	219.152	54	K	57
219.152	219.192	56	L	57
219.192	219.262	25	EY1	57
219.262	219.332	57	M	57
219.332	219.412	21	ER0	57
229.402	229.432	49	DH	58
229.432	229.522	25	EY1	58
229.522	229.692	10	AO1	58
229.692	229.792	56	L	58
229.792	229.822	6	AH0	58
229.822	229.882	58	N	58
229.882	229.962	53	JH	58
229.962	229.992	38	OY1	58
229.992	230.232	16	AY1	58
230.232	230.382	62	S	58
230.382	230.412	54	K	58
230.412	230.442	61	R	58
230.442	230.502	32	IY1	58
230.502	230.562	57	M	58
230.562	230.642	62	S	58
230.642	230.712	7	AH1	58
230.712	230.792	58	N	58
230.792	230.832	48	D	58
230.832	230.982	26	EY2	58
230.982	231.112	69	Z	58
241.562	241.592	48	D	59
241.592	241.622	44	UW1	59
241.622	241.682	24	EY0	59
241.682	241.812	64	T	59
241.812	241.902	28	IH1	59
241.902	241.982	60	P	59
241.982	242.052	27	IH0	59
242.052	242.122	54	K	59
242.122	242.162	6	AH0	59
242.162	242.202	56	L	59
242.202	242.282	50	F	59
242.282	242.362	1	AA1	59
242.362	242.392	61	R	59
242.392	242.422	57	M	59
242.422	242.492	21	ER0	59
242.492	242.612	69	Z	59
242.612	242.642	51	G	59
242.642	242.752	61	R	59
242.752	242.842	35	OW1	59
242.842	242.992	35	OW1	59
242.992	243.062	64	T	59
243.062	243.222	62	S	59
273.262	273.352	6	AH0	40
273.352	273.452	62	S	40
273.452	273.482	54	K	40
273.482	273.512	61	R	40
273.512	273.572	44	UW1	40
273.572	273.692	48	D	40
273.692	273.722	61	R	40
273.722	273.752	17	AY2	40
273.752	273.782	66	V	40
273.782	273.932	21	ER0	40
273.932	273.982	6	AH0	40
273.982	274.092	69	Z	40
274.092	274.192	57	M	40
274.192	274.312	25	EY1	40
274.312	274.342	48	D	40
274.342	274.372	50	F	40
274.372	274.412	61	R	40
274.412	274.452	7	AH1	40
274.452	274.522	57	M	40
274.522	274.552	66	V	40
274.552	274.712	1	AA1	40
274.712	274.742	48	D	40
274.742	274.782	54	K	40
274.782	274.832	6	AH0	40
274.832	274.882	4	AE1	40
274.882	274.912	58	N	40
274.912	274.942	48	D	40
274.942	274.982	10	AO1	40
274.982	275.132	61	R	40
275.132	275.172	6	AH0	40
275.172	275.212	58	N	40
275.212	275.302	53	JH	40
275.302	275.332	53	JH	40
275.332	275.452	44	UW1	40
275.452	275.622	62	S	40
286.312	286.362	52	HH	41
286.362	286.422	13	AW1	41
286.422	286.522	57	M	41
286.522	286.602	7	AH1	41
286.602	286.722	47	CH	41
286.722	286.762	6	AH0	41
286.762	286.852	56	L	41
286.852	287.012	13	AW1	41
287.012	287.042	6	AH0	41
287.042	287.072	58	N	41
287.072	287.172	62	S	41
287.172	287.232	48	D	41
287.232	287.262	44	UW1	41
287.262	287.382	68	Y	41
287.382	287.432	44	UW1	41
287.432	287.532	51	G	41
287.532	287.672	19	EH1	41
287.672	287.702	64	T	41
295.975145749721	296.052	62	S	42
296.052	296.152	16	AY1	42
296.152	296.222	54	K	42
296.222	296.272	6	AH0	42
296.272	296.342	56	L	42
296.342	296.392	60	P	42
296.392	296.472	61	R	42
296.472	296.562	35	OW1	42
296.562	296.592	51	G	42
296.592	296.622	61	R	42
296.622	296.702	5	AE2	42
296.702	296.752	57	M	42
296.752	296.822	69	Z	42
296.822	296.862	67	W	42
296.862	296.922	6	AH0	42
296.922	296.952	56	L	42
296.952	297.002	58	N	42
297.002	297.092	19	EH1	42
297.092	297.132	66	V	42
297.132	297.242	21	ER0	42
297.242	297.332	54	K	42
297.332	297.392	6	AH0	42
297.392	297.442	57	M	42
297.442	297.492	60	P	42
297.492	297.552	56	L	42
297.552	297.672	16	AY1	42
305.302	305.342	49	DH	43
305.342	305.462	7	AH1	43
305.462	305.502	46	B	43
305.502	305.612	1	AA1	43
305.612	305.712	62	S	43
305.712	305.742	64	T	43
305.742	305.782	6	AH0	43
305.782	305.872	58	N	43
305.872	305.902	46	B	43
305.902	305.972	3	AE0	43
305.972	306.072	56	L	43
306.072	306.152	25	EY1	43
306.152	306.272	35	OW1	43
306.272	306.302	66	V	43
306.302	306.402	21	ER0	43
306.402	306.522	54	K	43
306.522	306.592	25	EY1	43
306.592	306.682	57	M	43
306.682	306.712	49	DH	43
306.712	306.742	19	EH1	43
306.742	306.772	61	R	43
306.772	306.882	50	F	43
306.882	306.952	7	AH1	43
306.952	306.982	58	N	43
306.982	307.012	48	D	43
307.012	307.042	27	IH0	43
307.042	307.102	59	NG	43
307.102	307.192	63	SH	43
307.192	307.242	10	AO1	43
307.242	307.372	61	R	43
307.372	307.402	64	T	43
307.402	307.442	6	AH0	43
307.442	307.582	53	JH	43
307.582	308.022	74	sp	43
316.772	316.882	19	EH1	44
316.882	316.912	66	V	44
316.912	316.942	61	R	44
316.942	317.102	31	IY0	44
317.102	317.522	74	sp	44
317.522	317.622	54	K	44
317.622	317.752	4	AE1	44
317.752	317.782	46	B	44
317.782	317.902	58	N	44
317.902	318.012	32	IY1	44
318.012	318.042	48	D	44
318.042	318.172	69	Z	44
318.172	318.222	61	R	44
318.222	318.282	31	IY0	44
318.282	318.362	60	P	44
318.362	318.462	25	EY1	44
318.462	318.512	58	N	44
318.512	318.612	64	T	44
318.612	318.652	27	IH0	44
318.652	318.692	59	NG	44
318.692	318.822	10	AO1	44
318.822	318.862	50	F	44
318.862	318.952	64	T	44
318.952	319.012	6	AH0	44
319.012	319.102	58	N	44
327.75080266595194	327.772	52	HH	45
327.772	327.802	19	EH1	45
327.802	327.902	56	L	45
327.902	327.932	60	P	45
327.932	327.982	51	G	45
327.982	328.032	61	R	45
328.032	328.152	19	EH1	45
328.152	328.222	51	G	45
328.222	328.252	74	sp	45
328.252	328.292	64	T	45
328.292	328.372	6	AH0	45
328.372	328.462	60	P	45
328.462	328.542	28	IH1	45
328.542	328.622	54	K	45
328.622	328.682	25	EY1	45
328.682	328.792	60	P	45
328.792	328.872	19	EH1	45
328.872	328.972	54	K	45
328.972	329.012	7	AH1	45
329.012	329.052	66	V	45
329.052	329.112	60	P	45
329.112	329.152	6	AH0	45
329.152	329.262	64	T	45
329.262	329.362	25	EY1	45
329.362	329.412	64	T	45
329.412	329.512	34	OW0	45
329.512	329.612	69	Z	45
338.552	338.632	67	W	46
338.632	338.732	32	IY1	46
338.732	338.762	56	L	46
338.762	338.912	16	AY1	46
338.912	338.942	54	K	46
338.942	338.992	46	B	46
338.992	339.052	56	L	46
339.052	339.132	44	UW1	46
339.132	339.252	47	CH	46
339.252	339.342	32	IY1	46
339.342	339.452	69	Z	46
339.452	339.492	46	B	46
339.492	339.562	7	AH1	46
339.562	339.592	64	T	46
339.592	339.622	66	V	46
339.622	339.702	28	IH1	46
339.702	339.752	54	K	46
339.752	339.822	64	T	46
339.822	339.912	21	ER0	46
339.912	339.942	56	L	46
339.942	340.042	16	AY1	46
340.042	340.072	54	K	46
340.072	340.122	62	S	46
340.122	340.212	46	B	46
340.212	340.392	22	ER1	46
348.18505692028765	348.212	54	K	47
348.212	348.312	13	AW1	47
348.312	348.372	58	N	47
348.372	348.402	64	T	47
348.402	348.432	49	DH	47
348.432	348.512	7	AH1	47
348.512	348.602	58	N	47
348.602	348.712	7	AH1	47
348.712	348.792	57	M	47
348.792	348.822	46	B	47
348.822	348.892	21	ER0	47
348.892	348.972	7	AH1	47
348.972	349.012	66	V	47
349.012	349.072	64	T	47
349.072	349.202	32	IY1	47
349.202	349.292	62	S	47
349.292	349.362	60	P	47
349.362	349.402	45	UW2	47
349.402	349.432	58	N	47
349.432	349.492	69	Z	47
349.492	349.592	7	AH1	47
349.592	349.622	66	V	47
349.622	349.732	62	S	47
349.732	349.852	38	OY1	47
349.852	350.002	62	S	47
350.002	350.112	11	AO2	47
350.112	350.232	62	S	47
350.232	350.282	49	DH	47
350.282	350.342	4	AE1	47
350.342	350.372	64	T	47
350.372	350.412	68	Y	47
350.412	350.442	44	UW1	47
350.442	350.702	4	AE1	47
350.702	350.802	48	D	47
362.552	362.582	46	B	48
362.582	362.742	4	AE1	48
362.742	362.792	51	G	48
362.792	362.892	60	P	48
362.892	363.002	17	AY2	48
363.002	363.032	60	P	48
363.032	363.202	62	S	48
363.202	363.252	4	AE1	48
363.252	363.312	58	N	48
363.312	363.342	48	D	48
363.342	363.372	46	B	48
363.372	363.462	1	AA1	48
363.462	363.552	59	NG	48
363.552	363.592	51	G	48
363.592	363.722	36	OW2	48
363.722	363.862	69	Z	48
363.862	363.902	1	AA1	48
363.902	363.932	61	R	48
363.932	364.032	57	M	48
364.032	364.062	68	Y	48
364.062	364.092	44	UW1	48
364.092	364.182	69	Z	48
364.182	364.232	27	IH0	48
364.232	364.262	54	K	48
364.262	364.302	6	AH0	48
364.302	364.392	56	L	48
364.392	364.452	28	IH1	48
364.452	364.492	58	N	48
364.492	364.582	62	S	48
364.582	364.612	64	T	48
364.612	364.702	61	R	48
364.702	364.732	6	AH0	48
364.732	364.762	57	M	48
364.762	364.792	6	AH0	48
364.792	364.822	58	N	48
364.822	364.862	64	T	48
364.862	364.992	62	S	48
364.992	365.402	74	sp	48
377.912	377.982	52	HH	49
377.982	378.142	13	AW1	49
378.142	378.212	51	G	49
378.212	378.322	6	AH0	49
378.322	378.362	48	D	49
378.362	378.412	28	IH1	49
378.412	378.572	69	Z	49
378.572	378.622	68	Y	49
378.622	378.652	10	AO1	49
378.652	378.742	61	R	49
378.742	378.792	19	EH1	49
378.792	378.852	58	N	49
378.852	378.902	48	D	49
378.902	379.082	21	ER0	49
379.082	379.112	6	AH0	49
379.112	379.212	58	N	49
379.212	379.322	62	S	49
385.422	385.522	49	DH	50
385.522	385.632	7	AH1	50
385.632	385.662	18	EH0	50
385.662	385.832	62	S	50
385.832	386.052	25	EY1	50
386.052	386.132	8	AH2	50
386.132	386.302	58	N	50
386.302	386.382	48	D	50
386.382	386.492	6	AH0	50
386.492	386.522	58	N	50
386.522	386.552	16	AY1	50
386.552	386.612	6	AH0	50
386.612	386.732	46	B	50
386.732	386.792	56	L	50
386.792	386.912	31	IY0	50
386.912	386.992	61	R	50
386.992	387.052	6	AH0	50
387.052	387.172	50	F	50
387.172	387.202	56	L	50
387.202	387.312	19	EH1	50
387.312	387.342	54	K	50
387.342	387.432	62	S	50
387.432	387.482	13	AW1	50
387.482	387.692	61	R	50
387.692	387.822	66	V	50
387.822	387.912	68	Y	50
387.912	388.082	44	UW1	50
388.082	388.892	74	sp	50
388.892	388.922	25	EY1	50
388.922	389.052	46	B	50
389.052	389.102	56	L	50
389.102	389.262	31	IY0	50
399.952	400.112	6	AH0	51
400.112	400.182	46	B	51
400.182	400.232	10	AO1	51
400.232	400.272	61	R	51
400.272	400.322	27	IH0	51
400.322	400.432	59	NG	51
400.432	400.462	58	N	51
400.462	400.612	1	AA1	51
400.612	400.692	66	V	51
400.692	400.722	6	AH0	51
400.722	400.812	56	L	51
400.812	400.982	28	IH1	51
400.982	401.112	69	Z	51
401.112	401.282	25	EY1	51
401.282	401.382	62	S	51
401.382	401.412	40	UH0	51
401.412	401.552	60	P	51
401.552	401.692	22	ER1	51
401.692	401.722	46	B	51
401.722	401.862	62	S	51
401.862	401.902	56	L	51
401.902	401.942	32	IY1	51
401.942	402.022	60	P	51
402.022	402.062	27	IH0	51
402.062	402.152	59	NG	51
402.152	402.212	60	P	51
402.212	402.252	28	IH1	51
402.252	402.362	56	L	51
412.432	412.552	10	AO1	52
412.552	412.612	61	R	52
412.612	412.682	6	AH0	52
412.682	412.712	58	N	52
412.712	412.742	53	JH	52
412.742	412.842	53	JH	52
412.842	412.892	44	UW1	52
412.892	412.972	62	S	52
412.972	413.042	64	T	52
413.042	413.142	25	EY1	52
413.142	413.252	62	S	52
413.252	413.282	64	T	52
413.282	413.402	62	S	52
413.402	413.452	50	F	52
413.452	413.532	7	AH1	52
413.532	413.592	58	N	52
413.592	413.632	31	IY0	52
413.632	413.792	4	AE1	52
413.792	413.852	50	F	52
413.852	413.882	64	T	52
413.882	413.952	21	ER0	52
413.952	414.092	64	T	52
414.092	414.162	44	UW1	52
414.162	414.202	65	TH	52
414.202	414.252	60	P	52
414.252	414.402	26	EY2	52
414.402	414.552	62	S	52
414.552	414.582	64	T	52
422.912	422.952	49	DH	53
422.952	423.11289783393585	7	AH1	53
423.11289783393585	423.332	67	W	53
423.332	423.452	28	IH1	53
423.452	423.512	56	L	53
423.512	423.542	6	AH0	53
423.542	423.572	67	W	53
423.572	423.602	31	IY0	53
423.602	423.632	67	W	53
423.632	423.662	41	UH1	53
423.662	423.762	57	M	53
423.762	423.832	6	AH0	53
423.832	423.912	58	N	53
423.912	423.962	67	W	53
423.962	424.022	10	AO1	53
424.022	424.112	61	R	53
424.112	424.242	25	EY1	53
424.242	424.392	57	M	53
424.392	424.492	7	AH1	53
424.492	424.692	62	S	53
424.692	424.722	54	K	53
424.722	424.762	61	R	53
424.762	424.922	5	AE2	53
424.922	424.982	64	T	53
424.982	425.072	54	K	53
425.072	425.232	35	OW1	53
425.232	425.262	64	T	53
435.742	435.772	49	DH	54
435.772	435.822	7	AH1	54
435.822	435.912	57	M	54
435.912	435.962	6	AH0	54
435.962	436.092	62	S	54
436.092	436.122	54	K	54
436.122	436.222	32	IY1	54
436.222	436.292	64	T	54
436.292	436.382	34	OW0	54
436.382	436.412	67	W	54
436.412	436.492	7	AH1	54
436.492	436.622	69	Z	54
436.622	436.662	61	R	54
436.662	436.712	31	IY0	54
436.712	436.832	64	T	54
436.832	436.862	61	R	54
436.862	436.912	4	AE1	54
436.912	436.992	54	K	54
436.992	437.062	64	T	54
437.062	437.172	6	AH0	54
437.172	437.202	48	D	54
437.202	437.232	67	W	54
437.232	437.312	28	IH1	54
437.312	437.432	65	TH	54
437.432	437.502	4	AE1	54
437.502	437.652	58	N	54
437.652	437.732	6	AH0	54
437.732	437.802	60	P	54
437.802	437.902	1	AA1	54
437.902	437.982	56	L	54
437.982	438.042	6	AH0	54
438.042	438.132	53	JH	54
438.132	438.272	31	IY0	54
447.142	447.3166418288116	16	AY1	55
447.3166418288116	447.452	62	S	55
447.452	447.612	10	AO1	55
447.612	447.892	16	AY1	55
447.892	448.072	53	JH	55
448.072	448.142	6	AH0	55
448.142	448.262	62	S	55
448.262	448.292	64	T	55
448.292	448.332	62	S	55
448.332	448.442	10	AO1	55
448.442	448.602	53	JH	55
448.602	448.682	28	IH1	55
448.682	448.762	57	M	55
448.762	448.882	58	N	55
448.882	449.032	28	IH1	55
449.032	449.062	61	R	55
449.062	449.102	49	DH	55
449.102	449.162	7	AH1	55
449.162	449.252	58	N	55
449.252	449.352	68	Y	55
449.352	449.602	44	UW1	55
449.602	449.702	74	sp	55
449.702	449.842	2	AA2	55
449.842	449.872	61	R	55
449.872	449.972	54	K	55
449.972	450.002	31	IY0	55
450.002	450.032	6	AH0	55
450.032	450.062	56	L	55
450.062	450.242	1	AA1	55
450.242	450.352	53	JH	55
450.352	450.392	27	IH0	55
450.392	450.442	54	K	55
450.442	450.482	6	AH0	55
450.482	450.512	56	L	55
450.512	450.622	57	M	55
450.622	450.652	68	Y	55
450.652	450.682	43	UW0	55
450.682	450.752	69	Z	55
450.752	450.802	32	IY1	55
450.802	450.872	6	AH0	55
450.872	450.972	57	M	55
463.112	463.152	61	R	56
463.152	463.272	16	AY1	56
463.272	463.302	64	T	56
463.302	463.372	58	N	56
463.372	463.532	13	AW1	56
463.532	463.622	57	M	56
463.622	463.712	25	EY1	56
463.712	463.782	58	N	56
463.782	463.942	1	AA1	56
463.942	463.972	64	T	56
463.972	464.012	46	B	56
464.012	464.132	32	IY1	56
464.132	464.192	49	DH	56
464.192	464.252	7	AH1	56
464.252	464.332	46	B	56
464.332	464.432	19	EH1	56
464.432	464.562	62	S	56
464.562	464.592	64	T	56
464.592	464.622	64	T	56
464.622	464.752	16	AY1	56
464.752	464.822	57	M	56
464.822	464.902	50	F	56
464.902	464.962	21	ER0	56
464.962	465.052	46	B	56
465.052	465.122	28	IH1	56
465.122	465.222	69	Z	56
465.222	465.262	58	N	56
465.262	465.352	6	AH0	56
465.352	465.472	62	S	56
465.472	465.542	57	M	56
465.542	465.602	22	ER1	56
465.602	465.732	53	JH	56
465.732	465.772	21	ER0	56
465.772	465.962	69	Z	56
474.162	474.212	49	DH	57
474.212	474.272	7	AH1	57
474.272	474.382	57	M	57
474.382	474.462	28	IH1	57
474.462	474.572	62	S	57
474.572	474.632	60	P	57
474.632	474.672	61	R	57
474.672	474.732	28	IH1	57
474.732	474.782	58	N	57
474.782	474.812	64	T	57
474.812	474.842	60	P	57
474.842	474.922	61	R	57
474.922	474.952	6	AH0	57
474.952	475.012	66	V	57
475.012	475.202	35	OW1	57
475.202	475.292	54	K	57
475.292	475.422	4	AE1	57
475.422	475.492	58	N	57
475.492	475.522	29	IH2	57
475.522	475.652	57	M	57
475.652	475.872	32	IY1	57
475.872	475.902	48	D	57
475.902	475.932	31	IY0	57
475.932	475.992	6	AH0	57
475.992	476.022	64	T	57
476.022	476.052	48	D	57
476.052	476.092	29	IH2	57
476.092	476.172	62	S	57
476.172	476.242	54	K	57
476.242	476.282	56	L	57
476.282	476.352	25	EY1	57
476.352	476.432	57	M	57
476.432	476.512	21	ER0	57
484.852	484.882	49	DH	58
484.882	485.002	25	EY1	58
485.002	485.132	10	AO1	58
485.132	485.172	56	L	58
485.172	485.202	18	EH0	58
485.202	485.262	58	N	58
485.262	485.342	53	JH	58
485.342	485.372	38	OY1	58
485.372	485.562	16	AY1	58
485.562	485.672	62	S	58
485.672	485.702	54	K	58
485.702	485.732	61	R	58
485.732	485.782	32	IY1	58
485.782	485.812	57	M	58
485.812	485.942	62	S	58
485.942	486.002	7	AH1	58
486.002	486.092	58	N	58
486.092	486.122	48	D	58
486.122	486.272	26	EY2	58
486.272	486.352	69	Z	58
486.352	486.402	74	sp	58
496.292	496.372	48	D	59
496.372	496.442	44	UW1	59
496.442	496.552	24	EY0	59
496.552	496.672	64	T	59
496.672	496.702	28	IH1	59
496.702	496.732	60	P	59
496.732	496.762	27	IH0	59
496.762	496.802	54	K	59
496.802	496.902	6	AH0	59
496.902	497.162	56	L	59
497.162	497.222	50	F	59
497.222	497.312	1	AA1	59
497.312	497.342	61	R	59
497.342	497.422	57	M	59
497.422	497.472	21	ER0	59
497.472	497.592	69	Z	59
497.592	497.642	51	G	59
497.642	497.802	61	R	59
497.802	497.842	35	OW1	59
497.842	498.042	35	OW1	59
498.042	498.112	64	T	59
498.112	498.252	62	S	59
498.252	498.752	73	ns	59
