273.262	273.352	6	AH0	40
273.352	273.452	62	S	40
273.452	273.482	54	K	40
273.482	273.512	61	R	40
273.512	273.572	44	UW1	40
273.572	273.692	48	D	40
273.692	273.722	61	R	40
273.722	273.752	17	AY2	40
273.752	273.782	66	V	40
273.782	273.932	21	ER0	40
273.932	273.982	6	AH0	40
273.982	274.092	69	Z	40
274.092	274.192	57	M	40
274.192	274.312	25	EY1	40
274.312	274.342	48	D	40
274.342	274.372	50	F	40
274.372	274.412	61	R	40
274.412	274.452	7	AH1	40
274.452	274.522	57	M	40
274.522	274.552	66	V	40
274.552	274.712	1	AA1	40
274.712	274.742	48	D	40
274.742	274.782	54	K	40
274.782	274.832	6	AH0	40
274.832	274.882	4	AE1	40
274.882	274.912	58	N	40
274.912	274.942	48	D	40
274.942	274.982	10	AO1	40
274.982	275.132	61	R	40
275.132	275.172	6	AH0	40
275.172	275.212	58	N	40
275.212	275.302	53	JH	40
275.302	275.332	53	JH	40
275.332	275.452	44	UW1	40
275.452	275.622	62	S	40
286.312	286.362	52	HH	41
286.362	286.422	13	AW1	41
286.422	286.522	57	M	41
286.522	286.602	7	AH1	41
286.602	286.722	47	CH	41
286.722	286.762	6	AH0	41
286.762	286.852	56	L	41
286.852	287.012	13	AW1	41
287.012	287.042	6	AH0	41
287.042	287.072	58	N	41
287.072	287.172	62	S	41
287.172	287.232	48	D	41
287.232	287.262	44	UW1	41
287.262	287.382	68	Y	41
287.382	287.432	44	UW1	41
287.432	287.532	51	G	41
287.532	287.672	19	EH1	41
287.672	287.702	64	T	41
295.975145749721	296.052	62	S	42
296.052	296.152	16	AY1	42
296.152	296.222	54	K	42
296.222	296.272	6	AH0	42
296.272	296.342	56	L	42
296.342	296.392	60	P	42
296.392	296.472	61	R	42
296.472	296.562	35	OW1	42
296.562	296.592	51	G	42
296.592	296.622	61	R	42
296.622	296.702	5	AE2	42
296.702	296.752	57	M	42
296.752	296.822	69	Z	42
296.822	296.862	67	W	42
296.862	296.922	6	AH0	42
296.922	296.952	56	L	42
296.952	297.002	58	N	42
297.002	297.092	19	EH1	42
297.092	297.132	66	V	42
297.132	297.242	21	ER0	42
297.242	297.332	54	K	42
297.332	297.392	6	AH0	42
297.392	297.442	57	M	42
297.442	297.492	60	P	42
297.492	297.552	56	L	42
297.552	297.672	16	AY1	42
305.302	305.342	49	DH	43
305.342	305.462	7	AH1	43
305.462	305.502	46	B	43
305.502	305.612	1	AA1	43
305.612	305.712	62	S	43
305.712	305.742	64	T	43
305.742	305.782	6	AH0	43
305.782	305.872	58	N	43
305.872	305.902	46	B	43
305.902	305.972	3	AE0	43
305.972	306.072	56	L	43
306.072	306.152	25	EY1	43
306.152	306.272	35	OW1	43
306.272	306.302	66	V	43
306.302	306.402	21	ER0	43
306.402	306.522	54	K	43
306.522	306.592	25	EY1	43
306.592	306.682	57	M	43
306.682	306.712	49	DH	43
306.712	306.742	19	EH1	43
306.742	306.772	61	R	43
306.772	306.882	50	F	43
306.882	306.952	7	AH1	43
306.952	306.982	58	N	43
306.982	307.012	48	D	43
307.012	307.042	27	IH0	43
307.042	307.102	59	NG	43
307.102	307.192	63	SH	43
307.192	307.242	10	AO1	43
307.242	307.372	61	R	43
307.372	307.402	64	T	43
307.402	307.442	6	AH0	43
307.442	307.582	53	JH	43
307.582	308.022	74	sp	43
316.772	316.882	19	EH1	44
316.882	316.912	66	V	44
316.912	316.942	61	R	44
316.942	317.102	31	IY0	44
317.102	317.522	74	sp	44
317.522	317.622	54	K	44
317.622	317.752	4	AE1	44
317.752	317.782	46	B	44
317.782	317.902	58	N	44
317.902	318.012	32	IY1	44
318.012	318.042	48	D	44
318.042	318.172	69	Z	44
318.172	318.222	61	R	44
318.222	318.282	31	IY0	44
318.282	318.362	60	P	44
318.362	318.462	25	EY1	44
318.462	318.512	58	N	44
318.512	318.612	64	T	44
318.612	318.652	27	IH0	44
318.652	318.692	59	NG	44
318.692	318.822	10	AO1	44
318.822	318.862	50	F	44
318.862	318.952	64	T	44
318.952	319.012	6	AH0	44
319.012	319.102	58	N	44
327.75080266595194	327.772	52	HH	45
327.772	327.802	19	EH1	45
327.802	327.902	56	L	45
327.902	327.932	60	P	45
327.932	327.982	51	G	45
327.982	328.032	61	R	45
328.032	328.152	19	EH1	45
328.152	328.222	51	G	45
328.222	328.252	74	sp	45
328.252	328.292	64	T	45
328.292	328.372	6	AH0	45
328.372	328.462	60	P	45
328.462	328.542	28	IH1	45
328.542	328.622	54	K	45
328.622	328.682	25	EY1	45
328.682	328.792	60	P	45
328.792	328.872	19	EH1	45
328.872	328.972	54	K	45
328.972	329.012	7	AH1	45
329.012	329.052	66	V	45
329.052	329.112	60	P	45
329.112	329.152	6	AH0	45
329.152	329.262	64	T	45
329.262	329.362	25	EY1	45
329.362	329.412	64	T	45
329.412	329.512	34	OW0	45
329.512	329.612	69	Z	45
338.552	338.632	67	W	46
338.632	338.732	32	IY1	46
338.732	338.762	56	L	46
338.762	338.912	16	AY1	46
338.912	338.942	54	K	46
338.942	338.992	46	B	46
338.992	339.052	56	L	46
339.052	339.132	44	UW1	46
339.132	339.252	47	CH	46
339.252	339.342	32	IY1	46
339.342	339.452	69	Z	46
339.452	339.492	46	B	46
339.492	339.562	7	AH1	46
339.562	339.592	64	T	46
339.592	339.622	66	V	46
339.622	339.702	28	IH1	46
339.702	339.752	54	K	46
339.752	339.822	64	T	46
339.822	339.912	21	ER0	46
339.912	339.942	56	L	46
339.942	340.042	16	AY1	46
340.042	340.072	54	K	46
340.072	340.122	62	S	46
340.122	340.212	46	B	46
340.212	340.392	22	ER1	46
348.18505692028765	348.212	54	K	47
348.212	348.312	13	AW1	47
348.312	348.372	58	N	47
348.372	348.402	64	T	47
348.402	348.432	49	DH	47
348.432	348.512	7	AH1	47
348.512	348.602	58	N	47
348.602	348.712	7	AH1	47
348.712	348.792	57	M	47
348.792	348.822	46	B	47
348.822	348.892	21	ER0	47
348.892	348.972	7	AH1	47
348.972	349.012	66	V	47
349.012	349.072	64	T	47
349.072	349.202	32	IY1	47
349.202	349.292	62	S	47
349.292	349.362	60	P	47
349.362	349.402	45	UW2	47
349.402	349.432	58	N	47
349.432	349.492	69	Z	47
349.492	349.592	7	AH1	47
349.592	349.622	66	V	47
349.622	349.732	62	S	47
349.732	349.852	38	OY1	47
349.852	350.002	62	S	47
350.002	350.112	11	AO2	47
350.112	350.232	62	S	47
350.232	350.282	49	DH	47
350.282	350.342	4	AE1	47
350.342	350.372	64	T	47
350.372	350.412	68	Y	47
350.412	350.442	44	UW1	47
350.442	350.702	4	AE1	47
350.702	350.802	48	D	47
362.552	362.582	46	B	48
362.582	362.742	4	AE1	48
362.742	362.792	51	G	48
362.792	362.892	60	P	48
362.892	363.002	17	AY2	48
363.002	363.032	60	P	48
363.032	363.202	62	S	48
363.202	363.252	4	AE1	48
363.252	363.312	58	N	48
363.312	363.342	48	D	48
363.342	363.372	46	B	48
363.372	363.462	1	AA1	48
363.462	363.552	59	NG	48
363.552	363.592	51	G	48
363.592	363.722	36	OW2	48
363.722	363.862	69	Z	48
363.862	363.902	1	AA1	48
363.902	363.932	61	R	48
363.932	364.032	57	M	48
364.032	364.062	68	Y	48
364.062	364.092	44	UW1	48
364.092	364.182	69	Z	48
364.182	364.232	27	IH0	48
364.232	364.262	54	K	48
364.262	364.302	6	AH0	48
364.302	364.392	56	L	48
364.392	364.452	28	IH1	48
364.452	364.492	58	N	48
364.492	364.582	62	S	48
364.582	364.612	64	T	48
364.612	364.702	61	R	48
364.702	364.732	6	AH0	48
364.732	364.762	57	M	48
364.762	364.792	6	AH0	48
364.792	364.822	58	N	48
364.822	364.862	64	T	48
364.862	364.992	62	S	48
364.992	365.402	74	sp	48
377.912	377.982	52	HH	49
377.982	378.142	13	AW1	49
378.142	378.212	51	G	49
378.212	378.322	6	AH0	49
378.322	378.362	48	D	49
378.362	378.412	28	IH1	49
378.412	378.572	69	Z	49
378.572	378.622	68	Y	49
378.622	378.652	10	AO1	49
378.652	378.742	61	R	49
378.742	378.792	19	EH1	49
378.792	378.852	58	N	49
378.852	378.902	48	D	49
378.902	379.082	21	ER0	49
379.082	379.112	6	AH0	49
379.112	379.212	58	N	49
379.212	379.322	62	S	49
385.422	385.522	49	DH	50
385.522	385.632	7	AH1	50
385.632	385.662	18	EH0	50
385.662	385.832	62	S	50
385.832	386.052	25	EY1	50
386.052	386.132	8	AH2	50
386.132	386.302	58	N	50
386.302	386.382	48	D	50
386.382	386.492	6	AH0	50
386.492	386.522	58	N	50
386.522	386.552	16	AY1	50
386.552	386.612	6	AH0	50
386.612	386.732	46	B	50
386.732	386.792	56	L	50
386.792	386.912	31	IY0	50
386.912	386.992	61	R	50
386.992	387.052	6	AH0	50
387.052	387.172	50	F	50
387.172	387.202	56	L	50
387.202	387.312	19	EH1	50
387.312	387.342	54	K	50
387.342	387.432	62	S	50
387.432	387.482	13	AW1	50
387.482	387.692	61	R	50
387.692	387.822	66	V	50
387.822	387.912	68	Y	50
387.912	388.082	44	UW1	50
388.082	388.892	74	sp	50
388.892	388.922	25	EY1	50
388.922	389.052	46	B	50
389.052	389.102	56	L	50
389.102	389.262	31	IY0	50
399.952	400.112	6	AH0	51
400.112	400.182	46	B	51
400.182	400.232	10	AO1	51
400.232	400.272	61	R	51
400.272	400.322	27	IH0	51
400.322	400.432	59	NG	51
400.432	400.462	58	N	51
400.462	400.612	1	AA1	51
400.612	400.692	66	V	51
400.692	400.722	6	AH0	51
400.722	400.812	56	L	51
400.812	400.982	28	IH1	51
400.982	401.112	69	Z	51
401.112	401.282	25	EY1	51
401.282	401.382	62	S	51
401.382	401.412	40	UH0	51
401.412	401.552	60	P	51
401.552	401.692	22	ER1	51
401.692	401.722	46	B	51
401.722	401.862	62	S	51
401.862	401.902	56	L	51
401.902	401.942	32	IY1	51
401.942	402.022	60	P	51
402.022	402.062	27	IH0	51
402.062	402.152	59	NG	51
402.152	402.212	60	P	51
402.212	402.252	28	IH1	51
402.252	402.362	56	L	51
412.432	412.552	10	AO1	52
412.552	412.612	61	R	52
412.612	412.682	6	AH0	52
412.682	412.712	58	N	52
412.712	412.742	53	JH	52
412.742	412.842	53	JH	52
412.842	412.892	44	UW1	52
412.892	412.972	62	S	52
412.972	413.042	64	T	52
413.042	413.142	25	EY1	52
413.142	413.252	62	S	52
413.252	413.282	64	T	52
413.282	413.402	62	S	52
413.402	413.452	50	F	52
413.452	413.532	7	AH1	52
413.532	413.592	58	N	52
413.592	413.632	31	IY0	52
413.632	413.792	4	AE1	52
413.792	413.852	50	F	52
413.852	413.882	64	T	52
413.882	413.952	21	ER0	52
413.952	414.092	64	T	52
414.092	414.162	44	UW1	52
414.162	414.202	65	TH	52
414.202	414.252	60	P	52
414.252	414.402	26	EY2	52
414.402	414.552	62	S	52
414.552	414.582	64	T	52
422.912	422.952	49	DH	53
422.952	423.11289783393585	7	AH1	53
423.11289783393585	423.332	67	W	53
423.332	423.452	28	IH1	53
423.452	423.512	56	L	53
423.512	423.542	6	AH0	53
423.542	423.572	67	W	53
423.572	423.602	31	IY0	53
423.602	423.632	67	W	53
423.632	423.662	41	UH1	53
423.662	423.762	57	M	53
423.762	423.832	6	AH0	53
423.832	423.912	58	N	53
423.912	423.962	67	W	53
423.962	424.022	10	AO1	53
424.022	424.112	61	R	53
424.112	424.242	25	EY1	53
424.242	424.392	57	M	53
424.392	424.492	7	AH1	53
424.492	424.692	62	S	53
424.692	424.722	54	K	53
424.722	424.762	61	R	53
424.762	424.922	5	AE2	53
424.922	424.982	64	T	53
424.982	425.072	54	K	53
425.072	425.232	35	OW1	53
425.232	425.262	64	T	53
435.742	435.772	49	DH	54
435.772	435.822	7	AH1	54
435.822	435.912	57	M	54
435.912	435.962	6	AH0	54
435.962	436.092	62	S	54
436.092	436.122	54	K	54
436.122	436.222	32	IY1	54
436.222	436.292	64	T	54
436.292	436.382	34	OW0	54
436.382	436.412	67	W	54
436.412	436.492	7	AH1	54
436.492	436.622	69	Z	54
436.622	436.662	61	R	54
436.662	436.712	31	IY0	54
436.712	436.832	64	T	54
436.832	436.862	61	R	54
436.862	436.912	4	AE1	54
436.912	436.992	54	K	54
436.992	437.062	64	T	54
437.062	437.172	6	AH0	54
437.172	437.202	48	D	54
437.202	437.232	67	W	54
437.232	437.312	28	IH1	54
437.312	437.432	65	TH	54
437.432	437.502	4	AE1	54
437.502	437.652	58	N	54
437.652	437.732	6	AH0	54
437.732	437.802	60	P	54
437.802	437.902	1	AA1	54
437.902	437.982	56	L	54
437.982	438.042	6	AH0	54
438.042	438.132	53	JH	54
438.132	438.272	31	IY0	54
447.142	447.3166418288116	16	AY1	55
447.3166418288116	447.452	62	S	55
447.452	447.612	10	AO1	55
447.612	447.892	16	AY1	55
447.892	448.072	53	JH	55
448.072	448.142	6	AH0	55
448.142	448.262	62	S	55
448.262	448.292	64	T	55
448.292	448.332	62	S	55
448.332	448.442	10	AO1	55
448.442	448.602	53	JH	55
448.602	448.682	28	IH1	55
448.682	448.762	57	M	55
448.762	448.882	58	N	55
448.882	449.032	28	IH1	55
449.032	449.062	61	R	55
449.062	449.102	49	DH	55
449.102	449.162	7	AH1	55
449.162	449.252	58	N	55
449.252	449.352	68	Y	55
449.352	449.602	44	UW1	55
449.602	449.702	74	sp	55
449.702	449.842	2	AA2	55
449.842	449.872	61	R	55
449.872	449.972	54	K	55
449.972	450.002	31	IY0	55
450.002	450.032	6	AH0	55
450.032	450.062	56	L	55
450.062	450.242	1	AA1	55
450.242	450.352	53	JH	55
450.352	450.392	27	IH0	55
450.392	450.442	54	K	55
450.442	450.482	6	AH0	55
450.482	450.512	56	L	55
450.512	450.622	57	M	55
450.622	450.652	68	Y	55
450.652	450.682	43	UW0	55
450.682	450.752	69	Z	55
450.752	450.802	32	IY1	55
450.802	450.872	6	AH0	55
450.872	450.972	57	M	55
463.112	463.152	61	R	56
463.152	463.272	16	AY1	56
463.272	463.302	64	T	56
463.302	463.372	58	N	56
463.372	463.532	13	AW1	56
463.532	463.622	57	M	56
463.622	463.712	25	EY1	56
463.712	463.782	58	N	56
463.782	463.942	1	AA1	56
463.942	463.972	64	T	56
463.972	464.012	46	B	56
464.012	464.132	32	IY1	56
464.132	464.192	49	DH	56
464.192	464.252	7	AH1	56
464.252	464.332	46	B	56
464.332	464.432	19	EH1	56
464.432	464.562	62	S	56
464.562	464.592	64	T	56
464.592	464.622	64	T	56
464.622	464.752	16	AY1	56
464.752	464.822	57	M	56
464.822	464.902	50	F	56
464.902	464.962	21	ER0	56
464.962	465.052	46	B	56
465.052	465.122	28	IH1	56
465.122	465.222	69	Z	56
465.222	465.262	58	N	56
465.262	465.352	6	AH0	56
465.352	465.472	62	S	56
465.472	465.542	57	M	56
465.542	465.602	22	ER1	56
465.602	465.732	53	JH	56
465.732	465.772	21	ER0	56
465.772	465.962	69	Z	56
474.162	474.212	49	DH	57
474.212	474.272	7	AH1	57
474.272	474.382	57	M	57
474.382	474.462	28	IH1	57
474.462	474.572	62	S	57
474.572	474.632	60	P	57
474.632	474.672	61	R	57
474.672	474.732	28	IH1	57
474.732	474.782	58	N	57
474.782	474.812	64	T	57
474.812	474.842	60	P	57
474.842	474.922	61	R	57
474.922	474.952	6	AH0	57
474.952	475.012	66	V	57
475.012	475.202	35	OW1	57
475.202	475.292	54	K	57
475.292	475.422	4	AE1	57
475.422	475.492	58	N	57
475.492	475.522	29	IH2	57
475.522	475.652	57	M	57
475.652	475.872	32	IY1	57
475.872	475.902	48	D	57
475.902	475.932	31	IY0	57
475.932	475.992	6	AH0	57
475.992	476.022	64	T	57
476.022	476.052	48	D	57
476.052	476.092	29	IH2	57
476.092	476.172	62	S	57
476.172	476.242	54	K	57
476.242	476.282	56	L	57
476.282	476.352	25	EY1	57
476.352	476.432	57	M	57
476.432	476.512	21	ER0	57
484.852	484.882	49	DH	58
484.882	485.002	25	EY1	58
485.002	485.132	10	AO1	58
485.132	485.172	56	L	58
485.172	485.202	18	EH0	58
485.202	485.262	58	N	58
485.262	485.342	53	JH	58
485.342	485.372	38	OY1	58
485.372	485.562	16	AY1	58
485.562	485.672	62	S	58
485.672	485.702	54	K	58
485.702	485.732	61	R	58
485.732	485.782	32	IY1	58
485.782	485.812	57	M	58
485.812	485.942	62	S	58
485.942	486.002	7	AH1	58
486.002	486.092	58	N	58
486.092	486.122	48	D	58
486.122	486.272	26	EY2	58
486.272	486.352	69	Z	58
486.352	486.402	74	sp	58
496.292	496.372	48	D	59
496.372	496.442	44	UW1	59
496.442	496.552	24	EY0	59
496.552	496.672	64	T	59
496.672	496.702	28	IH1	59
496.702	496.732	60	P	59
496.732	496.762	27	IH0	59
496.762	496.802	54	K	59
496.802	496.902	6	AH0	59
496.902	497.162	56	L	59
497.162	497.222	50	F	59
497.222	497.312	1	AA1	59
497.312	497.342	61	R	59
497.342	497.422	57	M	59
497.422	497.472	21	ER0	59
497.472	497.592	69	Z	59
497.592	497.642	51	G	59
497.642	497.802	61	R	59
497.802	497.842	35	OW1	59
497.842	498.042	35	OW1	59
498.042	498.112	64	T	59
498.112	498.252	62	S	59
498.252	498.752	73	ns	59
