393.12775	393.27774999999997	57	M	6
393.27774999999997	393.36775	7	AH1	6
393.36775	393.60775	57	M	6
393.60775	393.92774999999995	62	S	6
393.92774999999995	393.97775	64	T	6
393.97775	394.04774999999995	61	R	6
394.04774999999995	394.13775	10	AO1	6
394.13775	394.26775	59	NG	6
394.26775	394.32775	56	L	6
394.32775	394.43775	31	IY0	6
394.43775	394.52774999999997	48	D	6
394.52774999999997	394.56775	29	IH2	6
394.56775	394.67774999999995	62	S	6
394.67774999999995	394.73775	56	L	6
394.73775	394.82775	16	AY1	6
394.82775	394.86775	54	K	6
394.86775	394.94775	62	S	6
394.94775	395.06775	4	AE1	6
395.06775	395.11775	60	P	6
395.11775	395.15774999999996	6	AH0	6
395.15774999999996	395.23775	64	T	6
395.23775	395.34774999999996	17	AY2	6
395.34774999999996	395.42774999999995	69	Z	6
395.42774999999995	395.54774999999995	21	ER0	6
395.54774999999995	395.77774999999997	69	Z	6
404.2475	404.3575	49	DH	7
404.3575	404.46750000000003	35	OW1	7
404.46750000000003	404.5775	69	Z	7
404.5775	404.6575	52	HH	7
404.6575	404.7275	44	UW1	7
404.7275	404.8475	64	T	7
404.8475	404.9175	32	IY1	7
404.9175	405.01750000000004	47	CH	7
405.01750000000004	405.0975	66	V	7
405.0975	405.20750000000004	4	AE1	7
405.20750000000004	405.2875	56	L	7
405.2875	405.45750000000004	68	Y	7
405.45750000000004	405.4875	43	UW0	7
405.4875	405.63750000000005	69	Z	7
405.63750000000005	405.70750000000004	50	F	7
405.70750000000004	405.8275	22	ER1	7
405.8275	405.9175	62	S	7
405.9175	405.95750000000004	64	T	7
405.95750000000004	405.9975	6	AH0	7
405.9975	406.08750000000003	46	B	7
406.08750000000003	406.1675	1	AA1	7
406.1675	406.3075	56	L	7
406.3075	406.33750000000003	29	IH2	7
406.33750000000003	406.5375	63	SH	7
406.5375	406.6175	47	CH	7
406.6175	406.7375	32	IY1	7
406.7375	406.76750000000004	64	T	7
406.76750000000004	406.83750000000003	27	IH0	7
406.83750000000003	406.96750000000003	59	NG	7
415.1304375000001	415.2889848442894	6	AH0	10
415.2889848442894	415.442499791096	54	K	10
415.442499791096	415.51249979109605	61	R	10
415.51249979109605	415.672499791096	4	AE1	10
415.672499791096	415.76249979109605	46	B	10
415.76249979109605	415.89249979109604	47	CH	10
415.89249979109604	415.972499791096	4	AE1	10
415.972499791096	416.08249979109604	56	L	10
416.08249979109604	416.112499791096	6	AH0	10
416.112499791096	416.192499791096	58	N	10
416.192499791096	416.27249979109604	53	JH	10
416.27249979109604	416.302499791096	48	D	10
416.302499791096	416.362499791096	57	M	10
416.362499791096	416.552499791096	32	IY1	10
416.552499791096	416.612499791096	46	B	10
416.612499791096	416.662499791096	7	AH1	10
416.662499791096	416.70249979109605	64	T	10
416.70249979109605	416.74249979109607	6	AH0	10
416.74249979109607	416.89249979109604	54	K	10
416.89249979109604	416.942499791096	67	W	10
416.942499791096	416.982499791096	28	IH1	10
416.982499791096	417.062499791096	54	K	10
417.062499791096	417.182499791096	62	S	10
417.182499791096	417.232499791096	64	T	10
417.232499791096	417.412499791096	4	AE1	10
417.412499791096	417.46249979109604	46	B	10
417.46249979109604	417.542499791096	66	V	10
417.542499791096	417.59249979109603	4	AE1	10
417.59249979109603	417.692499791096	59	NG	10
417.692499791096	417.78249979109603	54	K	10
417.78249979109603	417.812499791096	67	W	10
417.812499791096	417.84249979109603	27	IH0	10
417.84249979109603	417.95249979109605	63	SH	10
417.95249979109605	418.00249979109606	64	T	10
418.00249979109606	418.052499791096	52	HH	10
418.052499791096	418.08249979109604	28	IH1	10
418.08249979109604	418.192499791096	57	M	10
426.552125	426.6017266284253	1	AA1	12
426.6017266284253	426.6717266284253	61	R	12
426.6717266284253	426.7917266284253	68	Y	12
426.7917266284253	426.9317266284253	44	UW1	12
426.9317266284253	426.98172662842535	56	L	12
426.98172662842535	427.0317266284253	41	UH1	12
427.0317266284253	427.12172662842534	54	K	12
427.12172662842534	427.1717266284253	27	IH0	12
427.1717266284253	427.2817266284253	59	NG	12
427.2817266284253	427.4417266284253	50	F	12
427.4417266284253	427.75172662842533	61	R	12
427.75172662842533	427.7817266284253	21	ER0	12
427.7817266284253	427.8117266284253	6	AH0	12
427.8117266284253	427.8917266284253	57	M	12
427.8917266284253	427.9717266284253	60	P	12
427.9717266284253	428.0217266284253	56	L	12
428.0217266284253	428.0717266284253	38	OY1	12
428.0717266284253	428.1617266284253	57	M	12
428.1617266284253	428.24172662842534	6	AH0	12
428.24172662842534	428.3317266284253	58	N	12
428.3317266284253	428.50172662842533	64	T	12
435.78272001786456	435.8325	73	ns	1
435.8325	435.98272001786455	63	SH	1
435.98272001786455	436.0727200178646	32	IY1	1
436.0727200178646	436.21272001786457	67	W	1
436.21272001786457	436.3227200178646	10	AO1	1
436.3227200178646	436.3927200178646	61	R	1
436.3927200178646	436.5227200178646	67	W	1
436.5227200178646	436.71272001786457	10	AO1	1
436.71272001786457	436.8827200178646	61	R	1
436.8827200178646	436.91272001786456	57	M	1
436.91272001786456	437.09272001786456	50	F	1
437.09272001786456	437.1427200178646	56	L	1
437.1427200178646	437.2527200178646	32	IY1	1
437.2527200178646	437.3827200178646	62	S	1
437.3827200178646	437.5027200178646	31	IY0	1
437.5027200178646	437.67272001786455	67	W	1
437.67272001786455	437.72272001786456	41	UH1	1
437.72272001786456	437.91272001786456	56	L	1
437.91272001786456	437.9427200178646	6	AH0	1
437.9427200178646	438.0027200178646	58	N	1
438.0027200178646	438.24272001786454	35	OW1	1
438.24272001786454	438.30272001786454	66	V	1
438.30272001786454	438.42272001786455	21	ER0	1
438.42272001786455	438.4527200178646	11	AO2	1
438.4527200178646	438.59272001786456	56	L	1
438.59272001786456	438.8927200178646	69	Z	1
446.720625	446.88062499999995	32	IY1	9
446.88062499999995	446.95062499999995	66	V	9
446.95062499999995	446.99062499999997	6	AH0	9
446.99062499999997	447.020625	58	N	9
447.020625	447.08062499999994	6	AH0	9
447.08062499999994	447.280625	62	S	9
447.280625	447.32062499999995	28	IH1	9
447.32062499999995	447.38062499999995	57	M	9
447.38062499999995	447.420625	60	P	9
447.420625	447.45062499999995	6	AH0	9
447.45062499999995	447.55062499999997	56	L	9
447.55062499999997	447.61062499999997	66	V	9
447.61062499999997	447.730625	34	OW0	9
447.730625	447.83062499999994	54	K	9
447.83062499999994	447.95062499999995	4	AE1	9
447.95062499999995	448.01062499999995	46	B	9
448.01062499999995	448.07062499999995	68	Y	9
448.07062499999995	448.11062499999997	6	AH0	9
448.11062499999997	448.160625	56	L	9
448.160625	448.24062499999997	20	EH2	9
448.24062499999997	448.290625	61	R	9
448.290625	448.36062499999997	31	IY0	9
448.36062499999997	448.45062499999995	54	K	9
448.45062499999995	448.480625	6	AH0	9
448.480625	448.540625	58	N	9
448.540625	448.61062499999997	64	T	9
448.61062499999997	448.720625	25	EY1	9
448.720625	448.780625	58	N	9
448.780625	448.88062499999995	69	Z	9
448.88062499999995	448.980625	62	S	9
448.980625	449.01062499999995	28	IH1	9
449.01062499999995	449.100625	57	M	9
449.100625	449.13062499999995	46	B	9
449.13062499999995	449.160625	6	AH0	9
449.160625	449.280625	56	L	9
449.280625	449.59062499999993	69	Z	9
457.7411875	457.7711875	51	G	11
457.7711875	457.85118750000004	56	L	11
457.85118750000004	457.9311875	44	UW1	11
457.9311875	458.0211875	54	K	11
458.0211875	458.1411875	36	OW2	11
458.1411875	458.2611875	62	S	11
458.2611875	458.29118750000004	4	AE1	11
458.29118750000004	458.33118750000006	58	N	11
458.33118750000006	458.3611875	48	D	11
458.3611875	458.4911875	50	F	11
458.4911875	458.58118750000006	61	R	11
458.58118750000006	458.6311875	44	UW1	11
458.6311875	458.67118750000003	54	K	11
458.67118750000003	458.7511875	64	T	11
458.7511875	458.8611875	36	OW2	11
458.8611875	458.9911875	62	S	11
458.9911875	459.04118750000004	1	AA1	11
459.04118750000004	459.1111875	61	R	11
459.1111875	459.20118750000006	58	N	11
459.20118750000006	459.35118750000004	4	AE1	11
459.35118750000004	459.44118750000007	47	CH	11
459.44118750000007	459.4911875	61	R	11
459.4911875	459.5211875	6	AH0	11
459.5211875	459.5611875000001	56	L	11
459.5611875000001	459.6811875	63	SH	11
459.6811875	459.7511875	41	UH1	11
459.7511875	459.78118750000004	51	G	11
459.78118750000004	459.91118750000004	21	ER0	11
459.91118750000004	459.9911875	69	Z	11
459.9911875	460.0511875	50	F	11
460.0511875	460.16118750000004	13	AW1	11
460.16118750000004	460.20118750000006	58	N	11
460.20118750000006	460.2411875	48	D	11
460.2411875	460.28118750000004	6	AH0	11
460.28118750000004	460.3611875	58	N	11
460.3611875	460.45118750000006	50	F	11
460.45118750000006	460.5511875	61	R	11
460.5511875	460.6311875	44	UW1	11
460.6311875	460.67118750000003	64	T	11
460.67118750000003	460.71118750000005	74	sp	11
469.5248125	469.61683417794416	58	N	17
469.61683417794416	469.6868341779441	7	AH1	17
469.6868341779441	469.8368341779441	65	TH	17
469.8368341779441	469.87683417794415	27	IH0	17
469.87683417794415	470.1868341779441	59	NG	17
470.1868341779441	470.3268341779441	28	IH1	17
470.3268341779441	470.4168341779441	69	Z	17
470.4168341779441	470.5568341779441	19	EH1	17
470.5568341779441	470.6568341779441	69	Z	17
470.6568341779441	470.6868341779441	6	AH0	17
470.6868341779441	470.7968341779441	50	F	17
470.7968341779441	470.8468341779441	19	EH1	17
470.8468341779441	470.9068341779441	58	N	17
470.9068341779441	471.0368341779441	62	S	17
471.0368341779441	471.0868341779441	27	IH0	17
471.0868341779441	471.1568341779441	66	V	17
471.1568341779441	471.2968341779441	19	EH1	17
471.2968341779441	471.4468341779441	69	Z	17
471.4468341779441	471.63683417794414	74	sp	17
471.63683417794414	471.7868341779441	28	IH1	17
471.7868341779441	471.8468341779441	58	N	17
471.8468341779441	472.1568341779441	74	sp	17
472.1568341779441	472.26683417794413	28	IH1	17
472.26683417794413	472.3068341779441	58	N	17
472.3068341779441	472.3468341779441	6	AH0	17
472.3468341779441	472.4768341779441	62	S	17
472.4768341779441	472.51683417794413	6	AH0	17
472.51683417794413	472.5868341779441	58	N	17
472.5868341779441	472.9368341779441	62	S	17
481.6664375	481.75113319592595	35	OW1	15
481.75113319592595	481.82113319592594	58	N	15
481.82113319592594	481.86113319592596	56	L	15
481.86113319592596	481.95113319592593	31	IY0	15
481.95113319592593	481.99113319592595	49	DH	15
481.99113319592595	482.091133195926	6	AH0	15
482.091133195926	482.14113319592593	46	B	15
482.14113319592593	482.24113319592595	19	EH1	15
482.24113319592595	482.39113319592593	62	S	15
482.39113319592593	482.4211331959259	64	T	15
482.4211331959259	482.471133195926	60	P	15
482.471133195926	482.5311331959259	56	L	15
482.5311331959259	482.61113319592596	25	EY1	15
482.61113319592596	482.75113319592595	21	ER0	15
482.75113319592595	482.841133195926	69	Z	15
482.841133195926	482.88113319592594	6	AH0	15
482.88113319592594	482.961133195926	58	N	15
482.961133195926	483.01113319592594	53	JH	15
483.01113319592594	483.1711331959259	38	OY1	15
483.1711331959259	483.23113319592596	60	P	15
483.23113319592596	483.38113319592594	2	AA2	15
483.38113319592594	483.45113319592593	60	P	15
483.45113319592593	483.51113319592594	68	Y	15
483.51113319592594	483.5411331959259	6	AH0	15
483.5411331959259	483.57113319592594	56	L	15
483.57113319592594	483.69113319592594	19	EH1	15
483.69113319592594	483.74113319592595	61	R	15
483.74113319592595	483.7711331959259	6	AH0	15
483.7711331959259	483.81113319592595	64	T	15
483.81113319592595	483.961133195926	31	IY0	15
493.1713125	493.2313125	74	sp	5
493.2313125	493.32131250000003	28	IH1	5
493.32131250000003	493.3613125	64	T	5
493.3613125	493.4413125	62	S	5
493.4413125	493.4713125	58	N	5
493.4713125	493.6213125	1	AA1	5
493.6213125	493.6513125	64	T	5
493.6513125	493.7913125	32	IY1	5
493.7913125	493.88131250000004	69	Z	5
493.88131250000004	493.9813125	31	IY0	5
493.9813125	494.0813125	64	T	5
494.0813125	494.1213125	6	AH0	5
494.1213125	494.2313125	54	K	5
494.2313125	494.2913125	61	R	5
494.2913125	494.3313125	31	IY0	5
494.3313125	494.4713125	25	EY1	5
494.4713125	494.51131250000003	64	T	5
494.51131250000003	494.5413125	29	IH2	5
494.5413125	494.7413125	56	L	5
494.7413125	494.8113125	44	UW1	5
494.8113125	494.8713125	57	M	5
494.8713125	494.9013125	6	AH0	5
494.9013125	494.95131250000003	58	N	5
494.95131250000003	495.0313125	26	EY2	5
495.0313125	495.07131250000003	64	T	5
495.07131250000003	495.1113125	27	IH0	5
495.1113125	495.2213125	59	NG	5
495.2213125	495.2913125	27	IH0	5
495.2913125	495.3413125	51	G	5
495.3413125	495.4313125	69	Z	5
495.4313125	495.5213125	4	AE1	5
495.5213125	495.5813125	57	M	5
495.5813125	495.6713125	60	P	5
495.6713125	495.70131250000003	6	AH0	5
495.70131250000003	495.75131250000004	56	L	5
495.75131250000004	496.07131250000003	69	Z	5
504.4080625	504.4680625	67	W	4
504.4680625	504.5880625	32	IY1	4
504.5880625	504.7480625	21	ER0	4
504.7480625	504.8780625	35	OW1	4
504.8780625	504.9680625	60	P	4
504.9680625	505.0580625	6	AH0	4
505.0580625	505.2580625	58	N	4
505.2580625	505.5080625	74	sp	4
505.5080625	505.6480625	19	EH1	4
505.6480625	505.7480625	66	V	4
505.7480625	505.8280625	61	R	4
505.8280625	505.8680625	31	IY0	4
505.8680625	505.9980625	57	M	4
505.9980625	506.0680625	7	AH1	4
506.0680625	506.1080625	58	N	4
506.1080625	506.1680625	48	D	4
506.1680625	506.2280625	26	EY2	4
506.2280625	506.4280625	32	IY1	4
506.4280625	506.4680625	66	V	4
506.4680625	506.5380625	58	N	4
506.5380625	506.5680625	27	IH0	4
506.5680625	506.6980625	59	NG	4
515.765625	515.895625	61	R	2
515.895625	516.005625	32	IY1	2
516.005625	516.035625	48	D	2
516.035625	516.095625	27	IH0	2
516.095625	516.175625	59	NG	2
516.175625	516.205625	6	AH0	2
516.205625	516.3256250000001	58	N	2
516.3256250000001	516.345625	74	sp	2
516.345625	516.425625	60	P	2
516.425625	516.505625	41	UH1	2
516.505625	516.585625	61	R	2
516.585625	516.6956250000001	56	L	2
516.6956250000001	516.845625	16	AY1	2
516.845625	517.005625	64	T	2
517.005625	517.035625	51	G	2
517.035625	517.095625	28	IH1	2
517.095625	517.125625	66	V	2
517.125625	517.185625	69	Z	2
517.185625	517.275625	68	Y	2
517.275625	517.365625	44	UW1	2
517.365625	517.525625	16	AY1	2
517.525625	517.655625	62	S	2
517.655625	517.705625	64	T	2
517.705625	517.765625	61	R	2
517.765625	517.865625	26	EY2	2
517.865625	518.015625	58	N	2
525.8023125	525.8995929264443	54	K	13
525.8995929264443	526.0295929264444	1	AA1	13
526.0295929264444	526.1495929264443	50	F	13
526.1495929264443	526.2895929264444	31	IY0	13
526.2895929264444	526.3795929264443	28	IH1	13
526.3795929264443	526.4595929264443	69	Z	13
526.4595929264443	526.5195929264443	51	G	13
526.5195929264443	526.6695929264442	61	R	13
526.6695929264442	526.7495929264443	35	OW1	13
526.7495929264443	526.7895929264444	58	N	13
526.7895929264444	526.9095929264442	1	AA1	13
526.9095929264442	526.9995929264443	58	N	13
526.9995929264443	527.1695929264442	62	S	13
527.1695929264442	527.2195929264443	64	T	13
527.2195929264443	527.3295929264443	32	IY1	13
527.3295929264443	527.4195929264442	60	P	13
527.4195929264442	527.4495929264443	74	sp	13
527.4495929264443	527.5795929264443	53	JH	13
527.5795929264443	527.6395929264443	7	AH1	13
527.6395929264443	527.6995929264443	59	NG	13
527.6995929264443	527.7395929264443	51	G	13
527.7395929264443	527.7695929264443	6	AH0	13
527.7695929264443	527.8195929264443	56	L	13
527.8195929264443	527.8795929264443	56	L	13
527.8795929264443	527.9695929264443	16	AY1	13
527.9695929264443	528.0395929264444	54	K	13
528.0395929264444	528.1695929264442	62	S	13
528.1695929264442	528.2495929264443	56	L	13
528.2495929264443	528.3495929264443	35	OW1	13
528.3495929264443	528.3795929264443	60	P	13
528.3795929264443	528.5095929264443	62	S	13
528.5095929264443	528.5895929264443	28	IH1	13
528.5895929264443	528.6995929264443	58	N	13
528.6995929264443	528.8195929264443	64	T	13
528.8195929264443	528.8495929264443	19	EH1	13
528.8495929264443	528.9395929264443	57	M	13
528.9395929264443	528.9895929264443	60	P	13
528.9895929264443	529.0795929264443	61	R	13
529.0795929264443	529.1195929264443	6	AH0	13
529.1195929264443	529.1795929264442	64	T	13
529.1795929264442	529.2695929264443	69	Z	13
529.2695929264443	529.4395929264443	35	OW1	13
529.4395929264443	529.6095929264443	58	N	13
529.6095929264443	529.8795929264443	69	Z	13
539.1573125	539.1724355530797	46	B	19
539.1724355530797	539.2924355530797	1	AA1	19
539.2924355530797	539.3624355530796	61	R	19
539.3624355530796	539.4224355530797	46	B	19
539.4224355530797	539.5424355530797	69	Z	19
539.5424355530797	539.6124355530796	51	G	19
539.6124355530796	539.7424355530798	35	OW1	19
539.7424355530798	539.7724355530797	56	L	19
539.7724355530797	539.8224355530797	48	D	19
539.8224355530797	539.9224355530797	46	B	19
539.9224355530797	540.0024355530797	61	R	19
540.0024355530797	540.0624355530797	25	EY1	19
540.0624355530797	540.1824355530797	62	S	19
540.1824355530797	540.2424355530798	56	L	19
540.2424355530798	540.3124355530797	6	AH0	19
540.3124355530797	540.3424355530797	64	T	19
540.3424355530797	540.4424355530797	67	W	19
540.4424355530797	540.4824355530798	6	AH0	19
540.4824355530798	540.5824355530797	69	Z	19
540.5824355530797	540.6724355530797	6	AH0	19
540.6724355530797	540.8624355530796	74	sp	19
540.8624355530796	540.9424355530797	51	G	19
540.9424355530797	541.0024355530797	61	R	19
541.0024355530797	541.0824355530797	5	AE2	19
541.0824355530797	541.1924355530797	53	JH	19
541.1924355530797	541.2224355530797	6	AH0	19
541.2224355530797	541.3024355530797	67	W	19
541.3024355530797	541.3624355530796	25	EY1	19
541.3624355530796	541.4924355530798	63	SH	19
541.4924355530798	541.5224355530797	6	AH0	19
541.5224355530797	541.5824355530797	58	N	19
541.5824355530797	541.6324355530796	60	P	19
541.6324355530796	541.6724355530797	61	R	19
541.6724355530797	541.7224355530797	19	EH1	19
541.7224355530797	541.8524355530797	69	Z	19
541.8524355530797	541.8824355530796	6	AH0	19
541.8824355530796	541.9424355530797	58	N	19
541.9424355530797	541.9824355530798	64	T	19
541.9824355530798	542.0324355530797	74	sp	19
552.3295625	552.4795624999999	32	IY1	3
552.4795624999999	552.5395625	66	V	3
552.5395625	552.5795625	6	AH0	3
552.5795625	552.6195624999999	58	N	3
552.6195624999999	553.0695625	16	AY1	3
553.0695625	553.1095624999999	6	AH0	3
553.1095624999999	553.2395624999999	54	K	3
553.2395624999999	553.3595624999999	25	EY1	3
553.3595624999999	553.4795624999999	70	ZH	3
553.4795624999999	553.5095624999999	6	AH0	3
553.5095624999999	553.5495625	58	N	3
553.5495625	553.5795625	6	AH0	3
553.5795625	553.6595625	56	L	3
553.6595625	553.7895625	31	IY0	3
553.7895625	553.8795624999999	51	G	3
553.8795624999999	553.9295625	19	EH1	3
553.9295625	554.0095624999999	64	T	3
554.0095624999999	554.0595625	49	DH	3
554.0595625	554.0895624999999	6	AH0	3
554.0895624999999	554.1995625	57	M	3
554.1995625	554.2495624999999	7	AH1	3
554.2495624999999	554.3195625	58	N	3
554.3195625	554.3595624999999	48	D	3
554.3595624999999	554.4595625	26	EY2	3
554.4595625	554.5395625	46	B	3
554.5395625	554.6195624999999	56	L	3
554.6195624999999	554.7695624999999	44	UW1	3
554.7695624999999	555.1495624999999	69	Z	3
563.1950625	563.2650625	67	W	14
563.2650625	563.3150625	32	IY1	14
563.3150625	563.4050625	67	W	14
563.4050625	563.4450625	19	EH1	14
563.4450625	563.5250625	56	L	14
563.5250625	563.6250625	54	K	14
563.6250625	563.6650625	6	AH0	14
563.6650625	563.8050625	57	M	14
563.8050625	563.8550625	57	M	14
563.8550625	563.9250625	19	EH1	14
563.9250625	563.9750624999999	58	N	14
563.9750624999999	564.0850625	31	IY0	14
564.0850625	564.1550625	58	N	14
564.1550625	564.2350624999999	68	Y	14
564.2350624999999	564.2750625	44	UW1	14
564.2750625	564.4250625	62	S	14
564.4250625	564.4650624999999	64	T	14
564.4650624999999	564.5450625	44	UW1	14
564.5450625	564.5850625	48	D	14
564.5850625	564.6350625	6	AH0	14
564.6350625	564.6850625	58	N	14
564.6850625	564.7150624999999	64	T	14
564.7150624999999	564.7650625	62	S	14
564.7650625	564.9150625	32	IY1	14
564.9150625	565.0350625	47	CH	14
565.0350625	565.1550625	68	Y	14
565.1550625	565.2150624999999	28	IH1	14
565.2150624999999	565.2950625	61	R	14
573.6916875	573.7416875	49	DH	8
573.7416875	573.7716875	6	AH0	8
573.7716875	573.9316875	50	F	8
573.9316875	573.9916875	61	R	8
573.9916875	574.0916874999999	16	AY1	8
574.0916874999999	574.1216875	64	T	8
574.1216875	574.1516875	6	AH0	8
574.1516875	574.1916875	58	N	8
574.1916875	574.2216874999999	48	D	8
574.2216874999999	574.3516875	47	CH	8
574.3516875	574.4916875	16	AY1	8
574.4916875	574.5916874999999	56	L	8
574.5916874999999	574.6216875	48	D	8
574.6216875	574.7116874999999	67	W	8
574.7116874999999	574.7416875	6	AH0	8
574.7416875	574.8516875	69	Z	8
574.8516875	574.9716874999999	53	JH	8
574.9716874999999	575.0416875	19	EH1	8
575.0416875	575.0916874999999	58	N	8
575.0916874999999	575.1316875	64	T	8
575.1316875	575.1616875	56	L	8
575.1616875	575.2316874999999	31	IY0	8
575.2316874999999	575.3616875	62	S	8
575.3616875	575.3916875	6	AH0	8
575.3916875	575.4316875	46	B	8
575.4316875	575.5416875	48	D	8
575.5416875	575.7116874999999	44	UW1	8
575.7116874999999	575.7716875	48	D	8
575.7716875	575.8316874999999	46	B	8
575.8316874999999	575.9416875	16	AY1	8
575.9416875	575.9716874999999	52	HH	8
575.9716874999999	576.0016875	6	AH0	8
576.0016875	576.1116875	69	Z	8
576.1116875	576.1916875	46	B	8
576.1916875	576.2716875	28	IH1	8
576.2716875	576.3516875	51	G	8
576.3516875	576.4316875	46	B	8
576.4316875	576.5516875	61	R	8
576.5516875	576.6116875	7	AH1	8
576.6116875	576.6716875	49	DH	8
576.6716875	576.7816875	21	ER0	8
585.4971875	585.5971875	62	S	18
585.5971875	585.6371875	64	T	18
585.6371875	585.7071875	32	IY1	18
585.7071875	585.7371875	66	V	18
585.7371875	585.7971875000001	67	W	18
585.7971875000001	585.9171875	10	AO1	18
585.9171875	586.0171875	61	R	18
586.0171875	586.0471875000001	6	AH0	18
586.0471875000001	586.1071875	46	B	18
586.1071875	586.2471875	61	R	18
586.2471875	586.3571875	16	AY1	18
586.3571875	586.4571875	64	T	18
586.4571875	586.5271875	61	R	18
586.5271875	586.6671875	19	EH1	18
586.6671875	586.7471875	48	D	18
586.7471875	586.8671875	54	K	18
586.8671875	587.0471875000001	4	AE1	18
587.0471875000001	587.1571875	70	ZH	18
587.1571875	587.2271875	57	M	18
587.2271875	587.2971875000001	27	IH0	18
587.2971875000001	587.3571875	61	R	18
587.3571875	587.4871875	62	S	18
587.4871875	587.5671875	67	W	18
587.5671875	587.6271875	19	EH1	18
587.6271875	587.7271875	64	T	18
587.7271875	587.9171875	21	ER0	18
607.1849375	607.2780792080838	54	K	16
607.2780792080838	607.3080792080838	4	AE1	16
607.3080792080838	607.4080792080838	56	L	16
607.4080792080838	607.4880792080837	62	S	16
607.4880792080837	607.5780792080838	31	IY0	16
607.5780792080838	607.6180792080837	6	AH0	16
607.6180792080837	607.6880792080838	57	M	16
607.6880792080838	607.7480792080837	57	M	16
607.7480792080837	607.8280792080838	25	EY1	16
607.8280792080838	607.8780792080838	54	K	16
607.8780792080838	607.9780792080837	62	S	16
607.9780792080837	608.0380792080838	46	B	16
608.0380792080838	608.2580792080837	35	OW1	16
608.2580792080837	608.3080792080838	58	N	16
608.3080792080838	608.4280792080838	69	Z	16
608.4280792080838	608.4580792080837	6	AH0	16
608.4580792080837	608.5480792080838	58	N	16
608.5480792080838	608.5780792080838	48	D	16
608.5780792080838	608.6780792080838	64	T	16
608.6780792080838	608.7780792080838	32	IY1	16
608.7780792080838	608.8480792080837	65	TH	16
608.8480792080837	608.9080792080838	74	sp	16
608.9080792080838	609.0580792080838	62	S	16
609.0580792080838	609.0980792080837	64	T	16
609.0980792080837	609.1880792080838	61	R	16
609.1880792080838	609.3080792080838	10	AO1	16
609.3080792080838	609.4480792080838	59	NG	16
