28.325170068027212	28.39417006802721	52	HH
28.39417006802721	28.50417006802721	13	AW1
28.50417006802721	28.614170068027214	48	D
28.614170068027214	28.694170068027212	44	UW1
28.694170068027212	28.893170068027214	68	Y
28.893170068027214	28.953170068027212	44	UW1
28.953170068027212	29.163170068027213	58	N
29.163170068027213	29.47217006802721	35	OW1
29.47217006802721	29.771170068027214	74	sp
29.771170068027214	29.82117006802721	57	M
29.82117006802721	29.921170068027212	16	AY1
29.921170068027212	30.011170068027212	58	N
30.011170068027212	30.19017006802721	25	EY1
30.19017006802721	30.290170068027212	57	M
30.290170068027212	39.242721088435374	74	sp
39.242721088435374	39.41172108843538	4	AE1
39.41172108843538	39.44172108843538	48	D
39.44172108843538	39.48172108843538	74	sp
39.48172108843538	39.531721088435376	49	DH
39.531721088435376	39.58172108843538	6	AH0
39.58172108843538	39.730721088435374	58	N
39.730721088435374	39.800721088435374	7	AH1
39.800721088435374	39.900721088435375	57	M
39.900721088435375	39.93072108843538	46	B
39.93072108843538	40.03072108843538	21	ER0
40.03072108843538	40.14072108843538	69	Z
40.14072108843538	40.239721088435374	64	T
40.239721088435374	40.299721088435376	6	AH0
40.299721088435376	40.409721088435376	51	G
40.409721088435376	40.53972108843538	19	EH1
40.53972108843538	40.608721088435374	49	DH
40.608721088435374	40.678721088435374	21	ER0
40.678721088435374	40.79872108843538	67	W
40.79872108843538	40.848721088435376	7	AH1
40.848721088435376	40.94872108843538	58	N
40.94872108843538	40.988721088435376	46	B
40.988721088435376	41.13772108843538	16	AY1
41.13772108843538	41.30772108843538	67	W
41.30772108843538	41.33772108843537	7	AH1
41.33772108843537	41.467721088435376	58	N
41.467721088435376	52.16734693877551	74	sp
52.16734693877551	52.31734693877551	52	HH
52.31734693877551	52.45634693877551	32	IY1
52.45634693877551	52.55634693877551	67	W
52.55634693877551	52.72634693877551	6	AH0
52.72634693877551	52.75634693877551	56	L
52.75634693877551	52.85634693877551	74	sp
52.85634693877551	52.90534693877551	6	AH0
52.90534693877551	53.12534693877551	56	L
53.12534693877551	53.47434693877551	13	AW1
53.47434693877551	53.943346938775505	74	sp
53.943346938775505	54.193346938775505	25	EY1
54.193346938775505	54.48234693877551	61	R
54.48234693877551	54.76134693877551	25	EY1
54.76134693877551	55.36034693877551	74	sp
55.36034693877551	55.470346938775506	56	L
55.470346938775506	55.70934693877551	16	AY1
55.70934693877551	73.18975056689342	74	sp
73.18975056689342	73.28875056689341	53	JH
73.28875056689341	73.45875056689343	1	AA1
73.45875056689343	73.65875056689342	58	N
73.65875056689342	73.86775056689342	69	Z
73.86775056689342	74.04775056689343	74	sp
74.04775056689343	74.08775056689342	46	B
74.08775056689342	74.12675056689342	61	R
74.12675056689342	74.26675056689342	7	AH1
74.26675056689342	74.40675056689342	49	DH
74.40675056689342	74.84575056689343	21	ER0
74.84575056689343	75.29475056689341	74	sp
75.29475056689341	75.42475056689342	61	R
75.42475056689342	75.65375056689342	31	IY0
75.65375056689342	76.10275056689342	60	P
76.10275056689342	76.40175056689343	25	EY1
76.40175056689343	76.82075056689342	58	N
76.82075056689342	77.20975056689342	64	T
77.20975056689342	77.23975056689342	6	AH0
77.23975056689342	77.38975056689343	48	D
77.38975056689343	77.92875056689343	74	sp
77.92875056689343	77.95875056689343	61	R
77.95875056689343	78.07875056689342	31	IY0
78.07875056689342	78.25775056689342	60	P
78.25775056689342	78.30775056689342	25	EY1
78.30775056689342	78.43775056689343	58	N
78.43775056689343	78.50775056689342	64	T
78.50775056689342	78.80675056689343	6	AH0
78.80675056689343	78.89675056689342	48	D
78.89675056689342	79.52475056689342	74	sp
79.52475056689342	79.57475056689343	49	DH
79.57475056689343	80.05375056689343	7	AH1
80.05375056689343	81.35075056689342	74	sp
81.35075056689342	81.41075056689343	51	G
81.41075056689343	81.64975056689342	21	ER0
81.64975056689342	81.79975056689342	1	AA1
81.79975056689342	81.82975056689342	70	ZH
81.82975056689342	82.04875056689342	74	sp
82.04875056689342	82.10875056689342	48	D
82.10875056689342	82.24875056689342	10	AO1
82.24875056689342	82.29875056689342	61	R
82.29875056689342	92.90956916099773	74	sp
92.90956916099773	92.99956916099772	52	HH
92.99956916099772	93.23956916099773	32	IY1
93.23956916099773	93.44856916099774	25	EY1
93.44856916099774	93.47856916099772	64	T
93.47856916099772	93.67856916099772	50	F
93.67856916099772	93.84756916099772	10	AO1
93.84756916099772	93.90756916099772	61	R
93.90756916099772	94.24656916099772	19	EH1
94.24656916099772	94.37656916099773	54	K
94.37656916099773	94.45656916099773	62	S
94.45656916099773	94.53656916099773	64	T
94.53656916099773	94.60556916099773	61	R
94.60556916099773	94.68556916099773	6	AH0
94.68556916099773	94.87556916099773	74	sp
94.87556916099773	95.06456916099773	19	EH1
95.06456916099773	95.11456916099773	51	G
95.11456916099773	95.4504431397075	69	Z
95.4504431397075	95.93256916099773	74	sp
95.93256916099773	96.06256916099773	50	F
96.06256916099773	96.20256916099773	21	ER0
96.20256916099773	96.24256916099773	46	B
96.24256916099773	96.37156916099772	61	R
96.37156916099772	96.40156916099772	19	EH1
96.40156916099772	96.49156916099773	54	K
96.49156916099773	96.54156916099772	50	F
96.54156916099772	96.58156916099773	6	AH0
96.58156916099773	96.61156916099773	62	S
96.61156916099773	96.66156916099773	64	T
96.66156916099773	108.3277097505669	74	sp
108.3277097505669	108.4777097505669	53	JH
108.4777097505669	108.6477097505669	25	EY1
108.6477097505669	108.82670975056689	58	N
108.82670975056689	108.9867097505669	74	sp
108.9867097505669	109.0867097505669	52	HH
109.0867097505669	109.1367097505669	19	EH1
109.1367097505669	109.3157097505669	56	L
109.3157097505669	109.3757097505669	60	P
109.3757097505669	109.4357097505669	64	T
109.4357097505669	109.6147097505669	52	HH
109.6147097505669	109.7447097505669	22	ER1
109.7447097505669	109.9947097505669	62	S
109.9947097505669	110.0637097505669	28	IH1
110.0637097505669	110.21370975056689	62	S
110.21370975056689	110.2737097505669	64	T
110.2737097505669	110.4037097505669	21	ER0
110.4037097505669	110.4737097505669	67	W
110.4737097505669	110.5127097505669	28	IH1
110.5127097505669	110.58270975056689	65	TH
110.58270975056689	110.7127097505669	52	HH
110.7127097505669	110.7827097505669	35	OW1
110.7827097505669	110.9027097505669	57	M
110.9027097505669	110.9717097505669	67	W
110.9717097505669	111.0017097505669	23	ER2
111.0017097505669	111.24532039036677	54	K
111.24532039036677	120.02984126984127	74	sp
120.02984126984127	120.07134921073835	48	D
120.07134921073835	120.17020257285468	28	IH1
120.17020257285468	120.2298455288456	48	D
120.2298455288456	120.35521297324034	68	Y
120.35521297324034	120.47521297324035	44	UW1
120.47521297324035	120.70521297324035	32	IY1
120.70521297324035	120.80421297324034	64	T
120.80421297324034	120.87421297324035	56	L
120.87421297324035	120.98421297324035	7	AH1
120.98421297324035	121.04421297324035	58	N
121.04421297324035	121.15421297324035	47	CH
121.15421297324035	121.19421297324034	68	Y
121.19421297324034	121.25321297324035	19	EH1
121.25321297324035	121.32321297324035	62	S
121.32321297324035	121.41321297324035	64	T
121.41321297324035	121.50321297324035	21	ER0
121.50321297324035	121.56321297324034	48	D
121.56321297324034	121.71221297324034	26	EY2
121.71221297324034	121.77221297324034	74	sp
121.77221297324034	130.402	74	sp
130.402	130.672	48	D
130.672	130.831	44	UW1
130.831	131.00099999999998	10	AO1
131.00099999999998	131.051	56	L
131.051	131.071	74	sp
131.071	131.24	50	F
131.24	131.32999999999998	1	AA1
131.32999999999998	131.36	61	R
131.36	131.5	57	M
131.5	131.629	21	ER0
131.629	131.769	69	Z
131.769	131.789	74	sp
131.789	131.849	51	G
131.849	131.97899999999998	61	R
131.97899999999998	132.118	35	OW1
132.118	132.31799999999998	60	P
132.31799999999998	132.358	6	AH0
132.358	132.488	64	T
132.488	132.627	25	EY1
132.627	132.677	64	T
132.677	132.837	34	OW0
132.837	133.11599999999999	69	Z
133.11599999999999	140.99124589706284	74	sp
140.99124589706284	141.04700680272109	60	P
141.04700680272109	141.11700680272108	28	IH1
141.11700680272108	141.27700680272108	54	K
141.27700680272108	141.45600680272108	74	sp
141.45600680272108	141.66600680272109	25	EY1
141.66600680272109	141.85500680272108	60	P
141.85500680272108	141.88500680272108	61	R
141.88500680272108	142.07500680272108	16	AY1
142.07500680272108	142.19400680272108	69	Z
142.19400680272108	142.28400680272108	50	F
142.28400680272108	142.32400680272107	61	R
142.32400680272107	142.38400680272107	7	AH1
142.38400680272107	142.57400680272107	57	M
142.57400680272107	142.60400680272107	49	DH
142.60400680272107	142.65300680272108	6	AH0
142.65300680272108	142.74300680272108	46	B
142.74300680272108	143.00300680272107	4	AE1
143.00300680272107	143.03300680272108	51	G
143.03300680272108	151.851	74	sp
151.851	151.89100000000002	49	DH
151.89100000000002	152.11	25	EY1
152.11	152.14000000000001	74	sp
152.14000000000001	152.46	10	AO1
152.46	152.50900000000001	56	L
152.50900000000001	152.549	56	L
152.549	152.80900000000003	16	AY1
152.80900000000003	152.87900000000002	54	K
152.87900000000002	152.99800000000002	56	L
152.99800000000002	153.208	10	AO1
153.208	153.387	59	NG
153.387	153.497	52	HH
153.497	153.637	1	AA1
153.637	153.67700000000002	64	T
153.67700000000002	153.876	63	SH
153.876	154.13600000000002	13	AW1
154.13600000000002	154.23600000000002	21	ER0
154.23600000000002	154.51462114998733	69	Z
154.51462114998733	168.82200755809248	74	sp
168.82200755809248	168.90868480725624	67	W
168.90868480725624	169.06768480725626	32	IY1
169.06768480725626	169.17768480725624	1	AA1
169.17768480725624	169.34768480725626	61	R
169.34768480725626	169.52668480725623	35	OW1
169.52668480725623	169.63668480725624	60	P
169.63668480725624	169.71668480725626	6	AH0
169.71668480725626	169.88568480725624	58	N
169.88568480725624	170.29568480725624	74	sp
170.29568480725624	170.41468480725624	19	EH1
170.41468480725624	170.51468480725623	66	V
170.51468480725623	170.55468480725625	21	ER0
170.55468480725625	170.61468480725625	31	IY0
170.61468480725625	170.77368480725625	57	M
170.77368480725625	170.87368480725624	7	AH1
170.87368480725624	170.93368480725624	58	N
170.93368480725624	170.96368480725624	48	D
170.96368480725624	171.20268480725625	31	IY0
171.20268480725625	171.34268480725623	32	IY1
171.34268480725623	171.47268480725626	66	V
171.47268480725626	171.69168480725625	58	N
171.69168480725625	171.72168480725625	27	IH0
171.72168480725625	171.75168480725625	59	NG
171.75168480725625	181.23156462585035	74	sp
181.23156462585035	181.41156462585033	67	W
181.41156462585033	181.53056462585033	32	IY1
181.53056462585033	181.69056462585033	67	W
181.69056462585033	181.73056462585035	19	EH1
181.73056462585035	181.79056462585035	56	L
181.79056462585035	181.95956462585033	54	K
181.95956462585033	182.03956462585035	6	AH0
182.03956462585035	182.16956462585034	57	M
182.16956462585034	182.26956462585034	57	M
182.26956462585034	182.34956462585035	19	EH1
182.34956462585035	182.44856462585034	58	N
182.44856462585034	182.56856462585034	31	IY0
182.56856462585034	182.73856462585033	58	N
182.73856462585033	182.81756462585034	68	Y
182.81756462585034	182.95756462585035	44	UW1
182.95756462585035	183.14756462585035	62	S
183.14756462585035	183.21756462585034	64	T
183.21756462585034	183.35656462585035	44	UW1
183.35656462585035	183.39656462585035	48	D
183.39656462585035	183.45656462585035	6	AH0
183.45656462585035	183.54656462585035	58	N
183.54656462585035	183.57656462585035	64	T
183.57656462585035	183.66656462585033	62	S
183.66656462585033	183.71556462585033	74	sp
183.71556462585033	183.84556462585033	32	IY1
183.84556462585033	184.02556462585034	47	CH
184.02556462585034	184.12556462585033	68	Y
184.12556462585033	184.47456462585035	28	IH1
184.47456462585035	184.50456462585035	61	R
184.50456462585035	198.09015873015872	74	sp
198.09015873015872	198.24015873015873	63	SH
198.24015873015873	198.35915873015873	32	IY1
198.35915873015873	198.5291587301587	62	S
198.5291587301587	198.66915873015873	60	P
198.66915873015873	198.93815873015873	28	IH1
198.93815873015873	199.07815873015872	56	L
199.07815873015872	199.14815873015874	48	D
199.14815873015874	202.0411587301587	74	sp
202.0411587301587	202.21115873015873	1	AA1
202.21115873015873	202.45019037487802	58	N
202.45019037487802	202.49418879222893	49	DH
202.49418879222893	202.5473189565772	31	IY0
202.5473189565772	203.6132428788143	74	sp
203.6132428788143	203.802519089305	62	S
203.802519089305	203.85564925365327	64	T
203.85564925365327	204.52515873015872	19	EH1
204.52515873015872	204.55515873015872	61	R
204.55515873015872	204.58515873015872	69	Z
204.58515873015872	214.77959183673468	74	sp
214.77959183673468	214.89859183673468	52	HH
214.89859183673468	215.0585918367347	13	AW1
215.0585918367347	215.35759183673468	57	M
215.35759183673468	215.57759183673468	7	AH1
215.57759183673468	215.8365918367347	47	CH
215.8365918367347	216.2155918367347	74	sp
216.2155918367347	216.25559183673468	6	AH0
216.25559183673468	216.6745918367347	56	L
216.6745918367347	216.9145918367347	13	AW1
216.9145918367347	216.9845918367347	6	AH0
216.9845918367347	217.1235918367347	58	N
217.1235918367347	217.3135918367347	62	S
217.3135918367347	217.36359183673468	74	sp
217.36359183673468	217.4135918367347	48	D
217.4135918367347	217.5025918367347	44	UW1
217.5025918367347	217.6025918367347	68	Y
217.6025918367347	217.6925918367347	44	UW1
217.6925918367347	217.7825918367347	51	G
217.7825918367347	217.9115918367347	19	EH1
217.9115918367347	217.9415918367347	64	T
217.9415918367347	231.83718820861677	74	sp
231.83718820861677	232.02718820861676	54	K
232.02718820861676	232.57518820861677	1	AA1
232.57518820861677	232.60518820861677	61	R
232.60518820861677	232.75518820861677	56	L
232.75518820861677	233.25418820861677	74	sp
233.25418820861677	233.43418820861677	56	L
233.43418820861677	233.60318820861679	28	IH1
233.60318820861679	233.64318820861678	66	V
233.64318820861678	233.68318820861677	69	Z
233.68318820861677	233.88218820861678	74	sp
233.88218820861678	233.93218820861676	6	AH0
233.93218820861676	234.13218820861678	58	N
234.13218820861678	234.28218820861676	25	EY1
234.28218820861676	234.48118820861677	66	V
234.48118820861677	234.70118820861677	19	EH1
234.70118820861677	234.86018820861676	61	R
234.86018820861676	235.04018820861677	31	IY0
235.04018820861677	235.28918820861676	62	S
235.28918820861676	235.37918820861677	57	M
235.37918820861677	235.56918820861677	10	AO1
235.56918820861677	235.63918820861676	56	L
235.63918820861676	236.03818820861676	74	sp
236.03818820861676	236.17718820861677	52	HH
236.17718820861677	236.33718820861677	13	AW1
236.33718820861677	236.40718820861676	62	S
236.40718820861676	253.5881179138322	74	sp
253.5881179138322	253.76519059675348	52	HH
253.76519059675348	254.05556697541545	13	AW1
254.05556697541545	254.26992715806205	48	D
254.26992715806205	254.69977021813818	44	UW1
254.69977021813818	259.2251179138322	74	sp
259.2251179138322	259.39411791383225	38	OY1
259.39411791383225	259.6941179138322	62	S
259.6941179138322	259.80311791383224	64	T
259.80311791383224	260.04311791383225	21	ER0
260.04311791383225	260.3521179138322	69	Z
260.3521179138322	260.46211791383223	74	sp
260.46211791383223	260.6021179138322	38	OY1
260.6021179138322	260.7011179138322	62	S
260.7011179138322	260.7711179138322	64	T
260.7711179138322	260.9411179138322	21	ER0
260.9411179138322	261.2301179138322	69	Z
261.2301179138322	261.38011791383224	57	M
261.38011791383224	261.5691179138322	25	EY1
261.5691179138322	261.5991179138322	54	K
261.5991179138322	262.2581179138322	74	sp
262.2581179138322	262.3681179138322	60	P
262.3681179138322	262.5071179138322	22	ER1
262.5071179138322	262.6371179138322	56	L
262.6371179138322	262.6671179138322	69	Z
262.6671179138322	273.7197278911565	74	sp
273.7197278911565	274.1787278911565	57	M
274.1787278911565	274.31872789115647	16	AY1
274.31872789115647	274.54772789115646	54	K
274.54772789115646	274.5877278911565	6	AH0
274.5877278911565	274.7677278911565	56	L
274.7677278911565	274.8567278911565	74	sp
274.8567278911565	274.99672789115647	54	K
274.99672789115647	275.03672789115643	7	AH1
275.03672789115643	275.20672789115645	56	L
275.20672789115645	275.34572789115646	21	ER0
275.34572789115646	275.40572789115646	48	D
275.40572789115646	275.75472789115645	74	sp
275.75472789115645	275.7847278911565	49	DH
275.7847278911565	276.04472789115647	7	AH1
276.04472789115647	276.20372789115646	74	sp
276.20372789115646	276.23372789115643	46	B
276.23372789115643	276.35372789115644	19	EH1
276.35372789115644	276.52372789115645	48	D
276.52372789115645	276.57272789115643	61	R
276.57272789115643	276.60272789115646	45	UW2
276.60272789115646	276.93272789115645	57	M
276.93272789115645	277.09172789115644	67	W
277.09172789115644	277.2917278911565	10	AO1
277.2917278911565	277.40172789115644	56	L
277.40172789115644	277.4507278911565	74	sp
277.4507278911565	277.5107278911565	67	W
277.5107278911565	277.55072789115644	28	IH1
277.55072789115644	277.62072789115643	65	TH
277.62072789115643	277.67072789115645	74	sp
277.67072789115645	277.8207278911565	54	K
277.8207278911565	277.86072789115644	61	R
277.86072789115644	278.01972789115644	25	EY1
278.01972789115644	278.04972789115646	2	AA2
278.04972789115646	278.2897278911565	58	N
278.2897278911565	278.46872789115645	69	Z
278.46872789115645	287.32861678004537	74	sp
287.32861678004537	287.45861678004536	63	SH
287.45861678004536	287.53761678004537	32	IY1
287.53761678004537	287.66761678004536	28	IH1
287.66761678004536	287.8076167800454	69	Z
287.8076167800454	287.8976167800454	64	T
287.8976167800454	287.9866167800454	10	AO1
287.9866167800454	288.0366167800454	56	L
288.0366167800454	288.1566167800454	21	ER0
288.1566167800454	288.19661678004536	74	sp
288.19661678004536	288.25661678004536	49	DH
288.25661678004536	288.3066167800454	6	AH0
288.3066167800454	288.3756167800454	58	N
288.3756167800454	288.6356167800454	16	AY1
288.6356167800454	288.72561678004536	4	AE1
288.72561678004536	288.8446167800454	57	M
288.8446167800454	298.04272108843537	74	sp
298.04272108843537	298.09172108843535	49	DH
298.09172108843535	298.30172108843533	7	AH1
298.30172108843533	298.40172108843535	61	R
298.40172108843535	298.53072108843537	35	OW1
298.53072108843537	298.6507210884354	69	Z
298.6507210884354	298.69072108843534	6	AH0
298.69072108843534	298.92072108843536	69	Z
298.92072108843536	298.96972108843534	62	S
298.96972108843534	299.03972108843533	57	M
299.03972108843533	299.12972108843536	19	EH1
299.12972108843536	299.15972108843533	56	L
299.15972108843533	299.2297210884354	48	D
299.2297210884354	299.28972108843533	66	V
299.28972108843533	299.46872108843536	19	EH1
299.46872108843536	299.49872108843533	61	R
299.49872108843533	299.6987210884354	31	IY0
299.6987210884354	299.89772108843533	62	S
299.89772108843533	299.92772108843536	67	W
299.92772108843536	300.05772108843536	32	IY1
300.05772108843536	300.4367210884354	64	T
300.4367210884354	316.2762811791383	74	sp
316.2762811791383	316.4524609528137	62	S
316.4524609528137	316.5024609528137	64	T
316.5024609528137	316.7324609528137	32	IY1
316.7324609528137	316.9414609528137	66	V
316.9414609528137	317.7094609528137	74	sp
317.7094609528137	317.8094609528137	67	W
317.8094609528137	317.9894609528137	10	AO1
317.9894609528137	318.0984609528137	61	R
318.0984609528137	318.4284609528137	74	sp
318.4284609528137	318.9074609528137	25	EY1
318.9074609528137	318.9474609528137	46	B
318.9474609528137	319.0764609528137	61	R
319.0764609528137	319.2964609528137	16	AY1
319.2964609528137	319.3564609528137	64	T
319.3564609528137	319.5654609528137	74	sp
319.5654609528137	319.6354609528137	61	R
319.6354609528137	319.7554609528137	19	EH1
319.7554609528137	319.8154609528137	48	D
319.8154609528137	320.0244609528137	62	S
320.0244609528137	320.1044609528137	67	W
320.1044609528137	320.16446095281367	19	EH1
320.16446095281367	320.2344609528137	64	T
320.2344609528137	320.3034609528137	21	ER0
320.3034609528137	339.01714285714286	74	sp
339.01714285714286	339.0471428571429	49	DH
339.0471428571429	339.36614285714285	7	AH1
339.36614285714285	339.3961428571429	74	sp
339.3961428571429	339.48614285714285	64	T
339.48614285714285	339.6461428571429	44	UW1
339.6461428571429	339.7351428571429	65	TH
339.7351428571429	339.82514285714285	74	sp
339.82514285714285	339.86514285714287	50	F
339.86514285714287	339.9751428571429	19	EH1
339.9751428571429	340.01514285714285	61	R
340.01514285714285	340.1051428571429	31	IY0
340.1051428571429	340.2441428571429	50	F
340.2441428571429	340.3741428571429	21	ER0
340.3741428571429	340.46414285714286	51	G
340.46414285714286	340.69314285714285	1	AA1
340.69314285714285	340.73314285714287	64	T
340.73314285714287	340.8231428571429	74	sp
340.8231428571429	340.93314285714285	64	T
340.93314285714285	340.9731428571429	6	AH0
340.9731428571429	341.15214285714285	54	K
341.15214285714285	341.2921428571429	7	AH1
341.2921428571429	341.39240654953636	57	M
341.39240654953636	341.5134638643494	67	W
341.5134638643494	341.74590833337305	28	IH1
341.74590833337305	341.8729862823272	58	N
341.8729862823272	343.52714285714285	74	sp
343.52714285714285	343.57714285714286	61	R
343.57714285714286	343.8161428571429	1	AA1
343.8161428571429	344.1551428571429	53	JH
344.1551428571429	344.2251428571429	21	ER0
344.2251428571429	345.1680970569199	74	sp
345.1680970569199	345.4603129608354	69	Z
345.4603129608354	345.7921428571429	74	sp
345.7921428571429	345.86114285714285	61	R
345.86114285714285	345.9511428571429	1	AA1
345.9511428571429	346.09114285714287	53	JH
346.09114285714287	346.16114285714286	21	ER0
346.16114285714286	346.4001428571429	69	Z
346.4001428571429	346.8191428571429	74	sp
346.8191428571429	346.9391428571429	64	T
346.9391428571429	347.14914285714286	44	UW1
347.14914285714286	347.22793676633574	65	TH
347.22793676633574	347.4055907533753	50	F
347.4055907533753	347.4720034588106	19	EH1
347.4720034588106	347.5151717173436	56	L
347.5151717173436	347.7371428571429	13	AW1
347.7371428571429	347.76714285714286	64	T
347.76714285714286	362.02213151927435	74	sp
362.02213151927435	362.0521315192744	46	B
362.0521315192744	362.19213151927437	22	ER1
362.19213151927437	362.30113151927435	65	TH
362.30113151927435	362.35113151927436	48	D
362.35113151927436	362.47113151927437	26	EY2
362.47113151927437	362.67113151927435	60	P
362.67113151927435	362.71013151927434	61	R
362.71013151927434	362.7901315192744	19	EH1
362.7901315192744	362.9201315192744	69	Z
362.9201315192744	362.95013151927435	6	AH0
362.95013151927435	363.08013151927435	58	N
363.08013151927435	363.1101315192744	64	T
363.1101315192744	363.14913151927436	62	S
363.14913151927436	363.35913151927434	52	HH
363.35913151927434	363.4991315192744	4	AE1
363.4991315192744	363.79813151927436	66	V
363.79813151927436	365.33413151927437	74	sp
365.33413151927437	365.47413151927435	54	K
365.47413151927435	365.71413151927436	7	AH1
365.71413151927436	365.7441315192744	60	P
365.7441315192744	365.8431315192744	54	K
365.8431315192744	366.01313151927434	26	EY2
366.01313151927434	366.06313151927435	54	K
366.06313151927435	366.0931315192744	62	S
366.0931315192744	366.1531315192744	74	sp
366.1531315192744	366.18313151927435	6	AH0
366.18313151927435	366.22213151927434	58	N
366.22213151927434	366.3021315192744	48	D
366.3021315192744	366.38213151927437	74	sp
366.38213151927437	366.52213151927435	16	AY1
366.52213151927435	366.73113151927436	62	S
366.73113151927436	366.81113151927434	54	K
366.81113151927434	366.84113151927437	61	R
366.84113151927437	366.87113151927434	32	IY1
366.87113151927434	367.03113151927437	57	M
367.03113151927437	378.84344671201814	74	sp
378.84344671201814	378.88344671201816	46	B
378.88344671201816	379.16244671201815	1	AA1
379.16244671201815	379.1924467120181	46	B
379.1924467120181	379.6014467120182	74	sp
379.6014467120182	379.7214467120182	56	L
379.7214467120182	379.86144671201816	41	UH1
379.86144671201816	380.0004467120182	54	K
380.0004467120182	380.52944671201817	64	T
380.52944671201817	380.56944671201813	50	F
380.56944671201813	380.62944671201814	10	AO1
380.62944671201814	380.7094467120182	61	R
380.7094467120182	380.89844671201814	62	S
380.89844671201814	381.00844671201816	32	IY1
381.00844671201816	381.1784467120182	63	SH
381.1784467120182	381.26844671201815	20	EH2
381.26844671201815	381.3274467120182	56	L
381.3274467120182	381.35744671201815	69	Z
381.35744671201815	381.42744671201814	46	B
381.42744671201814	381.6274467120181	16	AY1
381.6274467120181	381.93644671201815	74	sp
381.93644671201815	381.9664467120181	49	DH
381.9664467120181	382.13644671201814	7	AH1
382.13644671201814	382.25544671201817	35	OW1
382.25544671201817	382.38544671201817	63	SH
382.38544671201817	382.58544671201815	6	AH0
382.58544671201815	382.6444467120182	58	N
382.6444467120182	417.35809523809525	74	sp
