28.325170068027212	28.39417006802721	52	HH
28.39417006802721	28.50417006802721	13	AW1
28.50417006802721	28.614170068027214	48	D
28.614170068027214	28.694170068027212	44	UW1
28.694170068027212	28.893170068027214	68	Y
28.893170068027214	28.953170068027212	44	UW1
28.953170068027212	29.163170068027213	58	N
29.163170068027213	29.47217006802721	35	OW1
29.47217006802721	29.771170068027214	74	sp
29.771170068027214	29.82117006802721	57	M
29.82117006802721	29.921170068027212	16	AY1
29.921170068027212	30.011170068027212	58	N
30.011170068027212	30.19017006802721	25	EY1
30.19017006802721	30.290170068027212	57	M
30.290170068027212	39.242721088435374	74	sp
39.242721088435374	39.41172108843538	4	AE1
39.41172108843538	39.44172108843538	48	D
39.44172108843538	39.48172108843538	74	sp
39.48172108843538	39.531721088435376	49	DH
39.531721088435376	39.58172108843538	6	AH0
39.58172108843538	39.730721088435374	58	N
39.730721088435374	39.800721088435374	7	AH1
39.800721088435374	39.900721088435375	57	M
39.900721088435375	39.93072108843538	46	B
39.93072108843538	40.03072108843538	21	ER0
40.03072108843538	40.14072108843538	69	Z
40.14072108843538	40.239721088435374	64	T
40.239721088435374	40.299721088435376	6	AH0
40.299721088435376	40.409721088435376	51	G
40.409721088435376	40.53972108843538	19	EH1
40.53972108843538	40.608721088435374	49	DH
40.608721088435374	40.678721088435374	21	ER0
40.678721088435374	40.79872108843538	67	W
40.79872108843538	40.848721088435376	7	AH1
40.848721088435376	40.94872108843538	58	N
40.94872108843538	40.988721088435376	46	B
40.988721088435376	41.13772108843538	16	AY1
41.13772108843538	41.30772108843538	67	W
41.30772108843538	41.33772108843537	7	AH1
41.33772108843537	41.467721088435376	58	N
41.467721088435376	52.16734693877551	74	sp
52.16734693877551	52.31734693877551	52	HH
52.31734693877551	52.45634693877551	32	IY1
52.45634693877551	52.55634693877551	67	W
52.55634693877551	52.72634693877551	6	AH0
52.72634693877551	52.75634693877551	56	L
52.75634693877551	52.85634693877551	74	sp
52.85634693877551	52.90534693877551	6	AH0
52.90534693877551	53.12534693877551	56	L
53.12534693877551	53.47434693877551	13	AW1
53.47434693877551	53.943346938775505	74	sp
53.943346938775505	54.193346938775505	25	EY1
54.193346938775505	54.48234693877551	61	R
54.48234693877551	54.76134693877551	25	EY1
54.76134693877551	55.36034693877551	74	sp
55.36034693877551	55.470346938775506	56	L
55.470346938775506	55.70934693877551	16	AY1
55.70934693877551	73.18975056689342	74	sp
73.18975056689342	73.28875056689341	53	JH
73.28875056689341	73.45875056689343	1	AA1
73.45875056689343	73.65875056689342	58	N
73.65875056689342	73.86775056689342	69	Z
73.86775056689342	74.04775056689343	74	sp
74.04775056689343	74.08775056689342	46	B
74.08775056689342	74.12675056689342	61	R
74.12675056689342	74.26675056689342	7	AH1
74.26675056689342	74.40675056689342	49	DH
74.40675056689342	74.84575056689343	21	ER0
74.84575056689343	75.29475056689341	74	sp
75.29475056689341	75.42475056689342	61	R
75.42475056689342	75.65375056689342	31	IY0
75.65375056689342	76.10275056689342	60	P
76.10275056689342	76.40175056689343	25	EY1
76.40175056689343	76.82075056689342	58	N
76.82075056689342	77.20975056689342	64	T
77.20975056689342	77.23975056689342	6	AH0
77.23975056689342	77.38975056689343	48	D
77.38975056689343	77.92875056689343	74	sp
77.92875056689343	77.95875056689343	61	R
77.95875056689343	78.07875056689342	31	IY0
78.07875056689342	78.25775056689342	60	P
78.25775056689342	78.30775056689342	25	EY1
78.30775056689342	78.43775056689343	58	N
78.43775056689343	78.50775056689342	64	T
78.50775056689342	78.80675056689343	6	AH0
78.80675056689343	78.89675056689342	48	D
78.89675056689342	79.52475056689342	74	sp
79.52475056689342	79.57475056689343	49	DH
79.57475056689343	80.05375056689343	7	AH1
80.05375056689343	81.35075056689342	74	sp
81.35075056689342	81.41075056689343	51	G
81.41075056689343	81.64975056689342	21	ER0
81.64975056689342	81.79975056689342	1	AA1
81.79975056689342	81.82975056689342	70	ZH
81.82975056689342	82.04875056689342	74	sp
82.04875056689342	82.10875056689342	48	D
82.10875056689342	82.24875056689342	10	AO1
82.24875056689342	82.29875056689342	61	R
82.29875056689342	92.90956916099773	74	sp
92.90956916099773	92.99956916099772	52	HH
92.99956916099772	93.23956916099773	32	IY1
93.23956916099773	93.44856916099774	25	EY1
93.44856916099774	93.47856916099772	64	T
93.47856916099772	93.67856916099772	50	F
93.67856916099772	93.84756916099772	10	AO1
93.84756916099772	93.90756916099772	61	R
93.90756916099772	94.24656916099772	19	EH1
94.24656916099772	94.37656916099773	54	K
94.37656916099773	94.45656916099773	62	S
94.45656916099773	94.53656916099773	64	T
94.53656916099773	94.60556916099773	61	R
94.60556916099773	94.68556916099773	6	AH0
94.68556916099773	94.87556916099773	74	sp
94.87556916099773	95.06456916099773	19	EH1
95.06456916099773	95.11456916099773	51	G
95.11456916099773	95.4504431397075	69	Z
95.4504431397075	95.93256916099773	74	sp
95.93256916099773	96.06256916099773	50	F
96.06256916099773	96.20256916099773	21	ER0
96.20256916099773	96.24256916099773	46	B
96.24256916099773	96.37156916099772	61	R
96.37156916099772	96.40156916099772	19	EH1
96.40156916099772	96.49156916099773	54	K
96.49156916099773	96.54156916099772	50	F
96.54156916099772	96.58156916099773	6	AH0
96.58156916099773	96.61156916099773	62	S
96.61156916099773	96.66156916099773	64	T
96.66156916099773	108.3277097505669	74	sp
108.3277097505669	108.4777097505669	53	JH
108.4777097505669	108.6477097505669	25	EY1
108.6477097505669	108.82670975056689	58	N
108.82670975056689	108.9867097505669	74	sp
108.9867097505669	109.0867097505669	52	HH
109.0867097505669	109.1367097505669	19	EH1
109.1367097505669	109.3157097505669	56	L
109.3157097505669	109.3757097505669	60	P
109.3757097505669	109.4357097505669	64	T
109.4357097505669	109.6147097505669	52	HH
109.6147097505669	109.7447097505669	22	ER1
109.7447097505669	109.9947097505669	62	S
109.9947097505669	110.0637097505669	28	IH1
110.0637097505669	110.21370975056689	62	S
110.21370975056689	110.2737097505669	64	T
110.2737097505669	110.4037097505669	21	ER0
110.4037097505669	110.4737097505669	67	W
110.4737097505669	110.5127097505669	28	IH1
110.5127097505669	110.58270975056689	65	TH
110.58270975056689	110.7127097505669	52	HH
110.7127097505669	110.7827097505669	35	OW1
110.7827097505669	110.9027097505669	57	M
110.9027097505669	110.9717097505669	67	W
110.9717097505669	111.0017097505669	23	ER2
111.0017097505669	111.24532039036677	54	K
111.24532039036677	120.02984126984127	74	sp
120.02984126984127	120.07134921073835	48	D
120.07134921073835	120.17020257285468	28	IH1
120.17020257285468	120.2298455288456	48	D
120.2298455288456	120.35521297324034	68	Y
120.35521297324034	120.47521297324035	44	UW1
120.47521297324035	120.70521297324035	32	IY1
120.70521297324035	120.80421297324034	64	T
120.80421297324034	120.87421297324035	56	L
120.87421297324035	120.98421297324035	7	AH1
120.98421297324035	121.04421297324035	58	N
121.04421297324035	121.15421297324035	47	CH
121.15421297324035	121.19421297324034	68	Y
121.19421297324034	121.25321297324035	19	EH1
121.25321297324035	121.32321297324035	62	S
121.32321297324035	121.41321297324035	64	T
121.41321297324035	121.50321297324035	21	ER0
121.50321297324035	121.56321297324034	48	D
121.56321297324034	121.71221297324034	26	EY2
121.71221297324034	121.77221297324034	74	sp
121.77221297324034	130.402	74	sp
130.402	130.672	48	D
130.672	130.831	44	UW1
130.831	131.00099999999998	10	AO1
131.00099999999998	131.051	56	L
131.051	131.071	74	sp
131.071	131.24	50	F
131.24	131.32999999999998	1	AA1
131.32999999999998	131.36	61	R
131.36	131.5	57	M
131.5	131.629	21	ER0
131.629	131.769	69	Z
131.769	131.789	74	sp
131.789	131.849	51	G
131.849	131.97899999999998	61	R
131.97899999999998	132.118	35	OW1
132.118	132.31799999999998	60	P
132.31799999999998	132.358	6	AH0
132.358	132.488	64	T
132.488	132.627	25	EY1
132.627	132.677	64	T
132.677	132.837	34	OW0
132.837	133.11599999999999	69	Z
133.11599999999999	140.99124589706284	74	sp
140.99124589706284	141.04700680272109	60	P
141.04700680272109	141.11700680272108	28	IH1
141.11700680272108	141.27700680272108	54	K
141.27700680272108	141.45600680272108	74	sp
141.45600680272108	141.66600680272109	25	EY1
141.66600680272109	141.85500680272108	60	P
141.85500680272108	141.88500680272108	61	R
141.88500680272108	142.07500680272108	16	AY1
142.07500680272108	142.19400680272108	69	Z
142.19400680272108	142.28400680272108	50	F
142.28400680272108	142.32400680272107	61	R
142.32400680272107	142.38400680272107	7	AH1
142.38400680272107	142.57400680272107	57	M
142.57400680272107	142.60400680272107	49	DH
142.60400680272107	142.65300680272108	6	AH0
142.65300680272108	142.74300680272108	46	B
142.74300680272108	143.00300680272107	4	AE1
143.00300680272107	143.03300680272108	51	G
143.03300680272108	151.851	74	sp
151.851	151.89100000000002	49	DH
151.89100000000002	152.11	25	EY1
152.11	152.14000000000001	74	sp
152.14000000000001	152.46	10	AO1
152.46	152.50900000000001	56	L
152.50900000000001	152.549	56	L
152.549	152.80900000000003	16	AY1
152.80900000000003	152.87900000000002	54	K
152.87900000000002	152.99800000000002	56	L
152.99800000000002	153.208	10	AO1
153.208	153.387	59	NG
153.387	153.497	52	HH
153.497	153.637	1	AA1
153.637	153.67700000000002	64	T
153.67700000000002	153.876	63	SH
153.876	154.13600000000002	13	AW1
154.13600000000002	154.23600000000002	21	ER0
154.23600000000002	154.51462114998733	69	Z
154.51462114998733	168.82200755809248	74	sp
168.82200755809248	168.90868480725624	67	W
168.90868480725624	169.06768480725626	32	IY1
169.06768480725626	169.17768480725624	1	AA1
169.17768480725624	169.34768480725626	61	R
169.34768480725626	169.52668480725623	35	OW1
169.52668480725623	169.63668480725624	60	P
169.63668480725624	169.71668480725626	6	AH0
169.71668480725626	169.88568480725624	58	N
169.88568480725624	170.29568480725624	74	sp
170.29568480725624	170.41468480725624	19	EH1
170.41468480725624	170.51468480725623	66	V
170.51468480725623	170.55468480725625	21	ER0
170.55468480725625	170.61468480725625	31	IY0
170.61468480725625	170.77368480725625	57	M
170.77368480725625	170.87368480725624	7	AH1
170.87368480725624	170.93368480725624	58	N
170.93368480725624	170.96368480725624	48	D
170.96368480725624	171.20268480725625	31	IY0
171.20268480725625	171.34268480725623	32	IY1
171.34268480725623	171.47268480725626	66	V
171.47268480725626	171.69168480725625	58	N
171.69168480725625	171.72168480725625	27	IH0
171.72168480725625	171.75168480725625	59	NG
171.75168480725625	181.23156462585035	74	sp
181.23156462585035	181.41156462585033	67	W
181.41156462585033	181.53056462585033	32	IY1
181.53056462585033	181.69056462585033	67	W
181.69056462585033	181.73056462585035	19	EH1
181.73056462585035	181.79056462585035	56	L
181.79056462585035	181.95956462585033	54	K
181.95956462585033	182.03956462585035	6	AH0
182.03956462585035	182.16956462585034	57	M
182.16956462585034	182.26956462585034	57	M
182.26956462585034	182.34956462585035	19	EH1
182.34956462585035	182.44856462585034	58	N
182.44856462585034	182.56856462585034	31	IY0
182.56856462585034	182.73856462585033	58	N
182.73856462585033	182.81756462585034	68	Y
182.81756462585034	182.95756462585035	44	UW1
182.95756462585035	183.14756462585035	62	S
183.14756462585035	183.21756462585034	64	T
183.21756462585034	183.35656462585035	44	UW1
183.35656462585035	183.39656462585035	48	D
183.39656462585035	183.45656462585035	6	AH0
183.45656462585035	183.54656462585035	58	N
183.54656462585035	183.57656462585035	64	T
183.57656462585035	183.66656462585033	62	S
183.66656462585033	183.71556462585033	74	sp
183.71556462585033	183.84556462585033	32	IY1
183.84556462585033	184.02556462585034	47	CH
184.02556462585034	184.12556462585033	68	Y
184.12556462585033	184.47456462585035	28	IH1
184.47456462585035	184.50456462585035	61	R
184.50456462585035	198.09015873015872	74	sp
198.09015873015872	198.24015873015873	63	SH
198.24015873015873	198.35915873015873	32	IY1
198.35915873015873	198.5291587301587	62	S
198.5291587301587	198.66915873015873	60	P
198.66915873015873	198.93815873015873	28	IH1
198.93815873015873	199.07815873015872	56	L
199.07815873015872	199.14815873015874	48	D
199.14815873015874	202.0411587301587	74	sp
202.0411587301587	202.21115873015873	1	AA1
202.21115873015873	202.45019037487802	58	N
202.45019037487802	202.49418879222893	49	DH
202.49418879222893	202.5473189565772	31	IY0
202.5473189565772	203.6132428788143	74	sp
203.6132428788143	203.802519089305	62	S
203.802519089305	203.85564925365327	64	T
203.85564925365327	204.52515873015872	19	EH1
204.52515873015872	204.55515873015872	61	R
204.55515873015872	204.58515873015872	69	Z
204.58515873015872	214.77959183673468	74	sp
214.77959183673468	214.89859183673468	52	HH
214.89859183673468	215.0585918367347	13	AW1
215.0585918367347	215.35759183673468	57	M
215.35759183673468	215.57759183673468	7	AH1
215.57759183673468	215.8365918367347	47	CH
215.8365918367347	216.2155918367347	74	sp
216.2155918367347	216.25559183673468	6	AH0
216.25559183673468	216.6745918367347	56	L
216.6745918367347	216.9145918367347	13	AW1
216.9145918367347	216.9845918367347	6	AH0
216.9845918367347	217.1235918367347	58	N
217.1235918367347	217.3135918367347	62	S
217.3135918367347	217.36359183673468	74	sp
217.36359183673468	217.4135918367347	48	D
217.4135918367347	217.5025918367347	44	UW1
217.5025918367347	217.6025918367347	68	Y
217.6025918367347	217.6925918367347	44	UW1
217.6925918367347	217.7825918367347	51	G
217.7825918367347	217.9115918367347	19	EH1
217.9115918367347	217.9415918367347	64	T
217.9415918367347	231.83718820861677	74	sp
231.83718820861677	232.02718820861676	54	K
232.02718820861676	232.57518820861677	1	AA1
232.57518820861677	232.60518820861677	61	R
232.60518820861677	232.75518820861677	56	L
232.75518820861677	233.25418820861677	74	sp
233.25418820861677	233.43418820861677	56	L
233.43418820861677	233.60318820861679	28	IH1
233.60318820861679	233.64318820861678	66	V
233.64318820861678	233.68318820861677	69	Z
233.68318820861677	233.88218820861678	74	sp
233.88218820861678	233.93218820861676	6	AH0
233.93218820861676	234.13218820861678	58	N
234.13218820861678	234.28218820861676	25	EY1
234.28218820861676	234.48118820861677	66	V
234.48118820861677	234.70118820861677	19	EH1
234.70118820861677	234.86018820861676	61	R
234.86018820861676	235.04018820861677	31	IY0
235.04018820861677	235.28918820861676	62	S
235.28918820861676	235.37918820861677	57	M
235.37918820861677	235.56918820861677	10	AO1
235.56918820861677	235.63918820861676	56	L
235.63918820861676	236.03818820861676	74	sp
236.03818820861676	236.17718820861677	52	HH
236.17718820861677	236.33718820861677	13	AW1
236.33718820861677	236.40718820861676	62	S
236.40718820861676	253.5881179138322	74	sp
253.5881179138322	253.76519059675348	52	HH
253.76519059675348	254.05556697541545	13	AW1
254.05556697541545	254.26992715806205	48	D
254.26992715806205	254.69977021813818	44	UW1
254.69977021813818	259.2251179138322	74	sp
259.2251179138322	259.39411791383225	38	OY1
259.39411791383225	259.6941179138322	62	S
259.6941179138322	259.80311791383224	64	T
259.80311791383224	260.04311791383225	21	ER0
260.04311791383225	260.3521179138322	69	Z
260.3521179138322	260.46211791383223	74	sp
260.46211791383223	260.6021179138322	38	OY1
260.6021179138322	260.7011179138322	62	S
260.7011179138322	260.7711179138322	64	T
260.7711179138322	260.9411179138322	21	ER0
260.9411179138322	261.2301179138322	69	Z
261.2301179138322	261.38011791383224	57	M
261.38011791383224	261.5691179138322	25	EY1
261.5691179138322	261.5991179138322	54	K
261.5991179138322	262.2581179138322	74	sp
262.2581179138322	262.3681179138322	60	P
262.3681179138322	262.5071179138322	22	ER1
262.5071179138322	262.6371179138322	56	L
262.6371179138322	262.6671179138322	69	Z
262.6671179138322	273.7197278911565	74	sp
273.7197278911565	274.1787278911565	57	M
274.1787278911565	274.31872789115647	16	AY1
274.31872789115647	274.54772789115646	54	K
274.54772789115646	274.5877278911565	6	AH0
274.5877278911565	274.7677278911565	56	L
274.7677278911565	274.8567278911565	74	sp
274.8567278911565	274.99672789115647	54	K
274.99672789115647	275.03672789115643	7	AH1
275.03672789115643	275.20672789115645	56	L
275.20672789115645	275.34572789115646	21	ER0
275.34572789115646	275.40572789115646	48	D
275.40572789115646	275.75472789115645	74	sp
275.75472789115645	275.7847278911565	49	DH
275.7847278911565	276.04472789115647	7	AH1
276.04472789115647	276.20372789115646	74	sp
276.20372789115646	276.23372789115643	46	B
276.23372789115643	276.35372789115644	19	EH1
276.35372789115644	276.52372789115645	48	D
276.52372789115645	276.57272789115643	61	R
276.57272789115643	276.60272789115646	45	UW2
276.60272789115646	276.93272789115645	57	M
276.93272789115645	277.09172789115644	67	W
277.09172789115644	277.2917278911565	10	AO1
277.2917278911565	277.40172789115644	56	L
277.40172789115644	277.4507278911565	74	sp
277.4507278911565	277.5107278911565	67	W
277.5107278911565	277.55072789115644	28	IH1
277.55072789115644	277.62072789115643	65	TH
277.62072789115643	277.67072789115645	74	sp
277.67072789115645	277.8207278911565	54	K
277.8207278911565	277.86072789115644	61	R
277.86072789115644	278.01972789115644	25	EY1
278.01972789115644	278.04972789115646	2	AA2
278.04972789115646	278.2897278911565	58	N
278.2897278911565	278.46872789115645	69	Z
278.46872789115645	287.32861678004537	74	sp
287.32861678004537	287.45861678004536	63	SH
287.45861678004536	287.53761678004537	32	IY1
287.53761678004537	287.66761678004536	28	IH1
287.66761678004536	287.8076167800454	69	Z
287.8076167800454	287.8976167800454	64	T
287.8976167800454	287.9866167800454	10	AO1
287.9866167800454	288.0366167800454	56	L
288.0366167800454	288.1566167800454	21	ER0
288.1566167800454	288.19661678004536	74	sp
288.19661678004536	288.25661678004536	49	DH
288.25661678004536	288.3066167800454	6	AH0
288.3066167800454	288.3756167800454	58	N
288.3756167800454	288.6356167800454	16	AY1
288.6356167800454	288.72561678004536	4	AE1
288.72561678004536	288.8446167800454	57	M
288.8446167800454	298.04272108843537	74	sp
298.04272108843537	298.09172108843535	49	DH
298.09172108843535	298.30172108843533	7	AH1
298.30172108843533	298.40172108843535	61	R
298.40172108843535	298.53072108843537	35	OW1
298.53072108843537	298.6507210884354	69	Z
298.6507210884354	298.69072108843534	6	AH0
298.69072108843534	298.92072108843536	69	Z
298.92072108843536	298.96972108843534	62	S
298.96972108843534	299.03972108843533	57	M
299.03972108843533	299.12972108843536	19	EH1
299.12972108843536	299.15972108843533	56	L
299.15972108843533	299.2297210884354	48	D
299.2297210884354	299.28972108843533	66	V
299.28972108843533	299.46872108843536	19	EH1
299.46872108843536	299.49872108843533	61	R
299.49872108843533	299.6987210884354	31	IY0
299.6987210884354	299.89772108843533	62	S
299.89772108843533	299.92772108843536	67	W
299.92772108843536	300.05772108843536	32	IY1
300.05772108843536	300.4367210884354	64	T
300.4367210884354	316.2762811791383	74	sp
316.2762811791383	316.4524609528137	62	S
316.4524609528137	316.5024609528137	64	T
316.5024609528137	316.7324609528137	32	IY1
316.7324609528137	316.9414609528137	66	V
316.9414609528137	317.7094609528137	74	sp
317.7094609528137	317.8094609528137	67	W
317.8094609528137	317.9894609528137	10	AO1
317.9894609528137	318.0984609528137	61	R
318.0984609528137	318.4284609528137	74	sp
318.4284609528137	318.9074609528137	25	EY1
318.9074609528137	318.9474609528137	46	B
318.9474609528137	319.0764609528137	61	R
319.0764609528137	319.2964609528137	16	AY1
319.2964609528137	319.3564609528137	64	T
319.3564609528137	319.5654609528137	74	sp
319.5654609528137	319.6354609528137	61	R
319.6354609528137	319.7554609528137	19	EH1
319.7554609528137	319.8154609528137	48	D
319.8154609528137	320.0244609528137	62	S
320.0244609528137	320.1044609528137	67	W
320.1044609528137	320.16446095281367	19	EH1
320.16446095281367	320.2344609528137	64	T
320.2344609528137	320.3034609528137	21	ER0
320.3034609528137	339.01714285714286	74	sp
339.01714285714286	339.0471428571429	49	DH
339.0471428571429	339.36614285714285	7	AH1
339.36614285714285	339.3961428571429	74	sp
339.3961428571429	339.48614285714285	64	T
339.48614285714285	339.6461428571429	44	UW1
339.6461428571429	339.7351428571429	65	TH
339.7351428571429	339.82514285714285	74	sp
339.82514285714285	339.86514285714287	50	F
339.86514285714287	339.9751428571429	19	EH1
339.9751428571429	340.01514285714285	61	R
340.01514285714285	340.1051428571429	31	IY0
340.1051428571429	340.2441428571429	50	F
340.2441428571429	340.3741428571429	21	ER0
340.3741428571429	340.46414285714286	51	G
340.46414285714286	340.69314285714285	1	AA1
340.69314285714285	340.73314285714287	64	T
340.73314285714287	340.8231428571429	74	sp
340.8231428571429	340.93314285714285	64	T
340.93314285714285	340.9731428571429	6	AH0
340.9731428571429	341.15214285714285	54	K
341.15214285714285	341.2921428571429	7	AH1
341.2921428571429	341.39240654953636	57	M
341.39240654953636	341.5134638643494	67	W
341.5134638643494	341.74590833337305	28	IH1
341.74590833337305	341.8729862823272	58	N
341.8729862823272	343.52714285714285	74	sp
343.52714285714285	343.57714285714286	61	R
343.57714285714286	343.8161428571429	1	AA1
343.8161428571429	344.1551428571429	53	JH
344.1551428571429	344.2251428571429	21	ER0
344.2251428571429	345.1680970569199	74	sp
345.1680970569199	345.4603129608354	69	Z
345.4603129608354	345.7921428571429	74	sp
345.7921428571429	345.86114285714285	61	R
345.86114285714285	345.9511428571429	1	AA1
345.9511428571429	346.09114285714287	53	JH
346.09114285714287	346.16114285714286	21	ER0
346.16114285714286	346.4001428571429	69	Z
346.4001428571429	346.8191428571429	74	sp
346.8191428571429	346.9391428571429	64	T
346.9391428571429	347.14914285714286	44	UW1
347.14914285714286	347.22793676633574	65	TH
347.22793676633574	347.4055907533753	50	F
347.4055907533753	347.4720034588106	19	EH1
347.4720034588106	347.5151717173436	56	L
347.5151717173436	347.7371428571429	13	AW1
347.7371428571429	347.76714285714286	64	T
347.76714285714286	362.02213151927435	74	sp
362.02213151927435	362.0521315192744	46	B
362.0521315192744	362.19213151927437	22	ER1
362.19213151927437	362.30113151927435	65	TH
362.30113151927435	362.35113151927436	48	D
362.35113151927436	362.47113151927437	26	EY2
362.47113151927437	362.67113151927435	60	P
362.67113151927435	362.71013151927434	61	R
362.71013151927434	362.7901315192744	19	EH1
362.7901315192744	362.9201315192744	69	Z
362.9201315192744	362.95013151927435	6	AH0
362.95013151927435	363.08013151927435	58	N
363.08013151927435	363.1101315192744	64	T
363.1101315192744	363.14913151927436	62	S
363.14913151927436	363.35913151927434	52	HH
363.35913151927434	363.4991315192744	4	AE1
363.4991315192744	363.79813151927436	66	V
363.79813151927436	365.33413151927437	74	sp
365.33413151927437	365.47413151927435	54	K
365.47413151927435	365.71413151927436	7	AH1
365.71413151927436	365.7441315192744	60	P
365.7441315192744	365.8431315192744	54	K
365.8431315192744	366.01313151927434	26	EY2
366.01313151927434	366.06313151927435	54	K
366.06313151927435	366.0931315192744	62	S
366.0931315192744	366.1531315192744	74	sp
366.1531315192744	366.18313151927435	6	AH0
366.18313151927435	366.22213151927434	58	N
366.22213151927434	366.3021315192744	48	D
366.3021315192744	366.38213151927437	74	sp
366.38213151927437	366.52213151927435	16	AY1
366.52213151927435	366.73113151927436	62	S
366.73113151927436	366.81113151927434	54	K
366.81113151927434	366.84113151927437	61	R
366.84113151927437	366.87113151927434	32	IY1
366.87113151927434	367.03113151927437	57	M
367.03113151927437	378.84344671201814	74	sp
378.84344671201814	378.88344671201816	46	B
378.88344671201816	379.16244671201815	1	AA1
379.16244671201815	379.1924467120181	46	B
379.1924467120181	379.6014467120182	74	sp
379.6014467120182	379.7214467120182	56	L
379.7214467120182	379.86144671201816	41	UH1
379.86144671201816	380.0004467120182	54	K
380.0004467120182	380.52944671201817	64	T
380.52944671201817	380.56944671201813	50	F
380.56944671201813	380.62944671201814	10	AO1
380.62944671201814	380.7094467120182	61	R
380.7094467120182	380.89844671201814	62	S
380.89844671201814	381.00844671201816	32	IY1
381.00844671201816	381.1784467120182	63	SH
381.1784467120182	381.26844671201815	20	EH2
381.26844671201815	381.3274467120182	56	L
381.3274467120182	381.35744671201815	69	Z
381.35744671201815	381.42744671201814	46	B
381.42744671201814	381.6274467120181	16	AY1
381.6274467120181	381.93644671201815	74	sp
381.93644671201815	381.9664467120181	49	DH
381.9664467120181	382.13644671201814	7	AH1
382.13644671201814	382.25544671201817	35	OW1
382.25544671201817	382.38544671201817	63	SH
382.38544671201817	382.58544671201815	6	AH0
382.58544671201815	382.6444467120182	58	N
382.6444467120182	417.35809523809525	74	sp
417.35809523809525	417.54809523809524	54	K
417.54809523809524	418.09609523809524	1	AA1
418.09609523809524	418.1260952380952	61	R
418.1260952380952	418.27609523809525	56	L
418.27609523809525	418.7750952380952	74	sp
418.7750952380952	418.9550952380953	56	L
418.9550952380953	419.12409523809526	28	IH1
419.12409523809526	419.16409523809523	66	V
419.16409523809523	419.20409523809525	69	Z
419.20409523809525	419.40309523809526	74	sp
419.40309523809526	419.4530952380952	6	AH0
419.4530952380952	419.65309523809526	58	N
419.65309523809526	419.80309523809524	25	EY1
419.80309523809524	420.00209523809525	66	V
420.00209523809525	420.2220952380952	19	EH1
420.2220952380952	420.3810952380952	61	R
420.3810952380952	420.5610952380953	31	IY0
420.5610952380953	420.81009523809524	62	S
420.81009523809524	420.9000952380952	57	M
420.9000952380952	421.0900952380953	10	AO1
421.0900952380953	421.1600952380952	56	L
421.1600952380952	421.5590952380952	74	sp
421.5590952380952	421.6980952380952	52	HH
421.6980952380952	421.85809523809525	13	AW1
421.85809523809525	421.92809523809524	62	S
421.92809523809524	431.32764164191707	74	sp
431.32764164191707	431.55926150879117	4	AE1
431.55926150879117	431.6227225845287	48	D
431.6227225845287	431.6663979970716	49	DH
431.6663979970716	431.7660742096459	6	AH0
431.7660742096459	431.8208957211003	58	N
431.8208957211003	431.9046726448702	7	AH1
431.9046726448702	431.996827261017	57	M
431.996827261017	432.0266146116907	46	B
432.0266146116907	432.1113223901691	21	ER0
432.1113223901691	432.1998525038319	62	S
432.1998525038319	432.32751325334107	64	T
432.32751325334107	432.4094284676938	6	AH0
432.4094284676938	432.4978596650064	51	G
432.4978596650064	432.6002536829473	19	EH1
432.6002536829473	432.66913693138025	49	DH
432.66913693138025	432.7981324955104	21	ER0
432.7981324955104	432.86244966719755	67	W
432.86244966719755	432.9518117192187	7	AH1
432.9518117192187	433.0509637554811	58	N
433.0509637554811	433.08120052370765	46	B
433.08120052370765	433.2464432442774	16	AY1
433.2464432442774	433.3560914107131	67	W
433.3560914107131	433.45848542865394	7	AH1
433.45848542865394	433.6279009856107	58	N
433.6279009856107	442.04662131519274	74	sp
442.04662131519274	442.11562131519275	52	HH
442.11562131519275	442.22562131519277	13	AW1
442.22562131519277	442.3356213151928	48	D
442.3356213151928	442.41562131519277	44	UW1
442.41562131519277	442.6146213151928	68	Y
442.6146213151928	442.6746213151928	44	UW1
442.6746213151928	442.88462131519276	58	N
442.88462131519276	443.1936213151928	35	OW1
443.1936213151928	443.49262131519276	74	sp
443.49262131519276	443.5426213151928	57	M
443.5426213151928	443.64262131519274	16	AY1
443.64262131519274	443.7326213151928	58	N
443.7326213151928	443.91162131519275	25	EY1
443.91162131519275	444.01162131519277	57	M
444.01162131519277	454.29215419501134	74	sp
454.29215419501134	454.32215419501136	46	B
454.32215419501136	454.46215419501135	22	ER1
454.46215419501135	454.57115419501133	65	TH
454.57115419501133	454.62115419501134	48	D
454.62115419501134	454.74115419501135	26	EY2
454.74115419501135	454.94115419501134	60	P
454.94115419501134	454.9801541950113	61	R
454.9801541950113	455.06015419501136	19	EH1
455.06015419501136	455.19015419501136	69	Z
455.19015419501136	455.22015419501133	6	AH0
455.22015419501133	455.3501541950113	58	N
455.3501541950113	455.38015419501136	64	T
455.38015419501136	455.41915419501134	62	S
455.41915419501134	455.6291541950113	52	HH
455.6291541950113	455.76915419501137	4	AE1
455.76915419501137	456.06815419501135	66	V
456.06815419501135	457.60415419501135	74	sp
457.60415419501135	457.74415419501133	54	K
457.74415419501133	457.98415419501134	7	AH1
457.98415419501134	458.0141541950114	60	P
458.0141541950114	458.11315419501136	54	K
458.11315419501136	458.2831541950113	26	EY2
458.2831541950113	458.33315419501133	54	K
458.33315419501133	458.36315419501136	62	S
458.36315419501136	458.42315419501136	74	sp
458.42315419501136	458.45315419501134	6	AH0
458.45315419501134	458.4921541950113	58	N
458.4921541950113	458.57215419501136	48	D
458.57215419501136	458.65215419501135	74	sp
458.65215419501135	458.79215419501134	16	AY1
458.79215419501134	459.00115419501134	62	S
459.00115419501134	459.0811541950113	54	K
459.0811541950113	459.11115419501135	61	R
459.11115419501135	459.1411541950113	32	IY1
459.1411541950113	459.30115419501135	57	M
459.30115419501135	471.3764172335601	74	sp
471.3764172335601	471.49541723356015	52	HH
471.49541723356015	471.6554172335601	13	AW1
471.6554172335601	471.9544172335601	57	M
471.9544172335601	472.1744172335601	7	AH1
472.1744172335601	472.43341723356014	47	CH
472.43341723356014	472.81241723356015	74	sp
472.81241723356015	472.8524172335601	6	AH0
472.8524172335601	473.2714172335601	56	L
473.2714172335601	473.5114172335601	13	AW1
473.5114172335601	473.58141723356016	6	AH0
473.58141723356016	473.72041723356017	58	N
473.72041723356017	473.9104172335601	62	S
473.9104172335601	473.9604172335601	74	sp
473.9604172335601	474.01041723356013	48	D
474.01041723356013	474.09941723356013	44	UW1
474.09941723356013	474.1994172335601	68	Y
474.1994172335601	474.28941723356013	44	UW1
474.28941723356013	474.37941723356016	51	G
474.37941723356016	474.5084172335601	19	EH1
474.5084172335601	474.53841723356015	64	T
474.53841723356015	484.436462585034	74	sp
484.436462585034	484.4779705259311	48	D
484.4779705259311	484.57682388804744	28	IH1
484.57682388804744	484.63646684403835	48	D
484.63646684403835	484.7618342884331	68	Y
484.7618342884331	484.8818342884331	44	UW1
484.8818342884331	485.1118342884331	32	IY1
485.1118342884331	485.2108342884331	64	T
485.2108342884331	485.2808342884331	56	L
485.2808342884331	485.3908342884331	7	AH1
485.3908342884331	485.4508342884331	58	N
485.4508342884331	485.56083428843306	47	CH
485.56083428843306	485.6008342884331	68	Y
485.6008342884331	485.6598342884331	19	EH1
485.6598342884331	485.7298342884331	62	S
485.7298342884331	485.81983428843307	64	T
485.81983428843307	485.9098342884331	21	ER0
485.9098342884331	485.96983428843305	48	D
485.96983428843305	486.11883428843305	26	EY2
486.11883428843305	486.1788342884331	74	sp
486.1788342884331	505.023	74	sp
505.023	505.29300000000006	48	D
505.29300000000006	505.45200000000006	44	UW1
505.45200000000006	505.62200000000007	10	AO1
505.62200000000007	505.672	56	L
505.672	505.69200000000006	74	sp
505.69200000000006	505.86100000000005	50	F
505.86100000000005	505.9510000000001	1	AA1
505.9510000000001	505.98100000000005	61	R
505.98100000000005	506.1210000000001	57	M
506.1210000000001	506.25000000000006	21	ER0
506.25000000000006	506.39000000000004	69	Z
506.39000000000004	506.4100000000001	74	sp
506.4100000000001	506.47	51	G
506.47	506.6000000000001	61	R
506.6000000000001	506.73900000000003	35	OW1
506.73900000000003	506.9390000000001	60	P
506.9390000000001	506.97900000000004	6	AH0
506.97900000000004	507.10900000000004	64	T
507.10900000000004	507.24800000000005	25	EY1
507.24800000000005	507.29800000000006	64	T
507.29800000000006	507.4580000000001	34	OW0
507.4580000000001	507.7370000000001	69	Z
507.7370000000001	515.4677078237605	74	sp
515.4677078237605	515.6041050629096	52	HH
515.6041050629096	515.7791413790591	32	IY1
515.7791413790591	515.9562614608769	25	EY1
515.9562614608769	516.050030915957	64	T
516.050030915957	516.162554262053	50	F
516.162554262053	516.2729938424807	10	AO1
516.2729938424807	516.5153731098303	61	R
516.5153731098303	516.7716762870491	25	EY1
516.7716762870491	516.8862833988137	51	G
516.8862833988137	517.0711785349863	69	Z
517.0711785349863	517.1154976223427	50	F
517.1154976223427	517.2858063988363	21	ER0
517.2858063988363	517.3098044348627	46	B
517.3098044348627	517.3459036448763	61	R
517.3459036448763	517.4356184447428	19	EH1
517.4356184447428	517.5567026057594	54	K
517.5567026057594	517.6181736929785	50	F
517.6181736929785	517.737469277497	6	AH0
517.737469277497	517.9330794507986	62	S
517.9330794507986	518.0599123153069	64	T
518.0599123153069	527.065	74	sp
527.065	527.105	49	DH
527.105	527.3240000000001	25	EY1
527.3240000000001	527.354	74	sp
527.354	527.6740000000001	10	AO1
527.6740000000001	527.7230000000001	56	L
527.7230000000001	527.763	56	L
527.763	528.0230000000001	16	AY1
528.0230000000001	528.0930000000001	54	K
528.0930000000001	528.2120000000001	56	L
528.2120000000001	528.422	10	AO1
528.422	528.6010000000001	59	NG
528.6010000000001	528.711	52	HH
528.711	528.8510000000001	1	AA1
528.8510000000001	528.8910000000001	64	T
528.8910000000001	529.09	63	SH
529.09	529.3500000000001	13	AW1
529.3500000000001	529.45	21	ER0
529.45	529.7286211499874	69	Z
529.7286211499874	540.303354174492	74	sp
540.303354174492	540.490639843047	62	S
540.490639843047	540.6147512022469	64	T
540.6147512022469	540.8447512022469	32	IY1
540.8447512022469	541.0537512022469	66	V
541.0537512022469	541.8217512022468	74	sp
541.8217512022468	541.9217512022469	67	W
541.9217512022469	542.1017512022469	10	AO1
542.1017512022469	542.2107512022469	61	R
542.2107512022469	542.5407512022468	74	sp
542.5407512022468	543.0197512022469	25	EY1
543.0197512022469	543.0597512022468	46	B
543.0597512022468	543.1887512022469	61	R
543.1887512022469	543.4087512022468	16	AY1
543.4087512022468	543.4687512022468	64	T
543.4687512022468	543.6777512022468	74	sp
543.6777512022468	543.7477512022468	61	R
543.7477512022468	543.8677512022468	19	EH1
543.8677512022468	543.9277512022468	48	D
543.9277512022468	544.1367512022468	62	S
544.1367512022468	544.2167512022469	67	W
544.2167512022469	544.2767512022468	19	EH1
544.2767512022468	544.3467512022469	64	T
544.3467512022469	544.4157512022468	21	ER0
544.4157512022468	554.2097959183674	74	sp
554.2097959183674	554.3868686012886	52	HH
554.3868686012886	554.6772449799506	13	AW1
554.6772449799506	554.8916051625972	48	D
554.8916051625972	555.3214482226733	44	UW1
555.3214482226733	559.8467959183674	74	sp
559.8467959183674	560.0157959183674	38	OY1
560.0157959183674	560.3157959183674	62	S
560.3157959183674	560.4247959183674	64	T
560.4247959183674	560.6647959183674	21	ER0
560.6647959183674	560.9737959183674	69	Z
560.9737959183674	561.0837959183674	74	sp
561.0837959183674	561.2237959183674	38	OY1
561.2237959183674	561.3227959183673	62	S
561.3227959183673	561.3927959183674	64	T
561.3927959183674	561.5627959183673	21	ER0
561.5627959183673	561.8517959183673	69	Z
561.8517959183673	562.0017959183674	57	M
562.0017959183674	562.1907959183674	25	EY1
562.1907959183674	562.2207959183673	54	K
562.2207959183673	562.8797959183673	74	sp
562.8797959183673	562.9897959183673	60	P
562.9897959183673	563.1287959183674	22	ER1
563.1287959183674	563.2587959183674	56	L
563.2587959183674	563.2887959183674	69	Z
563.2887959183674	572.8627664399093	74	sp
572.8627664399093	572.9027664399093	46	B
572.9027664399093	573.1817664399093	1	AA1
573.1817664399093	573.2117664399093	46	B
573.2117664399093	573.6207664399093	74	sp
573.6207664399093	573.7407664399093	56	L
573.7407664399093	573.8807664399093	41	UH1
573.8807664399093	574.0197664399093	54	K
574.0197664399093	574.5487664399093	64	T
574.5487664399093	574.5887664399093	50	F
574.5887664399093	574.6487664399092	10	AO1
574.6487664399092	574.7287664399094	61	R
574.7287664399094	574.9177664399092	62	S
574.9177664399092	575.0277664399093	32	IY1
575.0277664399093	575.1977664399093	63	SH
575.1977664399093	575.2877664399093	20	EH2
575.2877664399093	575.3467664399093	56	L
575.3467664399093	575.3767664399093	69	Z
575.3767664399093	575.4467664399092	46	B
575.4467664399092	575.6467664399092	16	AY1
575.6467664399092	575.9557664399092	74	sp
575.9557664399092	575.9857664399092	49	DH
575.9857664399092	576.1557664399093	7	AH1
576.1557664399093	576.2747664399093	35	OW1
576.2747664399093	576.4047664399093	63	SH
576.4047664399093	576.6047664399093	6	AH0
576.6047664399093	576.6637664399093	58	N
576.6637664399093	585.9863945578231	74	sp
585.9863945578231	586.0353945578231	49	DH
586.0353945578231	586.2453945578231	7	AH1
586.2453945578231	586.345394557823	61	R
586.345394557823	586.4743945578232	35	OW1
586.4743945578232	586.5943945578231	69	Z
586.5943945578231	586.634394557823	6	AH0
586.634394557823	586.8643945578231	69	Z
586.8643945578231	586.913394557823	62	S
586.913394557823	586.9833945578231	57	M
586.9833945578231	587.0733945578231	19	EH1
587.0733945578231	587.1033945578231	56	L
587.1033945578231	587.1733945578231	48	D
587.1733945578231	587.2333945578231	66	V
587.2333945578231	587.4123945578231	19	EH1
587.4123945578231	587.442394557823	61	R
587.442394557823	587.6423945578231	31	IY0
587.6423945578231	587.8413945578232	62	S
587.8413945578232	587.8713945578231	67	W
587.8713945578231	588.0013945578231	32	IY1
588.0013945578231	588.3803945578231	64	T
588.3803945578231	597.6063492063493	74	sp
597.6063492063493	597.6963492063492	52	HH
597.6963492063492	597.9363492063492	32	IY1
597.9363492063492	598.1453492063492	25	EY1
598.1453492063492	598.1753492063492	64	T
598.1753492063492	598.3753492063493	50	F
598.3753492063493	598.5443492063492	10	AO1
598.5443492063492	598.6043492063492	61	R
598.6043492063492	598.9433492063492	19	EH1
598.9433492063492	599.0733492063492	54	K
599.0733492063492	599.1533492063493	62	S
599.1533492063493	599.2333492063492	64	T
599.2333492063492	599.3023492063493	61	R
599.3023492063493	599.3823492063492	6	AH0
599.3823492063492	599.5723492063493	74	sp
599.5723492063493	599.7613492063492	19	EH1
599.7613492063492	599.8113492063492	51	G
599.8113492063492	600.147223185059	69	Z
600.147223185059	600.6293492063493	74	sp
600.6293492063493	600.7593492063493	50	F
600.7593492063493	600.8993492063493	21	ER0
600.8993492063493	600.9393492063492	46	B
600.9393492063492	601.0683492063492	61	R
601.0683492063492	601.0983492063492	19	EH1
601.0983492063492	601.1883492063492	54	K
601.1883492063492	601.2383492063492	50	F
601.2383492063492	601.2783492063493	6	AH0
601.2783492063493	601.3083492063492	62	S
601.3083492063492	601.3583492063492	64	T
601.3583492063492	610.4281179138322	74	sp
610.4281179138322	610.5781179138322	53	JH
610.5781179138322	610.7481179138322	25	EY1
610.7481179138322	610.9271179138323	58	N
610.9271179138323	611.0871179138322	74	sp
611.0871179138322	611.1871179138323	52	HH
611.1871179138323	611.2371179138322	19	EH1
611.2371179138322	611.4161179138322	56	L
611.4161179138322	611.4761179138322	60	P
611.4761179138322	611.5361179138322	64	T
611.5361179138322	611.7151179138323	52	HH
611.7151179138323	611.8451179138323	22	ER1
611.8451179138323	612.0951179138323	62	S
612.0951179138323	612.1641179138322	28	IH1
612.1641179138322	612.3141179138322	62	S
612.3141179138322	612.3741179138323	64	T
612.3741179138323	612.5041179138323	21	ER0
612.5041179138323	612.5741179138322	67	W
612.5741179138322	612.6131179138322	28	IH1
612.6131179138322	612.6831179138322	65	TH
612.6831179138322	612.8131179138322	52	HH
612.8131179138322	612.8831179138322	35	OW1
612.8831179138322	613.0031179138323	57	M
613.0031179138323	613.0721179138322	67	W
613.0721179138322	613.1021179138322	23	ER2
613.1021179138322	613.3457285536321	54	K
613.3457285536321	622.6585034013606	74	sp
622.6585034013606	622.8385034013605	67	W
622.8385034013605	622.9575034013606	32	IY1
622.9575034013606	623.1175034013605	67	W
623.1175034013605	623.1575034013606	19	EH1
623.1575034013606	623.2175034013605	56	L
623.2175034013605	623.3865034013605	54	K
623.3865034013605	623.4665034013606	6	AH0
623.4665034013606	623.5965034013606	57	M
623.5965034013606	623.6965034013606	57	M
623.6965034013606	623.7765034013605	19	EH1
623.7765034013605	623.8755034013606	58	N
623.8755034013606	623.9955034013606	31	IY0
623.9955034013606	624.1655034013605	58	N
624.1655034013605	624.2445034013606	68	Y
624.2445034013606	624.3845034013606	44	UW1
624.3845034013606	624.5745034013605	62	S
624.5745034013605	624.6445034013606	64	T
624.6445034013606	624.7835034013606	44	UW1
624.7835034013606	624.8235034013605	48	D
624.8235034013605	624.8835034013606	6	AH0
624.8835034013606	624.9735034013606	58	N
624.9735034013606	625.0035034013606	64	T
625.0035034013606	625.0935034013605	62	S
625.0935034013605	625.1425034013605	74	sp
625.1425034013605	625.2725034013606	32	IY1
625.2725034013606	625.4525034013606	47	CH
625.4525034013606	625.5525034013606	68	Y
625.5525034013606	625.9015034013605	28	IH1
625.9015034013605	625.9315034013606	61	R
625.9315034013606	639.0019954648526	74	sp
639.0019954648526	639.0319954648526	49	DH
639.0319954648526	639.3509954648525	7	AH1
639.3509954648525	639.3809954648526	74	sp
639.3809954648526	639.4709954648526	64	T
639.4709954648526	639.6309954648526	44	UW1
639.6309954648526	639.7199954648527	65	TH
639.7199954648527	639.8099954648526	74	sp
639.8099954648526	639.8499954648526	50	F
639.8499954648526	639.9599954648527	19	EH1
639.9599954648527	639.9999954648526	61	R
639.9999954648526	640.0899954648526	31	IY0
640.0899954648526	640.2289954648527	50	F
640.2289954648527	640.3589954648526	21	ER0
640.3589954648526	640.4489954648526	51	G
640.4489954648526	640.6779954648525	1	AA1
640.6779954648525	640.7179954648526	64	T
640.7179954648526	640.8079954648526	74	sp
640.8079954648526	640.9179954648525	64	T
640.9179954648525	640.9579954648526	6	AH0
640.9579954648526	641.1369954648526	54	K
641.1369954648526	641.2769954648527	7	AH1
641.2769954648527	641.377259157246	57	M
641.377259157246	641.4983164720591	67	W
641.4983164720591	641.7307609410827	28	IH1
641.7307609410827	641.8578388900369	58	N
641.8578388900369	643.5119954648526	74	sp
643.5119954648526	643.5619954648525	61	R
643.5619954648525	643.8009954648526	1	AA1
643.8009954648526	644.1399954648526	53	JH
644.1399954648526	644.2099954648527	21	ER0
644.2099954648527	645.1529496646297	74	sp
645.1529496646297	645.4451655685451	69	Z
645.4451655685451	645.7769954648527	74	sp
645.7769954648527	645.8459954648526	61	R
645.8459954648526	645.9359954648526	1	AA1
645.9359954648526	646.0759954648527	53	JH
646.0759954648527	646.1459954648526	21	ER0
646.1459954648526	646.3849954648526	69	Z
646.3849954648526	646.8039954648526	74	sp
646.8039954648526	646.9239954648526	64	T
646.9239954648526	647.1339954648527	44	UW1
647.1339954648527	647.2127893740455	65	TH
647.2127893740455	647.3904433610851	50	F
647.3904433610851	647.4568560665203	19	EH1
647.4568560665203	647.5000243250533	56	L
647.5000243250533	647.7219954648526	13	AW1
647.7219954648526	647.7519954648526	64	T
647.7519954648526	658.4802721088436	74	sp
658.4802721088436	658.9392721088436	57	M
658.9392721088436	659.0792721088435	16	AY1
659.0792721088435	659.3082721088435	54	K
659.3082721088435	659.3482721088435	6	AH0
659.3482721088435	659.5282721088436	56	L
659.5282721088436	659.6172721088435	74	sp
659.6172721088435	659.7572721088436	54	K
659.7572721088436	659.7972721088436	7	AH1
659.7972721088436	659.9672721088435	56	L
659.9672721088435	660.1062721088435	21	ER0
660.1062721088435	660.1662721088435	48	D
660.1662721088435	660.5152721088435	74	sp
660.5152721088435	660.5452721088436	49	DH
660.5452721088436	660.8052721088436	7	AH1
660.8052721088436	660.9642721088435	74	sp
660.9642721088435	660.9942721088435	46	B
660.9942721088435	661.1142721088436	19	EH1
661.1142721088436	661.2842721088435	48	D
661.2842721088435	661.3332721088435	61	R
661.3332721088435	661.3632721088436	45	UW2
661.3632721088436	661.6932721088435	57	M
661.6932721088435	661.8522721088435	67	W
661.8522721088435	662.0522721088436	10	AO1
662.0522721088436	662.1622721088436	56	L
662.1622721088436	662.2112721088436	74	sp
662.2112721088436	662.2712721088435	67	W
662.2712721088435	662.3112721088435	28	IH1
662.3112721088435	662.3812721088435	65	TH
662.3812721088435	662.4312721088436	74	sp
662.4312721088436	662.5812721088436	54	K
662.5812721088436	662.6212721088435	61	R
662.6212721088435	662.7802721088435	25	EY1
662.7802721088435	662.8102721088435	2	AA2
662.8102721088435	663.0502721088435	58	N
663.0502721088435	663.2292721088436	69	Z
663.2292721088436	673.1150113378685	74	sp
673.1150113378685	673.2050113378685	67	W
673.2050113378685	673.3640113378685	32	IY1
673.3640113378685	673.4740113378685	1	AA1
673.4740113378685	673.6440113378685	61	R
673.6440113378685	673.8230113378686	35	OW1
673.8230113378686	673.9330113378685	60	P
673.9330113378685	674.0130113378685	6	AH0
674.0130113378685	674.1820113378685	58	N
674.1820113378685	674.5920113378686	74	sp
674.5920113378686	674.7110113378685	19	EH1
674.7110113378685	674.8110113378685	66	V
674.8110113378685	674.8510113378686	21	ER0
674.8510113378686	674.9110113378686	31	IY0
674.9110113378686	675.0700113378686	57	M
675.0700113378686	675.1700113378686	7	AH1
675.1700113378686	675.2300113378685	58	N
675.2300113378685	675.2600113378685	48	D
675.2600113378685	675.4990113378685	31	IY0
675.4990113378685	675.6390113378685	32	IY1
675.6390113378685	675.7690113378685	66	V
675.7690113378685	675.9880113378686	58	N
675.9880113378686	676.0180113378685	27	IH0
676.0180113378685	676.0480113378685	59	NG
676.0480113378685	684.8663945578231	74	sp
684.8663945578231	684.9563945578232	60	P
684.9563945578232	685.0263945578231	28	IH1
685.0263945578231	685.1863945578232	54	K
685.1863945578232	685.3653945578232	74	sp
685.3653945578232	685.5753945578232	25	EY1
685.5753945578232	685.7643945578232	60	P
685.7643945578232	685.7943945578231	61	R
685.7943945578231	685.9843945578232	16	AY1
685.9843945578232	686.1033945578231	69	Z
686.1033945578231	686.1933945578231	50	F
686.1933945578231	686.2333945578232	61	R
686.2333945578232	686.2933945578231	7	AH1
686.2933945578231	686.4833945578232	57	M
686.4833945578232	686.5133945578232	49	DH
686.5133945578232	686.5623945578232	6	AH0
686.5623945578232	686.6523945578232	46	B
686.6523945578232	686.9123945578232	4	AE1
686.9123945578232	686.9423945578231	51	G
686.9423945578231	698.1186394557823	74	sp
698.1186394557823	698.2486394557823	63	SH
698.2486394557823	698.3276394557822	32	IY1
698.3276394557822	698.4576394557823	28	IH1
698.4576394557823	698.5976394557823	69	Z
698.5976394557823	698.6876394557823	64	T
698.6876394557823	698.7766394557823	10	AO1
698.7766394557823	698.8266394557822	56	L
698.8266394557822	698.9466394557824	21	ER0
698.9466394557824	698.9866394557823	74	sp
698.9866394557823	699.0466394557823	49	DH
699.0466394557823	699.0966394557822	6	AH0
699.0966394557822	699.1656394557823	58	N
699.1656394557823	699.4256394557823	16	AY1
699.4256394557823	699.5156394557823	4	AE1
699.5156394557823	699.6346394557822	57	M
699.6346394557822	710.9546485260771	74	sp
710.9546485260771	711.1046485260772	63	SH
711.1046485260772	711.2236485260771	32	IY1
711.2236485260771	711.3936485260772	62	S
711.3936485260772	711.5336485260772	60	P
711.5336485260772	711.8026485260772	28	IH1
711.8026485260772	711.9426485260772	56	L
711.9426485260772	712.0126485260771	48	D
712.0126485260771	714.9056485260771	74	sp
714.9056485260771	715.0756485260772	1	AA1
715.0756485260772	715.3146801707965	58	N
715.3146801707965	715.3586785881473	49	DH
715.3586785881473	715.4118087524956	31	IY0
715.4118087524956	716.4777326747327	74	sp
716.4777326747327	716.6670088852234	62	S
716.6670088852234	716.7201390495717	64	T
716.7201390495717	717.3896485260772	19	EH1
717.3896485260772	717.4196485260771	61	R
717.4196485260771	717.4496485260771	69	Z
717.4496485260771	737.6525170068027	74	sp
737.6525170068027	737.7515170068027	53	JH
737.7515170068027	737.9215170068027	1	AA1
737.9215170068027	738.1215170068027	58	N
738.1215170068027	738.3305170068027	69	Z
738.3305170068027	738.5105170068027	74	sp
738.5105170068027	738.5505170068027	46	B
738.5505170068027	738.5895170068027	61	R
738.5895170068027	738.7295170068027	7	AH1
738.7295170068027	738.8695170068027	49	DH
738.8695170068027	739.3085170068027	21	ER0
739.3085170068027	739.7575170068027	74	sp
739.7575170068027	739.8875170068027	61	R
739.8875170068027	740.1165170068027	31	IY0
740.1165170068027	740.5655170068027	60	P
740.5655170068027	740.8645170068027	25	EY1
740.8645170068027	741.2835170068026	58	N
741.2835170068026	741.6725170068027	64	T
741.6725170068027	741.7025170068027	6	AH0
741.7025170068027	741.8525170068027	48	D
741.8525170068027	742.3915170068027	74	sp
742.3915170068027	742.4215170068027	61	R
742.4215170068027	742.5415170068027	31	IY0
742.5415170068027	742.7205170068027	60	P
742.7205170068027	742.7705170068027	25	EY1
742.7705170068027	742.9005170068027	58	N
742.9005170068027	742.9705170068027	64	T
742.9705170068027	743.2695170068027	6	AH0
743.2695170068027	743.3595170068027	48	D
743.3595170068027	743.9875170068027	74	sp
743.9875170068027	744.0375170068027	49	DH
744.0375170068027	744.5165170068027	7	AH1
744.5165170068027	745.8135170068027	74	sp
745.8135170068027	745.8735170068027	51	G
745.8735170068027	746.1125170068027	21	ER0
746.1125170068027	746.2625170068027	1	AA1
746.2625170068027	746.2925170068027	70	ZH
746.2925170068027	746.5115170068027	74	sp
746.5115170068027	746.5715170068027	48	D
746.5715170068027	746.7115170068028	10	AO1
746.7115170068028	746.7615170068027	61	R
746.7615170068027	760.7710657596372	74	sp
760.7710657596372	760.9210657596371	52	HH
760.9210657596371	761.0600657596372	32	IY1
761.0600657596372	761.1600657596371	67	W
761.1600657596371	761.3300657596371	6	AH0
761.3300657596371	761.3600657596371	56	L
761.3600657596371	761.4600657596371	74	sp
761.4600657596371	761.5090657596371	6	AH0
761.5090657596371	761.7290657596371	56	L
761.7290657596371	762.0780657596371	13	AW1
762.0780657596371	762.5470657596371	74	sp
762.5470657596371	762.7970657596371	25	EY1
762.7970657596371	763.0860657596371	61	R
763.0860657596371	763.3650657596371	25	EY1
763.3650657596371	763.9640657596372	74	sp
763.9640657596372	764.0740657596372	56	L
764.0740657596372	764.3130657596371	16	AY1
764.3130657596371	784.6724716553288	74	sp
