821.425	821.515	1	AA1	0
821.515	821.575	61	R	0
821.575	821.625	68	Y	0
821.625	821.704	41	UH1	0
821.704	821.834	61	R	0
821.834	821.864	51	G	0
821.864	821.984	61	R	0
821.984	822.064	25	EY1	0
822.064	822.124	48	D	0
822.124	822.193	69	Z	0
822.193	822.373	52	HH	0
822.373	822.553	16	AY1	0
822.553	822.862	21	ER0	0
822.862	822.962	10	AO1	0
822.962	823.002	61	R	0
823.002	823.131	56	L	0
823.131	823.251	35	OW1	0
823.251	823.341	21	ER0	0
823.341	823.401	49	DH	0
823.401	823.47	4	AE1	0
823.47	823.54	58	N	0
823.54	823.57	58	N	0
823.57	823.74	4	AE1	0
823.74	823.78	58	N	0
823.78	823.899	62	S	0
823.899	824.019	31	IY0	0
824.019	824.159	69	Z	0
830.504	830.664	63	SH	1
830.664	830.714	32	IY1	1
830.714	830.794	67	W	1
830.794	830.914	10	AO1	1
830.914	830.983	61	R	1
830.983	831.013	67	W	1
831.013	831.273	10	AO1	1
831.273	831.343	61	R	1
831.343	831.472	57	M	1
831.472	831.642	50	F	1
831.642	831.672	56	L	1
831.672	831.812	32	IY1	1
831.812	831.971	62	S	1
831.971	832.091	31	IY0	1
832.091	832.191	67	W	1
832.191	832.221	41	UH1	1
832.221	832.4	56	L	1
832.4	832.54	6	AH0	1
832.54	832.57	58	N	1
832.57	832.68	35	OW1	1
832.68	832.739	66	V	1
832.739	832.879	21	ER0	1
832.879	832.919	11	AO2	1
832.919	833.039	56	L	1
833.039	833.238	69	Z	1
844.513	844.632	61	R	2
844.632	844.682	32	IY1	2
844.682	844.712	48	D	2
844.712	844.772	27	IH0	2
844.772	844.852	59	NG	2
844.852	844.942	28	IH1	2
844.942	845.031	58	N	2
845.031	845.171	60	P	2
845.171	845.291	41	UH1	2
845.291	845.341	61	R	2
845.341	845.431	56	L	2
845.431	845.65	16	AY1	2
845.65	845.71	64	T	2
845.71	845.81	51	G	2
845.81	845.87	28	IH1	2
845.87	845.899	66	V	2
845.899	845.989	69	Z	2
845.989	846.149	68	Y	2
846.149	846.209	44	UW1	2
846.209	846.448	16	AY1	2
846.448	846.618	62	S	2
846.618	846.648	64	T	2
846.648	846.748	61	R	2
846.748	846.837	26	EY2	2
846.837	846.957	58	N	2
860.117	860.277	32	IY1	3
860.277	860.307	66	V	3
860.307	860.337	6	AH0	3
860.337	860.407	58	N	3
860.407	860.696	16	AY1	3
860.696	860.726	6	AH0	3
860.726	860.865	54	K	3
860.865	861.015	25	EY1	3
861.015	861.065	70	ZH	3
861.065	861.095	58	N	3
861.095	861.125	6	AH0	3
861.125	861.205	56	L	3
861.205	861.295	31	IY0	3
861.295	861.354	51	G	3
861.354	861.454	28	IH1	3
861.454	861.574	64	T	3
861.574	861.614	49	DH	3
861.614	861.674	7	AH1	3
861.674	861.823	57	M	3
861.823	861.893	7	AH1	3
861.893	861.983	58	N	3
861.983	862.023	48	D	3
862.023	862.143	26	EY2	3
862.143	862.252	46	B	3
862.252	862.382	56	L	3
862.382	862.542	44	UW1	3
862.542	862.771	69	Z	3
873.686	874.016	74	sp	4
874.016	874.065	67	W	4
874.065	874.165	32	IY1	4
874.165	874.195	1	AA1	4
874.195	874.305	61	R	4
874.305	874.355	35	OW1	4
874.355	874.485	60	P	4
874.485	874.524	6	AH0	4
874.524	874.604	58	N	4
874.604	874.694	19	EH1	4
874.694	874.764	66	V	4
874.764	874.824	61	R	4
874.824	874.854	31	IY0	4
874.854	874.993	57	M	4
874.993	875.073	7	AH1	4
875.073	875.153	58	N	4
875.153	875.193	48	D	4
875.193	875.313	26	EY2	4
875.313	875.482	32	IY1	4
875.482	875.542	66	V	4
875.542	875.592	58	N	4
875.592	875.652	27	IH0	4
875.652	875.861	59	NG	4
884.661	884.751	28	IH1	5
884.751	884.801	64	T	5
884.801	884.901	62	S	5
884.901	884.951	58	N	5
884.951	885.08	1	AA1	5
885.08	885.11	64	T	5
885.11	885.3	32	IY1	5
885.3	885.33	69	Z	5
885.33	885.39	31	IY0	5
885.39	885.44	64	T	5
885.44	885.529	27	IH0	5
885.529	885.679	54	K	5
885.679	885.709	61	R	5
885.709	885.739	31	IY0	5
885.739	886.008	25	EY1	5
886.008	886.128	64	T	5
886.128	886.158	29	IH2	5
886.158	886.318	56	L	5
886.318	886.378	44	UW1	5
886.378	886.427	57	M	5
886.427	886.457	6	AH0	5
886.457	886.487	58	N	5
886.487	886.697	26	EY2	5
886.697	886.727	64	T	5
886.727	886.767	27	IH0	5
886.767	886.846	59	NG	5
886.846	886.966	27	IH0	5
886.966	887.006	51	G	5
887.006	887.036	69	Z	5
887.036	887.206	4	AE1	5
887.206	887.246	57	M	5
887.246	887.325	60	P	5
887.325	887.365	6	AH0	5
887.365	887.505	56	L	5
887.505	887.704	69	Z	5
896.125	896.255	57	M	6
896.255	896.405	7	AH1	6
896.405	896.554	57	M	6
896.554	896.744	62	S	6
896.744	896.784	64	T	6
896.784	896.814	61	R	6
896.814	896.953	10	AO1	6
896.953	897.003	59	NG	6
897.003	897.123	56	L	6
897.123	897.183	31	IY0	6
897.183	897.273	48	D	6
897.273	897.303	29	IH2	6
897.303	897.452	62	S	6
897.452	897.492	56	L	6
897.492	897.592	16	AY1	6
897.592	897.682	54	K	6
897.682	897.772	62	S	6
897.772	897.901	4	AE1	6
897.901	898.011	60	P	6
898.011	898.051	6	AH0	6
898.051	898.141	64	T	6
898.141	898.251	17	AY2	6
898.251	898.36	69	Z	6
898.36	898.45	21	ER0	6
898.45	898.66	69	Z	6
908.138	908.208	74	sp	7
908.208	908.288	49	DH	7
908.288	908.378	35	OW1	7
908.378	908.507	69	Z	7
908.507	908.537	52	HH	7
908.537	908.597	44	UW1	7
908.597	908.717	64	T	7
908.717	908.866	32	IY1	7
908.866	908.986	47	CH	7
908.986	909.026	66	V	7
909.026	909.216	4	AE1	7
909.216	909.246	56	L	7
909.246	909.415	68	Y	7
909.415	909.455	43	UW0	7
909.455	909.645	69	Z	7
909.645	909.695	50	F	7
909.695	909.924	22	ER1	7
909.924	910.124	62	S	7
910.124	910.163	64	T	7
910.163	910.323	74	sp	7
910.323	910.383	6	AH0	7
910.383	910.423	46	B	7
910.423	910.622	1	AA1	7
910.622	910.752	56	L	7
910.752	910.832	29	IH2	7
910.832	911.091	63	SH	7
911.091	911.211	47	CH	7
911.211	911.331	32	IY1	7
911.331	911.361	64	T	7
911.361	911.421	27	IH0	7
911.421	911.59	59	NG	7
923.064	923.124	49	DH	8
923.124	923.164	6	AH0	8
923.164	923.304	50	F	8
923.304	923.383	61	R	8
923.383	923.453	16	AY1	8
923.453	923.483	64	T	8
923.483	923.513	6	AH0	8
923.513	923.583	58	N	8
923.583	923.613	48	D	8
923.613	923.713	47	CH	8
923.713	923.862	16	AY1	8
923.862	923.932	56	L	8
923.932	923.962	48	D	8
923.962	924.022	67	W	8
924.022	924.072	7	AH1	8
924.072	924.162	69	Z	8
924.162	924.311	53	JH	8
924.311	924.371	19	EH1	8
924.371	924.401	58	N	8
924.401	924.431	64	T	8
924.431	924.501	56	L	8
924.501	924.551	31	IY0	8
924.551	924.73	62	S	8
924.73	924.8	6	AH0	8
924.8	924.83	46	B	8
924.83	924.93	48	D	8
924.93	925.109	44	UW1	8
925.109	925.219	48	D	8
925.219	925.698	74	sp	8
925.698	925.738	46	B	8
925.738	925.848	16	AY1	8
925.848	925.908	52	HH	8
925.908	925.968	28	IH1	8
925.968	926.047	69	Z	8
926.047	926.107	46	B	8
926.107	926.227	28	IH1	8
926.227	926.297	51	G	8
926.297	926.347	46	B	8
926.347	926.417	61	R	8
926.417	926.506	7	AH1	8
926.506	926.556	49	DH	8
926.556	926.636	21	ER0	8
935.396	935.556	32	IY1	9
935.556	935.586	66	V	9
935.586	935.616	6	AH0	9
935.616	935.646	58	N	9
935.646	935.675	6	AH0	9
935.675	935.855	62	S	9
935.855	935.905	28	IH1	9
935.905	935.965	57	M	9
935.965	936.025	60	P	9
936.025	936.075	6	AH0	9
936.075	936.154	56	L	9
936.154	936.254	66	V	9
936.254	936.314	34	OW0	9
936.314	936.484	54	K	9
936.484	936.633	4	AE1	9
936.633	936.663	46	B	9
936.663	936.693	68	Y	9
936.693	936.743	6	AH0	9
936.743	936.773	56	L	9
936.773	936.863	20	EH2	9
936.863	936.893	61	R	9
936.893	936.943	31	IY0	9
936.943	937.082	54	K	9
937.082	937.112	6	AH0	9
937.112	937.182	58	N	9
937.182	937.262	64	T	9
937.262	937.392	25	EY1	9
937.392	937.471	58	N	9
937.471	937.501	69	Z	9
937.501	937.631	62	S	9
937.631	937.671	28	IH1	9
937.671	937.791	57	M	9
937.791	937.821	46	B	9
937.821	937.851	6	AH0	9
937.851	937.99	56	L	9
937.99	938.12	69	Z	9
947.09	947.159	6	AH0	10
947.159	947.299	54	K	10
947.299	947.359	61	R	10
947.359	947.489	4	AE1	10
947.489	947.529	46	B	10
947.529	947.678	47	CH	10
947.678	947.778	4	AE1	10
947.778	947.838	56	L	10
947.838	947.908	6	AH0	10
947.908	947.938	58	N	10
947.938	947.968	53	JH	10
947.968	948.017	48	D	10
948.017	948.077	57	M	10
948.077	948.267	32	IY1	10
948.267	948.377	46	B	10
948.377	948.456	7	AH1	10
948.456	948.496	64	T	10
948.496	948.546	25	EY1	10
948.546	948.716	54	K	10
948.716	948.786	67	W	10
948.786	948.816	28	IH1	10
948.816	948.965	54	K	10
948.965	949.085	62	S	10
949.085	949.135	64	T	10
949.135	949.334	4	AE1	10
949.334	949.364	46	B	10
949.364	949.484	66	V	10
949.484	949.554	4	AE1	10
949.554	949.674	59	NG	10
949.674	949.714	54	K	10
949.714	949.743	67	W	10
949.743	949.773	27	IH0	10
949.773	949.923	63	SH	10
949.923	949.973	64	T	10
949.973	950.063	29	IH2	10
950.063	950.202	57	M	10
960.439	960.539	74	sp	11
960.539	960.569	51	G	11
960.569	960.619	56	L	11
960.619	960.788	44	UW1	11
960.788	960.878	54	K	11
960.878	961.068	36	OW2	11
961.068	961.257	62	S	11
961.257	961.287	6	AH0	11
961.287	961.467	58	N	11
961.467	961.537	48	D	11
961.537	961.666	50	F	11
961.666	961.746	61	R	11
961.746	961.806	7	AH1	11
961.806	961.856	54	K	11
961.856	962.006	64	T	11
962.006	962.125	36	OW2	11
962.125	962.255	62	S	11
962.255	962.365	1	AA1	11
962.365	962.405	61	R	11
962.405	962.524	58	N	11
962.524	962.684	4	AE1	11
962.684	962.824	47	CH	11
962.824	962.854	61	R	11
962.854	962.884	6	AH0	11
962.884	962.914	56	L	11
962.914	963.073	63	SH	11
963.073	963.153	41	UH1	11
963.153	963.203	51	G	11
963.203	963.313	21	ER0	11
963.313	963.402	69	Z	11
963.402	963.442	50	F	11
963.442	963.602	13	AW1	11
963.602	963.632	58	N	11
963.632	963.662	48	D	11
963.662	963.692	6	AH0	11
963.692	963.752	58	N	11
963.752	963.881	50	F	11
963.881	964.061	61	R	11
964.061	964.161	44	UW1	11
964.161	964.191	64	T	11
973.988	974.078	1	AA1	12
974.078	974.138	61	R	12
974.138	974.218	68	Y	12
974.218	974.248	44	UW1	12
974.248	974.278	56	L	12
974.278	974.348	41	UH1	12
974.348	974.437	54	K	12
974.437	974.487	27	IH0	12
974.487	974.557	59	NG	12
974.557	974.717	50	F	12
974.717	974.866	10	AO1	12
974.866	974.896	61	R	12
974.896	974.926	6	AH0	12
974.926	974.986	57	M	12
974.986	975.056	60	P	12
975.056	975.106	56	L	12
975.106	975.196	38	OY1	12
975.196	975.285	57	M	12
975.285	975.395	6	AH0	12
975.395	975.475	58	N	12
975.475	975.505	64	T	12
985.063	985.183	54	K	13
985.183	985.313	1	AA1	13
985.313	985.402	50	F	13
985.402	985.432	31	IY0	13
985.432	985.502	28	IH1	13
985.502	985.592	69	Z	13
985.592	985.642	51	G	13
985.642	985.812	61	R	13
985.812	985.841	35	OW1	13
985.841	985.871	58	N	13
985.871	985.991	1	AA1	13
985.991	986.051	58	N	13
986.051	986.201	62	S	13
986.201	986.241	64	T	13
986.241	986.44	32	IY1	13
986.44	986.47	60	P	13
986.47	986.6	53	JH	13
986.6	986.66	7	AH1	13
986.66	986.719	59	NG	13
986.719	986.749	51	G	13
986.749	986.779	6	AH0	13
986.779	986.859	56	L	13
986.859	986.889	56	L	13
986.889	986.979	16	AY1	13
986.979	987.168	54	K	13
987.168	987.238	62	S	13
987.238	987.358	56	L	13
987.358	987.468	35	OW1	13
987.468	987.538	60	P	13
987.538	987.647	62	S	13
987.647	987.677	28	IH1	13
987.677	987.787	58	N	13
987.787	987.887	64	T	13
987.887	987.957	19	EH1	13
987.957	988.026	57	M	13
988.026	988.076	60	P	13
988.076	988.186	61	R	13
988.186	988.216	6	AH0	13
988.216	988.246	64	T	13
988.246	988.366	69	Z	13
988.366	988.495	35	OW1	13
988.495	988.705	58	N	13
988.705	988.845	69	Z	13
998.493	998.533	67	W	14
998.533	998.582	32	IY1	14
998.582	998.642	67	W	14
998.642	998.712	19	EH1	14
998.712	998.802	56	L	14
998.802	998.882	54	K	14
998.882	998.922	6	AH0	14
998.922	999.041	57	M	14
999.041	999.081	57	M	14
999.081	999.151	19	EH1	14
999.151	999.181	58	N	14
999.181	999.291	31	IY0	14
999.291	999.381	58	N	14
999.381	999.431	68	Y	14
999.431	999.51	44	UW1	14
999.51	999.65	62	S	14
999.65	999.72	64	T	14
999.72	999.8	44	UW1	14
999.8	999.83	48	D	14
999.83	999.87	6	AH0	14
999.87	999.919	58	N	14
999.919	999.949	64	T	14
999.949	1000.009	62	S	14
1000.009	1000.109	32	IY1	14
1000.109	1000.239	47	CH	14
1000.239	1000.279	68	Y	14
1000.279	1000.368	28	IH1	14
1000.368	1000.488	61	R	14
1010.465	1010.535	35	OW1	15
1010.535	1010.565	58	N	15
1010.565	1010.635	56	L	15
1010.635	1010.675	31	IY0	15
1010.675	1010.715	49	DH	15
1010.715	1010.745	6	AH0	15
1010.745	1010.855	46	B	15
1010.855	1010.994	19	EH1	15
1010.994	1011.124	62	S	15
1011.124	1011.154	64	T	15
1011.154	1011.244	60	P	15
1011.244	1011.294	56	L	15
1011.294	1011.393	25	EY1	15
1011.393	1011.513	21	ER0	15
1011.513	1011.583	69	Z	15
1011.583	1011.613	6	AH0	15
1011.613	1011.653	58	N	15
1011.653	1011.723	53	JH	15
1011.723	1011.872	38	OY1	15
1011.872	1012.022	60	P	15
1012.022	1012.152	2	AA2	15
1012.152	1012.182	60	P	15
1012.182	1012.251	68	Y	15
1012.251	1012.281	6	AH0	15
1012.281	1012.381	56	L	15
1012.381	1012.481	19	EH1	15
1012.481	1012.541	61	R	15
1012.541	1012.571	6	AH0	15
1012.571	1012.601	64	T	15
1012.601	1012.77	31	IY0	15
1021.949	1022.049	54	K	16
1022.049	1022.139	4	AE1	16
1022.139	1022.179	56	L	16
1022.179	1022.299	62	S	16
1022.299	1022.329	31	IY0	16
1022.329	1022.368	6	AH0	16
1022.368	1022.448	57	M	16
1022.448	1022.488	57	M	16
1022.488	1022.608	25	EY1	16
1022.608	1022.678	54	K	16
1022.678	1022.778	62	S	16
1022.778	1022.817	74	sp	16
1022.817	1022.897	46	B	16
1022.897	1023.057	35	OW1	16
1023.057	1023.127	58	N	16
1023.127	1023.187	69	Z	16
1023.187	1023.217	6	AH0	16
1023.217	1023.276	58	N	16
1023.276	1023.306	48	D	16
1023.306	1023.406	64	T	16
1023.406	1023.526	32	IY1	16
1023.526	1023.566	65	TH	16
1023.566	1023.685	62	S	16
1023.685	1023.735	64	T	16
1023.735	1023.805	61	R	16
1023.805	1023.935	10	AO1	16
1023.935	1023.995	59	NG	16
1033.373	1033.433	58	N	17
1033.433	1033.523	7	AH1	17
1033.523	1033.663	65	TH	17
1033.663	1033.743	27	IH0	17
1033.743	1033.822	59	NG	17
1033.822	1033.942	28	IH1	17
1033.942	1033.972	69	Z	17
1033.972	1034.072	19	EH1	17
1034.072	1034.192	69	Z	17
1034.192	1034.231	6	AH0	17
1034.231	1034.391	50	F	17
1034.391	1034.471	19	EH1	17
1034.471	1034.541	58	N	17
1034.541	1034.67	62	S	17
1034.67	1034.79	27	IH0	17
1034.79	1034.83	66	V	17
1034.83	1034.97	19	EH1	17
1034.97	1035.07	69	Z	17
1035.07	1035.169	28	IH1	17
1035.169	1035.209	58	N	17
1035.209	1035.259	6	AH0	17
1035.259	1035.409	62	S	17
1035.409	1035.449	6	AH0	17
1035.449	1035.618	58	N	17
1035.618	1035.838	62	S	17
1044.219	1044.388	62	S	18
1044.388	1044.418	64	T	18
1044.418	1044.548	32	IY1	18
1044.548	1044.588	66	V	18
1044.588	1044.628	67	W	18
1044.628	1044.758	10	AO1	18
1044.758	1044.787	61	R	18
1044.787	1044.827	6	AH0	18
1044.827	1044.927	46	B	18
1044.927	1045.017	61	R	18
1045.017	1045.207	16	AY1	18
1045.207	1045.236	64	T	18
1045.236	1045.356	61	R	18
1045.356	1045.516	19	EH1	18
1045.516	1045.606	48	D	18
1045.606	1045.735	54	K	18
1045.735	1045.875	4	AE1	18
1045.875	1046.035	70	ZH	18
1046.035	1046.075	57	M	18
1046.075	1046.134	27	IH0	18
1046.134	1046.224	61	R	18
1046.224	1046.394	62	S	18
1046.394	1046.424	67	W	18
1046.424	1046.514	19	EH1	18
1046.514	1046.553	64	T	18
1046.553	1046.683	21	ER0	18
1055.713	1055.763	46	B	19
1055.763	1055.952	1	AA1	19
1055.952	1056.002	61	R	19
1056.002	1056.042	46	B	19
1056.042	1056.192	69	Z	19
1056.192	1056.231	51	G	19
1056.231	1056.361	35	OW1	19
1056.361	1056.431	56	L	19
1056.431	1056.461	48	D	19
1056.461	1056.521	46	B	19
1056.521	1056.611	61	R	19
1056.611	1056.69	25	EY1	19
1056.69	1056.84	62	S	19
1056.84	1056.89	56	L	19
1056.89	1057.03	6	AH0	19
1057.03	1057.06	64	T	19
1057.06	1057.119	67	W	19
1057.119	1057.219	7	AH1	19
1057.219	1057.269	69	Z	19
1057.269	1057.309	6	AH0	19
1057.309	1057.399	51	G	19
1057.399	1057.459	61	R	19
1057.459	1057.548	5	AE2	19
1057.548	1057.698	53	JH	19
1057.698	1057.728	43	UW0	19
1057.728	1057.828	25	EY1	19
1057.828	1057.918	63	SH	19
1057.918	1057.991	6	AH0	19
1057.991	1058.051	58	N	19
1058.051	1058.107	60	P	19
1058.107	1058.137	61	R	19
1058.137	1058.232	19	EH1	19
1058.232	1058.28	69	Z	19
1058.28	1058.407	6	AH0	19
1058.407	1058.431	58	N	19
1058.431	1058.445	64	T	19
