835.8745564933457	836.0088107206548	51	G	11
836.0088107206548	836.1187301587302	56	L	11
836.1187301587302	836.2677301587302	44	UW1	11
836.2677301587302	836.3377301587302	54	K	11
836.3377301587302	836.5077301587302	36	OW2	11
836.5077301587302	836.6467301587302	62	S	11
836.6467301587302	836.6767301587302	6	AH0	11
836.6767301587302	836.7267301587301	58	N	11
836.7267301587301	836.7567301587302	48	D	11
836.7567301587302	836.9367301587301	50	F	11
836.9367301587301	837.0367301587302	61	R	11
837.0367301587302	837.0857301587303	7	AH1	11
837.0857301587303	837.1457301587302	54	K	11
837.1457301587302	837.3457301587302	64	T	11
837.3457301587302	837.4357301587302	36	OW2	11
837.4357301587302	837.6347301587302	62	S	11
837.6347301587302	837.8747301587302	1	AA1	11
837.8747301587302	838.0337301587301	61	R	11
838.0337301587301	838.0737301587302	74	sp	11
838.0737301587302	838.1637301587302	58	N	11
838.1637301587302	838.3137301587301	4	AE1	11
838.3137301587301	838.4527301587302	47	CH	11
838.4527301587302	838.4827301587302	61	R	11
838.4827301587302	838.5127301587302	6	AH0	11
838.5127301587302	838.5727301587301	56	L	11
838.5727301587301	838.7427301587302	63	SH	11
838.7427301587302	838.7827301587301	41	UH1	11
838.7827301587301	838.8127301587301	51	G	11
838.8127301587301	839.0117301587302	21	ER0	11
839.0117301587302	839.1017301587301	69	Z	11
839.1017301587301	839.1517301587302	50	F	11
839.1517301587302	839.3007301587302	13	AW1	11
839.3007301587302	839.3407301587301	58	N	11
839.3407301587301	839.3707301587301	48	D	11
839.3707301587301	839.4107301587302	6	AH0	11
839.4107301587302	839.4707301587302	58	N	11
839.4707301587302	839.5707301587302	50	F	11
839.5707301587302	839.7397301587303	61	R	11
839.7397301587303	839.7997301587302	44	UW1	11
839.7997301587302	839.8297301587302	64	T	11
849.8212244897959	849.9002244897958	49	DH	8
849.9002244897958	849.9302244897958	7	AH1	8
849.9302244897958	850.0702244897959	50	F	8
850.0702244897959	850.1202244897959	61	R	8
850.1202244897959	850.2892244897959	16	AY1	8
850.2892244897959	850.3192244897958	64	T	8
850.3192244897958	850.3492244897959	6	AH0	8
850.3492244897959	850.3992244897959	58	N	8
850.3992244897959	850.4292244897958	48	D	8
850.4292244897958	850.5392244897959	47	CH	8
850.5392244897959	850.6292244897959	16	AY1	8
850.6292244897959	850.8382244897958	56	L	8
850.8382244897958	850.8682244897959	48	D	8
850.8682244897959	850.9282244897959	67	W	8
850.9282244897959	850.9782244897958	7	AH1	8
850.9782244897958	851.1482244897959	69	Z	8
851.1482244897959	851.2872244897959	53	JH	8
851.2872244897959	851.3872244897959	19	EH1	8
851.3872244897959	851.4272244897959	58	N	8
851.4272244897959	851.4572244897959	64	T	8
851.4572244897959	851.5372244897959	56	L	8
851.5372244897959	851.7362244897959	31	IY0	8
851.7362244897959	852.2252244897959	74	sp	8
852.2252244897959	852.4352244897959	62	S	8
852.4352244897959	852.5342244897959	6	AH0	8
852.5342244897959	852.5642244897958	46	B	8
852.5642244897958	852.6742244897958	48	D	8
852.6742244897958	852.9142244897959	44	UW1	8
852.9142244897959	853.0832244897958	48	D	8
853.0832244897958	853.1232244897958	74	sp	8
853.1232244897958	853.1932244897959	46	B	8
853.1932244897959	853.3432244897958	16	AY1	8
853.3432244897958	853.4522244897959	52	HH	8
853.4522244897959	853.5022244897958	28	IH1	8
853.5022244897958	853.5822244897959	69	Z	8
853.5822244897959	853.6722244897959	46	B	8
853.6722244897959	853.8412244897959	4	AE1	8
853.8412244897959	853.9312244897958	74	sp	8
853.9312244897958	854.0412244897959	46	B	8
854.0412244897959	854.1712244897958	28	IH1	8
854.1712244897958	854.2012244897959	51	G	8
854.2012244897959	854.2502244897959	46	B	8
854.2502244897959	854.3202244897959	61	R	8
854.3202244897959	854.4102244897958	7	AH1	8
854.4102244897958	854.4502244897958	49	DH	8
854.4502244897958	854.6002244897959	21	ER0	8
865.3733333333333	865.5523333333333	62	S	18
865.5523333333333	865.5823333333333	64	T	18
865.5823333333333	865.7123333333334	32	IY1	18
865.7123333333334	865.7623333333333	66	V	18
865.7623333333333	865.7923333333333	67	W	18
865.7923333333333	865.9613333333333	10	AO1	18
865.9613333333333	866.0413333333333	61	R	18
866.0413333333333	866.0713333333333	6	AH0	18
866.0713333333333	866.1213333333333	46	B	18
866.1213333333333	866.2513333333334	61	R	18
866.2513333333334	866.4013333333332	16	AY1	18
866.4013333333332	866.4303333333332	64	T	18
866.4303333333332	866.5603333333333	61	R	18
866.5603333333333	866.7703333333334	19	EH1	18
866.7703333333334	866.8793333333333	48	D	18
866.8793333333333	867.1693333333333	74	sp	18
867.1693333333333	867.2883333333333	54	K	18
867.2883333333333	867.4883333333332	4	AE1	18
867.4883333333332	867.6383333333333	70	ZH	18
867.6383333333333	867.7273333333333	57	M	18
867.7273333333333	867.8073333333333	27	IH0	18
867.8073333333333	867.8773333333334	61	R	18
867.8773333333334	868.0073333333332	62	S	18
868.0073333333332	868.0473333333333	67	W	18
868.0473333333333	868.1573333333333	19	EH1	18
868.1573333333333	868.1863333333333	64	T	18
868.1863333333333	868.3163333333333	21	ER0	18
878.67	878.7099999999999	58	N	17
878.7099999999999	878.809	7	AH1	17
878.809	878.939	65	TH	17
878.939	878.999	27	IH0	17
878.999	879.079	59	NG	17
879.079	879.1589999999999	28	IH1	17
879.1589999999999	879.2479999999999	69	Z	17
879.2479999999999	879.288	6	AH0	17
879.288	879.4479999999999	50	F	17
879.4479999999999	879.5179999999999	19	EH1	17
879.5179999999999	879.608	58	N	17
879.608	879.7069999999999	62	S	17
879.7069999999999	879.817	27	IH0	17
879.817	879.857	66	V	17
879.857	880.067	4	AE1	17
880.067	880.1659999999999	69	Z	17
880.1659999999999	880.2959999999999	28	IH1	17
880.2959999999999	880.326	58	N	17
880.326	880.406	6	AH0	17
880.406	880.536	62	S	17
880.536	880.665	6	AH0	17
880.665	880.785	58	N	17
880.785	881.0039999999999	62	S	17
890.4722448979592	890.5322448979591	32	IY1	4
890.5322448979591	890.6912448979592	21	ER0	4
890.6912448979592	890.7412448979592	35	OW1	4
890.7412448979592	890.8512448979592	60	P	4
890.8512448979592	890.8812448979592	6	AH0	4
890.8812448979592	890.9512448979592	58	N	4
890.9512448979592	891.1502448979592	19	EH1	4
891.1502448979592	891.2202448979592	66	V	4
891.2202448979592	891.3002448979591	61	R	4
891.3002448979591	891.3602448979592	31	IY0	4
891.3602448979592	891.5002448979592	57	M	4
891.5002448979592	891.5792448979591	7	AH1	4
891.5792448979591	891.6492448979592	58	N	4
891.6492448979592	891.6892448979592	48	D	4
891.6892448979592	891.8192448979592	26	EY2	4
891.8192448979592	891.9792448979592	32	IY1	4
891.9792448979592	892.0582448979592	66	V	4
892.0582448979592	892.0882448979592	58	N	4
892.0882448979592	892.1982448979592	27	IH0	4
892.1982448979592	892.2982448979592	59	NG	4
901.5920181405895	901.6820181405894	61	R	2
901.6820181405894	901.7620181405895	32	IY1	2
901.7620181405895	901.7920181405894	48	D	2
901.7920181405894	901.8820181405895	27	IH0	2
901.8820181405895	901.9320181405894	59	NG	2
901.9320181405894	902.0010181405895	28	IH1	2
902.0010181405895	902.0910181405894	58	N	2
902.0910181405894	902.2310181405894	60	P	2
902.2310181405894	902.3510181405895	41	UH1	2
902.3510181405895	902.4200181405895	61	R	2
902.4200181405895	902.5100181405894	56	L	2
902.5100181405894	902.7200181405894	16	AY1	2
902.7200181405894	902.8400181405895	64	T	2
902.8400181405895	902.8890181405894	51	G	2
902.8890181405894	902.9790181405895	28	IH1	2
902.9790181405895	903.0090181405894	66	V	2
903.0090181405894	903.1090181405895	69	Z	2
903.1090181405895	903.2490181405894	68	Y	2
903.2490181405894	903.3580181405895	44	UW1	2
903.3580181405895	903.6380181405895	16	AY1	2
903.6380181405895	903.8170181405894	62	S	2
903.8170181405894	903.8470181405895	64	T	2
903.8470181405895	903.8870181405895	61	R	2
903.8870181405895	904.0370181405895	26	EY2	2
904.0370181405895	904.2060181405894	58	N	2
914.25768707483	914.2876870748299	54	K	13
914.2876870748299	914.4876870748299	1	AA1	13
914.4876870748299	914.5866870748299	50	F	13
914.5866870748299	914.65668707483	31	IY0	13
914.65668707483	914.7466870748299	28	IH1	13
914.7466870748299	914.8266870748299	69	Z	13
914.8266870748299	914.9366870748299	51	G	13
914.9366870748299	915.0456870748299	61	R	13
915.0456870748299	915.14568707483	35	OW1	13
915.14568707483	915.2156870748299	58	N	13
915.2156870748299	915.37568707483	1	AA1	13
915.37568707483	915.4846870748299	58	N	13
915.4846870748299	915.71468707483	62	S	13
915.71468707483	915.7446870748299	64	T	13
915.7446870748299	916.0336870748299	32	IY1	13
916.0336870748299	916.0636870748299	60	P	13
916.0636870748299	916.21368707483	53	JH	13
916.21368707483	916.2636870748299	7	AH1	13
916.2636870748299	916.3336870748299	59	NG	13
916.3336870748299	916.3726870748299	51	G	13
916.3726870748299	916.4026870748299	6	AH0	13
916.4026870748299	916.4326870748299	56	L	13
916.4326870748299	916.52268707483	56	L	13
916.52268707483	916.64268707483	16	AY1	13
916.64268707483	916.73268707483	54	K	13
916.73268707483	916.9016870748299	62	S	13
916.9016870748299	917.01168707483	56	L	13
917.01168707483	917.1516870748299	35	OW1	13
917.1516870748299	917.2016870748299	60	P	13
917.2016870748299	917.3306870748299	62	S	13
917.3306870748299	917.3906870748299	74	sp	13
917.3906870748299	917.4906870748299	28	IH1	13
917.4906870748299	917.6796870748299	58	N	13
917.6796870748299	918.07968707483	74	sp	13
918.07968707483	918.1886870748299	64	T	13
918.1886870748299	918.2586870748299	19	EH1	13
918.2586870748299	918.30868707483	57	M	13
918.30868707483	918.34868707483	60	P	13
918.34868707483	918.4786870748298	61	R	13
918.4786870748298	918.5086870748299	6	AH0	13
918.5086870748299	918.5476870748299	64	T	13
918.5476870748299	918.6976870748299	69	Z	13
918.6976870748299	918.75768707483	35	OW1	13
918.75768707483	919.0066870748299	58	N	13
919.0066870748299	919.1866870748299	69	Z	13
929.6478911564625	929.6978911564626	1	AA1	12
929.6978911564626	929.7778911564626	61	R	12
929.7778911564626	929.8778911564625	68	Y	12
929.8778911564625	929.9468911564626	44	UW1	12
929.9468911564626	929.9968911564625	56	L	12
929.9968911564625	930.0568911564626	41	UH1	12
930.0568911564626	930.1668911564625	54	K	12
930.1668911564625	930.2068911564626	27	IH0	12
930.2068911564626	930.2868911564626	59	NG	12
930.2868911564626	930.3958911564625	50	F	12
930.3958911564625	930.5458911564626	10	AO1	12
930.5458911564626	930.5958911564626	61	R	12
930.5958911564626	930.6258911564626	6	AH0	12
930.6258911564626	930.6958911564625	57	M	12
930.6958911564625	930.7958911564626	60	P	12
930.7958911564626	930.8348911564626	56	L	12
930.8348911564626	930.9348911564625	38	OY1	12
930.9348911564625	931.0148911564626	57	M	12
931.0148911564626	931.1248911564626	6	AH0	12
931.1248911564626	931.1648911564625	58	N	12
931.1648911564625	931.2248911564625	64	T	12
940.8579591836734	940.9269591836734	35	OW1	15
940.9269591836734	940.9529591836733	58	N	15
940.9529591836733	940.9849591836735	56	L	15
940.9849591836735	941.0519591836734	31	IY0	15
941.0519591836734	941.1179591836734	49	DH	15
941.1179591836734	941.1879591836735	7	AH1	15
941.1879591836735	941.2749591836734	46	B	15
941.2749591836734	941.4049591836733	19	EH1	15
941.4049591836733	941.5339591836735	62	S	15
941.5339591836735	941.5639591836734	64	T	15
941.5639591836734	941.6339591836734	60	P	15
941.6339591836734	941.6639591836733	56	L	15
941.6639591836733	941.7439591836734	25	EY1	15
941.7439591836734	941.8639591836734	21	ER0	15
941.8639591836734	941.9329591836733	69	Z	15
941.9329591836733	941.9629591836733	6	AH0	15
941.9629591836733	942.0329591836735	58	N	15
942.0329591836735	942.1229591836734	53	JH	15
942.1229591836734	942.3029591836735	38	OY1	15
942.3029591836735	942.3119591836735	74	sp	15
942.3119591836735	942.5019591836734	60	P	15
942.5019591836734	942.5919591836735	2	AA2	15
942.5919591836735	942.6219591836734	60	P	15
942.6219591836734	942.7319591836733	68	Y	15
942.7319591836733	942.7609591836733	6	AH0	15
942.7609591836733	942.7909591836734	56	L	15
942.7909591836734	942.9009591836734	19	EH1	15
942.9009591836734	942.9409591836734	61	R	15
942.9409591836734	942.9709591836734	6	AH0	15
942.9709591836734	943.0009591836733	64	T	15
943.0009591836733	943.1509591836734	31	IY0	15
953.3277097505668	953.5077097505668	32	IY1	9
953.5077097505668	953.5377097505668	66	V	9
953.5377097505668	953.5677097505668	6	AH0	9
953.5677097505668	953.6367097505668	58	N	9
953.6367097505668	953.6967097505668	6	AH0	9
953.6967097505668	953.8967097505669	62	S	9
953.8967097505669	953.9567097505669	28	IH1	9
953.9567097505669	954.0167097505669	57	M	9
954.0167097505669	954.0667097505668	60	P	9
954.0667097505668	954.1257097505668	6	AH0	9
954.1257097505668	954.2157097505668	56	L	9
954.2157097505668	954.2957097505669	66	V	9
954.2957097505669	954.3757097505668	34	OW0	9
954.3757097505668	954.5247097505669	54	K	9
954.5247097505669	954.6747097505668	4	AE1	9
954.6747097505668	954.7547097505669	46	B	9
954.7547097505669	954.7847097505669	68	Y	9
954.7847097505669	954.8147097505669	6	AH0	9
954.8147097505669	954.8447097505668	56	L	9
954.8447097505668	954.9637097505667	20	EH2	9
954.9637097505667	955.0237097505668	61	R	9
955.0237097505668	955.0737097505669	31	IY0	9
955.0737097505669	955.1837097505668	54	K	9
955.1837097505668	955.2237097505669	6	AH0	9
955.2237097505669	955.2937097505669	58	N	9
955.2937097505669	955.4027097505668	64	T	9
955.4027097505668	955.5427097505668	25	EY1	9
955.5427097505668	955.6227097505669	58	N	9
955.6227097505669	955.6527097505668	69	Z	9
955.6527097505668	955.8027097505668	62	S	9
955.8027097505668	955.8417097505669	28	IH1	9
955.8417097505669	955.9617097505668	57	M	9
955.9617097505668	956.0117097505668	46	B	9
956.0117097505668	956.0417097505668	6	AH0	9
956.0417097505668	956.2117097505668	56	L	9
956.2117097505668	956.3807097505669	69	Z	9
967.4915668934241	967.550566893424	74	sp	3
967.550566893424	967.700566893424	32	IY1	3
967.700566893424	967.730566893424	66	V	3
967.730566893424	967.800566893424	6	AH0	3
967.800566893424	967.860566893424	58	N	3
967.860566893424	968.089566893424	16	AY1	3
968.089566893424	968.119566893424	6	AH0	3
968.119566893424	968.239566893424	54	K	3
968.239566893424	968.399566893424	25	EY1	3
968.399566893424	968.4685668934239	70	ZH	3
968.4685668934239	968.498566893424	6	AH0	3
968.498566893424	968.528566893424	58	N	3
968.528566893424	968.558566893424	56	L	3
968.558566893424	968.648566893424	31	IY0	3
968.648566893424	968.798566893424	51	G	3
968.798566893424	968.937566893424	28	IH1	3
968.937566893424	969.027566893424	64	T	3
969.027566893424	969.067566893424	49	DH	3
969.067566893424	969.1075668934241	6	AH0	3
969.1075668934241	969.277566893424	57	M	3
969.277566893424	969.3665668934241	7	AH1	3
969.3665668934241	969.466566893424	58	N	3
969.466566893424	969.496566893424	48	D	3
969.496566893424	969.646566893424	26	EY2	3
969.646566893424	969.725566893424	46	B	3
969.725566893424	969.8955668934241	56	L	3
969.8955668934241	970.095566893424	44	UW1	3
970.095566893424	970.304566893424	69	Z	3
978.3027664399093	978.3727664399094	49	DH	7
978.3727664399094	978.4827664399093	35	OW1	7
978.4827664399093	978.5527664399093	69	Z	7
978.5527664399093	978.5827664399094	52	HH	7
978.5827664399094	978.6627664399093	44	UW1	7
978.6627664399093	978.7817664399093	64	T	7
978.7817664399093	978.9417664399093	32	IY1	7
978.9417664399093	979.0617664399093	47	CH	7
979.0617664399093	979.1307664399094	66	V	7
979.1307664399094	979.3207664399093	4	AE1	7
979.3207664399093	979.3507664399093	56	L	7
979.3507664399093	979.4507664399093	68	Y	7
979.4507664399093	979.4807664399093	43	UW0	7
979.4807664399093	979.5897664399093	69	Z	7
979.5897664399093	979.6697664399094	50	F	7
979.6697664399094	979.8897664399093	22	ER1	7
979.8897664399093	980.0787664399093	62	S	7
980.0787664399093	980.1187664399093	64	T	7
980.1187664399093	980.1687664399093	6	AH0	7
980.1687664399093	980.2287664399094	46	B	7
980.2287664399094	980.4577664399094	1	AA1	7
980.4577664399094	980.4877664399094	56	L	7
980.4877664399094	980.5177664399093	29	IH2	7
980.5177664399093	980.7377664399094	63	SH	7
980.7377664399094	980.7977664399093	47	CH	7
980.7977664399093	980.8967664399094	32	IY1	7
980.8967664399094	980.9267664399093	64	T	7
980.9267664399093	980.9767664399093	27	IH0	7
980.9767664399093	981.1867664399093	59	NG	7
991.6437188208616	991.7037188208617	46	B	19
991.7037188208617	991.8827188208616	1	AA1	19
991.8827188208616	991.9527188208616	61	R	19
991.9527188208616	991.9827188208617	46	B	19
991.9827188208617	992.2027188208616	69	Z	19
992.2027188208616	992.3027188208616	51	G	19
992.3027188208616	992.4717188208616	35	OW1	19
992.4717188208616	992.5817188208616	56	L	19
992.5817188208616	992.6317188208616	48	D	19
992.6317188208616	992.6617188208616	46	B	19
992.6617188208616	992.7317188208616	61	R	19
992.7317188208616	992.8307188208616	25	EY1	19
992.8307188208616	992.9807188208616	62	S	19
992.9807188208616	993.0607188208617	56	L	19
993.0607188208617	993.2097188208616	6	AH0	19
993.2097188208616	993.2397188208616	64	T	19
993.2397188208616	993.3197188208617	67	W	19
993.3197188208617	993.3997188208616	7	AH1	19
993.3997188208616	993.4597188208616	69	Z	19
993.4597188208616	993.5297188208616	6	AH0	19
993.5297188208616	993.6297188208616	51	G	19
993.6297188208616	993.6587188208616	61	R	19
993.6587188208616	993.7887188208616	5	AE2	19
993.7887188208616	993.9087188208616	53	JH	19
993.9087188208616	993.9487188208616	43	UW0	19
993.9487188208616	994.0587188208617	25	EY1	19
994.0587188208617	994.1677188208616	63	SH	19
994.1677188208616	994.1977188208616	6	AH0	19
994.1977188208616	994.2777188208617	58	N	19
994.2777188208617	994.3477188208617	60	P	19
994.3477188208617	994.3977188208617	61	R	19
994.3977188208617	994.4677188208616	19	EH1	19
994.4677188208616	994.5467188208617	69	Z	19
994.5467188208617	994.6267188208617	6	AH0	19
994.6267188208617	994.7167188208616	58	N	19
994.7167188208616	994.7467188208616	64	T	19
1003.6825396825396	1003.7125396825396	6	AH0	10
1003.7125396825396	1003.7925396825397	74	sp	10
1003.7925396825397	1003.9215396825396	54	K	10
1003.9215396825396	1003.9715396825396	61	R	10
1003.9715396825396	1004.1215396825396	4	AE1	10
1004.1215396825396	1004.1815396825396	46	B	10
1004.1815396825396	1004.3205396825397	47	CH	10
1004.3205396825397	1004.4405396825396	4	AE1	10
1004.4405396825396	1004.5105396825396	56	L	10
1004.5105396825396	1004.5605396825397	6	AH0	10
1004.5605396825397	1004.6505396825396	58	N	10
1004.6505396825396	1004.7405396825396	53	JH	10
1004.7405396825396	1004.7695396825396	48	D	10
1004.7695396825396	1004.7995396825397	57	M	10
1004.7995396825397	1004.9795396825396	32	IY1	10
1004.9795396825396	1005.1295396825396	46	B	10
1005.1295396825396	1005.1695396825396	7	AH1	10
1005.1695396825396	1005.2085396825396	64	T	10
1005.2085396825396	1005.2785396825396	25	EY1	10
1005.2785396825396	1005.4385396825396	54	K	10
1005.4385396825396	1005.4785396825396	67	W	10
1005.4785396825396	1005.5585396825396	28	IH1	10
1005.5585396825396	1005.6375396825397	54	K	10
1005.6375396825397	1005.8075396825396	62	S	10
1005.8075396825396	1005.8575396825397	64	T	10
1005.8575396825397	1006.0765396825396	4	AE1	10
1006.0765396825396	1006.1065396825396	46	B	10
1006.1065396825396	1006.1865396825397	66	V	10
1006.1865396825397	1006.2565396825396	4	AE1	10
1006.2565396825396	1006.3565396825396	59	NG	10
1006.3565396825396	1006.4265396825397	54	K	10
1006.4265396825397	1006.4865396825396	67	W	10
1006.4865396825396	1006.5155396825396	27	IH0	10
1006.5155396825396	1006.6655396825397	63	SH	10
1006.6655396825397	1006.7155396825397	64	T	10
1006.7155396825397	1006.8255396825396	29	IH2	10
1006.8255396825396	1006.9945396825397	57	M	10
1016.059	1016.179	54	K	16
1016.179	1016.299	4	AE1	16
1016.299	1016.329	56	L	16
1016.329	1016.478	62	S	16
1016.478	1016.568	31	IY0	16
1016.568	1016.6179999999999	6	AH0	16
1016.6179999999999	1016.6479999999999	57	M	16
1016.6479999999999	1016.788	57	M	16
1016.788	1016.9269999999999	25	EY1	16
1016.9269999999999	1016.967	54	K	16
1016.967	1017.077	62	S	16
1017.077	1017.1669999999999	46	B	16
1017.1669999999999	1017.386	35	OW1	16
1017.386	1017.4659999999999	58	N	16
1017.4659999999999	1017.5459999999999	69	Z	16
1017.5459999999999	1017.576	6	AH0	16
1017.576	1017.6659999999999	58	N	16
1017.6659999999999	1017.6959999999999	48	D	16
1017.6959999999999	1017.785	64	T	16
1017.785	1017.925	32	IY1	16
1017.925	1017.9649999999999	65	TH	16
1017.9649999999999	1018.105	62	S	16
1018.105	1018.135	64	T	16
1018.135	1018.2239999999999	61	R	16
1018.2239999999999	1018.384	10	AO1	16
1018.384	1018.5039999999999	59	NG	16
1026.894	1026.933	28	IH1	5
1026.933	1026.963	64	T	5
1026.963	1027.0729999999999	62	S	5
1027.0729999999999	1027.103	58	N	5
1027.103	1027.253	1	AA1	5
1027.253	1027.283	64	T	5
1027.283	1027.432	32	IY1	5
1027.432	1027.462	69	Z	5
1027.462	1027.552	31	IY0	5
1027.552	1027.632	64	T	5
1027.632	1027.712	27	IH0	5
1027.712	1027.821	54	K	5
1027.821	1027.8509999999999	61	R	5
1027.8509999999999	1027.8809999999999	31	IY0	5
1027.8809999999999	1028.211	25	EY1	5
1028.211	1028.25	64	T	5
1028.25	1028.29	29	IH2	5
1028.29	1028.32	56	L	5
1028.32	1028.4	44	UW1	5
1028.4	1028.46	57	M	5
1028.46	1028.699	6	AH0	5
1028.699	1028.739	58	N	5
1028.739	1028.9089999999999	26	EY2	5
1028.9089999999999	1028.9389999999999	64	T	5
1028.9389999999999	1029.059	27	IH0	5
1029.059	1029.298	59	NG	5
1029.298	1029.348	74	sp	5
1029.348	1029.378	27	IH0	5
1029.378	1029.4679999999998	51	G	5
1029.4679999999998	1029.558	69	Z	5
1029.558	1029.717	4	AE1	5
1029.717	1029.7469999999998	57	M	5
1029.7469999999998	1029.797	60	P	5
1029.797	1029.827	6	AH0	5
1029.827	1029.9569999999999	56	L	5
1029.9569999999999	1030.116	69	Z	5
1038.5903706939314	1038.6445012040547	67	W	14
1038.6445012040547	1038.7225396825397	32	IY1	14
1038.7225396825397	1038.7825396825397	67	W	14
1038.7825396825397	1038.8525396825396	19	EH1	14
1038.8525396825396	1038.9815396825397	56	L	14
1038.9815396825397	1039.0315396825397	54	K	14
1039.0315396825397	1039.1315396825396	6	AH0	14
1039.1315396825396	1039.1915396825398	57	M	14
1039.1915396825398	1039.3015396825397	57	M	14
1039.3015396825397	1039.3805396825396	19	EH1	14
1039.3805396825396	1039.4105396825396	58	N	14
1039.4105396825396	1039.5305396825397	31	IY0	14
1039.5305396825397	1039.6205396825396	58	N	14
1039.6205396825396	1039.7205396825398	68	Y	14
1039.7205396825398	1039.7505396825397	44	UW1	14
1039.7505396825397	1039.9395396825396	62	S	14
1039.9395396825396	1039.9795396825398	64	T	14
1039.9795396825398	1040.0895396825397	44	UW1	14
1040.0895396825397	1040.1195396825397	48	D	14
1040.1195396825397	1040.1495396825396	6	AH0	14
1040.1495396825396	1040.1795396825396	58	N	14
1040.1795396825396	1040.2085396825396	64	T	14
1040.2085396825396	1040.2485396825396	62	S	14
1040.2485396825396	1040.3985396825396	32	IY1	14
1040.3985396825396	1040.5385396825395	47	CH	14
1040.5385396825395	1040.5985396825397	68	Y	14
1040.5985396825397	1040.6975396825396	28	IH1	14
1040.6975396825396	1040.7575396825396	61	R	14
1050.054172335601	1050.1241723356009	74	sp	6
1050.1241723356009	1050.2731723356007	57	M	6
1050.2731723356007	1050.4131723356008	7	AH1	6
1050.4131723356008	1050.5231723356007	57	M	6
1050.5231723356007	1050.6431723356009	62	S	6
1050.6431723356009	1050.6821723356009	64	T	6
1050.6821723356009	1050.7121723356008	61	R	6
1050.7121723356008	1050.892172335601	10	AO1	6
1050.892172335601	1050.9221723356009	59	NG	6
1050.9221723356009	1050.9521723356008	56	L	6
1050.9521723356008	1051.0021723356008	31	IY0	6
1051.0021723356008	1051.072172335601	48	D	6
1051.072172335601	1051.131172335601	29	IH2	6
1051.131172335601	1051.2611723356008	62	S	6
1051.2611723356008	1051.2911723356008	56	L	6
1051.2911723356008	1051.411172335601	16	AY1	6
1051.411172335601	1051.4811723356008	54	K	6
1051.4811723356008	1051.5311723356008	62	S	6
1051.5311723356008	1051.670172335601	4	AE1	6
1051.670172335601	1051.7501723356008	60	P	6
1051.7501723356008	1051.7801723356008	6	AH0	6
1051.7801723356008	1051.880172335601	64	T	6
1051.880172335601	1052.0091723356009	17	AY2	6
1052.0091723356009	1052.1091723356008	69	Z	6
1052.1091723356008	1052.199172335601	21	ER0	6
1052.199172335601	1052.4191723356007	69	Z	6
1061.8110657596371	1061.9510657596372	63	SH	1
1061.9510657596372	1062.0300657596372	32	IY1	1
1062.0300657596372	1062.1000657596371	67	W	1
1062.1000657596371	1062.2700657596372	10	AO1	1
1062.2700657596372	1062.3500657596371	61	R	1
1062.3500657596371	1062.4500657596373	67	W	1
1062.4500657596373	1062.679065759637	10	AO1	1
1062.679065759637	1062.7490657596372	61	R	1
1062.7490657596372	1062.8590657596371	57	M	1
1062.8590657596371	1063.0680657596372	50	F	1
1063.0680657596372	1063.0980657596372	56	L	1
1063.0980657596372	1063.228065759637	32	IY1	1
1063.228065759637	1063.3480657596372	62	S	1
1063.3480657596372	1063.487065759637	31	IY0	1
1063.487065759637	1063.6470657596371	67	W	1
1063.6470657596371	1063.687065759637	41	UH1	1
1063.687065759637	1063.8060657596372	56	L	1
1063.8060657596372	1063.8760657596372	6	AH0	1
1063.8760657596372	1063.9460657596371	58	N	1
1063.9460657596371	1064.1660657596371	35	OW1	1
1064.1660657596371	1064.1960657596371	66	V	1
1064.1960657596371	1064.305065759637	21	ER0	1
1064.305065759637	1064.3750657596372	11	AO2	1
1064.3750657596372	1064.505065759637	56	L	1
1064.505065759637	1064.7140657596372	69	Z	1
