100.663	100.735	1	AA1	0
100.735	100.798	61	R	0
100.798	100.856	68	Y	0
100.856	100.994	22	ER1	0
100.994	101.04	51	G	0
101.04	101.122	61	R	0
101.122	101.202	25	EY1	0
101.202	101.262	48	D	0
101.262	101.312	69	Z	0
101.312	101.431	52	HH	0
101.431	101.611	16	AY1	0
101.611	101.771	21	ER0	0
101.771	101.821	10	AO1	0
101.821	101.92	61	R	0
101.92	102.07	56	L	0
102.07	102.23	35	OW1	0
102.23	102.309	21	ER0	0
102.309	102.449	49	DH	0
102.449	102.525	4	AE1	0
102.525	102.608	58	N	0
102.608	102.669	58	N	0
102.669	102.828	4	AE1	0
102.828	102.901	58	N	0
102.901	103.142	74	sp	0
103.142	103.247	58	N	0
103.247	103.401	4	AE1	0
103.401	103.477	58	N	0
103.477	103.559	62	S	0
103.559	103.69	31	IY0	0
103.69	103.851	69	Z	0
109.563	109.703	63	SH	1
109.703	109.782	32	IY1	1
109.782	109.852	67	W	1
109.852	110.022	10	AO1	1
110.022	110.102	61	R	1
110.102	110.202	67	W	1
110.202	110.431	10	AO1	1
110.431	110.501	61	R	1
110.501	110.611	57	M	1
110.611	110.82	50	F	1
110.82	110.85	56	L	1
110.85	110.98	32	IY1	1
110.98	111.1	62	S	1
111.1	111.239	31	IY0	1
111.239	111.399	67	W	1
111.399	111.439	41	UH1	1
111.439	111.558	56	L	1
111.558	111.628	6	AH0	1
111.628	111.698	58	N	1
111.698	111.918	35	OW1	1
111.918	111.948	66	V	1
111.948	112.057	21	ER0	1
112.057	112.127	11	AO2	1
112.127	112.257	56	L	1
112.257	112.466	69	Z	1
125.676	125.766	61	R	2
125.766	125.846	32	IY1	2
125.846	125.876	48	D	2
125.876	125.966	27	IH0	2
125.966	126.016	59	NG	2
126.016	126.085	28	IH1	2
126.085	126.175	58	N	2
126.175	126.315	60	P	2
126.315	126.435	41	UH1	2
126.435	126.504	61	R	2
126.504	126.594	56	L	2
126.594	126.804	16	AY1	2
126.804	126.924	64	T	2
126.924	126.973	51	G	2
126.973	127.063	28	IH1	2
127.063	127.093	66	V	2
127.093	127.193	69	Z	2
127.193	127.333	68	Y	2
127.333	127.442	44	UW1	2
127.442	127.722	16	AY1	2
127.722	127.901	62	S	2
127.901	127.931	64	T	2
127.931	127.971	61	R	2
127.971	128.121	26	EY2	2
128.121	128.29	58	N	2
138.407	138.557	32	IY1	3
138.557	138.587	66	V	3
138.587	138.657	6	AH0	3
138.657	138.717	58	N	3
138.717	138.946	16	AY1	3
138.946	138.976	6	AH0	3
138.976	139.096	54	K	3
139.096	139.256	25	EY1	3
139.256	139.325	70	ZH	3
139.325	139.355	6	AH0	3
139.355	139.385	58	N	3
139.385	139.415	56	L	3
139.415	139.505	31	IY0	3
139.505	139.655	51	G	3
139.655	139.794	28	IH1	3
139.794	139.884	64	T	3
139.884	139.924	49	DH	3
139.924	139.964	6	AH0	3
139.964	140.134	57	M	3
140.134	140.223	7	AH1	3
140.223	140.323	58	N	3
140.323	140.353	48	D	3
140.353	140.503	26	EY2	3
140.503	140.582	46	B	3
140.582	140.752	56	L	3
140.752	140.952	44	UW1	3
140.952	141.161	69	Z	3
150.45	150.51	67	W	4
150.51	150.57	32	IY1	4
150.57	150.729	21	ER0	4
150.729	150.779	35	OW1	4
150.779	150.889	60	P	4
150.889	150.919	6	AH0	4
150.919	150.989	58	N	4
150.989	151.188	19	EH1	4
151.188	151.258	66	V	4
151.258	151.338	61	R	4
151.338	151.398	31	IY0	4
151.398	151.538	57	M	4
151.538	151.617	7	AH1	4
151.617	151.687	58	N	4
151.687	151.727	48	D	4
151.727	151.857	26	EY2	4
151.857	152.017	32	IY1	4
152.017	152.096	66	V	4
152.096	152.126	58	N	4
152.126	152.236	27	IH0	4
152.236	152.336	59	NG	4
160.787	160.826	28	IH1	5
160.826	160.856	64	T	5
160.856	160.966	62	S	5
160.966	160.996	58	N	5
160.996	161.146	1	AA1	5
161.146	161.176	64	T	5
161.176	161.325	32	IY1	5
161.325	161.355	69	Z	5
161.355	161.445	31	IY0	5
161.445	161.525	64	T	5
161.525	161.605	27	IH0	5
161.605	161.714	54	K	5
161.714	161.744	61	R	5
161.744	161.774	31	IY0	5
161.774	162.104	25	EY1	5
162.104	162.143	64	T	5
162.143	162.183	29	IH2	5
162.183	162.213	56	L	5
162.213	162.293	44	UW1	5
162.293	162.353	57	M	5
162.353	162.592	6	AH0	5
162.592	162.632	58	N	5
162.632	162.802	26	EY2	5
162.802	162.832	64	T	5
162.832	162.952	27	IH0	5
162.952	163.191	59	NG	5
163.191	163.241	74	sp	5
163.241	163.271	27	IH0	5
163.271	163.361	51	G	5
163.361	163.451	69	Z	5
163.451	163.61	4	AE1	5
163.61	163.64	57	M	5
163.64	163.69	60	P	5
163.69	163.72	6	AH0	5
163.72	163.85	56	L	5
163.85	164.009	69	Z	5
173.847	173.917	74	sp	6
173.917	174.066	57	M	6
174.066	174.206	7	AH1	6
174.206	174.316	57	M	6
174.316	174.436	62	S	6
174.436	174.475	64	T	6
174.475	174.505	61	R	6
174.505	174.685	10	AO1	6
174.685	174.715	59	NG	6
174.715	174.745	56	L	6
174.745	174.795	31	IY0	6
174.795	174.865	48	D	6
174.865	174.924	29	IH2	6
174.924	175.054	62	S	6
175.054	175.084	56	L	6
175.084	175.204	16	AY1	6
175.204	175.274	54	K	6
175.274	175.324	62	S	6
175.324	175.463	4	AE1	6
175.463	175.543	60	P	6
175.543	175.573	6	AH0	6
175.573	175.673	64	T	6
175.673	175.802	17	AY2	6
175.802	175.902	69	Z	6
175.902	175.992	21	ER0	6
175.992	176.212	69	Z	6
185.52	185.59	49	DH	7
185.59	185.7	35	OW1	7
185.7	185.77	69	Z	7
185.77	185.8	52	HH	7
185.8	185.88	44	UW1	7
185.88	185.999	64	T	7
185.999	186.159	32	IY1	7
186.159	186.279	47	CH	7
186.279	186.348	66	V	7
186.348	186.538	4	AE1	7
186.538	186.568	56	L	7
186.568	186.668	68	Y	7
186.668	186.698	43	UW0	7
186.698	186.807	69	Z	7
186.807	186.887	50	F	7
186.887	187.107	22	ER1	7
187.107	187.296	62	S	7
187.296	187.336	64	T	7
187.336	187.386	6	AH0	7
187.386	187.446	46	B	7
187.446	187.675	1	AA1	7
187.675	187.705	56	L	7
187.705	187.735	29	IH2	7
187.735	187.955	63	SH	7
187.955	188.015	47	CH	7
188.015	188.114	32	IY1	7
188.114	188.144	64	T	7
188.144	188.194	27	IH0	7
188.194	188.404	59	NG	7
197.763	197.842	49	DH	8
197.842	197.872	7	AH1	8
197.872	198.012	50	F	8
198.012	198.062	61	R	8
198.062	198.231	16	AY1	8
198.231	198.261	64	T	8
198.261	198.291	6	AH0	8
198.291	198.341	58	N	8
198.341	198.371	48	D	8
198.371	198.481	47	CH	8
198.481	198.571	16	AY1	8
198.571	198.78	56	L	8
198.78	198.81	48	D	8
198.81	198.87	67	W	8
198.87	198.92	7	AH1	8
198.92	199.09	69	Z	8
199.09	199.229	53	JH	8
199.229	199.329	19	EH1	8
199.329	199.369	58	N	8
199.369	199.399	64	T	8
199.399	199.479	56	L	8
199.479	199.678	31	IY0	8
199.678	200.167	74	sp	8
200.167	200.377	62	S	8
200.377	200.476	6	AH0	8
200.476	200.506	46	B	8
200.506	200.616	48	D	8
200.616	200.856	44	UW1	8
200.856	201.025	48	D	8
201.025	201.065	74	sp	8
201.065	201.135	46	B	8
201.135	201.285	16	AY1	8
201.285	201.394	52	HH	8
201.394	201.444	28	IH1	8
201.444	201.524	69	Z	8
201.524	201.614	46	B	8
201.614	201.783	4	AE1	8
201.783	201.873	74	sp	8
201.873	201.983	46	B	8
201.983	202.113	28	IH1	8
202.113	202.143	51	G	8
202.143	202.192	46	B	8
202.192	202.262	61	R	8
202.262	202.352	7	AH1	8
202.352	202.392	49	DH	8
202.392	202.542	21	ER0	8
306.156	306.336	32	IY1	9
306.336	306.366	66	V	9
306.366	306.396	6	AH0	9
306.396	306.465	58	N	9
306.465	306.525	6	AH0	9
306.525	306.725	62	S	9
306.725	306.785	28	IH1	9
306.785	306.845	57	M	9
306.845	306.895	60	P	9
306.895	306.954	6	AH0	9
306.954	307.044	56	L	9
307.044	307.124	66	V	9
307.124	307.204	34	OW0	9
307.204	307.353	54	K	9
307.353	307.503	4	AE1	9
307.503	307.583	46	B	9
307.583	307.613	68	Y	9
307.613	307.643	6	AH0	9
307.643	307.673	56	L	9
307.673	307.792	20	EH2	9
307.792	307.852	61	R	9
307.852	307.902	31	IY0	9
307.902	308.012	54	K	9
308.012	308.052	6	AH0	9
308.052	308.122	58	N	9
308.122	308.231	64	T	9
308.231	308.371	25	EY1	9
308.371	308.451	58	N	9
308.451	308.481	69	Z	9
308.481	308.631	62	S	9
308.631	308.67	28	IH1	9
308.67	308.79	57	M	9
308.79	308.84	46	B	9
308.84	308.87	6	AH0	9
308.87	309.04	56	L	9
309.04	309.209	69	Z	9
319.466	319.496	6	AH0	10
319.496	319.576	74	sp	10
319.576	319.705	54	K	10
319.705	319.755	61	R	10
319.755	319.905	4	AE1	10
319.905	319.965	46	B	10
319.965	320.104	47	CH	10
320.104	320.224	4	AE1	10
320.224	320.294	56	L	10
320.294	320.344	6	AH0	10
320.344	320.434	58	N	10
320.434	320.524	53	JH	10
320.524	320.553	48	D	10
320.553	320.583	57	M	10
320.583	320.763	32	IY1	10
320.763	320.913	46	B	10
320.913	320.953	7	AH1	10
320.953	320.992	64	T	10
320.992	321.062	25	EY1	10
321.062	321.222	54	K	10
321.222	321.262	67	W	10
321.262	321.342	28	IH1	10
321.342	321.421	54	K	10
321.421	321.591	62	S	10
321.591	321.641	64	T	10
321.641	321.86	4	AE1	10
321.86	321.89	46	B	10
321.89	321.97	66	V	10
321.97	322.04	4	AE1	10
322.04	322.14	59	NG	10
322.14	322.21	54	K	10
322.21	322.27	67	W	10
322.27	322.299	27	IH0	10
322.299	322.449	63	SH	10
322.449	322.499	64	T	10
322.499	322.609	29	IH2	10
322.609	322.778	57	M	10
332.486	332.566	74	sp	11
332.566	332.756	51	G	11
332.756	332.806	56	L	11
332.806	332.955	44	UW1	11
332.955	333.025	54	K	11
333.025	333.195	36	OW2	11
333.195	333.334	62	S	11
333.334	333.364	6	AH0	11
333.364	333.414	58	N	11
333.414	333.444	48	D	11
333.444	333.624	50	F	11
333.624	333.724	61	R	11
333.724	333.773	7	AH1	11
333.773	333.833	54	K	11
333.833	334.033	64	T	11
334.033	334.123	36	OW2	11
334.123	334.322	62	S	11
334.322	334.562	1	AA1	11
334.562	334.721	61	R	11
334.721	334.761	74	sp	11
334.761	334.851	58	N	11
334.851	335.001	4	AE1	11
335.001	335.14	47	CH	11
335.14	335.17	61	R	11
335.17	335.2	6	AH0	11
335.2	335.26	56	L	11
335.26	335.43	63	SH	11
335.43	335.47	41	UH1	11
335.47	335.5	51	G	11
335.5	335.699	21	ER0	11
335.699	335.789	69	Z	11
335.789	335.839	50	F	11
335.839	335.988	13	AW1	11
335.988	336.028	58	N	11
336.028	336.058	48	D	11
336.058	336.098	6	AH0	11
336.098	336.158	58	N	11
336.158	336.258	50	F	11
336.258	336.427	61	R	11
336.427	336.487	44	UW1	11
336.487	336.517	64	T	11
347.532	347.582	1	AA1	12
347.582	347.662	61	R	12
347.662	347.762	68	Y	12
347.762	347.831	44	UW1	12
347.831	347.881	56	L	12
347.881	347.941	41	UH1	12
347.941	348.051	54	K	12
348.051	348.091	27	IH0	12
348.091	348.171	59	NG	12
348.171	348.28	50	F	12
348.28	348.43	10	AO1	12
348.43	348.48	61	R	12
348.48	348.51	6	AH0	12
348.51	348.58	57	M	12
348.58	348.68	60	P	12
348.68	348.719	56	L	12
348.719	348.819	38	OY1	12
348.819	348.899	57	M	12
348.899	349.009	6	AH0	12
349.009	349.049	58	N	12
349.049	349.109	64	T	12
357.619	357.649	54	K	13
357.649	357.849	1	AA1	13
357.849	357.948	50	F	13
357.948	358.018	31	IY0	13
358.018	358.108	28	IH1	13
358.108	358.188	69	Z	13
358.188	358.298	51	G	13
358.298	358.407	61	R	13
358.407	358.507	35	OW1	13
358.507	358.577	58	N	13
358.577	358.737	1	AA1	13
358.737	358.846	58	N	13
358.846	359.076	62	S	13
359.076	359.106	64	T	13
359.106	359.395	32	IY1	13
359.395	359.425	60	P	13
359.425	359.575	53	JH	13
359.575	359.625	7	AH1	13
359.625	359.695	59	NG	13
359.695	359.734	51	G	13
359.734	359.764	6	AH0	13
359.764	359.794	56	L	13
359.794	359.884	56	L	13
359.884	360.004	16	AY1	13
360.004	360.094	54	K	13
360.094	360.263	62	S	13
360.263	360.373	56	L	13
360.373	360.513	35	OW1	13
360.513	360.563	60	P	13
360.563	360.692	62	S	13
360.692	360.752	74	sp	13
360.752	360.852	28	IH1	13
360.852	361.041	58	N	13
361.041	361.441	74	sp	13
361.441	361.55	64	T	13
361.55	361.62	19	EH1	13
361.62	361.67	57	M	13
361.67	361.71	60	P	13
361.71	361.84	61	R	13
361.84	361.87	6	AH0	13
361.87	361.909	64	T	13
361.909	362.059	69	Z	13
362.059	362.119	35	OW1	13
362.119	362.368	58	N	13
362.368	362.548	69	Z	13
373.453	373.553	67	W	14
373.553	373.613	32	IY1	14
373.613	373.673	67	W	14
373.673	373.743	19	EH1	14
373.743	373.872	56	L	14
373.872	373.922	54	K	14
373.922	374.022	6	AH0	14
374.022	374.082	57	M	14
374.082	374.192	57	M	14
374.192	374.271	19	EH1	14
374.271	374.301	58	N	14
374.301	374.421	31	IY0	14
374.421	374.511	58	N	14
374.511	374.611	68	Y	14
374.611	374.641	44	UW1	14
374.641	374.83	62	S	14
374.83	374.87	64	T	14
374.87	374.98	44	UW1	14
374.98	375.01	48	D	14
375.01	375.04	6	AH0	14
375.04	375.07	58	N	14
375.07	375.099	64	T	14
375.099	375.139	62	S	14
375.139	375.289	32	IY1	14
375.289	375.429	47	CH	14
375.429	375.489	68	Y	14
375.489	375.588	28	IH1	14
375.588	375.648	61	R	14
384.211	384.28	35	OW1	15
384.28	384.306	58	N	15
384.306	384.338	56	L	15
384.338	384.405	31	IY0	15
384.405	384.471	49	DH	15
384.471	384.541	7	AH1	15
384.541	384.628	46	B	15
384.628	384.758	19	EH1	15
384.758	384.887	62	S	15
384.887	384.917	64	T	15
384.917	384.987	60	P	15
384.987	385.017	56	L	15
385.017	385.097	25	EY1	15
385.097	385.217	21	ER0	15
385.217	385.286	69	Z	15
385.286	385.316	6	AH0	15
385.316	385.386	58	N	15
385.386	385.476	53	JH	15
385.476	385.656	38	OY1	15
385.656	385.665	74	sp	15
385.665	385.855	60	P	15
385.855	385.945	2	AA2	15
385.945	385.975	60	P	15
385.975	386.085	68	Y	15
386.085	386.114	6	AH0	15
386.114	386.144	56	L	15
386.144	386.254	19	EH1	15
386.254	386.294	61	R	15
386.294	386.324	6	AH0	15
386.324	386.354	64	T	15
386.354	386.504	31	IY0	15
395.413	395.533	54	K	16
395.533	395.653	4	AE1	16
395.653	395.683	56	L	16
395.683	395.832	62	S	16
395.832	395.922	31	IY0	16
395.922	395.972	6	AH0	16
395.972	396.002	57	M	16
396.002	396.142	57	M	16
396.142	396.281	25	EY1	16
396.281	396.321	54	K	16
396.321	396.431	62	S	16
396.431	396.521	46	B	16
396.521	396.74	35	OW1	16
396.74	396.82	58	N	16
396.82	396.9	69	Z	16
396.9	396.93	6	AH0	16
396.93	397.02	58	N	16
397.02	397.05	48	D	16
397.05	397.139	64	T	16
397.139	397.279	32	IY1	16
397.279	397.319	65	TH	16
397.319	397.459	62	S	16
397.459	397.489	64	T	16
397.489	397.578	61	R	16
397.578	397.738	10	AO1	16
397.738	397.858	59	NG	16
406.658	406.698	58	N	17
406.698	406.797	7	AH1	17
406.797	406.927	65	TH	17
406.927	406.987	27	IH0	17
406.987	407.067	59	NG	17
407.067	407.147	28	IH1	17
407.147	407.236	69	Z	17
407.236	407.276	6	AH0	17
407.276	407.436	50	F	17
407.436	407.506	19	EH1	17
407.506	407.596	58	N	17
407.596	407.695	62	S	17
407.695	407.805	27	IH0	17
407.805	407.845	66	V	17
407.845	408.055	4	AE1	17
408.055	408.154	69	Z	17
408.154	408.284	28	IH1	17
408.284	408.314	58	N	17
408.314	408.394	6	AH0	17
408.394	408.524	62	S	17
408.524	408.653	6	AH0	17
408.653	408.773	58	N	17
408.773	408.992	62	S	17
418.511	418.69	62	S	18
418.69	418.72	64	T	18
418.72	418.85	32	IY1	18
418.85	418.9	66	V	18
418.9	418.93	67	W	18
418.93	419.099	10	AO1	18
419.099	419.179	61	R	18
419.179	419.209	6	AH0	18
419.209	419.259	46	B	18
419.259	419.389	61	R	18
419.389	419.539	16	AY1	18
419.539	419.568	64	T	18
419.568	419.698	61	R	18
419.698	419.908	19	EH1	18
419.908	420.017	48	D	18
420.017	420.307	74	sp	18
420.307	420.426	54	K	18
420.426	420.626	4	AE1	18
420.626	420.776	70	ZH	18
420.776	420.865	57	M	18
420.865	420.945	27	IH0	18
420.945	421.015	61	R	18
421.015	421.145	62	S	18
421.145	421.185	67	W	18
421.185	421.295	19	EH1	18
421.295	421.324	64	T	18
421.324	421.454	21	ER0	18
439.543	439.603	46	B	19
439.603	439.782	1	AA1	19
439.782	439.852	61	R	19
439.852	439.882	46	B	19
439.882	440.102	69	Z	19
440.102	440.202	51	G	19
440.202	440.371	35	OW1	19
440.371	440.481	56	L	19
440.481	440.531	48	D	19
440.531	440.561	46	B	19
440.561	440.631	61	R	19
440.631	440.73	25	EY1	19
440.73	440.88	62	S	19
440.88	440.96	56	L	19
440.96	441.109	6	AH0	19
441.109	441.139	64	T	19
441.139	441.219	67	W	19
441.219	441.299	7	AH1	19
441.299	441.359	69	Z	19
441.359	441.429	6	AH0	19
441.429	441.529	51	G	19
441.529	441.558	61	R	19
441.558	441.688	5	AE2	19
441.688	441.808	53	JH	19
441.808	441.848	43	UW0	19
441.848	441.958	25	EY1	19
441.958	442.067	63	SH	19
442.067	442.097	6	AH0	19
442.097	442.177	58	N	19
442.177	442.247	60	P	19
442.247	442.297	61	R	19
442.297	442.367	19	EH1	19
442.367	442.446	69	Z	19
442.446	442.526	6	AH0	19
442.526	442.616	58	N	19
442.616	442.646	64	T	19
821.425	821.515	1	AA1	0
821.515	821.575	61	R	0
821.575	821.625	68	Y	0
821.625	821.704	41	UH1	0
821.704	821.834	61	R	0
821.834	821.864	51	G	0
821.864	821.984	61	R	0
821.984	822.064	25	EY1	0
822.064	822.124	48	D	0
822.124	822.193	69	Z	0
822.193	822.373	52	HH	0
822.373	822.553	16	AY1	0
822.553	822.862	21	ER0	0
822.862	822.962	10	AO1	0
822.962	823.002	61	R	0
823.002	823.131	56	L	0
823.131	823.251	35	OW1	0
823.251	823.341	21	ER0	0
823.341	823.401	49	DH	0
823.401	823.47	4	AE1	0
823.47	823.54	58	N	0
823.54	823.57	58	N	0
823.57	823.74	4	AE1	0
823.74	823.78	58	N	0
823.78	823.899	62	S	0
823.899	824.019	31	IY0	0
824.019	824.159	69	Z	0
830.504	830.664	63	SH	1
830.664	830.714	32	IY1	1
830.714	830.794	67	W	1
830.794	830.914	10	AO1	1
830.914	830.983	61	R	1
830.983	831.013	67	W	1
831.013	831.273	10	AO1	1
831.273	831.343	61	R	1
831.343	831.472	57	M	1
831.472	831.642	50	F	1
831.642	831.672	56	L	1
831.672	831.812	32	IY1	1
831.812	831.971	62	S	1
831.971	832.091	31	IY0	1
832.091	832.191	67	W	1
832.191	832.221	41	UH1	1
832.221	832.4	56	L	1
832.4	832.54	6	AH0	1
832.54	832.57	58	N	1
832.57	832.68	35	OW1	1
832.68	832.739	66	V	1
832.739	832.879	21	ER0	1
832.879	832.919	11	AO2	1
832.919	833.039	56	L	1
833.039	833.238	69	Z	1
844.513	844.632	61	R	2
844.632	844.682	32	IY1	2
844.682	844.712	48	D	2
844.712	844.772	27	IH0	2
844.772	844.852	59	NG	2
844.852	844.942	28	IH1	2
844.942	845.031	58	N	2
845.031	845.171	60	P	2
845.171	845.291	41	UH1	2
845.291	845.341	61	R	2
845.341	845.431	56	L	2
845.431	845.65	16	AY1	2
845.65	845.71	64	T	2
845.71	845.81	51	G	2
845.81	845.87	28	IH1	2
845.87	845.899	66	V	2
845.899	845.989	69	Z	2
845.989	846.149	68	Y	2
846.149	846.209	44	UW1	2
846.209	846.448	16	AY1	2
846.448	846.618	62	S	2
846.618	846.648	64	T	2
846.648	846.748	61	R	2
846.748	846.837	26	EY2	2
846.837	846.957	58	N	2
860.117	860.277	32	IY1	3
860.277	860.307	66	V	3
860.307	860.337	6	AH0	3
860.337	860.407	58	N	3
860.407	860.696	16	AY1	3
860.696	860.726	6	AH0	3
860.726	860.865	54	K	3
860.865	861.015	25	EY1	3
861.015	861.065	70	ZH	3
861.065	861.095	58	N	3
861.095	861.125	6	AH0	3
861.125	861.205	56	L	3
861.205	861.295	31	IY0	3
861.295	861.354	51	G	3
861.354	861.454	28	IH1	3
861.454	861.574	64	T	3
861.574	861.614	49	DH	3
861.614	861.674	7	AH1	3
861.674	861.823	57	M	3
861.823	861.893	7	AH1	3
861.893	861.983	58	N	3
861.983	862.023	48	D	3
862.023	862.143	26	EY2	3
862.143	862.252	46	B	3
862.252	862.382	56	L	3
862.382	862.542	44	UW1	3
862.542	862.771	69	Z	3
873.686	874.016	74	sp	4
874.016	874.065	67	W	4
874.065	874.165	32	IY1	4
874.165	874.195	1	AA1	4
874.195	874.305	61	R	4
874.305	874.355	35	OW1	4
874.355	874.485	60	P	4
874.485	874.524	6	AH0	4
874.524	874.604	58	N	4
874.604	874.694	19	EH1	4
874.694	874.764	66	V	4
874.764	874.824	61	R	4
874.824	874.854	31	IY0	4
874.854	874.993	57	M	4
874.993	875.073	7	AH1	4
875.073	875.153	58	N	4
875.153	875.193	48	D	4
875.193	875.313	26	EY2	4
875.313	875.482	32	IY1	4
875.482	875.542	66	V	4
875.542	875.592	58	N	4
875.592	875.652	27	IH0	4
875.652	875.861	59	NG	4
884.661	884.751	28	IH1	5
884.751	884.801	64	T	5
884.801	884.901	62	S	5
884.901	884.951	58	N	5
884.951	885.08	1	AA1	5
885.08	885.11	64	T	5
885.11	885.3	32	IY1	5
885.3	885.33	69	Z	5
885.33	885.39	31	IY0	5
885.39	885.44	64	T	5
885.44	885.529	27	IH0	5
885.529	885.679	54	K	5
885.679	885.709	61	R	5
885.709	885.739	31	IY0	5
885.739	886.008	25	EY1	5
886.008	886.128	64	T	5
886.128	886.158	29	IH2	5
886.158	886.318	56	L	5
886.318	886.378	44	UW1	5
886.378	886.427	57	M	5
886.427	886.457	6	AH0	5
886.457	886.487	58	N	5
886.487	886.697	26	EY2	5
886.697	886.727	64	T	5
886.727	886.767	27	IH0	5
886.767	886.846	59	NG	5
886.846	886.966	27	IH0	5
886.966	887.006	51	G	5
887.006	887.036	69	Z	5
887.036	887.206	4	AE1	5
887.206	887.246	57	M	5
887.246	887.325	60	P	5
887.325	887.365	6	AH0	5
887.365	887.505	56	L	5
887.505	887.704	69	Z	5
896.125	896.255	57	M	6
896.255	896.405	7	AH1	6
896.405	896.554	57	M	6
896.554	896.744	62	S	6
896.744	896.784	64	T	6
896.784	896.814	61	R	6
896.814	896.953	10	AO1	6
896.953	897.003	59	NG	6
897.003	897.123	56	L	6
897.123	897.183	31	IY0	6
897.183	897.273	48	D	6
897.273	897.303	29	IH2	6
897.303	897.452	62	S	6
897.452	897.492	56	L	6
897.492	897.592	16	AY1	6
897.592	897.682	54	K	6
897.682	897.772	62	S	6
897.772	897.901	4	AE1	6
897.901	898.011	60	P	6
898.011	898.051	6	AH0	6
898.051	898.141	64	T	6
898.141	898.251	17	AY2	6
898.251	898.36	69	Z	6
898.36	898.45	21	ER0	6
898.45	898.66	69	Z	6
908.138	908.208	74	sp	7
908.208	908.288	49	DH	7
908.288	908.378	35	OW1	7
908.378	908.507	69	Z	7
908.507	908.537	52	HH	7
908.537	908.597	44	UW1	7
908.597	908.717	64	T	7
908.717	908.866	32	IY1	7
908.866	908.986	47	CH	7
908.986	909.026	66	V	7
909.026	909.216	4	AE1	7
909.216	909.246	56	L	7
909.246	909.415	68	Y	7
909.415	909.455	43	UW0	7
909.455	909.645	69	Z	7
909.645	909.695	50	F	7
909.695	909.924	22	ER1	7
909.924	910.124	62	S	7
910.124	910.163	64	T	7
910.163	910.323	74	sp	7
910.323	910.383	6	AH0	7
910.383	910.423	46	B	7
910.423	910.622	1	AA1	7
910.622	910.752	56	L	7
910.752	910.832	29	IH2	7
910.832	911.091	63	SH	7
911.091	911.211	47	CH	7
911.211	911.331	32	IY1	7
911.331	911.361	64	T	7
911.361	911.421	27	IH0	7
911.421	911.59	59	NG	7
923.064	923.124	49	DH	8
923.124	923.164	6	AH0	8
923.164	923.304	50	F	8
923.304	923.383	61	R	8
923.383	923.453	16	AY1	8
923.453	923.483	64	T	8
923.483	923.513	6	AH0	8
923.513	923.583	58	N	8
923.583	923.613	48	D	8
923.613	923.713	47	CH	8
923.713	923.862	16	AY1	8
923.862	923.932	56	L	8
923.932	923.962	48	D	8
923.962	924.022	67	W	8
924.022	924.072	7	AH1	8
924.072	924.162	69	Z	8
924.162	924.311	53	JH	8
924.311	924.371	19	EH1	8
924.371	924.401	58	N	8
924.401	924.431	64	T	8
924.431	924.501	56	L	8
924.501	924.551	31	IY0	8
924.551	924.73	62	S	8
924.73	924.8	6	AH0	8
924.8	924.83	46	B	8
924.83	924.93	48	D	8
924.93	925.109	44	UW1	8
925.109	925.219	48	D	8
925.219	925.698	74	sp	8
925.698	925.738	46	B	8
925.738	925.848	16	AY1	8
925.848	925.908	52	HH	8
925.908	925.968	28	IH1	8
925.968	926.047	69	Z	8
926.047	926.107	46	B	8
926.107	926.227	28	IH1	8
926.227	926.297	51	G	8
926.297	926.347	46	B	8
926.347	926.417	61	R	8
926.417	926.506	7	AH1	8
926.506	926.556	49	DH	8
926.556	926.636	21	ER0	8
935.396	935.556	32	IY1	9
935.556	935.586	66	V	9
935.586	935.616	6	AH0	9
935.616	935.646	58	N	9
935.646	935.675	6	AH0	9
935.675	935.855	62	S	9
935.855	935.905	28	IH1	9
935.905	935.965	57	M	9
935.965	936.025	60	P	9
936.025	936.075	6	AH0	9
936.075	936.154	56	L	9
936.154	936.254	66	V	9
936.254	936.314	34	OW0	9
936.314	936.484	54	K	9
936.484	936.633	4	AE1	9
936.633	936.663	46	B	9
936.663	936.693	68	Y	9
936.693	936.743	6	AH0	9
936.743	936.773	56	L	9
936.773	936.863	20	EH2	9
936.863	936.893	61	R	9
936.893	936.943	31	IY0	9
936.943	937.082	54	K	9
937.082	937.112	6	AH0	9
937.112	937.182	58	N	9
937.182	937.262	64	T	9
937.262	937.392	25	EY1	9
937.392	937.471	58	N	9
937.471	937.501	69	Z	9
937.501	937.631	62	S	9
937.631	937.671	28	IH1	9
937.671	937.791	57	M	9
937.791	937.821	46	B	9
937.821	937.851	6	AH0	9
937.851	937.99	56	L	9
937.99	938.12	69	Z	9
947.09	947.159	6	AH0	10
947.159	947.299	54	K	10
947.299	947.359	61	R	10
947.359	947.489	4	AE1	10
947.489	947.529	46	B	10
947.529	947.678	47	CH	10
947.678	947.778	4	AE1	10
947.778	947.838	56	L	10
947.838	947.908	6	AH0	10
947.908	947.938	58	N	10
947.938	947.968	53	JH	10
947.968	948.017	48	D	10
948.017	948.077	57	M	10
948.077	948.267	32	IY1	10
948.267	948.377	46	B	10
948.377	948.456	7	AH1	10
948.456	948.496	64	T	10
948.496	948.546	25	EY1	10
948.546	948.716	54	K	10
948.716	948.786	67	W	10
948.786	948.816	28	IH1	10
948.816	948.965	54	K	10
948.965	949.085	62	S	10
949.085	949.135	64	T	10
949.135	949.334	4	AE1	10
949.334	949.364	46	B	10
949.364	949.484	66	V	10
949.484	949.554	4	AE1	10
949.554	949.674	59	NG	10
949.674	949.714	54	K	10
949.714	949.743	67	W	10
949.743	949.773	27	IH0	10
949.773	949.923	63	SH	10
949.923	949.973	64	T	10
949.973	950.063	29	IH2	10
950.063	950.202	57	M	10
960.439	960.539	74	sp	11
960.539	960.569	51	G	11
960.569	960.619	56	L	11
960.619	960.788	44	UW1	11
960.788	960.878	54	K	11
960.878	961.068	36	OW2	11
961.068	961.257	62	S	11
961.257	961.287	6	AH0	11
961.287	961.467	58	N	11
961.467	961.537	48	D	11
961.537	961.666	50	F	11
961.666	961.746	61	R	11
961.746	961.806	7	AH1	11
961.806	961.856	54	K	11
961.856	962.006	64	T	11
962.006	962.125	36	OW2	11
962.125	962.255	62	S	11
962.255	962.365	1	AA1	11
962.365	962.405	61	R	11
962.405	962.524	58	N	11
962.524	962.684	4	AE1	11
962.684	962.824	47	CH	11
962.824	962.854	61	R	11
962.854	962.884	6	AH0	11
962.884	962.914	56	L	11
962.914	963.073	63	SH	11
963.073	963.153	41	UH1	11
963.153	963.203	51	G	11
963.203	963.313	21	ER0	11
963.313	963.402	69	Z	11
963.402	963.442	50	F	11
963.442	963.602	13	AW1	11
963.602	963.632	58	N	11
963.632	963.662	48	D	11
963.662	963.692	6	AH0	11
963.692	963.752	58	N	11
963.752	963.881	50	F	11
963.881	964.061	61	R	11
964.061	964.161	44	UW1	11
964.161	964.191	64	T	11
973.988	974.078	1	AA1	12
974.078	974.138	61	R	12
974.138	974.218	68	Y	12
974.218	974.248	44	UW1	12
974.248	974.278	56	L	12
974.278	974.348	41	UH1	12
974.348	974.437	54	K	12
974.437	974.487	27	IH0	12
974.487	974.557	59	NG	12
974.557	974.717	50	F	12
974.717	974.866	10	AO1	12
974.866	974.896	61	R	12
974.896	974.926	6	AH0	12
974.926	974.986	57	M	12
974.986	975.056	60	P	12
975.056	975.106	56	L	12
975.106	975.196	38	OY1	12
975.196	975.285	57	M	12
975.285	975.395	6	AH0	12
975.395	975.475	58	N	12
975.475	975.505	64	T	12
985.063	985.183	54	K	13
985.183	985.313	1	AA1	13
985.313	985.402	50	F	13
985.402	985.432	31	IY0	13
985.432	985.502	28	IH1	13
985.502	985.592	69	Z	13
985.592	985.642	51	G	13
985.642	985.812	61	R	13
985.812	985.841	35	OW1	13
985.841	985.871	58	N	13
985.871	985.991	1	AA1	13
985.991	986.051	58	N	13
986.051	986.201	62	S	13
986.201	986.241	64	T	13
986.241	986.44	32	IY1	13
986.44	986.47	60	P	13
986.47	986.6	53	JH	13
986.6	986.66	7	AH1	13
986.66	986.719	59	NG	13
986.719	986.749	51	G	13
986.749	986.779	6	AH0	13
986.779	986.859	56	L	13
986.859	986.889	56	L	13
986.889	986.979	16	AY1	13
986.979	987.168	54	K	13
987.168	987.238	62	S	13
987.238	987.358	56	L	13
987.358	987.468	35	OW1	13
987.468	987.538	60	P	13
987.538	987.647	62	S	13
987.647	987.677	28	IH1	13
987.677	987.787	58	N	13
987.787	987.887	64	T	13
987.887	987.957	19	EH1	13
987.957	988.026	57	M	13
988.026	988.076	60	P	13
988.076	988.186	61	R	13
988.186	988.216	6	AH0	13
988.216	988.246	64	T	13
988.246	988.366	69	Z	13
988.366	988.495	35	OW1	13
988.495	988.705	58	N	13
988.705	988.845	69	Z	13
998.493	998.533	67	W	14
998.533	998.582	32	IY1	14
998.582	998.642	67	W	14
998.642	998.712	19	EH1	14
998.712	998.802	56	L	14
998.802	998.882	54	K	14
998.882	998.922	6	AH0	14
998.922	999.041	57	M	14
999.041	999.081	57	M	14
999.081	999.151	19	EH1	14
999.151	999.181	58	N	14
999.181	999.291	31	IY0	14
999.291	999.381	58	N	14
999.381	999.431	68	Y	14
999.431	999.51	44	UW1	14
999.51	999.65	62	S	14
999.65	999.72	64	T	14
999.72	999.8	44	UW1	14
999.8	999.83	48	D	14
999.83	999.87	6	AH0	14
999.87	999.919	58	N	14
999.919	999.949	64	T	14
999.949	1000.009	62	S	14
1000.009	1000.109	32	IY1	14
1000.109	1000.239	47	CH	14
1000.239	1000.279	68	Y	14
1000.279	1000.368	28	IH1	14
1000.368	1000.488	61	R	14
1010.465	1010.535	35	OW1	15
1010.535	1010.565	58	N	15
1010.565	1010.635	56	L	15
1010.635	1010.675	31	IY0	15
1010.675	1010.715	49	DH	15
1010.715	1010.745	6	AH0	15
1010.745	1010.855	46	B	15
1010.855	1010.994	19	EH1	15
1010.994	1011.124	62	S	15
1011.124	1011.154	64	T	15
1011.154	1011.244	60	P	15
1011.244	1011.294	56	L	15
1011.294	1011.393	25	EY1	15
1011.393	1011.513	21	ER0	15
1011.513	1011.583	69	Z	15
1011.583	1011.613	6	AH0	15
1011.613	1011.653	58	N	15
1011.653	1011.723	53	JH	15
1011.723	1011.872	38	OY1	15
1011.872	1012.022	60	P	15
1012.022	1012.152	2	AA2	15
1012.152	1012.182	60	P	15
1012.182	1012.251	68	Y	15
1012.251	1012.281	6	AH0	15
1012.281	1012.381	56	L	15
1012.381	1012.481	19	EH1	15
1012.481	1012.541	61	R	15
1012.541	1012.571	6	AH0	15
1012.571	1012.601	64	T	15
1012.601	1012.77	31	IY0	15
1021.949	1022.049	54	K	16
1022.049	1022.139	4	AE1	16
1022.139	1022.179	56	L	16
1022.179	1022.299	62	S	16
1022.299	1022.329	31	IY0	16
1022.329	1022.368	6	AH0	16
1022.368	1022.448	57	M	16
1022.448	1022.488	57	M	16
1022.488	1022.608	25	EY1	16
1022.608	1022.678	54	K	16
1022.678	1022.778	62	S	16
1022.778	1022.817	74	sp	16
1022.817	1022.897	46	B	16
1022.897	1023.057	35	OW1	16
1023.057	1023.127	58	N	16
1023.127	1023.187	69	Z	16
1023.187	1023.217	6	AH0	16
1023.217	1023.276	58	N	16
1023.276	1023.306	48	D	16
1023.306	1023.406	64	T	16
1023.406	1023.526	32	IY1	16
1023.526	1023.566	65	TH	16
1023.566	1023.685	62	S	16
1023.685	1023.735	64	T	16
1023.735	1023.805	61	R	16
1023.805	1023.935	10	AO1	16
1023.935	1023.995	59	NG	16
1033.373	1033.433	58	N	17
1033.433	1033.523	7	AH1	17
1033.523	1033.663	65	TH	17
1033.663	1033.743	27	IH0	17
1033.743	1033.822	59	NG	17
1033.822	1033.942	28	IH1	17
1033.942	1033.972	69	Z	17
1033.972	1034.072	19	EH1	17
1034.072	1034.192	69	Z	17
1034.192	1034.231	6	AH0	17
1034.231	1034.391	50	F	17
1034.391	1034.471	19	EH1	17
1034.471	1034.541	58	N	17
1034.541	1034.67	62	S	17
1034.67	1034.79	27	IH0	17
1034.79	1034.83	66	V	17
1034.83	1034.97	19	EH1	17
1034.97	1035.07	69	Z	17
1035.07	1035.169	28	IH1	17
1035.169	1035.209	58	N	17
1035.209	1035.259	6	AH0	17
1035.259	1035.409	62	S	17
1035.409	1035.449	6	AH0	17
1035.449	1035.618	58	N	17
1035.618	1035.838	62	S	17
1044.219	1044.388	62	S	18
1044.388	1044.418	64	T	18
1044.418	1044.548	32	IY1	18
1044.548	1044.588	66	V	18
1044.588	1044.628	67	W	18
1044.628	1044.758	10	AO1	18
1044.758	1044.787	61	R	18
1044.787	1044.827	6	AH0	18
1044.827	1044.927	46	B	18
1044.927	1045.017	61	R	18
1045.017	1045.207	16	AY1	18
1045.207	1045.236	64	T	18
1045.236	1045.356	61	R	18
1045.356	1045.516	19	EH1	18
1045.516	1045.606	48	D	18
1045.606	1045.735	54	K	18
1045.735	1045.875	4	AE1	18
1045.875	1046.035	70	ZH	18
1046.035	1046.075	57	M	18
1046.075	1046.134	27	IH0	18
1046.134	1046.224	61	R	18
1046.224	1046.394	62	S	18
1046.394	1046.424	67	W	18
1046.424	1046.514	19	EH1	18
1046.514	1046.553	64	T	18
1046.553	1046.683	21	ER0	18
1055.713	1055.763	46	B	19
1055.763	1055.952	1	AA1	19
1055.952	1056.002	61	R	19
1056.002	1056.042	46	B	19
1056.042	1056.192	69	Z	19
1056.192	1056.231	51	G	19
1056.231	1056.361	35	OW1	19
1056.361	1056.431	56	L	19
1056.431	1056.461	48	D	19
1056.461	1056.521	46	B	19
1056.521	1056.611	61	R	19
1056.611	1056.69	25	EY1	19
1056.69	1056.84	62	S	19
1056.84	1056.89	56	L	19
1056.89	1057.03	6	AH0	19
1057.03	1057.06	64	T	19
1057.06	1057.119	67	W	19
1057.119	1057.219	7	AH1	19
1057.219	1057.269	69	Z	19
1057.269	1057.309	6	AH0	19
1057.309	1057.399	51	G	19
1057.399	1057.459	61	R	19
1057.459	1057.548	5	AE2	19
1057.548	1057.698	53	JH	19
1057.698	1057.728	43	UW0	19
1057.728	1057.828	25	EY1	19
1057.828	1057.918	63	SH	19
1057.918	1057.991	6	AH0	19
1057.991	1058.051	58	N	19
1058.051	1058.107	60	P	19
1058.107	1058.137	61	R	19
1058.137	1058.232	19	EH1	19
1058.232	1058.28	69	Z	19
1058.28	1058.407	6	AH0	19
1058.407	1058.431	58	N	19
1058.431	1058.445	64	T	19
