362.505	362.80400000000003	99999	{NS}
362.80400000000003	362.884	99999	sp
362.884	364.47	99999	{NS}
364.47	365.17900000000003	99999	{NS}
365.17900000000003	368.471	99999	{NS}
368.471	368.491	99999	sp
368.491	368.611	30	ARE
368.611	368.79	496	YOUR
368.79	369.209	192	GRADES
369.209	369.688	206	HIGHER
369.688	369.968	302	OR
369.968	370.337	251	LOWER
370.337	370.546	432	THAN
370.546	371.035	275	NANCY'S
371.035	374.647	99999	{NS}
374.647	378.558	99999	{NS}
378.558	381.242	99999	{NS}
381.242	381.531	99999	sp
381.531	383.736	99999	{NS}
383.736	383.986	375	SHE
383.986	384.315	490	WORE
384.315	384.904	471	WARM
384.904	385.04400000000004	99999	sp
385.04400000000004	385.632	158	FLEECY
385.632	386.25100000000003	489	WOOLEN
386.25100000000003	386.91900000000004	311	OVERALLS
386.91900000000004	389.204	99999	sp
389.204	393.175	99999	{NS}
393.175	395.35	99999	{NS}
395.35	395.66900000000004	99999	sp
395.66900000000004	395.789	99999	{NS}
395.789	397.206	99999	sp
397.206	397.805	99999	{NS}
397.805	397.874	99999	sp
397.874	398.184	354	READING
398.184	398.333	217	IN
398.333	398.63300000000004	335	POOR
398.63300000000004	399.122	240	LIGHT
399.122	399.37100000000004	181	GIVES
399.37100000000004	399.511	495	YOU
399.511	400.10900000000004	150	EYESTRAIN
400.10900000000004	402.843	99999	{NS}
402.843	407.822	99999	{NS}
407.822	408.809	99999	{NS}
408.809	410.017	99999	sp
410.017	410.127	99999	{NS}
410.127	412.252	99999	sp
412.252	412.551	142	EVEN
412.551	412.86	211	I
412.86	413.409	293	OCCASIONALLY
413.409	413.589	177	GET
413.589	413.649	434	THE
413.649	414.107	265	MONDAY
414.107	414.676	56	BLUES
414.676	415.534	99999	sp
415.534	416.033	99999	{NS}
416.033	417.06100000000004	99999	sp
417.06100000000004	420.673	99999	{NS}
420.673	421.93	99999	{NS}
421.93	422.718	99999	sp
422.718	422.82800000000003	99999	{NS}
422.82800000000003	424.983	99999	sp
424.983	425.142	476	WE
425.142	425.322	30	ARE
425.322	425.671	301	OPEN
425.671	426.02000000000004	145	EVERY
426.02000000000004	426.4018116732884	265	MONDAY
426.4018116732884	426.79859761686794	268	MORNING
426.79859761686794	427.208	99999	sp
427.208	427.697	143	EVENING
427.697	429.463	99999	sp
429.463	430.281	99999	{NS}
430.281	435.23900000000003	99999	{NS}
435.23900000000003	436.437	99999	{NS}
436.437	437.764	99999	sp
437.764	437.873	99999	{NS}
437.873	440.148	99999	sp
440.148	440.36800000000005	226	IT'S
440.36800000000005	440.63700000000006	285	NOT
440.63700000000006	440.93600000000004	133	EASY
440.93600000000004	441.076	446	TO
441.076	441.615	113	CREATE
441.615	442.20400000000006	215	ILLUMINATING
442.20400000000006	443.00200000000007	146	EXAMPLES
443.00200000000007	444.21900000000005	99999	{NS}
444.21900000000005	445.13700000000006	99999	sp
445.13700000000006	447.52200000000005	99999	{NS}
447.52200000000005	449.597	99999	{NS}
449.597	450.904	99999	{NS}
450.904	458.90600000000006	99999	sp
458.90600000000006	459.21500000000003	270	MUM
459.21500000000003	459.784	407	STRONGLY
459.784	460.322	126	DISLIKES
460.322	461.34000000000003	27	APPETIZERS
461.34000000000003	461.38	99999	{NS}
461.38	461.46000000000004	99999	sp
461.46000000000004	462.068	99999	{NS}
462.068	462.34800000000007	99999	{NS}
462.34800000000007	464.77200000000005	99999	sp
464.77200000000005	464.962	99999	{NS}
464.962	467.01700000000005	99999	sp
467.01700000000005	467.41600000000005	443	THOSE
467.41600000000005	467.496	484	WHO
467.496	467.82500000000005	427	TEACH
467.82500000000005	467.855	99999	sp
467.855	468.494	462	VALUES
468.494	468.89300000000003	156	FIRST
468.89300000000003	469.571	4	ABOLISH
469.571	469.91100000000006	87	CHEATING
469.91100000000006	471.966	99999	sp
471.966	475.119	99999	{NS}
475.119	477.48300000000006	99999	{NS}
477.48300000000006	478.14200000000005	99999	{NS}
478.14200000000005	479.1	99999	sp
479.1	479.21000000000004	99999	{NS}
479.21000000000004	481.31500000000005	99999	sp
481.31500000000005	481.405	434	THE
481.405	481.88300000000004	165	FRIGHTENED
481.88300000000004	482.29200000000003	89	CHILD
482.29200000000003	482.48199999999997	472	WAS
482.48199999999997	482.821	176	GENTLY
482.821	483.28999999999996	410	SUBDUED
483.28999999999996	483.44000000000005	73	BY
483.44000000000005	483.619	208	HIS
483.619	483.779	52	BIG
483.779	484.11800000000005	66	BROTHER
484.11800000000005	486.543	99999	sp
486.543	489.79499999999996	99999	{NS}
489.79499999999996	490.58400000000006	99999	{NS}
490.58400000000006	491.64099999999996	99999	{NS}
491.64099999999996	492.83900000000006	99999	sp
492.83900000000006	492.948	99999	{NS}
492.948	494.82400000000007	99999	sp
494.82400000000007	495.14300000000003	142	EVEN
495.14300000000003	495.203	1	A
495.203	495.572	383	SIMPLE
495.572	496.37	468	VOCABULARY
496.37	496.85900000000004	104	CONTAINS
496.85900000000004	497.428	422	SYMBOLS
497.428	498.067	99999	{NS}
498.067	499.83299999999997	99999	sp
499.83299999999997	503.245	99999	{NS}
503.245	504.50200000000007	99999	{NS}
504.50200000000007	506.727	99999	sp
506.727	506.817	99999	{NS}
506.817	508.852	99999	sp
508.852	508.922	1	A
508.922	508.952	99999	sp
508.952	509.341	110	CRAB
509.341	509.87	85	CHALLENGED
509.87	510.159	258	ME
510.159	510.48800000000006	99999	sp
510.48800000000006	510.648	70	BUT
510.648	510.688	1	A
510.688	510.957	350	QUICK
510.957	511.40600000000006	402	STAB
511.40600000000006	511.885	464	VANQUISHED
511.885	511.96500000000003	207	HIM
511.96500000000003	512.005	99999	{NS}
512.005	512.0550000000001	99999	{NS}
512.0550000000001	513.102	99999	sp
513.102	513.244	99999	sp
513.244	514.381	99999	{NS}
514.381	518.332	99999	{NS}
518.332	519.699	99999	{NS}
519.699	520.757	99999	sp
520.757	522.862	99999	{NS}
522.862	523.371	183	GLUCOSE
523.371	523.49	20	AND
523.49	524.069	167	FRUCTOSE
524.069	524.159	30	ARE
524.159	524.568	276	NATURAL
524.568	525.067	414	SUGARS
525.067	525.326	163	FOUND
525.326	525.4159999999999	217	IN
525.4159999999999	525.725	168	FRUIT
525.725	527.6809999999999	99999	{NS}
527.6809999999999	528.23	99999	sp
528.23	530.9929999999999	99999	{NS}
530.9929999999999	532.709	99999	{NS}
532.709	537.568	99999	{NS}
537.568	537.888	30	ARE
537.888	539.5585309984756	99999	sp
539.5585309984756	539.7383468889501	30	ARE
539.7383468889501	539.853	495	YOU
539.853	540.1329999999999	250	LOOKING
540.1329999999999	540.4019999999999	161	FOR
540.4019999999999	540.951	136	EMPLOYMENT
540.951	543.605	99999	sp
543.605	544.742	99999	{NS}
544.742	547.785	99999	{NS}
547.785	548.015	99999	sp
548.015	550.0699999999999	99999	{NS}
550.0699999999999	550.3589999999999	99999	sp
550.3589999999999	552.125	99999	{NS}
552.125	552.654	99999	sp
552.654	553.1229999999999	98	COFFEE
553.1229999999999	553.343	224	IS
553.343	553.692	198	GROWN
553.692	553.9409999999999	297	ON
553.9409999999999	554.54	404	STEEP
554.54	554.939	99999	sp
554.939	555.318	231	JUNGLE
555.318	555.5079999999999	241	LIKE
555.5079999999999	556.076	390	SLOPES
556.076	556.196	217	IN
556.196	556.216	99999	sp
556.216	556.675	431	TEMPERATE
556.675	557.154	497	ZONES
557.154	557.254	99999	sp
557.254	557.922	99999	{NS}
557.922	559.459	99999	sp
559.459	563.559	99999	{NS}
563.559	563.7189999999999	99999	sp
563.7189999999999	564.936	99999	{NS}
564.936	566.572	99999	sp
566.572	566.7819999999999	99999	{NS}
566.7819999999999	568.658	99999	sp
568.658	568.807	476	WE
568.807	569.206	480	WELCOME
569.206	569.506	256	MANY
569.506	569.636	282	NEW
569.636	570.204	408	STUDENTS
570.204	570.494	132	EACH
570.494	570.713	491	YEAR
570.713	571.831	99999	{NS}
571.831	572.9979999999999	99999	sp
572.9979999999999	576.699	99999	{NS}
576.699	577.448	99999	{NS}
577.448	578.8149999999999	99999	sp
578.8149999999999	578.924	99999	{NS}
578.924	580.99	99999	sp
580.99	581.2389999999999	298	ONLY
581.2389999999999	581.359	434	THE
581.359	581.728	51	BEST
581.728	582.217	330	PLAYERS
582.217	582.5459999999999	139	ENJOY
582.5459999999999	583.284	336	POPULARITY
583.284	586.387	99999	{NS}
586.387	587.874	99999	{NS}
587.874	590.039	99999	{NS}
590.039	590.149	99999	sp
590.149	592.793	99999	{NS}
592.793	594.539	99999	sp
594.539	595.098	75	CALCIUM
595.098	595.407	254	MAKES
595.407	595.836	58	BONES
595.836	595.976	20	AND
595.976	596.295	430	TEETH
596.295	596.834	406	STRONG
596.834	599.4979999999999	99999	sp
599.4979999999999	602.211	99999	{NS}
602.211	603.109	99999	{NS}
603.109	604.007	99999	{NS}
604.007	606.4019999999999	99999	sp
606.4019999999999	606.512	99999	{NS}
606.512	608.417	99999	sp
608.417	608.9259999999999	286	NOTHING
608.9259999999999	609.186	224	IS
609.186	609.435	34	AS
609.435	610.004	295	OFFENSIVE
610.004	610.263	34	AS
610.263	610.872	219	INNOCENCE
610.872	611.361	99999	sp
611.361	613.9549999999999	99999	{NS}
613.9549999999999	617.2869999999999	99999	{NS}
617.2869999999999	620.56	99999	{NS}
620.56	621.2479999999999	99999	sp
621.2479999999999	621.947	99999	{NS}
621.947	622.376	99999	sp
622.376	622.865	405	STEVE
622.865	623.124	490	WORE
623.124	623.154	1	A
623.154	623.513	65	BRIGHT
623.513	623.7429999999999	356	RED
623.7429999999999	624.251	78	CASHMERE
624.251	624.65	420	SWEATER
624.65	627.035	99999	sp
627.035	636.434	99999	{NS}
636.434	638.514747879036	99999	sp
638.514747879036	638.9034416719547	46	BARBS
638.9034416719547	639.1977806725542	188	GOLD
639.1977806725542	639.5530990827012	63	BRACELET
639.5530990827012	639.7116464269906	472	WAS
639.7116464269906	639.849817949904	1	A
639.849817949904	640.4738651519461	193	GRADUATION
640.4738651519461	640.8412309496897	339	PRESENT
640.8412309496897	643.2579999999999	99999	sp
643.2579999999999	678.348	99999	{NS}
678.348	678.418	99999	sp
678.418	695.7289999999999	99999	sp
695.7289999999999	697.156	99999	{NS}
697.156	701.586	99999	{NS}
701.586	702.853	99999	{NS}
702.853	714.436	99999	sp
714.436	714.6659999999999	99999	sp
714.6659999999999	715.833	99999	{NS}
715.833	736.746	99999	{NS}
736.746	740.8159999999999	99999	sp
740.8159999999999	750.0949999999999	99999	{NS}
750.0949999999999	751.6602536178201	99999	sp
1053.8249999999998	1054.753	99999	{NS}
1054.753	1055.0819999999999	99999	sp
1055.0819999999999	1055.731	99999	{NS}
1055.731	1056.1	130	DRAW
1056.1	1056.4589999999998	145	EVERY
1056.4589999999998	1056.7479999999998	308	OUTER
1056.7479999999998	1057.0379999999998	244	LINE
1057.0379999999998	1057.4669999999999	156	FIRST
1057.4669999999999	1057.646	436	THEN
1057.646	1057.9259999999997	154	FILL
1057.9259999999997	1058.0549999999998	217	IN
1058.0549999999998	1058.1249999999998	434	THE
1058.1249999999998	1058.774	222	INTERIOR
1058.774	1058.963	99999	sp
1058.963	1060.7989999999998	99999	{NS}
1060.7989999999998	1061.847	99999	{NS}
1061.847	1063.812	99999	{NS}
1063.812	1066.686	99999	{NS}
1066.686	1068.6309999999999	99999	sp
1068.6309999999999	1068.691	434	THE
1068.691	1069.0443708349594	475	WATER
1069.0443708349594	1069.5263642604998	103	CONTAINED
1069.5263642604998	1069.683498490285	448	TOO
1069.683498490285	1069.9380373550407	269	MUCH
1069.9380373550407	1070.4318103507353	90	CHLORINE
1070.4318103507353	1070.5787566698327	20	AND
1070.5787566698327	1070.9074523836032	409	STUNG
1070.9074523836032	1071.1085368202628	208	HIS
1071.1085368202628	1071.4971711641915	149	EYES
1071.4971711641915	1082.8589999999997	99999	sp
1082.8589999999997	1083.548	99999	{NS}
1083.548	1083.8369999999998	99999	sp
1083.8369999999998	1085.1939999999997	99999	{NS}
1085.1939999999997	1085.6429999999998	229	JOHN'S
1085.6429999999998	1086.0019999999997	66	BROTHER
1086.0019999999997	1086.6009999999999	363	REPAINTED
1086.6009999999999	1086.7099999999998	434	THE
1086.7099999999998	1087.0799999999997	173	GARAGE
1087.0799999999997	1087.389	129	DOOR
1087.389	1089.753	99999	sp
1089.753	1094.3829999999998	99999	{NS}
1094.3829999999998	1097.2959999999998	99999	{NS}
1097.2959999999998	1098.0939999999998	99999	sp
1098.0939999999998	1098.1359999999997	99999	{NS}
1098.1359999999997	1098.1659999999997	99999	{NS}
1098.1659999999997	1098.5949999999998	99999	sp
1098.5949999999998	1098.8939999999998	99999	{NS}
1098.8939999999998	1099.1139999999998	99999	sp
1099.1139999999998	1099.1739999999998	99999	{NS}
1099.1739999999998	1099.2029999999997	99999	sp
1099.2029999999997	1099.7219999999998	84	CHALLENGE
1099.7219999999998	1100.052	132	EACH
1100.052	1100.57	175	GENERAL'S
1100.57	1101.369	221	INTELLIGENCE
1101.369	1101.8079999999998	99999	{NS}
1101.8079999999998	1103.4639999999997	99999	sp
1103.4639999999997	1106.8559999999998	99999	{NS}
1106.8559999999998	1106.9759999999999	99999	sp
1106.9759999999999	1107.8839999999998	99999	{NS}
1107.8839999999998	1108.792	99999	sp
1108.792	1108.9709999999998	99999	{NS}
1108.9709999999998	1111.216	99999	sp
1111.216	1112.0539999999999	17	AMBIDEXTROUS
1112.0539999999999	1112.6929999999998	327	PICKPOCKETS
1112.6929999999998	1113.311	6	ACCOMPLISH
1113.311	1113.341	99999	sp
1113.341	1113.571	267	MORE
1113.571	1115.8659999999998	99999	sp
1115.8659999999998	1117.3719999999998	99999	{NS}
1117.3719999999998	1120.3149999999998	99999	{NS}
1120.3149999999998	1120.984	99999	{NS}
1120.984	1122.1809999999998	99999	sp
1122.1809999999998	1122.2909999999997	99999	{NS}
1122.2909999999997	1124.7949999999998	99999	sp
1124.7949999999998	1124.9249999999997	1	A
1124.9249999999997	1125.5339999999999	271	MUSCULAR
1125.5339999999999	1126.2019999999998	2	ABDOMEN
1126.2019999999998	1126.4319999999998	224	IS
1126.4319999999998	1126.4719999999998	99999	sp
1126.4719999999998	1126.6309999999999	189	GOOD
1126.6309999999999	1126.7709999999997	161	FOR
1126.7709999999997	1126.9199999999998	496	YOUR
1126.9199999999998	1127.1599999999999	43	BACK
1127.1599999999999	1129.8139999999999	99999	sp
1129.8139999999999	1130.6619999999998	99999	{NS}
1130.6619999999998	1133.8949999999998	99999	{NS}
1133.8949999999998	1134.6729999999998	99999	{NS}
1134.6729999999998	1136.0299999999997	99999	sp
1136.0299999999997	1136.1889999999999	99999	{NS}
1136.1889999999999	1138.5739999999998	99999	sp
1138.5739999999998	1138.754	438	THEY
1138.754	1138.8529999999998	317	OWN
1138.8529999999998	1138.9529999999997	1	A
1138.9529999999997	1139.1729999999998	52	BIG
1139.1729999999998	1139.6619999999998	209	HOUSE
1139.6619999999998	1139.7709999999997	217	IN
1139.7709999999997	1139.8609999999999	434	THE
1139.8609999999999	1140.2399999999998	361	REMOTE
1140.2399999999998	1140.9589999999998	109	COUNTRYSIDE
1140.9589999999998	1143.2429999999997	99999	sp
1143.2429999999997	1146.3359999999998	99999	{NS}
1146.3359999999998	1146.5059999999999	99999	sp
1146.5059999999999	1147.244	99999	{NS}
1147.244	1147.3139999999999	99999	sp
1147.3139999999999	1148.1519999999998	99999	{NS}
1148.1519999999998	1149.0299999999997	99999	sp
1149.0299999999997	1149.1299999999999	99999	{NS}
1149.1299999999999	1151.2649999999999	99999	sp
1151.2649999999999	1151.3549999999998	434	THE
1151.3549999999998	1151.8139999999999	369	ROSE
1151.8139999999999	1152.3629999999998	106	CORSAGE
1152.3629999999998	1152.7219999999998	393	SMELLED
1152.7219999999998	1153.1109999999999	421	SWEET
1153.1109999999999	1154.6179999999997	99999	sp
1154.6179999999997	1155.426	99999	{NS}
1155.426	1156.8029999999999	99999	{NS}
1156.8029999999999	1157.062	99999	sp
1157.062	1157.2319999999997	99999	{NS}
1157.2319999999997	1158.4689999999998	99999	sp
1158.4689999999998	1158.8379999999997	99999	{NS}
1158.8379999999997	1159.6359999999997	99999	sp
1159.6359999999997	1159.9059999999997	433	THAT
1159.9059999999997	1160.6339999999998	326	PICKPOCKET
1160.6339999999998	1160.8129999999999	472	WAS
1160.8129999999999	1161.0629999999999	80	CAUGHT
1161.0629999999999	1161.2619999999997	356	RED
1161.2619999999997	1161.7509999999997	199	HANDED
1161.7509999999997	1163.9959999999999	99999	sp
1163.9959999999999	1167.099	99999	{NS}
1167.099	1167.2289999999998	99999	sp
1167.2289999999998	1168.0169999999998	99999	{NS}
1168.0169999999998	1169.0349999999999	99999	{NS}
1169.0349999999999	1169.3539999999998	99999	sp
1169.3539999999998	1169.4539999999997	99999	{NS}
1169.4539999999997	1171.34	99999	sp
1171.34	1171.4589999999998	19	AN
1171.4589999999998	1171.908	9	ADULT
1171.908	1172.2469999999998	255	MALE
1172.2469999999998	1172.8259999999998	42	BABOON'S
1172.8259999999998	1172.936	99999	sp
1172.936	1173.2649999999999	430	TEETH
1173.2649999999999	1173.3449999999998	99999	sp
1173.3449999999998	1173.455	30	ARE
1173.455	1173.754	285	NOT
1173.754	1174.2329999999997	415	SUITABLE
1174.2329999999997	1174.4029999999998	161	FOR
1174.4029999999998	1174.6719999999998	135	EATING
1174.6719999999998	1175.4299999999998	376	SHELLFISH
1175.4299999999998	1177.6449999999998	99999	sp
1177.6449999999998	1179.1819999999998	99999	{NS}
1179.1819999999998	1180.6979999999999	99999	{NS}
1180.6979999999999	1181.7259999999999	99999	{NS}
1181.7259999999999	1182.6039999999998	99999	{NS}
1182.6039999999998	1183.821	99999	sp
1183.821	1185.9235367954939	99999	sp
1185.9235367954939	1186.161357811928	204	HER
1186.161357811928	1186.6449999999998	470	WARDROBE
1186.6449999999998	1187.3229999999999	102	CONSISTS
1187.3229999999999	1187.4529999999997	294	OF
1187.4529999999997	1187.6519999999998	298	ONLY
1187.6519999999998	1188.1709999999998	385	SKIRTS
1188.1709999999998	1188.341	20	AND
1188.341	1188.8899999999999	54	BLOUSES
1188.8899999999999	1191.0749999999998	99999	sp
1191.0749999999998	1193.7689999999998	99999	{NS}
1193.7689999999998	1195.445	99999	{NS}
1195.445	1195.5349999999999	99999	sp
1195.5349999999999	1197.0509999999997	99999	{NS}
1197.0509999999997	1197.6299999999999	99999	sp
1197.6299999999999	1197.859	99999	{NS}
1197.859	1200.014	99999	sp
1200.014	1200.154114796495	434	THE
1200.154114796495	1200.3639999999998	453	TWO
1200.3639999999998	1200.8229999999999	33	ARTISTS
1200.8229999999999	1201.3709999999999	147	EXCHANGED
1201.3709999999999	1202.09	39	AUTOGRAPHS
1202.09	1204.4339999999997	99999	sp
1204.4339999999997	1205.2229999999997	99999	{NS}
1205.2229999999997	1208.0159999999998	99999	{NS}
1208.0159999999998	1208.695	99999	{NS}
1208.695	1209.7719999999997	99999	sp
1209.7719999999997	1209.8819999999998	99999	{NS}
1209.8819999999998	1212.0169999999998	99999	sp
1212.0169999999998	1212.6559999999997	71	BUTTERSCOTCH
1212.6559999999997	1213.0149999999999	169	FUDGE
1213.0149999999999	1213.2839999999999	186	GOES
1213.2839999999999	1213.514	481	WELL
1213.514	1213.6229999999998	487	WITH
1213.6229999999998	1213.9529999999997	463	VANILLA
1213.9529999999997	1214.3519999999999	212	ICE
1214.3519999999999	1214.561	112	CREAM
1214.561	1216.7259999999999	99999	sp
1216.7259999999999	1218.572	99999	{NS}
1218.572	1221.5849999999998	99999	{NS}
1221.5849999999998	1222.4629999999997	99999	{NS}
1222.4629999999997	1222.5929999999998	99999	sp
1222.5929999999998	1224.9479999999999	99999	{NS}
1224.9479999999999	1227.013	99999	sp
1227.013	1227.3619999999999	366	RICH
1227.3619999999999	1227.9709999999998	349	PURCHASED
1227.9709999999998	1228.4399999999998	99999	sp
1228.4399999999998	1228.7889999999998	349	PURCHASED
1228.7889999999998	1229.2279999999998	374	SEVERAL
1229.2279999999998	1229.8069999999998	382	SIGNED
1229.8069999999998	1230.0459999999998	99999	sp
1230.0459999999998	1230.9439999999997	245	LITHOGRAPHS
1230.9439999999997	1231.822	99999	sp
1231.822	1238.637	99999	{NS}
1238.637	1239.225	99999	sp
1239.225	1241.1809999999998	99999	{NS}
1241.1809999999998	1241.6	99999	sp
1241.6	1247.5159999999998	99999	{NS}
1247.5159999999998	1248.4839999999997	99999	sp
1248.4839999999997	1252.2659999999998	99999	{NS}
1252.2659999999998	1253.3229999999999	99999	sp
1253.3229999999999	1253.5929999999998	24	ANY
1253.5929999999998	1254.6699999999998	105	CONTRIBUTIONS
1254.6699999999998	1254.7799999999997	485	WILL
1254.7799999999997	1254.9689999999998	47	BE
1254.9689999999998	1255.3189999999997	195	GREATLY
1255.3189999999997	1256.0569999999998	28	APPRECIATED
1256.0569999999998	1258.1219999999998	99999	sp
1258.1219999999998	1260.8159999999998	99999	{NS}
1260.8159999999998	1261.6039999999998	99999	{NS}
1261.6039999999998	1261.6839999999997	99999	sp
1261.6839999999997	1264.8069999999998	99999	{NS}
1264.8069999999998	1267.1819999999998	99999	{NS}
1267.1819999999998	1269.167	99999	sp
1269.167	1269.3169999999998	434	THE
1269.3169999999998	1269.8259999999998	111	CRANBERRY
1269.8259999999998	1270.1349999999998	57	BOG
1270.1349999999998	1270.3639999999998	178	GETS
1270.3639999999998	1270.8129999999999	99999	sp
1270.8129999999999	1271.1467177431648	465	VERY
1271.1467177431648	1271.4775559964773	340	PRETTY
1271.4775559964773	1271.6245023155748	217	IN
1271.6245023155748	1272.020870676298	40	AUTUMN
1272.020870676298	1281.1712131020806	99999	sp
1281.1712131020806	1281.352962496754	210	HOW
1281.352962496754	1281.5733819754	128	DO
1281.5733819754	1282.0296889662814	318	OYSTERS
1282.0296889662814	1282.3390496380655	253	MAKE
1282.3390496380655	1282.9809730320173	320	PEARLS
1282.9809730320173	1284.7719999999997	99999	sp
1284.7719999999997	1290.379	99999	{NS}
1290.379	1293.3919999999998	99999	{NS}
1293.3919999999998	1297.1839999999997	99999	sp
1297.1839999999997	1297.4170108215797	257	MAY
1297.4170108215797	1297.608427737246	211	I
1297.608427737246	1297.9255224258247	304	ORDER
1297.9255224258247	1298.045399686141	1	A
1298.045399686141	1298.6518363150517	319	PARFAIT
1298.6518363150517	1298.985857887296	10	AFTER
1298.985857887296	1299.1154026686058	211	I
1299.1154026686058	1299.3126200968682	134	EAT
1299.3126200968682	1299.889041675127	124	DINNER
1299.889041675127	1301.793	99999	sp
1301.793	1310.1239999999998	99999	sp
1310.1239999999998	1310.2373043463438	224	IS
1310.2373043463438	1310.467391345983	375	SHE
1310.467391345983	1310.7922200513565	187	GOING
1310.7922200513565	1311.0087725216051	487	WITH
1311.0087725216051	1311.1719999999998	495	YOU
1311.1719999999998	1322.0161442171036	99999	sp
1322.0161442171036	1322.271457846487	76	CAN
1322.271457846487	1322.4184041655844	434	THE
1322.4184041655844	1322.9636523496038	11	AGENCY
1322.9636523496038	1323.4624964328557	315	OVERTHROW
1323.4624964328557	1323.8569312893803	13	ALIEN
1323.8569312893803	1324.5509999999997	162	FORCES
1324.5509999999997	1326.716	99999	sp
1326.716	1331.0759999999998	99999	{NS}
1331.0759999999998	1331.9249999999997	99999	{NS}
1331.9249999999997	1332.1939999999997	99999	sp
1332.1939999999997	1333.0919999999999	99999	{NS}
1333.0919999999999	1336.3149999999998	99999	sp
1336.3149999999998	1360.649	99999	sp
1360.649	1360.849	99999	sp
1360.849	1361.4969999999998	99999	{NS}
1361.4969999999998	1362.0659999999998	99999	sp
1362.0659999999998	1363.1739999999998	99999	{NS}
1363.1739999999998	1365.389	99999	sp
1365.389	1366.8649999999998	99999	{NS}
1366.8649999999998	1374.1979999999999	99999	{NS}
1374.1979999999999	1376.9019999999998	99999	{NS}
1376.9019999999998	1383.158	99999	{NS}
1383.158	1390.581	99999	sp
1390.581	1410.7749999999999	99999	sp
1410.7749999999999	1413.9279999999999	99999	{NS}
1413.9279999999999	1415.5349999999999	99999	sp
1415.5349999999999	1416.3029999999999	99999	{NS}
1749.4269999999997	1752.1609999999998	99999	sp
1752.1609999999998	1752.6799999999998	8	ADDITION
1752.6799999999998	1752.899	20	AND
1752.899	1753.5679999999998	411	SUBTRACTION
1753.5679999999998	1753.7369999999999	30	ARE
1753.7369999999999	1754.1169999999997	237	LEARNED
1754.1169999999997	1754.6549999999997	384	SKILLS
1754.6549999999997	1756.4309999999998	99999	sp
1756.4309999999998	1760.7809999999997	99999	{NS}
1760.7809999999997	1763.7049999999997	99999	{NS}
1763.7049999999997	1768.5339999999999	99999	{NS}
1768.5339999999999	1768.8529999999998	99999	sp
1768.8529999999998	1769.5609999999997	99999	{NS}
1769.5609999999997	1770.5789999999997	99999	sp
1770.5789999999997	1770.9879999999998	210	HOW
1770.9879999999998	1771.4169999999997	99999	sp
1771.4169999999997	1771.7369999999999	269	MUCH
1771.7369999999999	1772.3749999999998	16	ALLOWANCE
1772.3749999999998	1772.4749999999997	128	DO
1772.4749999999997	1772.6739999999998	495	YOU
1772.6739999999998	1772.9439999999997	177	GET
1772.9439999999997	1775.6979999999999	99999	{NS}
1775.6979999999999	1779.8279999999997	99999	{NS}
1779.8279999999997	1779.9079999999997	99999	sp
1779.9079999999997	1780.8159999999998	99999	{NS}
1780.8159999999998	1781.2849999999999	99999	sp
1781.2849999999999	1781.3849999999998	99999	{NS}
1781.3849999999998	1784.4579999999999	99999	sp
1784.4579999999999	1784.8269999999998	88888	SEE
1784.8269999999998	1785.4649999999997	88888	SICKLE
1785.4649999999997	1785.7249999999997	99999	sp
1785.7249999999997	1786.4229999999998	346	PROGRAMS
1786.4229999999998	1786.5929999999998	485	WILL
1786.5929999999998	1786.9119999999998	281	NEVER
1786.9119999999998	1788.0289999999998	100	COMPILE
1788.0289999999998	1792.0699999999997	99999	{NS}
1792.0699999999997	1795.6919999999998	99999	{NS}
1795.6919999999998	1796.6599999999999	99999	{NS}
1796.6599999999999	1797.0989999999997	99999	sp
1797.0989999999997	1797.1989999999998	99999	{NS}
1797.1989999999998	1799.2539999999997	99999	sp
1799.2539999999997	1799.3639999999998	434	THE
1799.3639999999998	1799.8429999999998	61	BOSTON
1799.8429999999998	1800.2619999999997	45	BALLET
1800.2619999999997	1800.8799999999999	312	OVERCAME
1800.8799999999999	1801.0099999999998	435	THEIR
1801.0099999999998	1801.4789999999998	170	FUNDING
1801.4789999999998	1802.0479999999998	380	SHORTAGE
1802.0479999999998	1803.9629999999997	99999	sp
1803.9629999999997	1807.206	99999	{NS}
1807.206	1807.8539999999998	99999	{NS}
1807.8539999999998	1809.1019999999999	99999	{NS}
1809.1019999999999	1809.6699999999998	99999	sp
1809.6699999999998	1809.7799999999997	99999	{NS}
1809.7799999999997	1811.6259999999997	99999	sp
1811.6259999999997	1811.9049999999997	145	EVERY
1811.9049999999997	1812.2839999999999	74	CAB
1812.2839999999999	1812.6239999999998	280	NEEDS
1812.6239999999998	1812.9729999999997	446	TO
1812.9729999999997	1813.3619999999999	99999	sp
1813.3619999999999	1813.6009999999999	280	NEEDS
1813.6009999999999	1814.2699999999998	364	REPAINTING
1814.2699999999998	1814.7389999999998	296	OFTEN
1814.7389999999998	1816.0159999999998	99999	sp
1816.0159999999998	1818.0609999999997	99999	{NS}
1818.0609999999997	1821.6329999999998	99999	{NS}
1821.6329999999998	1821.8729999999998	99999	sp
1821.8729999999998	1822.4609999999998	99999	{NS}
1822.4609999999998	1823.0699999999997	99999	sp
1823.0699999999997	1823.1799999999998	99999	{NS}
1823.1799999999998	1825.8039999999999	99999	sp
1825.8039999999999	1826.1429999999998	203	HELP
1826.1429999999998	1826.5219999999997	196	GREG
1826.5219999999997	1826.6119999999999	446	TO
1826.6119999999999	1826.8809999999999	325	PICK
1826.8809999999999	1826.9409999999998	1	A
1826.9409999999998	1827.2299999999998	321	PECK
1827.2299999999998	1827.3399999999997	294	OF
1827.3399999999997	1828.0489999999998	338	POTATOES
1828.0489999999998	1830.3129999999999	99999	sp
1830.3129999999999	1832.8579999999997	99999	{NS}
1832.8579999999997	1833.6059999999998	99999	{NS}
1833.6059999999998	1835.4019999999998	99999	{NS}
1835.4019999999998	1835.6209999999999	99999	sp
1835.6209999999999	1836.918	99999	{NS}
1836.918	1839.0339999999999	99999	sp
1839.0339999999999	1839.1929999999998	476	WE
1839.1929999999998	1839.4229999999998	241	LIKE
1839.4229999999998	1839.6519999999998	55	BLUE
1839.6519999999998	1840.3609999999999	88	CHEESE
1840.3609999999999	1840.6499999999999	99999	sp
1840.6499999999999	1840.9089999999999	70	BUT
1840.9089999999999	1841.1889999999999	466	VICTOR
1841.1889999999999	1841.5779999999997	242	LIKES
1841.5779999999997	1841.927	64	BRIE
1841.927	1844.581	99999	sp
1844.581	1848.5119999999997	99999	{NS}
1848.5119999999997	1849.4699999999998	99999	{NS}
1849.4699999999998	1849.4999999999998	99999	sp
1849.4999999999998	1850.2579999999998	99999	{NS}
1850.2579999999998	1851.9839999999997	99999	{NS}
1851.9839999999997	1853.8799999999999	99999	sp
1853.8799999999999	1854.2089999999998	108	COUNT
1854.2089999999998	1854.2889999999998	434	THE
1854.2889999999998	1854.5879999999997	289	NUMBER
1854.5879999999997	1854.6779999999999	294	OF
1854.6779999999999	1854.7279999999998	99999	sp
1854.7279999999998	1855.4359999999997	429	TEASPOONS
1855.4359999999997	1855.4959999999999	294	OF
1855.4959999999999	1856.2339999999997	395	SOYSAUCE
1856.2339999999997	1856.4239999999998	433	THAT
1856.4239999999998	1856.5539999999999	495	YOU
1856.5539999999999	1856.8029999999999	7	ADD
1856.8029999999999	1858.0499999999997	99999	{NS}
1858.0499999999997	1859.0379999999998	99999	sp
1859.0379999999998	1862.3809999999999	99999	{NS}
1862.3809999999999	1864.2459999999999	99999	{NS}
1864.2459999999999	1865.1339999999998	99999	sp
1865.1339999999998	1865.2539999999997	99999	{NS}
1865.2539999999997	1867.4589999999998	99999	sp
1867.4589999999998	1868.1069999999997	44	BAGPIPES
1868.1069999999997	1868.2369999999999	20	AND
1868.2369999999999	1868.7159999999997	59	BONGOS
1868.7159999999997	1868.8059999999998	30	ARE
1868.8059999999998	1869.3649999999998	273	MUSICAL
1869.3649999999998	1870.0629999999999	220	INSTRUMENTS
1870.0629999999999	1872.0679999999998	99999	sp
1872.0679999999998	1875.2709999999997	99999	{NS}
1875.2709999999997	1875.2909999999997	99999	sp
1875.2909999999997	1875.7999999999997	99999	{NS}
1875.7999999999997	1875.86	99999	sp
1875.86	1877.5859999999998	99999	{NS}
1877.5859999999998	1877.6559999999997	99999	{NS}
1877.6559999999997	1879.5909999999997	99999	sp
1879.5909999999997	1879.7909999999997	210	HOW
1879.7909999999997	1879.9109999999998	189	GOOD
1879.9109999999998	1880.5589999999997	224	IS
1880.5589999999997	1880.6889999999999	496	YOUR
1880.6889999999999	1881.3169999999998	138	ENDURANCE
1881.3169999999998	1882.1059999999998	99999	{NS}
1882.1059999999998	1883.4429999999998	99999	sp
1883.4429999999998	1887.3539999999998	99999	{NS}
1887.3539999999998	1888.9199999999998	99999	{NS}
1888.9199999999998	1891.3949999999998	99999	{NS}
1891.3949999999998	1893.3799999999999	99999	sp
1893.3799999999999	1893.4699999999998	434	THE
1893.4699999999998	1893.9489999999998	141	ESSAY
1893.9489999999998	1894.7169999999999	454	UNDENIABLY
1894.7169999999999	1895.3949999999998	358	REFLECTS
1895.3949999999998	1895.4749999999997	99999	sp
1895.4749999999997	1896.014	305	OUR
1896.014	1896.0539999999999	99999	sp
1896.0539999999999	1896.5329999999997	467	VIEW
1896.5329999999997	1896.8919999999998	99999	sp
1896.8919999999998	1897.3109999999997	3	ABLY
1897.3109999999997	1899.1469999999997	99999	sp
1899.1469999999997	1905.2829999999997	99999	{NS}
1905.2829999999997	1907.1789999999999	99999	{NS}
1907.1789999999999	1912.3969999999997	99999	{NS}
1912.3969999999997	1915.0009999999997	99999	{NS}
1915.0009999999997	1916.7769999999998	99999	sp
1916.7769999999998	1916.8269999999998	1	A
1916.8269999999998	1917.206	60	BORING
1917.206	1917.6349999999998	287	NOVEL
1917.6349999999998	1917.9939999999997	224	IS
1917.9939999999997	1918.0339999999999	1	A
1918.0339999999999	1918.3829999999998	418	SUPERB
1918.3829999999998	1918.8619999999999	386	SLEEPING
1918.8619999999999	1919.1509999999998	328	PILL
1919.1509999999998	1921.3069999999998	99999	sp
1921.3069999999998	1921.8549999999998	99999	{NS}
1921.8549999999998	1922.8529999999998	99999	{NS}
1922.8529999999998	1925.4769999999999	99999	{NS}
1925.4769999999999	1926.9939999999997	99999	{NS}
1926.9939999999997	1931.8605213281814	99999	sp
1931.8605213281814	1932.1442359110251	303	ORANGE
1932.1442359110251	1932.5109999999997	230	JUICE
1932.5109999999997	1932.7809999999997	425	TASTES
1932.7809999999997	1933.0799999999997	171	FUNNY
1933.0799999999997	1933.3989999999997	10	AFTER
1933.3989999999997	1934.0979999999997	449	TOOTHPASTE
1934.0979999999997	1934.1269999999997	99999	sp
1934.1269999999997	1934.6959999999997	99999	{NS}
1934.6959999999997	1935.2549999999999	99999	sp
1935.2549999999999	1936.2529999999997	99999	{NS}
1936.2529999999997	1940.273	99999	{NS}
1940.273	1942.0689999999997	99999	{NS}
1942.0689999999997	1944.1549999999997	99999	sp
1944.1549999999997	1944.2539999999997	434	THE
1944.2539999999997	1944.8329999999999	486	WILLOWY
1944.8329999999999	1945.282	488	WOMAN
1945.282	1945.6709999999998	490	WORE
1945.6709999999998	1945.7109999999998	1	A
1945.7109999999998	1946.3199999999997	274	MUSKRAT
1946.3199999999997	1946.5989999999997	96	COAT
1946.5989999999997	1948.8439999999998	99999	sp
1948.8439999999998	1951.7269999999999	99999	{NS}
1951.7269999999999	1952.4159999999997	99999	{NS}
1952.4159999999997	1952.5949999999998	99999	sp
1952.5949999999998	1953.2339999999997	99999	{NS}
1953.2339999999997	1953.8929999999998	99999	sp
1953.8929999999998	1954.072	99999	{NS}
1954.072	1956.4369999999997	99999	sp
1956.4369999999997	1956.5959999999998	434	THE
1956.5959999999998	1957.2749999999999	264	MISQUOTE
1957.2749999999999	1957.494	472	WAS
1957.494	1958.0829999999999	365	RETRACTED
1958.0829999999999	1958.2829999999997	487	WITH
1958.2829999999997	1958.3519999999999	19	AN
1958.3519999999999	1959.0309999999997	26	APOLOGY
1959.0309999999997	1959.4099999999999	99999	{NS}
1959.4099999999999	1959.5999999999997	99999	sp
1959.5999999999997	1959.8589999999997	99999	{NS}
1959.8589999999997	1960.1279999999997	99999	sp
1960.1279999999997	1961.3259999999998	99999	{NS}
1961.3259999999998	1961.7249999999997	99999	{NS}
1961.7249999999997	1964.560537476717	99999	sp
1964.560537476717	1964.6415987861008	211	I
1964.6415987861008	1964.947	233	JUST
1964.947	1965.177	370	SAW
1965.177	1965.5059999999999	228	JIM
1965.5059999999999	1965.7159999999997	277	NEAR
1965.7159999999997	1965.7859999999998	434	THE
1965.7859999999998	1966.0749999999998	282	NEW
1966.0749999999998	1967.0029999999997	29	ARCHEOLOGICAL
1967.0029999999997	1967.5509999999997	272	MUSEUM
1967.5509999999997	1969.7859999999998	99999	sp
1969.7859999999998	1976.0219999999997	99999	{NS}
1976.0219999999997	1976.5309999999997	99999	{NS}
1976.5309999999997	1977.5489999999998	99999	{NS}
1977.5489999999998	1978.2969999999998	99999	sp
1978.2969999999998	1978.407	99999	{NS}
1978.407	1980.432	99999	sp
1980.432	1980.722	367	RIGHT
1980.722	1981.021	288	NOW
1981.021	1981.2599999999995	257	MAY
1981.2599999999995	1981.5199999999998	285	NOT
1981.5199999999998	1981.6589999999999	47	BE
1981.6589999999999	1981.749	434	THE
1981.749	1982.0776688427047	51	BEST
1982.0776688427047	1982.3761218454363	445	TIME
1982.3761218454363	1982.5762960003733	161	FOR
1982.5762960003733	1982.955810312489	69	BUSINESS
1982.955810312489	1983.4966257269782	260	MERGERS
1983.4966257269782	1992.592057816608	99999	sp
1992.592057816608	1992.7019722185676	434	THE
1992.7019722185676	1993.284139804143	263	MISPRINT
1993.284139804143	1993.8736765996625	348	PROVOKED
1993.8736765996625	1994.0219819497854	19	AN
1994.0219819497854	1994.6028176259208	216	IMMEDIATE
1994.6028176259208	1995.3123447935734	125	DISCLAIMER
1995.3123447935734	1997.1739999999998	99999	sp
1997.1739999999998	2001.7939999999996	99999	{NS}
2001.7939999999996	2004.0189999999996	99999	sp
2004.0189999999996	2004.1624652348407	438	THEY
2004.1624652348407	2004.3761723232167	14	ALL
2004.3761723232167	2004.7567074214246	139	ENJOY
2004.7567074214246	2004.9998913495763	212	ICE
2004.9998913495763	2005.2754152060827	112	CREAM
2005.2754152060827	2005.9680503612897	417	SUNDAES
2005.9680503612897	2008.0099999999995	99999	sp
2008.0099999999995	2010.6039999999996	99999	{NS}
2010.6039999999996	2019.012646233003	99999	sp
2019.012646233003	2019.1841786335629	128	DO
2019.1841786335629	2019.7295001694185	38	ATYPICAL
2019.7295001694185	2020.2121834207503	151	FARMERS
2020.2121834207503	2020.7353973267739	197	GROW
2020.7353973267739	2021.332303332237	291	OATS
2021.332303332237	2023.2649999999996	99999	sp
2023.2649999999996	2028.8719999999996	99999	{NS}
2028.8719999999996	2030.5579999999998	99999	sp
2030.5579999999998	2032.8229999999996	99999	{NS}
2032.8229999999996	2036.485	99999	sp
2036.485	2037.3329999999999	99999	{NS}
2037.3329999999999	2038.6799999999996	99999	sp
2038.6799999999996	2042.222	99999	{NS}
2042.222	2048.388	99999	sp
2048.388	2049.425	99999	sp
2049.425	2059.163	99999	{NS}
2059.163	2059.243	99999	sp
2059.243	2065.519	99999	{NS}
2065.519	2069.25	99999	sp
2069.25	2078.539	99999	{NS}
2078.539	2088.896	99999	sp
2088.896	2089.704	99999	sp
2089.704	2096.648	99999	{NS}
2096.648	2097.875	99999	sp
2097.875	2099.571	99999	{NS}
2099.571	2103.273	99999	{NS}
2103.273	2108.731	99999	sp
2108.731	2110.3269999999998	99999	{NS}
2110.3269999999998	2115.685	99999	sp
2399.122	2399.491	99999	sp
2399.491	2400.948	99999	{NS}
2400.948	2401.497	121	DIANE
2401.497	2401.656	257	MAY
2401.656	2402.3849999999998	399	SPLURGE
2402.3849999999998	2402.524	20	AND
2402.524	2402.814	72	BUY
2402.814	2402.844	1	A
2402.844	2403.462	452	TURQUOISE
2403.462	2404.031	278	NECKLACE
2404.031	2406.306	99999	sp
2406.306	2406.675	99999	{NS}
2406.675	2410.3269999999998	99999	{NS}
2410.3269999999998	2411.863	99999	{NS}
2411.863	2413.44	99999	sp
2413.44	2413.829	99999	{NS}
2413.829	2413.899	99999	sp
2413.899	2414.537	194	GRANDMOTHER
2414.537	2415.076	309	OUTGREW
2415.076	2415.345	204	HER
2415.345	2416.044	459	UPBRINGING
2416.044	2416.483	20	AND
2416.483	2419.636	99999	sp
2419.636	2419.955	99999	{NS}
2419.955	2422.329	99999	{NS}
2422.329	2422.808	99999	sp
2422.808	2422.928	99999	{NS}
2422.928	2424.075	99999	sp
2424.075	2424.644	99999	{NS}
2424.644	2425.303	292	OBJECTS
2425.303	2425.672	252	MADE
2425.672	2425.921	294	OF
2425.921	2426.011	99999	sp
2426.011	2426.46	324	PEWTER
2426.46	2426.739	30	ARE
2426.739	2427.218	48	BEAUTIFUL
2427.218	2429.294	99999	sp
2429.294	2430.431	99999	{NS}
2430.431	2433.364	99999	{NS}
2433.364	2434.841	99999	{NS}
2434.841	2438.173	99999	{NS}
2438.173	2440.129	99999	sp
2440.129	2440.758	32	ARTIFICIAL
2440.758	2441.596	221	INTELLIGENCE
2441.596	2441.765	224	IS
2441.765	2441.935	161	FOR
2441.935	2442.095	355	REAL
2442.095	2442.753	99999	{NS}
2442.753	2444.489	99999	sp
2444.489	2449.218	99999	{NS}
2449.218	2450.306	99999	{NS}
2450.306	2451.264	99999	sp
2451.264	2451.433	99999	{NS}
2451.433	2453.469	99999	sp
2453.469	2453.808	447	TODD
2453.808	2454.207	329	PLACED
2454.207	2454.476	450	TOP
2454.476	2455.045	342	PRIORITY
2455.045	2455.304	297	ON
2455.304	2455.604	179	GETTING
2455.604	2455.893	208	HIS
2455.893	2455.9429999999998	99999	sp
2455.9429999999998	2456.2019999999998	53	BIKE
2456.2019999999998	2456.582	157	FIXED
2456.582	2456.661	99999	sp
2456.661	2458.5769999999998	99999	{NS}
2458.5769999999998	2458.946	99999	{NS}
2458.946	2460.124	99999	{NS}
2460.124	2466.4097433044894	99999	sp
2466.4097433044894	2466.610827741149	482	WHEN
2466.610827741149	2466.9124543961384	322	PEELING
2466.9124543961384	2467.038	19	AN
2467.038	2467.557	303	ORANGE
2467.557	2467.6169999999997	225	IT
2467.6169999999997	2467.696	99999	sp
2467.696	2468.046	224	IS
2468.046	2468.065	99999	sp
2468.065	2468.3849999999998	200	HARD
2468.3849999999998	2468.604	446	TO
2468.604	2468.894	285	NOT
2468.894	2469.183	401	SPRAY
2469.183	2469.732	230	JUICE
2469.732	2471.697	99999	sp
2471.697	2474.72	99999	{NS}
2474.72	2474.93	99999	sp
2474.93	2476.167	99999	{NS}
2476.167	2476.875	99999	{NS}
2476.875	2477.973	99999	sp
2477.973	2478.043	99999	{NS}
2478.043	2480.487	99999	sp
2480.487	2480.557	434	THE
2480.557	2481.006	268	MORNING
2481.006	2481.365	120	DEW
2481.365	2481.575	297	ON
2481.575	2481.645	434	THE
2481.645	2482.074	398	SPIDER
2482.074	2482.373	479	WEB
2482.373	2482.932	182	GLISTENED
2482.932	2483.061	217	IN
2483.061	2483.121	434	THE
2483.121	2483.54	416	SUN
2483.54	2486.484	99999	{NS}
2486.484	2491.043	99999	{NS}
2491.043	2491.402	99999	{NS}
2491.402	2492.211	99999	sp
2492.211	2492.32	99999	{NS}
2492.32	2494.924	99999	sp
2494.924	2495.623	451	TORNADOS
2495.623	2496.092	296	OFTEN
2496.092	2496.6739837763234	118	DESTROY
2496.6739837763234	2497.5488203989225	41	AVIARIES
2497.5488203989225	2507.326	99999	sp
2507.326	2508.743	99999	{NS}
2508.743	2508.773	99999	sp
2508.773	2510.549	99999	{NS}
2510.549	2511.128	99999	sp
2511.128	2513.233	99999	{NS}
2513.233	2514.041	99999	sp
2514.041	2514.191	438	THEY
2514.191	2514.64	360	REMAINED
2514.64	2515.298	239	LIFELONG
2515.298	2515.8269999999998	164	FRIENDS
2515.8269999999998	2516.007	20	AND
2516.007	2516.665	99	COMPANIONS
2516.665	2519.948	99999	{NS}
2519.948	2522.701	99999	{NS}
2522.701	2523.29	99999	{NS}
2523.29	2528.2616009140147	99999	sp
2528.2616009140147	2528.3273400567687	434	THE
2528.3273400567687	2528.8601249811686	160	FOOTBALL
2528.8601249811686	2529.1485741966912	428	TEAM
2529.1485741966912	2529.46566888527	95	COACH
2529.46566888527	2529.6580525530358	201	HAS
2529.6580525530358	2529.745	1	A
2529.745	2530.114	474	WATCH
2530.114	2530.294	34	AS
2530.294	2530.414	439	THIN
2530.414	2530.563	34	AS
2530.563	2530.623	1	A
2530.623	2530.773	123	DIME
2530.773	2531.382	99999	{NS}
2531.382	2533.0480000000002	99999	sp
2533.0480000000002	2538.106	99999	{NS}
2538.106	2538.974	99999	{NS}
2538.974	2539.683	99999	sp
2539.683	2539.773	99999	{NS}
2539.773	2541.718	99999	sp
2541.718	2541.878	438	THEY
2541.878	2542.277	296	OFTEN
2542.277	2542.417	184	GO
2542.417	2542.706	306	OUT
2542.706	2542.816	217	IN
2542.816	2542.945	434	THE
2542.945	2543.394	143	EVENING
2543.394	2545.18	99999	sp
2545.18	2549.221	99999	{NS}
2549.221	2550.069	99999	{NS}
2550.069	2551.296	99999	sp
2551.296	2551.426	99999	{NS}
2551.426	2551.715	99999	sp
2551.715	2553.521	99999	{NS}
2553.521	2553.691	305	OUR
2553.691	2554.449	148	EXPERIMENT'S
2554.449	2554.479	99999	sp
2554.479	2555.078	337	POSITIVE
2555.078	2555.756	307	OUTCOME
2555.756	2555.816	99999	sp
2555.816	2556.016	472	WAS
2556.016	2556.704	456	UNEXPECTED
2556.704	2558.211	99999	{NS}
2558.211	2559.049	99999	sp
2559.049	2562.88	99999	{NS}
2562.88	2563.718	99999	{NS}
2563.718	2564.377	99999	sp
2564.377	2564.446	99999	{NS}
2564.446	2566.651	99999	sp
2566.651	2566.941	132	EACH
2566.941	2567.37	403	STAG
2567.37	2567.779	419	SURELY
2567.779	2568.188	155	FINDS
2568.188	2568.228	1	A
2568.228	2568.527	52	BIG
2568.527	2568.956	153	FAWN
2568.956	2570.982	99999	sp
2570.982	2572.239	99999	{NS}
2572.239	2573.875	99999	{NS}
2573.875	2574.713	99999	{NS}
2574.713	2574.793	99999	sp
2574.793	2575.711	99999	{NS}
2575.711	2577.786	99999	sp
2577.786	2577.866	434	THE
2577.866	2578.485	91	CIGARETTES
2578.485	2578.574	217	IN
2578.574	2578.654	434	THE
2578.654	2578.9829999999997	94	CLAY
2578.9829999999997	2579.582	35	ASHTRAY
2579.582	2579.642	99999	sp
2579.642	2580.37	314	OVERFLOWED
2580.37	2580.5099999999998	99999	sp
2580.5099999999998	2580.879	299	ONTO
2580.879	2580.949	434	THE
2580.949	2581.478	424	TABLE
2581.478	2581.707	99999	sp
2581.707	2581.997	299	ONTO
2581.997	2582.166	434	THE
2582.166	2582.256	290	OAK
2582.256	2582.296	99999	sp
2582.296	2582.6749999999997	424	TABLE
2582.6749999999997	2583.743	99999	sp
2583.743	2584.75	99999	{NS}
2584.75	2586.147	99999	{NS}
2586.147	2590.946	99999	{NS}
2590.946	2591.944	99999	sp
2591.944	2592.014	99999	{NS}
2592.014	2594.239	99999	sp
2594.239	2594.817	347	PROJECT
2594.817	2595.4618878672804	119	DEVELOPMENT
2595.4618878672804	2595.6620360422226	472	WAS
2595.6620360422226	2596.2570391971417	344	PROCEEDING
2596.2570391971417	2596.4494968921977	448	TOO
2596.4494968921977	2596.9696095216345	391	SLOWLY
2596.9696095216345	2606.37511916433	99999	sp
2606.37511916433	2606.632515346089	485	WILL
2606.632515346089	2606.9916925528396	368	ROBIN
2606.9916925528396	2607.2954411783016	477	WEAR
2607.2954411783016	2607.4351212031493	1	A
2607.4351212031493	2607.7610412611266	493	YELLOW
2607.7610412611266	2608.1848790942668	243	LILY
2608.1848790942668	2610.222	99999	sp
2610.222	2617.087	99999	{NS}
2617.087	2618.025	99999	sp
2618.025	2619.0892513923072	99999	{NS}
2619.0892513923072	2619.4727669460535	442	THOMAS
2619.4727669460535	2619.8674046012475	440	THINKS
2619.8674046012475	2620.017094746321	1	A
2620.017094746321	2620.425340596522	235	LARGER
2620.425340596522	2620.755339325434	92	CLAMP
2620.755339325434	2621.161588064942	394	SOLVES
2621.161588064942	2621.3238477502914	434	THE
2621.3238477502914	2621.9872472568677	343	PROBLEM
2621.9872472568677	2623.951	99999	sp
2623.951	2626.875	99999	{NS}
2626.875	2629.938	99999	{NS}
2629.938	2637.465276299795	99999	sp
2637.465276299795	2637.7458798788025	441	THIS
2637.7458798788025	2637.9653120232856	472	WAS
2637.9653120232856	2638.22897080154	133	EASY
2638.22897080154	2638.50283572605	161	FOR
2638.50283572605	2639.1288781393623	460	US
2639.1288781393623	2641.022	99999	sp
2641.022	2648.316	99999	{NS}
2648.316	2650.9784831470715	99999	sp
2650.9784831470715	2651.4341489120775	116	DECEMBER
2651.4341489120775	2651.5618827541016	20	AND
2651.5618827541016	2652.0722418207342	227	JANUARY
2652.0722418207342	2652.2376604728197	30	ARE
2652.2376604728197	2652.6322981280136	283	NICE
2652.6322981280136	2652.9300699649534	266	MONTHS
2652.9300699649534	2653.0349959914042	446	TO
2653.0349959914042	2653.3492405872516	397	SPEND
2653.3492405872516	2653.502332781077	217	IN
2653.502332781077	2654.216763018928	261	MIAMI
2654.216763018928	2656.028	99999	sp
2656.028	2662.893	99999	{NS}
2662.893	2664.878	99999	sp
2664.878	2665.2230728867803	236	LAST
2665.2230728867803	2665.442505031263	492	YEARS
2665.442505031263	2665.7469883945378	174	GAS
2665.7469883945378	2666.2072616488067	380	SHORTAGE
2666.2072616488067	2666.635919791517	81	CAUSED
2666.635919791517	2666.9965369591946	404	STEEP
2666.9965369591946	2667.352051053744	341	PRICE
2667.352051053744	2668.031	218	INCREASES
2668.031	2686.529	99999	sp
2686.529	2688.624	99999	sp
2688.624	2689.931	99999	{NS}
2689.931	2690.011	99999	sp
2690.011	2692.056	99999	{NS}
2692.056	2692.795	99999	sp
2692.795	2714.236	99999	sp
2714.236	2714.815	99999	sp
2714.815	2716.78	99999	{NS}
2716.78	2717.5679999999998	99999	sp
2717.5679999999998	2731.217	99999	{NS}
2731.217	2731.786	99999	sp
2731.786	2747.73	99999	sp
2747.73	2749.526	99999	{NS}
2749.526	2750.394	99999	sp
2750.394	2752.1	99999	{NS}
2752.1	2781.244	99999	sp
2781.244	2785.664	99999	sp
2785.664	2789.305	99999	{NS}
2789.305	2791.002	99999	sp
2791.002	2794.314	99999	{NS}
2794.314	2814.658	99999	sp
2814.658	2821.123	99999	{NS}
2821.123	2828.476	99999	{NS}
2828.476	2832.268	99999	{NS}
2832.268	2832.417	99999	sp
2832.417	2840.9041097409786	99999	sp
3143.1130000000003	3143.532	99999	sp
3143.532	3145.677	99999	{NS}
3145.677	3146.445	12	AGRICULTURAL
3146.445	3146.974	345	PRODUCTS
3146.974	3147.114	30	ARE
3147.114	3147.802	455	UNEVENLY
3147.802	3148.63	127	DISTRIBUTED
3148.63	3150.935	99999	{NS}
3150.935	3153.6490000000003	99999	{NS}
3153.6490000000003	3153.799	99999	sp
3153.799	3156.163	99999	{NS}
3156.163	3157.3900000000003	99999	sp
3157.3900000000003	3158.1690000000003	99999	{NS}
3158.1690000000003	3158.328	99999	sp
3158.328	3158.568	73	BY
3158.568	3158.867	135	EATING
3158.867	3159.2760000000003	494	YOGURT
3159.2760000000003	3159.416	495	YOU
3159.416	3159.635	257	MAY
3159.635	3159.8450000000003	246	LIVE
3159.8450000000003	3160.324	248	LONGER
3160.324	3160.5330000000004	99999	sp
3160.5330000000004	3161.6510000000003	99999	{NS}
3161.6510000000003	3163.626	99999	{NS}
3163.626	3166.2400000000002	99999	{NS}
3166.2400000000002	3168.1960000000004	99999	sp
3168.1960000000004	3169.453	99999	{NS}
3169.453	3169.792	99999	sp
3169.792	3169.862	434	THE
3169.862	3170.521	82	CAUSEWAY
3170.521	3171.009	137	ENDED
3171.009	3171.6580000000004	5	ABRUPTLY
3171.6580000000004	3171.907	37	AT
3171.907	3171.9770000000003	434	THE
3171.9770000000003	3172.237	379	SHORE
3172.237	3175.818	99999	{NS}
3175.818	3178.1130000000003	99999	{NS}
3178.1130000000003	3180.6380000000004	99999	{NS}
3180.6380000000004	3180.9770000000003	99999	sp
3180.9770000000003	3182.713	99999	{NS}
3182.713	3183.431	478	WEATHERPROOF
3183.431	3184.1690000000003	172	GALOSHES
3184.1690000000003	3184.319	30	ARE
3184.319	3184.6980000000003	465	VERY
3184.6980000000003	3185.217	461	USEFUL
3185.217	3185.447	217	IN
3185.447	3185.487	99999	sp
3185.487	3186.145	372	SEATTLE
3186.145	3188.2400000000002	99999	sp
3188.2400000000002	3192.7000000000003	99999	{NS}
3192.7000000000003	3194.1470000000004	99999	{NS}
3194.1470000000004	3195.983	99999	{NS}
3195.983	3196.112	99999	sp
3196.112	3196.9010000000003	99999	{NS}
3196.9010000000003	3202.099	99999	sp
3202.099	3202.199	434	THE
3202.199	3202.857	396	SPEECH
3202.857	3203.8450000000003	423	SYMPOSIUM
3203.8450000000003	3203.9550000000004	99999	sp
3203.9550000000004	3204.2740000000003	262	MIGHT
3204.2740000000003	3204.902	50	BEGIN
3204.902	3205.052	99999	sp
3205.052	3205.262	297	ON
3205.262	3205.621	265	MONDAY
3205.621	3206.329	99999	sp
3206.329	3208.2050000000004	99999	{NS}
3208.2050000000004	3210.889	99999	{NS}
3210.889	3212.076	99999	{NS}
3212.076	3213.373	99999	{NS}
3213.373	3215.4480000000003	99999	sp
3215.4480000000003	3215.558	213	I'D
3215.558	3215.808	353	RATHER
3215.808	3216.097	285	NOT
3216.097	3216.2960000000003	72	BUY
3216.2960000000003	3216.5060000000003	437	THESE
3216.5060000000003	3216.9550000000004	378	SHOES
3216.9550000000004	3216.985	99999	sp
3216.985	3217.145	432	THAN
3217.145	3217.344	47	BE
3217.344	3218.0620000000004	313	OVERCHARGED
3218.0620000000004	3218.871	99999	sp
3218.871	3220.746	99999	{NS}
3220.746	3223.1110000000003	99999	{NS}
3223.1110000000003	3223.271	99999	sp
3223.271	3225.6150000000002	99999	{NS}
3225.6150000000002	3227.551	99999	{NS}
3227.551	3229.866	99999	sp
3229.866	3230.065	47	BE
3230.065	3230.474	77	CAREFUL
3230.474	3230.694	285	NOT
3230.694	3230.7740000000003	446	TO
3230.7740000000003	3231.193	332	PLOW
3231.193	3231.442	310	OVER
3231.442	3231.5220000000004	434	THE
3231.5220000000004	3231.971	159	FLOWER
3231.971	3232.1600000000003	49	BEDS
3232.1600000000003	3234.435	99999	{NS}
3234.435	3234.6150000000002	99999	sp
3234.6150000000002	3237.9970000000003	99999	{NS}
3237.9970000000003	3239.2140000000004	99999	{NS}
3239.2140000000004	3239.6330000000003	99999	sp
3239.6330000000003	3241.36	99999	{NS}
3241.36	3241.529	434	THE
3241.529	3242.018	316	OVERWEIGHT
3242.018	3242.5570000000002	86	CHARMER
3242.5570000000002	3242.726	107	COULD
3242.726	3243.0060000000003	387	SLIP
3243.0060000000003	3243.594	333	POISON
3243.594	3243.734	223	INTO
3243.734	3244.333	25	ANYONE'S
3244.333	3244.6020000000003	426	TEA
3244.6020000000003	3248.833	99999	{NS}
3248.833	3252.953	99999	{NS}
3252.953	3254.609	99999	{NS}
3254.609	3256.036	99999	sp
3256.036	3256.725	99999	{NS}
3256.725	3256.824	434	THE
3256.824	3257.213	21	ANGRY
3257.213	3257.543	62	BOY
3257.543	3257.972	23	ANSWERED
3257.972	3258.032	99999	sp
3258.032	3258.1910000000003	70	BUT
3258.1910000000003	3258.511	122	DIDN'T
3258.511	3258.73	249	LOOK
3258.73	3258.96	458	UP
3258.96	3259.279	99999	sp
3259.279	3262.8410000000003	99999	{NS}
3262.8410000000003	3265.4550000000004	99999	{NS}
3265.4550000000004	3266.542	99999	{NS}
3266.542	3268.039	99999	sp
3268.039	3268.578	99999	{NS}
3268.578	3268.7470000000003	99999	sp
3268.7470000000003	3269.1960000000004	483	WHICH
3269.1960000000004	3269.476	247	LONG
3269.476	3270.134	31	ARTICLE
3270.134	3270.663	472	WAS
3270.663	3271.222	300	OPAQUE
3271.222	3271.3810000000003	20	AND
3271.3810000000003	3271.701	279	NEEDED
3271.701	3272.489	93	CLARIFICATION
3272.489	3276.101	99999	{NS}
3276.101	3279.5130000000004	99999	{NS}
3279.5130000000004	3282.666	99999	{NS}
3282.666	3282.965	99999	sp
3282.965	3284.6510000000003	99999	{NS}
3284.6510000000003	3284.8610000000003	203	HELP
3284.8610000000003	3285.4390000000003	83	CELEBRATE
3285.4390000000003	3285.559	496	YOUR
3285.559	3285.6290000000004	99999	sp
3285.6290000000004	3285.938	67	BROTHER'S
3285.938	3286.657	412	SUCCESS
3286.657	3286.746	99999	sp
3286.746	3288.782	99999	{NS}
3288.782	3288.8320000000003	99999	sp
3288.8320000000003	3292.443	99999	{NS}
3292.443	3294.1600000000003	99999	{NS}
3294.1600000000003	3295.3070000000002	99999	sp
3295.3070000000002	3296.295	99999	{NS}
3296.295	3296.3740000000003	99999	sp
3296.3740000000003	3296.5040000000004	485	WILL
3296.5040000000004	3296.694	495	YOU
3296.694	3296.784	99999	sp
3296.784	3297.083	331	PLEASE
3297.083	3297.652	101	CONFIRM
3297.652	3298.15	191	GOVERNMENT
3298.15	3298.6490000000003	334	POLICY
3298.6490000000003	3298.7690000000002	99999	sp
3298.7690000000002	3299.318	359	REGARDING
3299.318	3299.7470000000003	473	WASTE
3299.7470000000003	3300.1960000000004	362	REMOVAL
3300.1960000000004	3303.219	99999	{NS}
3303.219	3306.681	99999	{NS}
3306.681	3307.05	99999	{NS}
3307.05	3307.569	99999	sp
3307.569	3307.838	99999	{NS}
3307.838	3309.7540000000004	99999	sp
3309.7540000000004	3309.954	438	THEY
3309.954	3310.443	36	ASSUME
3310.443	3310.652	284	NO
3310.652	3311.101	68	BURGLAR
3311.101	3311.34	485	WILL
3311.34	3311.57	144	EVER
3311.57	3311.9390000000003	140	ENTER
3311.9390000000003	3312.228	205	HERE
3312.228	3314.1440000000002	99999	{NS}
3314.1440000000002	3315.052	99999	sp
3315.052	3315.4410000000003	99999	{NS}
3315.4410000000003	3315.661	99999	sp
3315.661	3316.1200000000003	99999	{NS}
3316.1200000000003	3317.4570000000003	99999	sp
3317.4570000000003	3317.786	99999	{NS}
3317.786	3320.809	99999	sp
3320.809	3321.009	202	HE
3321.009	3321.4970000000003	485	WILL
3321.4970000000003	3322.096	15	ALLOW
3322.096	3322.126	1	A
3322.126	3322.625	352	RARE
3322.625	3322.7450000000003	99999	sp
3322.7450000000003	3323.154	238	LIE
3323.154	3325.389	99999	sp
3325.389	3328.94	99999	{NS}
3328.94	3329.32	99999	{NS}
3329.32	3329.4990000000003	99999	sp
3329.4990000000003	3331.0460000000003	99999	{NS}
3331.0460000000003	3332.433	99999	sp
3332.433	3332.572	99999	{NS}
3332.572	3334.628	99999	sp
3334.628	3335.685	114	CURIOSITY
3335.685	3336.154	20	AND
3336.154	3336.264	99999	sp
3336.264	3337.232	259	MEDIOCRITY
3337.232	3337.9100000000003	373	SELDOM
3337.9100000000003	3338.13	88888	CO
3338.13	3338.6780000000003	88888	EXIST
3338.6780000000003	3340.933	99999	sp
3340.933	3342.2200000000003	99999	{NS}
3342.2200000000003	3343.737	99999	{NS}
3343.737	3347.5280000000002	99999	{NS}
3347.5280000000002	3348.6560000000004	99999	{NS}
3348.6560000000004	3351.739	99999	sp
3351.739	3351.918	208	HIS
3351.918	3352.347	413	SUDDEN
3352.347	3352.9060000000004	117	DEPARTURE
3352.9060000000004	3353.375	377	SHOCKED
3353.375	3353.4550000000004	99999	sp
3353.4550000000004	3353.5150000000003	434	THE
3353.5150000000003	3354.0530000000003	79	CAST
3354.0530000000003	3356.378	99999	sp
3356.378	3358.563	99999	{NS}
3358.563	3360.1	99999	{NS}
3360.1	3361.447	99999	{NS}
3361.447	3362.145	99999	sp
3362.145	3363.462	99999	{NS}
3363.462	3363.5620000000004	99999	sp
3363.5620000000004	3363.8210000000004	375	SHE
3363.8210000000004	3364.35	388	SLIPPED
3364.35	3364.46	20	AND
3364.46	3364.909	400	SPRAINED
3364.909	3365.068	204	HER
3365.068	3365.4970000000003	22	ANKLE
3365.4970000000003	3365.677	297	ON
3365.677	3365.757	434	THE
3365.757	3366.126	404	STEEP
3366.126	3366.545	389	SLOPE
3366.545	3369.0190000000002	99999	sp
3369.0190000000002	3371.693	99999	{NS}
3371.693	3373.978	99999	{NS}
3373.978	3375.215	99999	{NS}
3375.215	3378.5580000000004	99999	{NS}
3378.5580000000004	3381.002	99999	sp
3381.002	3381.082	1	A
3381.082	3381.152	99999	sp
3381.152	3381.4410000000003	52	BIG
3381.4410000000003	3381.8	185	GOAT
3381.8	3382.409	214	IDLY
3382.409	3382.908	18	AMBLED
3382.908	3382.9480000000003	99999	sp
3382.9480000000003	3383.137	444	THROUGH
3383.137	3383.2270000000003	434	THE
3383.2270000000003	3383.726	152	FARMYARD
3383.726	3387.867	99999	{NS}
3387.867	3390.1310000000003	99999	{NS}
3390.1310000000003	3391.5280000000002	99999	{NS}
3391.5280000000002	3392.596	99999	{NS}
3392.596	3395.28	99999	sp
3395.28	3395.569	381	SHOULD
3395.569	3396.148	180	GIRAFFES
3396.148	3396.2870000000003	47	BE
3396.2870000000003	3396.716	234	KEPT
3396.716	3396.7760000000003	217	IN
3396.7760000000003	3397.175	392	SMALL
3397.175	3397.764	498	ZOOS
3397.764	3399.53	99999	sp
3399.53	3403.2720000000004	99999	{NS}
3403.2720000000004	3404.688	99999	{NS}
3404.688	3404.858	99999	sp
3404.858	3408.619	99999	{NS}
3408.619	3409.338	99999	sp
3409.338	3409.4770000000003	99999	{NS}
3409.4770000000003	3411.443	99999	sp
3411.443	3411.5730000000003	476	WE
3411.5730000000003	3411.802	190	GOT
3411.802	3412.2410000000004	131	DRENCHED
3412.2410000000004	3412.4010000000003	166	FROM
3412.4010000000003	3412.55	434	THE
3412.55	3412.6200000000003	99999	sp
3412.6200000000003	3413.418	457	UNINTERRUPTED
3413.418	3413.658	351	RAIN
3413.658	3415.853	99999	sp
3415.853	3423.396	99999	{NS}
3423.396	3423.516	99999	sp
3423.516	3425.3610000000003	99999	{NS}
