136.115875	136.205875	63	SH	1
136.205875	136.295875	32	IY1	1
136.295875	136.40587499999998	67	W	1
136.40587499999998	136.47587499999997	10	AO1	1
136.47587499999997	136.605875	61	R	1
136.605875	136.645875	67	W	1
136.645875	136.74587499999998	10	AO1	1
136.74587499999998	136.855875	61	R	1
136.855875	136.90587499999998	57	M	1
136.90587499999998	136.99587499999998	50	F	1
136.99587499999998	137.045875	56	L	1
137.045875	137.15587499999998	32	IY1	1
137.15587499999998	137.31587499999998	62	S	1
137.31587499999998	137.385875	31	IY0	1
137.385875	137.47587499999997	67	W	1
137.47587499999997	137.60869637794542	41	UH1	1
137.60869637794542	137.65005428303584	56	L	1
137.65005428303584	137.67156039368288	6	AH0	1
137.67156039368288	137.71457261497693	58	N	1
137.71457261497693	137.865875	35	OW1	1
137.865875	137.93587499999998	66	V	1
137.93587499999998	138.015875	21	ER0	1
138.015875	138.045875	11	AO2	1
138.045875	138.175875	56	L	1
138.175875	138.325875	69	Z	1
146.2213125	146.3113125	61	R	2
146.3113125	146.3513125	32	IY1	2
146.3513125	146.3813125	48	D	2
146.3813125	146.4113125	27	IH0	2
146.4113125	146.49131250000002	59	NG	2
146.49131250000002	146.5513125	28	IH1	2
146.5513125	146.62131250000002	58	N	2
146.62131250000002	146.7313125	60	P	2
146.7313125	146.7613125	41	UH1	2
146.7613125	146.8513125	61	R	2
146.8513125	146.8813125	56	L	2
146.8813125	146.99131250000002	16	AY1	2
146.99131250000002	147.0813125	64	T	2
147.0813125	147.12131250000002	51	G	2
147.12131250000002	147.2013125	28	IH1	2
147.2013125	147.2313125	66	V	2
147.2313125	147.3513125	69	Z	2
147.3513125	147.43131250000002	68	Y	2
147.43131250000002	147.4813125	44	UW1	2
147.4813125	147.7013125	16	AY1	2
147.7013125	147.8213125	62	S	2
147.8213125	147.8513125	64	T	2
147.8513125	147.8813125	61	R	2
147.8813125	147.93131250000002	26	EY2	2
147.93131250000002	148.0613125	58	N	2
156.44	156.5752366551158	32	IY1	3
156.5752366551158	156.6052366551158	66	V	3
156.6052366551158	156.6752366551158	6	AH0	3
156.6752366551158	156.7452366551158	58	N	3
156.7452366551158	156.86681358053318	16	AY1	3
156.86681358053318	156.98523665511578	6	AH0	3
156.98523665511578	157.0952366551158	54	K	3
157.0952366551158	157.1652366551158	25	EY1	3
157.1652366551158	157.2752366551158	70	ZH	3
157.2752366551158	157.3252366551158	6	AH0	3
157.3252366551158	157.3552366551158	58	N	3
157.3552366551158	157.3852366551158	56	L	3
157.3852366551158	157.48523665511578	31	IY0	3
157.48523665511578	157.5452366551158	51	G	3
157.5452366551158	157.6152366551158	28	IH1	3
157.6152366551158	157.6752366551158	64	T	3
157.6752366551158	157.73523665511578	49	DH	3
157.73523665511578	157.7752366551158	7	AH1	3
157.7752366551158	157.8752366551158	57	M	3
157.8752366551158	157.9252366551158	7	AH1	3
157.9252366551158	157.9752366551158	58	N	3
157.9752366551158	158.0052366551158	48	D	3
158.0052366551158	158.0752366551158	31	IY0	3
158.0752366551158	158.1652366551158	46	B	3
158.1652366551158	158.2552366551158	56	L	3
158.2552366551158	158.2852366551158	44	UW1	3
158.2852366551158	158.45523665511578	69	Z	3
165.8284375	165.8946101481447	67	W	4
165.8946101481447	165.9370475729646	32	IY1	4
165.9370475729646	166.0670475729646	35	OW1	4
166.0670475729646	166.1370475729646	60	P	4
166.1370475729646	166.1770475729646	6	AH0	4
166.1770475729646	166.2870475729646	58	N	4
166.2870475729646	166.3870475729646	19	EH1	4
166.3870475729646	166.4170475729646	66	V	4
166.4170475729646	166.4570475729646	61	R	4
166.4570475729646	166.5270475729646	31	IY0	4
166.5270475729646	166.6270475729646	57	M	4
166.6270475729646	166.6870475729646	7	AH1	4
166.6870475729646	166.7570475729646	58	N	4
166.7570475729646	166.7870475729646	48	D	4
166.7870475729646	166.8370475729646	31	IY0	4
166.8370475729646	167.0270475729646	32	IY1	4
167.0270475729646	167.0570475729646	66	V	4
167.0570475729646	167.1370475729646	58	N	4
167.1370475729646	167.1670475729646	27	IH0	4
167.1670475729646	167.2970475729646	59	NG	4
177.9454375	178.0054375	28	IH1	5
178.0054375	178.0354375	64	T	5
178.0354375	178.14543749999999	62	S	5
178.14543749999999	178.1754375	58	N	5
178.1754375	178.3154375	1	AA1	5
178.3154375	178.3454375	64	T	5
178.3454375	178.49543749999998	32	IY1	5
178.49543749999998	178.58543749999998	69	Z	5
178.58543749999998	178.6654375	31	IY0	5
178.6654375	178.7954375	64	T	5
178.7954375	178.87543749999998	6	AH0	5
178.87543749999998	178.9554375	54	K	5
178.9554375	179.0954375	61	R	5
179.0954375	179.15543749999998	31	IY0	5
179.15543749999998	179.3254375	25	EY1	5
179.3254375	179.36543749999998	64	T	5
179.36543749999998	179.43543749999998	29	IH2	5
179.43543749999998	179.5354375	56	L	5
179.5354375	179.7554375	44	UW1	5
179.7554375	181.01958619817128	74	sp	5
181.01958619817128	181.0954375	29	IH2	5
181.0954375	181.12543749999998	56	L	5
181.12543749999998	181.1654375	44	UW1	5
181.1654375	181.1954375	57	M	5
181.1954375	181.2354375	6	AH0	5
181.2354375	181.3154375	58	N	5
181.3154375	181.43543749999998	26	EY2	5
181.43543749999998	181.46543749999998	64	T	5
181.46543749999998	181.5154375	27	IH0	5
181.5154375	181.58543749999998	59	NG	5
181.58543749999998	181.7254375	27	IH0	5
181.7254375	181.7554375	51	G	5
181.7554375	181.8454375	69	Z	5
181.8454375	181.9454375	4	AE1	5
181.9454375	181.99543749999998	57	M	5
181.99543749999998	182.08543749999998	60	P	5
182.08543749999998	182.11543749999998	6	AH0	5
182.11543749999998	182.21543749999998	56	L	5
182.21543749999998	182.33543749999998	69	Z	5
191.927125	192.02712499999998	57	M	6
192.02712499999998	192.15712499999998	7	AH1	6
192.15712499999998	192.22282360064733	57	M	6
192.22282360064733	192.31712499999998	62	S	6
192.31712499999998	192.34712499999998	64	T	6
192.34712499999998	192.397125	61	R	6
192.397125	192.447125	10	AO1	6
192.447125	192.487125	59	NG	6
192.487125	192.827125	56	L	6
192.827125	192.897125	31	IY0	6
192.897125	193.27496870614772	74	sp	6
193.27496870614772	193.297125	48	D	6
193.297125	193.357125	29	IH2	6
193.357125	193.50712499999997	62	S	6
193.50712499999997	193.55712499999998	56	L	6
193.55712499999998	193.68712499999998	16	AY1	6
193.68712499999998	193.737125	54	K	6
193.737125	194.00712499999997	62	S	6
194.00712499999997	194.09712499999998	4	AE1	6
194.09712499999998	194.197125	60	P	6
194.197125	194.237125	6	AH0	6
194.237125	194.327125	64	T	6
194.327125	194.47712499999997	17	AY2	6
194.47712499999997	194.547125	69	Z	6
194.547125	194.617125	21	ER0	6
194.617125	194.84712499999998	69	Z	6
203.3393125	203.3793125	49	DH	7
203.3793125	203.4693125	35	OW1	7
203.4693125	203.5993125	69	Z	7
203.5993125	203.63931250000002	52	HH	7
203.63931250000002	203.7393125	44	UW1	7
203.7393125	203.8493125	64	T	7
203.8493125	203.9893125	32	IY1	7
203.9893125	204.0493125	47	CH	7
204.0493125	204.0893125	66	V	7
204.0893125	204.2493125	4	AE1	7
204.2493125	204.2893125	56	L	7
204.2893125	204.3993125	68	Y	7
204.3993125	204.4293125	43	UW0	7
204.4293125	204.63931250000002	69	Z	7
204.63931250000002	204.7193125	50	F	7
204.7193125	204.8393125	22	ER1	7
204.8393125	204.9293125	62	S	7
204.9293125	204.9593125	64	T	7
204.9593125	205.0193125	6	AH0	7
205.0193125	205.1493125	62	S	7
205.1493125	205.2693125	1	AA1	7
205.2693125	205.32931250000001	46	B	7
205.32931250000001	205.3693125	56	L	7
205.3693125	205.4393125	29	IH2	7
205.4393125	205.57931250000001	63	SH	7
205.57931250000001	205.63931250000002	47	CH	7
205.63931250000002	205.7693125	32	IY1	7
205.7693125	205.7993125	64	T	7
205.7993125	205.82931250000001	27	IH0	7
205.82931250000001	205.8993125	59	NG	7
215.2166988015816	215.2466988015816	49	DH	8
215.2466988015816	215.3166988015816	7	AH1	8
215.3166988015816	215.4166988015816	50	F	8
215.4166988015816	215.51669880158158	61	R	8
215.51669880158158	215.54669880158158	16	AY1	8
215.54669880158158	215.57669880158159	64	T	8
215.57669880158159	215.6766988015816	6	AH0	8
215.6766988015816	215.7066988015816	58	N	8
215.7066988015816	215.76669880158158	48	D	8
215.76669880158158	215.79669880158158	47	CH	8
215.79669880158158	215.9966988015816	16	AY1	8
215.9966988015816	216.04669880158158	56	L	8
216.04669880158158	216.07669880158159	48	D	8
216.07669880158159	216.1266988015816	67	W	8
216.1266988015816	216.1666988015816	6	AH0	8
216.1666988015816	216.2866988015816	69	Z	8
216.2866988015816	216.32669880158159	53	JH	8
216.32669880158159	216.4966988015816	19	EH1	8
216.4966988015816	216.5266988015816	58	N	8
216.5266988015816	216.5566988015816	64	T	8
216.5566988015816	216.6266988015816	56	L	8
216.6266988015816	216.6566988015816	31	IY0	8
216.6566988015816	216.8066988015816	62	S	8
216.8066988015816	216.8966988015816	7	AH1	8
216.8966988015816	216.9466988015816	46	B	8
216.9466988015816	216.9966988015816	46	B	8
216.9966988015816	217.1066988015816	28	IH1	8
217.1066988015816	217.1766988015816	48	D	8
217.1766988015816	217.2166988015816	46	B	8
217.2166988015816	217.3466988015816	16	AY1	8
217.3466988015816	217.4266988015816	52	HH	8
217.4266988015816	217.4666988015816	28	IH1	8
217.4666988015816	217.5666988015816	69	Z	8
217.5666988015816	217.6566988015816	46	B	8
217.6566988015816	217.7366988015816	28	IH1	8
217.7366988015816	217.7766988015816	51	G	8
217.7766988015816	217.8366988015816	46	B	8
217.8366988015816	217.9266988015816	61	R	8
217.9266988015816	217.9566988015816	7	AH1	8
217.9566988015816	217.9866988015816	49	DH	8
217.9866988015816	218.0666988015816	21	ER0	8
227.3246875	227.45649874749427	32	IY1	9
227.45649874749427	227.50649874749425	66	V	9
227.50649874749425	227.55649874749426	6	AH0	9
227.55649874749426	227.62649874749425	58	N	9
227.62649874749425	227.72649874749425	6	AH0	9
227.72649874749425	227.84649874749425	62	S	9
227.84649874749425	227.88649874749424	28	IH1	9
227.88649874749424	227.95649874749427	57	M	9
227.95649874749427	228.00649874749425	60	P	9
228.00649874749425	228.03649874749425	6	AH0	9
228.03649874749425	228.09649874749425	56	L	9
228.09649874749425	228.15649874749425	66	V	9
228.15649874749425	228.20649874749427	34	OW0	9
228.20649874749427	228.24649874749426	54	K	9
228.24649874749426	228.27649874749426	4	AE1	9
228.27649874749426	228.30649874749426	46	B	9
228.30649874749426	228.33649874749426	68	Y	9
228.33649874749426	228.38649874749424	6	AH0	9
228.38649874749424	228.42649874749426	56	L	9
228.42649874749426	228.45649874749427	20	EH2	9
228.45649874749427	228.51649874749427	61	R	9
228.51649874749427	228.62649874749425	31	IY0	9
228.62649874749425	228.70649874749427	54	K	9
228.70649874749427	228.73649874749427	6	AH0	9
228.73649874749427	228.76649874749427	58	N	9
228.76649874749427	228.88649874749424	64	T	9
228.88649874749424	228.95649874749427	25	EY1	9
228.95649874749427	229.00649874749425	58	N	9
229.00649874749425	229.04649874749427	69	Z	9
229.04649874749427	229.13649874749424	62	S	9
229.13649874749424	229.16649874749424	28	IH1	9
229.16649874749424	229.25649874749425	57	M	9
229.25649874749425	229.28649874749425	46	B	9
229.28649874749425	229.31649874749425	6	AH0	9
229.31649874749425	229.40649874749425	56	L	9
229.40649874749425	229.56649874749425	69	Z	9
240.439875	240.539875	25	EY1	10
240.539875	240.619875	54	K	10
240.619875	240.649875	61	R	10
240.649875	240.789875	4	AE1	10
240.789875	240.819875	46	B	10
240.819875	240.909875	47	CH	10
240.909875	240.979875	4	AE1	10
240.979875	241.07987500000002	56	L	10
241.07987500000002	241.149875	6	AH0	10
241.149875	241.189875	53	JH	10
241.189875	241.219875	48	D	10
241.219875	241.259875	57	M	10
241.259875	241.409875	32	IY1	10
241.409875	241.529875	46	B	10
241.529875	241.619875	7	AH1	10
241.619875	241.649875	64	T	10
241.649875	241.859875	25	EY1	10
241.859875	241.969875	54	K	10
241.969875	241.999875	67	W	10
241.999875	242.099875	28	IH1	10
242.099875	242.139875	54	K	10
242.139875	242.499875	74	sp	10
242.499875	242.649875	62	S	10
242.649875	242.679875	64	T	10
242.679875	242.929875	4	AE1	10
242.929875	242.989875	46	B	10
242.989875	243.909875	74	sp	10
243.909875	243.949875	66	V	10
243.949875	244.059875	4	AE1	10
244.059875	244.099875	59	NG	10
244.099875	244.209875	54	K	10
244.209875	244.239875	67	W	10
244.239875	244.29987500000001	27	IH0	10
244.29987500000001	244.469875	63	SH	10
244.469875	244.529875	29	IH2	10
244.529875	244.599875	57	M	10
255.20921777278352	255.2492177727835	51	G	11
255.2492177727835	255.3292177727835	56	L	11
255.3292177727835	255.4192177727835	44	UW1	11
255.4192177727835	255.5392177727835	54	K	11
255.5392177727835	255.6592177727835	36	OW2	11
255.6592177727835	255.8092177727835	62	S	11
255.8092177727835	255.9092177727835	4	AE1	11
255.9092177727835	255.9492177727835	58	N	11
255.9492177727835	255.9792177727835	48	D	11
255.9792177727835	256.0392177727835	50	F	11
256.0392177727835	256.0792177727835	61	R	11
256.0792177727835	256.1592177727835	7	AH1	11
256.1592177727835	256.2292177727835	54	K	11
256.2292177727835	256.3292177727835	64	T	11
256.3292177727835	256.4492177727835	36	OW2	11
256.4492177727835	256.6292177727835	62	S	11
256.6292177727835	256.7592177727835	1	AA1	11
256.7592177727835	256.8692177727835	61	R	11
256.8692177727835	256.9892177727835	58	N	11
256.9892177727835	257.1092177727835	4	AE1	11
257.1092177727835	257.2492177727835	47	CH	11
257.2492177727835	257.2792177727835	21	ER0	11
257.2792177727835	257.31921777278353	6	AH0	11
257.31921777278353	257.3492177727835	56	L	11
257.3492177727835	257.4792177727835	63	SH	11
257.4792177727835	257.55921777278354	41	UH1	11
257.55921777278354	257.6192177727835	51	G	11
257.6192177727835	257.67921777278355	21	ER0	11
257.67921777278355	257.8292177727835	69	Z	11
257.8292177727835	257.88921777278347	50	F	11
257.88921777278347	257.9692177727835	13	AW1	11
257.9692177727835	257.9992177727835	58	N	11
257.9992177727835	258.0392177727835	48	D	11
258.0392177727835	258.0792177727835	6	AH0	11
258.0792177727835	258.1292177727835	58	N	11
258.1292177727835	258.2092177727835	50	F	11
258.2092177727835	258.3292177727835	61	R	11
258.3292177727835	258.3592177727835	44	UW1	11
258.3592177727835	258.38921777278347	64	T	11
266.1085625	266.19183852167527	21	ER0	12
266.19183852167527	266.2218385216753	68	Y	12
266.2218385216753	266.2839200175834	44	UW1	12
266.2839200175834	266.3236236064702	56	L	12
266.3236236064702	266.4918385216753	41	UH1	12
266.4918385216753	266.6118385216753	54	K	12
266.6118385216753	266.64183852167525	27	IH0	12
266.64183852167525	266.70183852167526	59	NG	12
266.70183852167526	266.8018385216753	50	F	12
266.8018385216753	266.8518385216753	10	AO1	12
266.8518385216753	267.00183852167527	61	R	12
267.00183852167527	267.03183852167524	6	AH0	12
267.03183852167524	267.06183852167527	57	M	12
267.06183852167527	267.1018385216753	60	P	12
267.1018385216753	267.14183852167525	56	L	12
267.14183852167525	267.2318385216753	38	OY1	12
267.2318385216753	267.26183852167526	57	M	12
267.26183852167526	267.3018385216753	6	AH0	12
267.3018385216753	267.33183852167525	58	N	12
267.33183852167525	267.3618385216753	64	T	12
277.4608125	277.54081249999996	54	K	13
277.54081249999996	277.66081249999996	1	AA1	13
277.66081249999996	277.7708125	50	F	13
277.7708125	277.8708125	31	IY0	13
277.8708125	277.9408125	28	IH1	13
277.9408125	278.0708125	69	Z	13
278.0708125	278.1208125	51	G	13
278.1208125	278.22081249999997	61	R	13
278.22081249999997	278.2608125	35	OW1	13
278.2608125	278.29081249999996	58	N	13
278.29081249999996	278.4208125	1	AA1	13
278.4208125	278.4508125	58	N	13
278.4508125	278.5808125	62	S	13
278.5808125	278.6108125	64	T	13
278.6108125	278.7608125	32	IY1	13
278.7608125	278.8008125	60	P	13
278.8008125	278.8808125	53	JH	13
278.8808125	278.9408125	7	AH1	13
278.9408125	279.0208125	59	NG	13
279.0208125	279.0508125	51	G	13
279.0508125	279.0808125	6	AH0	13
279.0808125	279.16081249999996	56	L	13
279.16081249999996	279.2008125	56	L	13
279.2008125	279.3108125	16	AY1	13
279.3108125	279.3608125	54	K	13
279.3608125	279.5108125	62	S	13
279.5108125	279.5508125	56	L	13
279.5508125	279.6408125	35	OW1	13
279.6408125	279.6808125	60	P	13
279.6808125	279.8108125	62	S	13
279.8108125	279.8608125	28	IH1	13
279.8608125	279.9808125	58	N	13
279.9808125	280.04081249999996	64	T	13
280.04081249999996	280.1208125	19	EH1	13
280.1208125	280.1508125	57	M	13
280.1508125	280.1908125	60	P	13
280.1908125	280.22081249999997	61	R	13
280.22081249999997	280.2608125	6	AH0	13
280.2608125	280.3708125	47	CH	13
280.3708125	280.4710370043929	21	ER0	13
280.4710370043929	280.5708125	69	Z	13
280.5708125	280.7308125	35	OW1	13
280.7308125	280.79081249999996	58	N	13
289.62249477422597	289.662494774226	67	W	14
289.662494774226	289.792494774226	32	IY1	14
289.792494774226	289.82249477422596	67	W	14
289.82249477422596	289.852494774226	19	EH1	14
289.852494774226	289.972494774226	56	L	14
289.972494774226	290.052494774226	54	K	14
290.052494774226	290.12249477422597	6	AH0	14
290.12249477422597	290.182494774226	57	M	14
290.182494774226	290.232494774226	57	M	14
290.232494774226	290.292494774226	19	EH1	14
290.292494774226	290.352494774226	58	N	14
290.352494774226	290.432494774226	31	IY0	14
290.432494774226	290.51249477422596	58	N	14
290.51249477422596	290.612494774226	68	Y	14
290.612494774226	290.662494774226	44	UW1	14
290.662494774226	290.81249477422597	62	S	14
290.81249477422597	290.842494774226	64	T	14
290.842494774226	290.89249477422595	44	UW1	14
290.89249477422595	290.922494774226	48	D	14
290.922494774226	290.992494774226	6	AH0	14
290.992494774226	291.02249477422595	58	N	14
291.02249477422595	291.052494774226	64	T	14
291.052494774226	291.152494774226	62	S	14
291.152494774226	291.27249477422595	32	IY1	14
291.27249477422595	291.39249477422595	47	CH	14
291.39249477422595	291.422494774226	68	Y	14
291.422494774226	291.58249477422595	28	IH1	14
291.58249477422595	291.612494774226	61	R	14
302.386625	302.4903859200587	35	OW1	15
302.4903859200587	302.53038592005873	58	N	15
302.53038592005873	302.6903859200587	56	L	15
302.6903859200587	302.72038592005873	31	IY0	15
302.72038592005873	302.7503859200587	49	DH	15
302.7503859200587	302.8503859200587	7	AH1	15
302.8503859200587	302.90038592005874	46	B	15
302.90038592005874	302.9903859200587	19	EH1	15
302.9903859200587	303.09038592005874	62	S	15
303.09038592005874	303.1203859200587	64	T	15
303.1203859200587	303.2003859200587	60	P	15
303.2003859200587	303.2303859200587	56	L	15
303.2303859200587	303.3503859200587	25	EY1	15
303.3503859200587	303.41038592005873	21	ER0	15
303.41038592005873	303.5203859200587	69	Z	15
303.5203859200587	303.5603859200587	6	AH0	15
303.5603859200587	303.6403859200587	58	N	15
303.6403859200587	303.7303859200587	53	JH	15
303.7303859200587	303.8603859200587	38	OY1	15
303.8603859200587	303.9903859200587	60	P	15
303.9903859200587	304.0803859200587	1	AA1	15
304.0803859200587	304.1403859200587	60	P	15
304.1403859200587	304.1703859200587	68	Y	15
304.1703859200587	304.2603859200587	6	AH0	15
304.2603859200587	304.2903859200587	56	L	15
304.2903859200587	304.4203859200587	21	ER0	15
304.4203859200587	305.7903859200587	74	sp	15
305.7903859200587	305.8603859200587	56	L	15
305.8603859200587	305.9603859200587	19	EH1	15
305.9603859200587	305.9903859200587	61	R	15
305.9903859200587	306.0403859200587	6	AH0	15
306.0403859200587	306.16038592005873	64	T	15
316.239375	316.3047895164149	54	K	16
316.3047895164149	316.35478951641494	4	AE1	16
316.35478951641494	316.41478951641494	56	L	16
316.41478951641494	316.5647895164149	62	S	16
316.5647895164149	316.63478951641497	31	IY0	16
316.63478951641497	316.67478951641493	6	AH0	16
316.67478951641493	316.7447895164149	57	M	16
316.7447895164149	316.78478951641495	57	M	16
316.78478951641495	316.91478951641494	25	EY1	16
316.91478951641494	316.94478951641497	54	K	16
316.94478951641497	316.9947895164149	62	S	16
316.9947895164149	317.11478951641493	46	B	16
317.11478951641493	317.27478951641496	35	OW1	16
317.27478951641496	317.3047895164149	58	N	16
317.3047895164149	317.42478951641493	69	Z	16
317.42478951641493	317.45478951641496	6	AH0	16
317.45478951641496	317.53478951641495	58	N	16
317.53478951641495	317.59478951641495	48	D	16
317.59478951641495	317.6247895164149	64	T	16
317.6247895164149	317.73478951641493	32	IY1	16
317.73478951641493	317.76478951641496	65	TH	16
317.76478951641496	317.83478951641496	62	S	16
317.83478951641496	317.86478951641493	64	T	16
317.86478951641493	317.9947895164149	61	R	16
317.9947895164149	318.02478951641496	10	AO1	16
318.02478951641496	318.09478951641495	59	NG	16
327.7149375	327.7749375	58	N	17
327.7749375	327.8549375	7	AH1	17
327.8549375	327.9649375	65	TH	17
327.9649375	328.0149375	27	IH0	17
328.0149375	328.14493749999997	59	NG	17
328.14493749999997	328.2449375	28	IH1	17
328.2449375	328.6249375	69	Z	17
328.6249375	328.8249375	74	sp	17
328.8249375	328.95493749999997	4	AE1	17
328.95493749999997	329.0949375	69	Z	17
329.0949375	329.2149375	6	AH0	17
329.2149375	329.2949375	50	F	17
329.2949375	329.39493749999997	19	EH1	17
329.39493749999997	329.4249375	58	N	17
329.4249375	329.5449375	62	S	17
329.5449375	329.6149375	27	IH0	17
329.6149375	329.64493749999997	66	V	17
329.64493749999997	329.7749375	4	AE1	17
329.7749375	329.9249375	69	Z	17
329.9249375	330.0149375	28	IH1	17
330.0149375	330.0749375	58	N	17
330.0749375	330.1349375	6	AH0	17
330.1349375	330.2649375	62	S	17
330.2649375	330.2949375	6	AH0	17
330.2949375	330.4249375	58	N	17
330.4249375	330.5749375	62	S	17
339.863	339.96299999999997	63	SH	18
339.96299999999997	340.113	32	IY1	18
340.113	340.193	67	W	18
340.193	340.29299999999995	10	AO1	18
340.29299999999995	340.35299999999995	61	R	18
340.35299999999995	340.513	25	EY1	18
340.513	340.59299999999996	46	B	18
340.59299999999996	340.643	61	R	18
340.643	340.77299999999997	16	AY1	18
340.77299999999997	340.813	64	T	18
340.813	340.933	61	R	18
340.933	341.073	19	EH1	18
341.073	341.183	48	D	18
341.183	341.703	74	sp	18
341.703	341.78299999999996	54	K	18
341.78299999999996	341.90299999999996	4	AE1	18
341.90299999999996	342.003	70	ZH	18
342.003	342.04299999999995	57	M	18
342.04299999999995	342.073	27	IH0	18
342.073	342.28299999999996	61	R	18
342.28299999999996	342.423	62	S	18
342.423	342.48299999999995	67	W	18
342.48299999999995	342.573	19	EH1	18
342.573	342.613	64	T	18
342.613	342.763	21	ER0	18
353.803	353.8414839585999	46	B	19
353.8414839585999	353.9114839585999	1	AA1	19
353.9114839585999	353.9514839585999	61	R	19
353.9514839585999	353.9814839585999	46	B	19
353.9814839585999	354.1214839585999	69	Z	19
354.1214839585999	354.1514839585999	51	G	19
354.1514839585999	354.2114839585999	35	OW1	19
354.2114839585999	354.2814839585999	56	L	19
354.2814839585999	354.3114839585999	48	D	19
354.3114839585999	354.3414839585999	46	B	19
354.3414839585999	354.4014839585999	61	R	19
354.4014839585999	354.49148395859993	25	EY1	19
354.49148395859993	354.6314839585999	62	S	19
354.6314839585999	354.67148395859994	56	L	19
354.67148395859994	354.7014839585999	6	AH0	19
354.7014839585999	354.7314839585999	64	T	19
354.7314839585999	354.8414839585999	67	W	19
354.8414839585999	354.9114839585999	7	AH1	19
354.9114839585999	355.0714839585999	69	Z	19
355.0714839585999	355.2114839585999	25	EY1	19
355.2114839585999	355.2514839585999	51	G	19
355.2514839585999	355.2814839585999	61	R	19
355.2814839585999	355.4014839585999	5	AE2	19
355.4014839585999	355.5114839585999	53	JH	19
355.5114839585999	355.5414839585999	43	UW0	19
355.5414839585999	355.6814839585999	25	EY1	19
355.6814839585999	355.7914839585999	63	SH	19
355.7914839585999	355.8214839585999	6	AH0	19
355.8214839585999	355.8814839585999	58	N	19
355.8814839585999	355.9314839585999	60	P	19
355.9314839585999	356.0014839585999	61	R	19
356.0014839585999	356.0314839585999	19	EH1	19
356.0314839585999	356.1314839585999	69	Z	19
356.1314839585999	356.1614839585999	6	AH0	19
356.1614839585999	356.1914839585999	58	N	19
356.1914839585999	356.2314839585999	64	T	19
379.676	379.75927602167525	21	ER0	12
379.75927602167525	379.7892760216753	68	Y	12
379.7892760216753	379.8513575175834	44	UW1	12
379.8513575175834	379.8910611064702	56	L	12
379.8910611064702	380.05927602167526	41	UH1	12
380.05927602167526	380.17927602167526	54	K	12
380.17927602167526	380.20927602167524	27	IH0	12
380.20927602167524	380.26927602167524	59	NG	12
380.26927602167524	380.36927602167526	50	F	12
380.36927602167526	380.4192760216753	10	AO1	12
380.4192760216753	380.56927602167525	61	R	12
380.56927602167525	380.5992760216752	6	AH0	12
380.5992760216752	380.62927602167525	57	M	12
380.62927602167525	380.6692760216753	60	P	12
380.6692760216753	380.70927602167524	56	L	12
380.70927602167524	380.79927602167527	38	OY1	12
380.79927602167527	380.82927602167524	57	M	12
380.82927602167524	380.86927602167526	6	AH0	12
380.86927602167526	380.89927602167523	58	N	12
380.89927602167523	380.92927602167526	64	T	12
389.71301130158156	389.7430113015816	49	DH	8
389.7430113015816	389.8130113015816	7	AH1	8
389.8130113015816	389.9130113015816	50	F	8
389.9130113015816	390.01301130158157	61	R	8
390.01301130158157	390.0430113015816	16	AY1	8
390.0430113015816	390.0730113015816	64	T	8
390.0730113015816	390.1730113015816	6	AH0	8
390.1730113015816	390.20301130158157	58	N	8
390.20301130158157	390.26301130158157	48	D	8
390.26301130158157	390.2930113015816	47	CH	8
390.2930113015816	390.4930113015816	16	AY1	8
390.4930113015816	390.5430113015816	56	L	8
390.5430113015816	390.5730113015816	48	D	8
390.5730113015816	390.6230113015816	67	W	8
390.6230113015816	390.6630113015816	6	AH0	8
390.6630113015816	390.7830113015816	69	Z	8
390.7830113015816	390.8230113015816	53	JH	8
390.8230113015816	390.9930113015816	19	EH1	8
390.9930113015816	391.0230113015816	58	N	8
391.0230113015816	391.0530113015816	64	T	8
391.0530113015816	391.1230113015816	56	L	8
391.1230113015816	391.1530113015816	31	IY0	8
391.1530113015816	391.3030113015816	62	S	8
391.3030113015816	391.3930113015816	7	AH1	8
391.3930113015816	391.4430113015816	46	B	8
391.4430113015816	391.4930113015816	46	B	8
391.4930113015816	391.60301130158155	28	IH1	8
391.60301130158155	391.6730113015816	48	D	8
391.6730113015816	391.71301130158156	46	B	8
391.71301130158156	391.84301130158156	16	AY1	8
391.84301130158156	391.9230113015816	52	HH	8
391.9230113015816	391.96301130158156	28	IH1	8
391.96301130158156	392.0630113015816	69	Z	8
392.0630113015816	392.1530113015816	46	B	8
392.1530113015816	392.2330113015816	28	IH1	8
392.2330113015816	392.2730113015816	51	G	8
392.2730113015816	392.33301130158156	46	B	8
392.33301130158156	392.4230113015816	61	R	8
392.4230113015816	392.45301130158157	7	AH1	8
392.45301130158157	392.4830113015816	49	DH	8
392.4830113015816	392.5630113015816	21	ER0	8
400.8816875	400.9816875	57	M	6
400.9816875	401.1116875	7	AH1	6
401.1116875	401.17738610064737	57	M	6
401.17738610064737	401.2716875	62	S	6
401.2716875	401.30168749999996	64	T	6
401.30168749999996	401.3516875	61	R	6
401.3516875	401.4016875	10	AO1	6
401.4016875	401.4416875	59	NG	6
401.4416875	401.7816875	56	L	6
401.7816875	401.8516875	31	IY0	6
401.8516875	402.2295312061477	74	sp	6
402.2295312061477	402.2516875	48	D	6
402.2516875	402.3116875	29	IH2	6
402.3116875	402.4616875	62	S	6
402.4616875	402.5116875	56	L	6
402.5116875	402.6416875	16	AY1	6
402.6416875	402.6916875	54	K	6
402.6916875	402.9616875	62	S	6
402.9616875	403.05168749999996	4	AE1	6
403.05168749999996	403.1516875	60	P	6
403.1516875	403.1916875	6	AH0	6
403.1916875	403.2816875	64	T	6
403.2816875	403.43168749999995	17	AY2	6
403.43168749999995	403.5016875	69	Z	6
403.5016875	403.5716875	21	ER0	6
403.5716875	403.80168749999996	69	Z	6
412.501875	412.5403589585999	46	B	19
412.5403589585999	412.6103589585999	1	AA1	19
412.6103589585999	412.6503589585999	61	R	19
412.6503589585999	412.68035895859987	46	B	19
412.68035895859987	412.8203589585999	69	Z	19
412.8203589585999	412.8503589585999	51	G	19
412.8503589585999	412.9103589585999	35	OW1	19
412.9103589585999	412.9803589585999	56	L	19
412.9803589585999	413.0103589585999	48	D	19
413.0103589585999	413.0403589585999	46	B	19
413.0403589585999	413.1003589585999	61	R	19
413.1003589585999	413.1903589585999	25	EY1	19
413.1903589585999	413.3303589585999	62	S	19
413.3303589585999	413.3703589585999	56	L	19
413.3703589585999	413.4003589585999	6	AH0	19
413.4003589585999	413.43035895859987	64	T	19
413.43035895859987	413.5403589585999	67	W	19
413.5403589585999	413.6103589585999	7	AH1	19
413.6103589585999	413.7703589585999	69	Z	19
413.7703589585999	413.9103589585999	25	EY1	19
413.9103589585999	413.9503589585999	51	G	19
413.9503589585999	413.9803589585999	61	R	19
413.9803589585999	414.1003589585999	5	AE2	19
414.1003589585999	414.2103589585999	53	JH	19
414.2103589585999	414.24035895859987	43	UW0	19
414.24035895859987	414.3803589585999	25	EY1	19
414.3803589585999	414.49035895859987	63	SH	19
414.49035895859987	414.5203589585999	6	AH0	19
414.5203589585999	414.5803589585999	58	N	19
414.5803589585999	414.6303589585999	60	P	19
414.6303589585999	414.7003589585999	61	R	19
414.7003589585999	414.7303589585999	19	EH1	19
414.7303589585999	414.8303589585999	69	Z	19
414.8303589585999	414.8603589585999	6	AH0	19
414.8603589585999	414.8903589585999	58	N	19
414.8903589585999	414.93035895859987	64	T	19
422.8541875	422.9541875	25	EY1	10
422.9541875	423.03418750000003	54	K	10
423.03418750000003	423.0641875	61	R	10
423.0641875	423.2041875	4	AE1	10
423.2041875	423.2341875	46	B	10
423.2341875	423.3241875	47	CH	10
423.3241875	423.39418750000004	4	AE1	10
423.39418750000004	423.49418750000007	56	L	10
423.49418750000007	423.5641875	6	AH0	10
423.5641875	423.6041875	53	JH	10
423.6041875	423.63418750000005	48	D	10
423.63418750000005	423.6741875	57	M	10
423.6741875	423.8241875	32	IY1	10
423.8241875	423.9441875	46	B	10
423.9441875	424.03418750000003	7	AH1	10
424.03418750000003	424.0641875	64	T	10
424.0641875	424.27418750000004	25	EY1	10
424.27418750000004	424.38418750000005	54	K	10
424.38418750000005	424.4141875	67	W	10
424.4141875	424.51418750000005	28	IH1	10
424.51418750000005	424.5541875	54	K	10
424.5541875	424.9141875	74	sp	10
424.9141875	425.0641875	62	S	10
425.0641875	425.09418750000003	64	T	10
425.09418750000003	425.34418750000003	4	AE1	10
425.34418750000003	425.40418750000003	46	B	10
425.40418750000003	426.3241875	74	sp	10
426.3241875	426.3641875	66	V	10
426.3641875	426.4741875	4	AE1	10
426.4741875	426.51418750000005	59	NG	10
426.51418750000005	426.62418750000006	54	K	10
426.62418750000006	426.65418750000003	67	W	10
426.65418750000003	426.71418750000004	27	IH0	10
426.71418750000004	426.88418750000005	63	SH	10
426.88418750000005	426.9441875	29	IH2	10
426.9441875	427.01418750000005	57	M	10
436.6566875	436.7221020164149	54	K	16
436.7221020164149	436.7721020164149	4	AE1	16
436.7721020164149	436.8321020164149	56	L	16
436.8321020164149	436.9821020164149	62	S	16
436.9821020164149	437.05210201641495	31	IY0	16
437.05210201641495	437.0921020164149	6	AH0	16
437.0921020164149	437.1621020164149	57	M	16
437.1621020164149	437.2021020164149	57	M	16
437.2021020164149	437.3321020164149	25	EY1	16
437.3321020164149	437.36210201641495	54	K	16
437.36210201641495	437.4121020164149	62	S	16
437.4121020164149	437.5321020164149	46	B	16
437.5321020164149	437.69210201641494	35	OW1	16
437.69210201641494	437.7221020164149	58	N	16
437.7221020164149	437.8421020164149	69	Z	16
437.8421020164149	437.87210201641494	6	AH0	16
437.87210201641494	437.9521020164149	58	N	16
437.9521020164149	438.01210201641493	48	D	16
438.01210201641493	438.0421020164149	64	T	16
438.0421020164149	438.1521020164149	32	IY1	16
438.1521020164149	438.18210201641494	65	TH	16
438.18210201641494	438.25210201641494	62	S	16
438.25210201641494	438.2821020164149	64	T	16
438.2821020164149	438.4121020164149	61	R	16
438.4121020164149	438.44210201641494	10	AO1	16
438.44210201641494	438.51210201641493	59	NG	16
446.9379375	446.97793749999994	49	DH	7
446.97793749999994	447.06793749999997	35	OW1	7
447.06793749999997	447.19793749999997	69	Z	7
447.19793749999997	447.2379375	52	HH	7
447.2379375	447.33793749999995	44	UW1	7
447.33793749999995	447.44793749999997	64	T	7
447.44793749999997	447.58793749999995	32	IY1	7
447.58793749999995	447.6479375	47	CH	7
447.6479375	447.6879375	66	V	7
447.6879375	447.84793749999994	4	AE1	7
447.84793749999994	447.88793749999996	56	L	7
447.88793749999996	447.9979375	68	Y	7
447.9979375	448.0279375	43	UW0	7
448.0279375	448.2379375	69	Z	7
448.2379375	448.31793749999997	50	F	7
448.31793749999997	448.4379375	22	ER1	7
448.4379375	448.5279375	62	S	7
448.5279375	448.5579375	64	T	7
448.5579375	448.6179375	6	AH0	7
448.6179375	448.7479375	62	S	7
448.7479375	448.8679375	1	AA1	7
448.8679375	448.9279375	46	B	7
448.9279375	448.96793749999995	56	L	7
448.96793749999995	449.0379375	29	IH2	7
449.0379375	449.1779375	63	SH	7
449.1779375	449.2379375	47	CH	7
449.2379375	449.3679375	32	IY1	7
449.3679375	449.3979375	64	T	7
449.3979375	449.4279375	27	IH0	7
449.4279375	449.4979375	59	NG	7
457.98856249999994	458.0785625	63	SH	1
458.0785625	458.1685625	32	IY1	1
458.1685625	458.27856249999996	67	W	1
458.27856249999996	458.34856249999996	10	AO1	1
458.34856249999996	458.47856249999995	61	R	1
458.47856249999995	458.5185625	67	W	1
458.5185625	458.61856249999994	10	AO1	1
458.61856249999994	458.72856249999995	61	R	1
458.72856249999995	458.77856249999996	57	M	1
458.77856249999996	458.86856249999994	50	F	1
458.86856249999994	458.9185625	56	L	1
458.9185625	459.02856249999996	32	IY1	1
459.02856249999996	459.1885625	62	S	1
459.1885625	459.2585625	31	IY0	1
459.2585625	459.34856249999996	67	W	1
459.34856249999996	459.4813838779454	41	UH1	1
459.4813838779454	459.5227417830358	56	L	1
459.5227417830358	459.54424789368284	6	AH0	1
459.54424789368284	459.5872601149769	58	N	1
459.5872601149769	459.73856249999994	35	OW1	1
459.73856249999994	459.8085625	66	V	1
459.8085625	459.8885625	21	ER0	1
459.8885625	459.9185625	11	AO2	1
459.9185625	460.0485625	56	L	1
460.0485625	460.1985625	69	Z	1
469.615125	469.7188859200587	35	OW1	15
469.7188859200587	469.75888592005873	58	N	15
469.75888592005873	469.9188859200587	56	L	15
469.9188859200587	469.94888592005873	31	IY0	15
469.94888592005873	469.9788859200587	49	DH	15
469.9788859200587	470.0788859200587	7	AH1	15
470.0788859200587	470.12888592005874	46	B	15
470.12888592005874	470.2188859200587	19	EH1	15
470.2188859200587	470.31888592005873	62	S	15
470.31888592005873	470.3488859200587	64	T	15
470.3488859200587	470.4288859200587	60	P	15
470.4288859200587	470.4588859200587	56	L	15
470.4588859200587	470.5788859200587	25	EY1	15
470.5788859200587	470.6388859200587	21	ER0	15
470.6388859200587	470.7488859200587	69	Z	15
470.7488859200587	470.7888859200587	6	AH0	15
470.7888859200587	470.8688859200587	58	N	15
470.8688859200587	470.9588859200587	53	JH	15
470.9588859200587	471.0888859200587	38	OY1	15
471.0888859200587	471.2188859200587	60	P	15
471.2188859200587	471.3088859200587	1	AA1	15
471.3088859200587	471.3688859200587	60	P	15
471.3688859200587	471.3988859200587	68	Y	15
471.3988859200587	471.4888859200587	6	AH0	15
471.4888859200587	471.5188859200587	56	L	15
471.5188859200587	471.6488859200587	21	ER0	15
471.6488859200587	473.0188859200587	74	sp	15
473.0188859200587	473.0888859200587	56	L	15
473.0888859200587	473.1888859200587	19	EH1	15
473.1888859200587	473.2188859200587	61	R	15
473.2188859200587	473.2688859200587	6	AH0	15
473.2688859200587	473.3888859200587	64	T	15
482.32425	482.4560612474943	32	IY1	9
482.4560612474943	482.50606124749424	66	V	9
482.50606124749424	482.55606124749426	6	AH0	9
482.55606124749426	482.62606124749425	58	N	9
482.62606124749425	482.7260612474943	6	AH0	9
482.7260612474943	482.8460612474943	62	S	9
482.8460612474943	482.88606124749424	28	IH1	9
482.88606124749424	482.9560612474943	57	M	9
482.9560612474943	483.00606124749424	60	P	9
483.00606124749424	483.0360612474942	6	AH0	9
483.0360612474942	483.0960612474943	56	L	9
483.0960612474943	483.1560612474942	66	V	9
483.1560612474942	483.2060612474943	34	OW0	9
483.2060612474943	483.24606124749425	54	K	9
483.24606124749425	483.2760612474942	4	AE1	9
483.2760612474942	483.30606124749426	46	B	9
483.30606124749426	483.3360612474943	68	Y	9
483.3360612474943	483.38606124749424	6	AH0	9
483.38606124749424	483.42606124749426	56	L	9
483.42606124749426	483.4560612474943	20	EH2	9
483.4560612474943	483.51606124749424	61	R	9
483.51606124749424	483.62606124749425	31	IY0	9
483.62606124749425	483.7060612474943	54	K	9
483.7060612474943	483.73606124749426	6	AH0	9
483.73606124749426	483.76606124749424	58	N	9
483.76606124749424	483.88606124749424	64	T	9
483.88606124749424	483.9560612474943	25	EY1	9
483.9560612474943	484.00606124749424	58	N	9
484.00606124749424	484.04606124749426	69	Z	9
484.04606124749426	484.13606124749424	62	S	9
484.13606124749424	484.1660612474942	28	IH1	9
484.1660612474942	484.25606124749424	57	M	9
484.25606124749424	484.2860612474942	46	B	9
484.2860612474942	484.31606124749425	6	AH0	9
484.31606124749425	484.4060612474942	56	L	9
484.4060612474942	484.56606124749425	69	Z	9
493.637875	493.77311165511577	32	IY1	3
493.77311165511577	493.8031116551158	66	V	3
493.8031116551158	493.8731116551158	6	AH0	3
493.8731116551158	493.9431116551158	58	N	3
493.9431116551158	494.06468858053313	16	AY1	3
494.06468858053313	494.1831116551158	6	AH0	3
494.1831116551158	494.2931116551158	54	K	3
494.2931116551158	494.36311165511574	25	EY1	3
494.36311165511574	494.47311165511576	70	ZH	3
494.47311165511576	494.52311165511577	6	AH0	3
494.52311165511577	494.5531116551158	58	N	3
494.5531116551158	494.5831116551158	56	L	3
494.5831116551158	494.6831116551158	31	IY0	3
494.6831116551158	494.74311165511574	51	G	3
494.74311165511574	494.8131116551158	28	IH1	3
494.8131116551158	494.8731116551158	64	T	3
494.8731116551158	494.9331116551158	49	DH	3
494.9331116551158	494.97311165511576	7	AH1	3
494.97311165511576	495.0731116551158	57	M	3
495.0731116551158	495.1231116551158	7	AH1	3
495.1231116551158	495.1731116551158	58	N	3
495.1731116551158	495.2031116551158	48	D	3
495.2031116551158	495.27311165511577	31	IY0	3
495.27311165511577	495.36311165511574	46	B	3
495.36311165511574	495.4531116551158	56	L	3
495.4531116551158	495.48311165511575	44	UW1	3
495.48311165511575	495.65311165511577	69	Z	3
512.95475	513.04475	61	R	2
513.04475	513.08475	32	IY1	2
513.08475	513.11475	48	D	2
513.11475	513.1447499999999	27	IH0	2
513.1447499999999	513.22475	59	NG	2
513.22475	513.28475	28	IH1	2
513.28475	513.35475	58	N	2
513.35475	513.46475	60	P	2
513.46475	513.49475	41	UH1	2
513.49475	513.58475	61	R	2
513.58475	513.61475	56	L	2
513.61475	513.72475	16	AY1	2
513.72475	513.81475	64	T	2
513.81475	513.85475	51	G	2
513.85475	513.93475	28	IH1	2
513.93475	513.96475	66	V	2
513.96475	514.08475	69	Z	2
514.08475	514.16475	68	Y	2
514.16475	514.21475	44	UW1	2
514.21475	514.43475	16	AY1	2
514.43475	514.55475	62	S	2
514.55475	514.58475	64	T	2
514.58475	514.61475	61	R	2
514.61475	514.66475	26	EY2	2
514.66475	514.79475	58	N	2
523.7128125	523.7728125000001	58	N	17
523.7728125000001	523.8528125	7	AH1	17
523.8528125	523.9628125	65	TH	17
523.9628125	524.0128125	27	IH0	17
524.0128125	524.1428125	59	NG	17
524.1428125	524.2428125	28	IH1	17
524.2428125	524.6228125	69	Z	17
524.6228125	524.8228125	74	sp	17
524.8228125	524.9528124999999	4	AE1	17
524.9528124999999	525.0928125	69	Z	17
525.0928125	525.2128125	6	AH0	17
525.2128125	525.2928125000001	50	F	17
525.2928125000001	525.3928125	19	EH1	17
525.3928125	525.4228125	58	N	17
525.4228125	525.5428125000001	62	S	17
525.5428125000001	525.6128125	27	IH0	17
525.6128125	525.6428125	66	V	17
525.6428125	525.7728125000001	4	AE1	17
525.7728125000001	525.9228125	69	Z	17
525.9228125	526.0128125	28	IH1	17
526.0128125	526.0728125	58	N	17
526.0728125	526.1328125	6	AH0	17
526.1328125	526.2628125	62	S	17
526.2628125	526.2928125000001	6	AH0	17
526.2928125000001	526.4228125	58	N	17
526.4228125	526.5728125	62	S	17
534.1640625	534.2302351481447	67	W	4
534.2302351481447	534.2726725729647	32	IY1	4
534.2726725729647	534.4026725729647	35	OW1	4
534.4026725729647	534.4726725729646	60	P	4
534.4726725729646	534.5126725729647	6	AH0	4
534.5126725729647	534.6226725729646	58	N	4
534.6226725729646	534.7226725729646	19	EH1	4
534.7226725729646	534.7526725729647	66	V	4
534.7526725729647	534.7926725729646	61	R	4
534.7926725729646	534.8626725729646	31	IY0	4
534.8626725729646	534.9626725729646	57	M	4
534.9626725729646	535.0226725729647	7	AH1	4
535.0226725729647	535.0926725729646	58	N	4
535.0926725729646	535.1226725729646	48	D	4
535.1226725729646	535.1726725729646	31	IY0	4
535.1726725729646	535.3626725729646	32	IY1	4
535.3626725729646	535.3926725729646	66	V	4
535.3926725729646	535.4726725729646	58	N	4
535.4726725729646	535.5026725729647	27	IH0	4
535.5026725729647	535.6326725729646	59	NG	4
544.754125	544.8541250000001	63	SH	18
544.8541250000001	545.004125	32	IY1	18
545.004125	545.0841250000001	67	W	18
545.0841250000001	545.184125	10	AO1	18
545.184125	545.2441249999999	61	R	18
545.2441249999999	545.404125	25	EY1	18
545.404125	545.484125	46	B	18
545.484125	545.534125	61	R	18
545.534125	545.664125	16	AY1	18
545.664125	545.704125	64	T	18
545.704125	545.8241250000001	61	R	18
545.8241250000001	545.964125	19	EH1	18
545.964125	546.0741250000001	48	D	18
546.0741250000001	546.5941250000001	74	sp	18
546.5941250000001	546.674125	54	K	18
546.674125	546.794125	4	AE1	18
546.794125	546.894125	70	ZH	18
546.894125	546.934125	57	M	18
546.934125	546.964125	27	IH0	18
546.964125	547.174125	61	R	18
547.174125	547.3141250000001	62	S	18
547.3141250000001	547.374125	67	W	18
547.374125	547.464125	19	EH1	18
547.464125	547.504125	64	T	18
547.504125	547.654125	21	ER0	18
555.8011875	555.8611875	28	IH1	5
555.8611875	555.8911875	64	T	5
555.8911875	556.0011875	62	S	5
556.0011875	556.0311875	58	N	5
556.0311875	556.1711875	1	AA1	5
556.1711875	556.2011875000001	64	T	5
556.2011875000001	556.3511874999999	32	IY1	5
556.3511874999999	556.4411875	69	Z	5
556.4411875	556.5211875	31	IY0	5
556.5211875	556.6511875	64	T	5
556.6511875	556.7311875	6	AH0	5
556.7311875	556.8111875	54	K	5
556.8111875	556.9511875000001	61	R	5
556.9511875000001	557.0111875	31	IY0	5
557.0111875	557.1811875	25	EY1	5
557.1811875	557.2211875	64	T	5
557.2211875	557.2911875	29	IH2	5
557.2911875	557.3911875	56	L	5
557.3911875	557.6111875	44	UW1	5
557.6111875	558.8753361981712	74	sp	5
558.8753361981712	558.9511875000001	29	IH2	5
558.9511875000001	558.9811875	56	L	5
558.9811875	559.0211875	44	UW1	5
559.0211875	559.0511875	57	M	5
559.0511875	559.0911874999999	6	AH0	5
559.0911874999999	559.1711875	58	N	5
559.1711875	559.2911875	26	EY2	5
559.2911875	559.3211875	64	T	5
559.3211875	559.3711875	27	IH0	5
559.3711875	559.4411875	59	NG	5
559.4411875	559.5811874999999	27	IH0	5
559.5811874999999	559.6111875	51	G	5
559.6111875	559.7011875000001	69	Z	5
559.7011875000001	559.8011875	4	AE1	5
559.8011875	559.8511874999999	57	M	5
559.8511874999999	559.9411875	60	P	5
559.9411875	559.9711875	6	AH0	5
559.9711875	560.0711875	56	L	5
560.0711875	560.1911875	69	Z	5
568.236619774226	568.276619774226	67	W	14
568.276619774226	568.406619774226	32	IY1	14
568.406619774226	568.436619774226	67	W	14
568.436619774226	568.466619774226	19	EH1	14
568.466619774226	568.5866197742259	56	L	14
568.5866197742259	568.666619774226	54	K	14
568.666619774226	568.736619774226	6	AH0	14
568.736619774226	568.796619774226	57	M	14
568.796619774226	568.8466197742259	57	M	14
568.8466197742259	568.906619774226	19	EH1	14
568.906619774226	568.966619774226	58	N	14
568.966619774226	569.046619774226	31	IY0	14
569.046619774226	569.1266197742259	58	N	14
569.1266197742259	569.226619774226	68	Y	14
569.226619774226	569.276619774226	44	UW1	14
569.276619774226	569.426619774226	62	S	14
569.426619774226	569.456619774226	64	T	14
569.456619774226	569.506619774226	44	UW1	14
569.506619774226	569.536619774226	48	D	14
569.536619774226	569.6066197742259	6	AH0	14
569.6066197742259	569.6366197742259	58	N	14
569.6366197742259	569.666619774226	64	T	14
569.666619774226	569.766619774226	62	S	14
569.766619774226	569.8866197742259	32	IY1	14
569.8866197742259	570.006619774226	47	CH	14
570.006619774226	570.036619774226	68	Y	14
570.036619774226	570.196619774226	28	IH1	14
570.196619774226	570.226619774226	61	R	14
579.5200302727835	579.5600302727835	51	G	11
579.5600302727835	579.6400302727834	56	L	11
579.6400302727834	579.7300302727834	44	UW1	11
579.7300302727834	579.8500302727834	54	K	11
579.8500302727834	579.9700302727834	36	OW2	11
579.9700302727834	580.1200302727834	62	S	11
580.1200302727834	580.2200302727834	4	AE1	11
580.2200302727834	580.2600302727834	58	N	11
580.2600302727834	580.2900302727835	48	D	11
580.2900302727835	580.3500302727834	50	F	11
580.3500302727834	580.3900302727834	61	R	11
580.3900302727834	580.4700302727834	7	AH1	11
580.4700302727834	580.5400302727835	54	K	11
580.5400302727835	580.6400302727834	64	T	11
580.6400302727834	580.7600302727834	36	OW2	11
580.7600302727834	580.9400302727835	62	S	11
580.9400302727835	581.0700302727835	1	AA1	11
581.0700302727835	581.1800302727835	61	R	11
581.1800302727835	581.3000302727835	58	N	11
581.3000302727835	581.4200302727834	4	AE1	11
581.4200302727834	581.5600302727835	47	CH	11
581.5600302727835	581.5900302727835	21	ER0	11
581.5900302727835	581.6300302727834	6	AH0	11
581.6300302727834	581.6600302727834	56	L	11
581.6600302727834	581.7900302727835	63	SH	11
581.7900302727835	581.8700302727834	41	UH1	11
581.8700302727834	581.9300302727835	51	G	11
581.9300302727835	581.9900302727834	21	ER0	11
581.9900302727834	582.1400302727834	69	Z	11
582.1400302727834	582.2000302727835	50	F	11
582.2000302727835	582.2800302727835	13	AW1	11
582.2800302727835	582.3100302727835	58	N	11
582.3100302727835	582.3500302727834	48	D	11
582.3500302727834	582.3900302727834	6	AH0	11
582.3900302727834	582.4400302727835	58	N	11
582.4400302727835	582.5200302727835	50	F	11
582.5200302727835	582.6400302727834	61	R	11
582.6400302727834	582.6700302727834	44	UW1	11
582.6700302727834	582.7000302727835	64	T	11
592.1818125	592.2618124999999	54	K	13
592.2618124999999	592.3818125	1	AA1	13
592.3818125	592.4918124999999	50	F	13
592.4918124999999	592.5918125000001	31	IY0	13
592.5918125000001	592.6618125	28	IH1	13
592.6618125	592.7918125	69	Z	13
592.7918125	592.8418125000001	51	G	13
592.8418125000001	592.9418125	61	R	13
592.9418125	592.9818124999999	35	OW1	13
592.9818124999999	593.0118124999999	58	N	13
593.0118124999999	593.1418125	1	AA1	13
593.1418125	593.1718125	58	N	13
593.1718125	593.3018125	62	S	13
593.3018125	593.3318125000001	64	T	13
593.3318125000001	593.4818124999999	32	IY1	13
593.4818124999999	593.5218125	60	P	13
593.5218125	593.6018125	53	JH	13
593.6018125	593.6618125	7	AH1	13
593.6618125	593.7418124999999	59	NG	13
593.7418124999999	593.7718125	51	G	13
593.7718125	593.8018125	6	AH0	13
593.8018125	593.8818125	56	L	13
593.8818125	593.9218125	56	L	13
593.9218125	594.0318125	16	AY1	13
594.0318125	594.0818125000001	54	K	13
594.0818125000001	594.2318124999999	62	S	13
594.2318124999999	594.2718125	56	L	13
594.2718125	594.3618125	35	OW1	13
594.3618125	594.4018125	60	P	13
594.4018125	594.5318125	62	S	13
594.5318125	594.5818125000001	28	IH1	13
594.5818125000001	594.7018125	58	N	13
594.7018125	594.7618124999999	64	T	13
594.7618124999999	594.8418125000001	19	EH1	13
594.8418125000001	594.8718125	57	M	13
594.8718125	594.9118125	60	P	13
594.9118125	594.9418125	61	R	13
594.9418125	594.9818124999999	6	AH0	13
594.9818124999999	595.0918125000001	47	CH	13
595.0918125000001	595.1920370043929	21	ER0	13
595.1920370043929	595.2918125	69	Z	13
595.2918125	595.4518125	35	OW1	13
595.4518125	595.5118124999999	58	N	13
