123.22874632798667	123.28995602752049	1	AA1	0
123.28995602752049	123.32800530020369	61	R	0
123.32800530020369	123.4371901696424	68	Y	0
123.4371901696424	123.46696786130751	10	AO1	0
123.46696786130751	123.50504294481968	61	R	0
123.50504294481968	123.5580222337067	51	G	0
123.5580222337067	123.60929917429029	61	R	0
123.60929917429029	123.67464466433314	25	EY1	0
123.67464466433314	123.71434825321995	48	D	0
123.71434825321995	123.822	69	Z	0
123.822	123.862	52	HH	0
123.862	124.002	16	AY1	0
124.002	124.13870039927158	21	ER0	0
124.13870039927158	124.234654079052	21	ER0	0
124.234654079052	124.312406940622	56	L	0
124.312406940622	124.40173333567603	35	OW1	0
124.40173333567603	124.45963440280262	21	ER0	0
124.45963440280262	124.54069589677985	49	DH	0
124.54069589677985	124.60521422872091	6	AH0	0
124.60521422872091	124.65991688247163	58	N	0
124.65991688247163	124.71285500098737	58	N	0
124.71285500098737	124.78068196533567	4	AE1	0
124.78068196533567	124.81376828940802	58	N	0
124.81376828940802	124.93784200467928	62	S	0
124.93784200467928	125.09334772781928	31	IY0	0
125.09334772781928	125.21411281068332	69	Z	0
130.602	130.692	63	SH	1
130.692	130.782	32	IY1	1
130.782	130.892	67	W	1
130.892	130.962	10	AO1	1
130.962	131.092	61	R	1
131.092	131.132	67	W	1
131.132	131.232	10	AO1	1
131.232	131.342	61	R	1
131.342	131.392	57	M	1
131.392	131.482	50	F	1
131.482	131.532	56	L	1
131.532	131.642	32	IY1	1
131.642	131.802	62	S	1
131.802	131.872	31	IY0	1
131.872	131.962	67	W	1
131.962	132.09482137794544	41	UH1	1
132.09482137794544	132.13617928303586	56	L	1
132.13617928303586	132.1576853936829	6	AH0	1
132.1576853936829	132.20069761497695	58	N	1
132.20069761497695	132.352	35	OW1	1
132.352	132.422	66	V	1
132.422	132.502	21	ER0	1
132.502	132.532	11	AO2	1
132.532	132.662	56	L	1
132.662	132.812	69	Z	1
141.822	141.912	61	R	2
141.912	141.952	32	IY1	2
141.952	141.982	48	D	2
141.982	142.012	27	IH0	2
142.012	142.092	59	NG	2
142.092	142.152	28	IH1	2
142.152	142.222	58	N	2
142.222	142.332	60	P	2
142.332	142.362	41	UH1	2
142.362	142.452	61	R	2
142.452	142.482	56	L	2
142.482	142.592	16	AY1	2
142.592	142.682	64	T	2
142.682	142.722	51	G	2
142.722	142.802	28	IH1	2
142.802	142.832	66	V	2
142.832	142.952	69	Z	2
142.952	143.032	68	Y	2
143.032	143.082	44	UW1	2
143.082	143.302	16	AY1	2
143.302	143.422	62	S	2
143.422	143.452	64	T	2
143.452	143.482	61	R	2
143.482	143.532	26	EY2	2
143.532	143.662	58	N	2
143.662	144.142	73	ns	2
151.602	151.6367633448842	74	sp	3
151.6367633448842	151.772	32	IY1	3
151.772	151.802	66	V	3
151.802	151.872	6	AH0	3
151.872	151.942	58	N	3
151.942	152.06357692541738	16	AY1	3
152.06357692541738	152.182	6	AH0	3
152.182	152.292	54	K	3
152.292	152.362	25	EY1	3
152.362	152.472	70	ZH	3
152.472	152.522	6	AH0	3
152.522	152.552	58	N	3
152.552	152.582	56	L	3
152.582	152.682	31	IY0	3
152.682	152.742	51	G	3
152.742	152.812	28	IH1	3
152.812	152.872	64	T	3
152.872	152.932	49	DH	3
152.932	152.972	7	AH1	3
152.972	153.072	57	M	3
153.072	153.122	7	AH1	3
153.122	153.172	58	N	3
153.172	153.202	48	D	3
153.202	153.272	31	IY0	3
153.272	153.362	46	B	3
153.362	153.452	56	L	3
153.452	153.482	44	UW1	3
153.482	153.652	69	Z	3
161.5433899270354	161.6095625751801	67	W	4
161.6095625751801	161.652	32	IY1	4
161.652	161.782	35	OW1	4
161.782	161.852	60	P	4
161.852	161.892	6	AH0	4
161.892	162.002	58	N	4
162.002	162.102	19	EH1	4
162.102	162.132	66	V	4
162.132	162.172	61	R	4
162.172	162.242	31	IY0	4
162.242	162.342	57	M	4
162.342	162.402	7	AH1	4
162.402	162.472	58	N	4
162.472	162.502	48	D	4
162.502	162.552	31	IY0	4
162.552	162.742	32	IY1	4
162.742	162.772	66	V	4
162.772	162.852	58	N	4
162.852	162.882	27	IH0	4
162.882	163.012	59	NG	4
170.472	170.532	28	IH1	5
170.532	170.562	64	T	5
170.562	170.672	62	S	5
170.672	170.702	58	N	5
170.702	170.842	1	AA1	5
170.842	170.872	64	T	5
170.872	171.022	32	IY1	5
171.022	171.112	69	Z	5
171.112	171.192	31	IY0	5
171.192	171.322	64	T	5
171.322	171.402	6	AH0	5
171.402	171.482	54	K	5
171.482	171.622	61	R	5
171.622	171.682	31	IY0	5
171.682	171.852	25	EY1	5
171.852	171.892	64	T	5
171.892	171.962	29	IH2	5
171.962	172.062	56	L	5
172.062	172.282	44	UW1	5
172.282	173.5461486981713	74	sp	5
173.5461486981713	173.622	29	IH2	5
173.622	173.652	56	L	5
173.652	173.692	44	UW1	5
173.692	173.722	57	M	5
173.722	173.762	6	AH0	5
173.762	173.842	58	N	5
173.842	173.962	26	EY2	5
173.962	173.992	64	T	5
173.992	174.042	27	IH0	5
174.042	174.112	59	NG	5
174.112	174.252	27	IH0	5
174.252	174.282	51	G	5
174.282	174.372	69	Z	5
174.372	174.472	4	AE1	5
174.472	174.522	57	M	5
174.522	174.612	60	P	5
174.612	174.642	6	AH0	5
174.642	174.742	56	L	5
174.742	174.862	69	Z	5
186.102	186.202	57	M	6
186.202	186.332	7	AH1	6
186.332	186.39769860064735	57	M	6
186.39769860064735	186.492	62	S	6
186.492	186.522	64	T	6
186.522	186.572	61	R	6
186.572	186.622	10	AO1	6
186.622	186.662	59	NG	6
186.662	187.002	56	L	6
187.002	187.072	31	IY0	6
187.072	187.44984370614773	74	sp	6
187.44984370614773	187.472	48	D	6
187.472	187.532	29	IH2	6
187.532	187.682	62	S	6
187.682	187.732	56	L	6
187.732	187.862	16	AY1	6
187.862	187.912	54	K	6
187.912	188.182	62	S	6
188.182	188.272	4	AE1	6
188.272	188.372	60	P	6
188.372	188.412	6	AH0	6
188.412	188.502	64	T	6
188.502	188.652	17	AY2	6
188.652	188.722	69	Z	6
188.722	188.792	21	ER0	6
188.792	189.022	69	Z	6
197.952	197.992	49	DH	7
197.992	198.082	35	OW1	7
198.082	198.212	69	Z	7
198.212	198.252	52	HH	7
198.252	198.352	44	UW1	7
198.352	198.462	64	T	7
198.462	198.602	32	IY1	7
198.602	198.662	47	CH	7
198.662	198.702	66	V	7
198.702	198.862	4	AE1	7
198.862	198.902	56	L	7
198.902	199.012	68	Y	7
199.012	199.042	43	UW0	7
199.042	199.252	69	Z	7
199.252	199.332	50	F	7
199.332	199.452	22	ER1	7
199.452	199.542	62	S	7
199.542	199.572	64	T	7
199.572	199.632	6	AH0	7
199.632	199.762	62	S	7
199.762	199.882	1	AA1	7
199.882	199.942	46	B	7
199.942	199.982	56	L	7
199.982	200.052	29	IH2	7
200.052	200.192	63	SH	7
200.192	200.252	47	CH	7
200.252	200.382	32	IY1	7
200.382	200.412	64	T	7
200.412	200.442	27	IH0	7
200.442	200.512	59	NG	7
209.352	209.382	49	DH	8
209.382	209.452	7	AH1	8
209.452	209.552	50	F	8
209.552	209.652	61	R	8
209.652	209.682	16	AY1	8
209.682	209.712	64	T	8
209.712	209.812	6	AH0	8
209.812	209.842	58	N	8
209.842	209.902	48	D	8
209.902	209.932	47	CH	8
209.932	210.132	16	AY1	8
210.132	210.182	56	L	8
210.182	210.212	48	D	8
210.212	210.262	67	W	8
210.262	210.302	6	AH0	8
210.302	210.422	69	Z	8
210.422	210.462	53	JH	8
210.462	210.632	19	EH1	8
210.632	210.662	58	N	8
210.662	210.692	64	T	8
210.692	210.762	56	L	8
210.762	210.792	31	IY0	8
210.792	210.942	62	S	8
210.942	211.032	7	AH1	8
211.032	211.082	46	B	8
211.082	211.132	46	B	8
211.132	211.242	28	IH1	8
211.242	211.312	48	D	8
211.312	211.352	46	B	8
211.352	211.482	16	AY1	8
211.482	211.562	52	HH	8
211.562	211.602	28	IH1	8
211.602	211.702	69	Z	8
211.702	211.792	46	B	8
211.792	211.872	28	IH1	8
211.872	211.912	51	G	8
211.912	211.972	46	B	8
211.972	212.062	61	R	8
212.062	212.092	7	AH1	8
212.092	212.122	49	DH	8
212.122	212.202	21	ER0	8
221.84018875250575	221.972	32	IY1	9
221.972	222.022	66	V	9
222.022	222.072	6	AH0	9
222.072	222.142	58	N	9
222.142	222.242	6	AH0	9
222.242	222.362	62	S	9
222.362	222.402	28	IH1	9
222.402	222.472	57	M	9
222.472	222.522	60	P	9
222.522	222.552	6	AH0	9
222.552	222.612	56	L	9
222.612	222.672	66	V	9
222.672	222.722	34	OW0	9
222.722	222.762	54	K	9
222.762	222.792	4	AE1	9
222.792	222.822	46	B	9
222.822	222.852	68	Y	9
222.852	222.902	6	AH0	9
222.902	222.942	56	L	9
222.942	222.972	20	EH2	9
222.972	223.032	61	R	9
223.032	223.142	31	IY0	9
223.142	223.222	54	K	9
223.222	223.252	6	AH0	9
223.252	223.282	58	N	9
223.282	223.402	64	T	9
223.402	223.472	25	EY1	9
223.472	223.522	58	N	9
223.522	223.562	69	Z	9
223.562	223.652	62	S	9
223.652	223.682	28	IH1	9
223.682	223.772	57	M	9
223.772	223.802	46	B	9
223.802	223.832	6	AH0	9
223.832	223.922	56	L	9
223.922	224.082	69	Z	9
232.982	233.082	25	EY1	10
233.082	233.162	54	K	10
233.162	233.192	61	R	10
233.192	233.332	4	AE1	10
233.332	233.362	46	B	10
233.362	233.452	47	CH	10
233.452	233.522	4	AE1	10
233.522	233.622	56	L	10
233.622	233.692	6	AH0	10
233.692	233.732	53	JH	10
233.732	233.762	48	D	10
233.762	233.802	57	M	10
233.802	233.952	32	IY1	10
233.952	234.072	46	B	10
234.072	234.162	7	AH1	10
234.162	234.192	64	T	10
234.192	234.402	25	EY1	10
234.402	234.512	54	K	10
234.512	234.542	67	W	10
234.542	234.642	28	IH1	10
234.642	234.682	54	K	10
234.682	235.042	74	sp	10
235.042	235.192	62	S	10
235.192	235.222	64	T	10
235.222	235.472	4	AE1	10
235.472	235.532	46	B	10
235.532	236.452	74	sp	10
236.452	236.492	66	V	10
236.492	236.602	4	AE1	10
236.602	236.642	59	NG	10
236.642	236.752	54	K	10
236.752	236.782	67	W	10
236.782	236.842	27	IH0	10
236.842	237.012	63	SH	10
237.012	237.072	29	IH2	10
237.072	237.142	57	M	10
248.622	248.662	51	G	11
248.662	248.742	56	L	11
248.742	248.832	44	UW1	11
248.832	248.952	54	K	11
248.952	249.072	36	OW2	11
249.072	249.222	62	S	11
249.222	249.322	4	AE1	11
249.322	249.362	58	N	11
249.362	249.392	48	D	11
249.392	249.452	50	F	11
249.452	249.492	61	R	11
249.492	249.572	7	AH1	11
249.572	249.642	54	K	11
249.642	249.742	64	T	11
249.742	249.862	36	OW2	11
249.862	250.042	62	S	11
250.042	250.172	1	AA1	11
250.172	250.282	61	R	11
250.282	250.402	58	N	11
250.402	250.522	4	AE1	11
250.522	250.662	47	CH	11
250.662	250.692	21	ER0	11
250.692	250.732	6	AH0	11
250.732	250.762	56	L	11
250.762	250.892	63	SH	11
250.892	250.972	41	UH1	11
250.972	251.032	51	G	11
251.032	251.092	21	ER0	11
251.092	251.242	69	Z	11
251.242	251.302	50	F	11
251.302	251.382	13	AW1	11
251.382	251.412	58	N	11
251.412	251.452	48	D	11
251.452	251.492	6	AH0	11
251.492	251.542	58	N	11
251.542	251.622	50	F	11
251.622	251.742	61	R	11
251.742	251.772	44	UW1	11
251.772	251.802	64	T	11
261.86872397832474	261.952	21	ER0	12
261.952	261.982	68	Y	12
261.982	262.04408149590813	44	UW1	12
262.04408149590813	262.08378508479495	56	L	12
262.08378508479495	262.252	41	UH1	12
262.252	262.372	54	K	12
262.372	262.402	27	IH0	12
262.402	262.462	59	NG	12
262.462	262.562	50	F	12
262.562	262.612	10	AO1	12
262.612	262.762	61	R	12
262.762	262.792	6	AH0	12
262.792	262.822	57	M	12
262.822	262.862	60	P	12
262.862	262.902	56	L	12
262.902	262.992	38	OY1	12
262.992	263.022	57	M	12
263.022	263.062	6	AH0	12
263.062	263.092	58	N	12
263.092	263.122	64	T	12
271.212	271.292	54	K	13
271.292	271.412	1	AA1	13
271.412	271.522	50	F	13
271.522	271.622	31	IY0	13
271.622	271.692	28	IH1	13
271.692	271.822	69	Z	13
271.822	271.872	51	G	13
271.872	271.972	61	R	13
271.972	272.012	35	OW1	13
272.012	272.042	58	N	13
272.042	272.172	1	AA1	13
272.172	272.202	58	N	13
272.202	272.332	62	S	13
272.332	272.362	64	T	13
272.362	272.512	32	IY1	13
272.512	272.552	60	P	13
272.552	272.632	53	JH	13
272.632	272.692	7	AH1	13
272.692	272.772	59	NG	13
272.772	272.802	51	G	13
272.802	272.832	6	AH0	13
272.832	272.912	56	L	13
272.912	272.952	56	L	13
272.952	273.062	16	AY1	13
273.062	273.112	54	K	13
273.112	273.262	62	S	13
273.262	273.302	56	L	13
273.302	273.392	35	OW1	13
273.392	273.432	60	P	13
273.432	273.562	62	S	13
273.562	273.612	28	IH1	13
273.612	273.732	58	N	13
273.732	273.792	64	T	13
273.792	273.872	19	EH1	13
273.872	273.902	57	M	13
273.902	273.942	60	P	13
273.942	273.972	61	R	13
273.972	274.012	6	AH0	13
274.012	274.122	47	CH	13
274.122	274.2222245043929	21	ER0	13
274.2222245043929	274.322	69	Z	13
274.322	274.482	35	OW1	13
274.482	274.542	58	N	13
274.542	274.692	69	Z	13
284.452	284.492	67	W	14
284.492	284.622	32	IY1	14
284.622	284.652	67	W	14
284.652	284.682	19	EH1	14
284.682	284.802	56	L	14
284.802	284.882	54	K	14
284.882	284.952	6	AH0	14
284.952	285.012	57	M	14
285.012	285.062	57	M	14
285.062	285.122	19	EH1	14
285.122	285.182	58	N	14
285.182	285.262	31	IY0	14
285.262	285.342	58	N	14
285.342	285.442	68	Y	14
285.442	285.492	44	UW1	14
285.492	285.642	62	S	14
285.642	285.672	64	T	14
285.672	285.722	44	UW1	14
285.722	285.752	48	D	14
285.752	285.822	6	AH0	14
285.822	285.852	58	N	14
285.852	285.882	64	T	14
285.882	285.982	62	S	14
285.982	286.102	32	IY1	14
286.102	286.222	47	CH	14
286.222	286.252	68	Y	14
286.252	286.412	28	IH1	14
286.412	286.442	61	R	14
295.46823907994127	295.572	35	OW1	15
295.572	295.612	58	N	15
295.612	295.772	56	L	15
295.772	295.802	31	IY0	15
295.802	295.832	49	DH	15
295.832	295.932	7	AH1	15
295.932	295.982	46	B	15
295.982	296.072	19	EH1	15
296.072	296.172	62	S	15
296.172	296.202	64	T	15
296.202	296.282	60	P	15
296.282	296.312	56	L	15
296.312	296.432	25	EY1	15
296.432	296.492	21	ER0	15
296.492	296.602	69	Z	15
296.602	296.642	6	AH0	15
296.642	296.722	58	N	15
296.722	296.812	53	JH	15
296.812	296.942	38	OY1	15
296.942	297.072	60	P	15
297.072	297.162	1	AA1	15
297.162	297.222	60	P	15
297.222	297.252	68	Y	15
297.252	297.342	6	AH0	15
297.342	297.372	56	L	15
297.372	297.502	21	ER0	15
297.502	298.872	74	sp	15
298.872	298.942	56	L	15
298.942	299.042	19	EH1	15
299.042	299.072	61	R	15
299.072	299.122	6	AH0	15
299.122	299.242	64	T	15
299.242	299.362	31	IY0	15
310.77658548358505	310.842	54	K	16
310.842	310.892	4	AE1	16
310.892	310.952	56	L	16
310.952	311.102	62	S	16
311.102	311.172	31	IY0	16
311.172	311.212	6	AH0	16
311.212	311.282	57	M	16
311.282	311.322	57	M	16
311.322	311.452	25	EY1	16
311.452	311.482	54	K	16
311.482	311.532	62	S	16
311.532	311.652	46	B	16
311.652	311.812	35	OW1	16
311.812	311.842	58	N	16
311.842	311.962	69	Z	16
311.962	311.992	6	AH0	16
311.992	312.072	58	N	16
312.072	312.132	48	D	16
312.132	312.162	64	T	16
312.162	312.272	32	IY1	16
312.272	312.302	65	TH	16
312.302	312.372	62	S	16
312.372	312.402	64	T	16
312.402	312.532	61	R	16
312.532	312.562	10	AO1	16
312.562	312.632	59	NG	16
322.112	322.172	58	N	17
322.172	322.252	7	AH1	17
322.252	322.362	65	TH	17
322.362	322.412	27	IH0	17
322.412	322.542	59	NG	17
322.542	322.642	28	IH1	17
322.642	323.022	69	Z	17
323.022	323.222	74	sp	17
323.222	323.352	4	AE1	17
323.352	323.492	69	Z	17
323.492	323.612	6	AH0	17
323.612	323.692	50	F	17
323.692	323.792	19	EH1	17
323.792	323.822	58	N	17
323.822	323.942	62	S	17
323.942	324.012	27	IH0	17
324.012	324.042	66	V	17
324.042	324.172	4	AE1	17
324.172	324.322	69	Z	17
324.322	324.412	28	IH1	17
324.412	324.472	58	N	17
324.472	324.532	6	AH0	17
324.532	324.662	62	S	17
324.662	324.692	6	AH0	17
324.692	324.822	58	N	17
324.822	324.972	62	S	17
333.922	334.022	63	SH	18
334.022	334.172	32	IY1	18
334.172	334.252	67	W	18
334.252	334.352	10	AO1	18
334.352	334.412	61	R	18
334.412	334.572	25	EY1	18
334.572	334.652	46	B	18
334.652	334.702	61	R	18
334.702	334.832	16	AY1	18
334.832	334.872	64	T	18
334.872	334.992	61	R	18
334.992	335.132	19	EH1	18
335.132	335.242	48	D	18
335.242	335.762	74	sp	18
335.762	335.842	54	K	18
335.842	335.962	4	AE1	18
335.962	336.062	70	ZH	18
336.062	336.102	57	M	18
336.102	336.132	27	IH0	18
336.132	336.342	61	R	18
336.342	336.482	62	S	18
336.482	336.542	67	W	18
336.542	336.632	19	EH1	18
336.632	336.672	64	T	18
336.672	336.822	21	ER0	18
347.8635160414001	347.902	46	B	19
347.902	347.972	1	AA1	19
347.972	348.012	61	R	19
348.012	348.042	46	B	19
348.042	348.182	69	Z	19
348.182	348.212	51	G	19
348.212	348.272	35	OW1	19
348.272	348.342	56	L	19
348.342	348.372	48	D	19
348.372	348.402	46	B	19
348.402	348.462	61	R	19
348.462	348.552	25	EY1	19
348.552	348.692	62	S	19
348.692	348.732	56	L	19
348.732	348.762	6	AH0	19
348.762	348.792	64	T	19
348.792	348.902	67	W	19
348.902	348.972	7	AH1	19
348.972	349.132	69	Z	19
349.132	349.272	25	EY1	19
349.272	349.312	51	G	19
349.312	349.342	61	R	19
349.342	349.462	5	AE2	19
349.462	349.572	53	JH	19
349.572	349.602	43	UW0	19
349.602	349.742	25	EY1	19
349.742	349.852	63	SH	19
349.852	349.882	6	AH0	19
349.882	349.942	58	N	19
349.942	349.992	60	P	19
349.992	350.062	61	R	19
350.062	350.092	19	EH1	19
350.092	350.192	69	Z	19
350.192	350.222	6	AH0	19
350.222	350.252	58	N	19
350.252	350.292	64	T	19
375.152	375.212	1	AA1	0
375.212	375.272	61	R	0
375.272	375.352	68	Y	0
375.352	375.452	41	UH1	0
375.452	375.482	61	R	0
375.482	375.602	51	G	0
375.602	375.642	61	R	0
375.642	375.712	25	EY1	0
375.712	375.742	48	D	0
375.742	375.852	69	Z	0
375.852	375.892	52	HH	0
375.892	376.072	16	AY1	0
376.072	376.302	21	ER0	0
376.302	376.352	10	AO1	0
376.352	376.472	61	R	0
376.472	376.502	56	L	0
376.502	376.542	35	OW1	0
376.542	376.582	21	ER0	0
376.582	376.642	49	DH	0
376.642	376.692	6	AH0	0
376.692	376.732	58	N	0
376.732	376.772	58	N	0
376.772	376.832	4	AE1	0
376.832	376.892	58	N	0
376.892	377.002	62	S	0
377.002	377.102	31	IY0	0
377.102	377.252	69	Z	0
377.252	377.712	73	ns	0
384.382	384.502	63	SH	1
384.502	384.582	32	IY1	1
384.582	384.672	67	W	1
384.672	384.742	10	AO1	1
384.742	384.852	61	R	1
384.852	384.882	67	W	1
384.882	385.022	10	AO1	1
385.022	385.112	61	R	1
385.112	385.142	57	M	1
385.142	385.252	50	F	1
385.252	385.282	56	L	1
385.282	385.372	32	IY1	1
385.372	385.482	62	S	1
385.482	385.512	31	IY0	1
385.512	385.542	67	W	1
385.542	385.922	41	UH1	1
385.922	386.052	56	L	1
386.052	386.082	6	AH0	1
386.082	386.112	58	N	1
386.112	386.222	35	OW1	1
386.222	386.252	66	V	1
386.252	386.282	21	ER0	1
386.282	386.352	11	AO2	1
386.352	386.502	56	L	1
386.502	386.642	69	Z	1
395.912	395.992	61	R	2
395.992	396.042	32	IY1	2
396.042	396.072	48	D	2
396.072	396.102	27	IH0	2
396.102	396.152	59	NG	2
396.152	396.242	6	AH0	2
396.242	396.292	58	N	2
396.292	396.392	60	P	2
396.392	396.442	41	UH1	2
396.442	396.522	61	R	2
396.522	396.562	56	L	2
396.562	396.642	16	AY1	2
396.642	396.672	64	T	2
396.672	396.772	51	G	2
396.772	396.852	28	IH1	2
396.852	396.882	66	V	2
396.882	397.062	69	Z	2
397.062	397.142	68	Y	2
397.142	397.172	44	UW1	2
397.172	397.332	16	AY1	2
397.332	397.422	62	S	2
397.422	397.462	64	T	2
397.462	397.492	61	R	2
397.492	397.552	26	EY2	2
397.552	397.642	58	N	2
406.862	407.052	32	IY1	3
407.052	407.082	66	V	3
407.082	407.142	6	AH0	3
407.142	407.212	58	N	3
407.212	407.312	16	AY1	3
407.312	407.442	6	AH0	3
407.442	407.552	54	K	3
407.552	407.632	25	EY1	3
407.632	407.742	70	ZH	3
407.742	407.782	6	AH0	3
407.782	407.812	58	N	3
407.812	407.842	56	L	3
407.842	407.952	31	IY0	3
407.952	408.042	51	G	3
408.042	408.102	19	EH1	3
408.102	408.162	64	T	3
408.162	408.212	49	DH	3
408.212	408.262	7	AH1	3
408.262	408.352	57	M	3
408.352	408.402	7	AH1	3
408.402	408.462	58	N	3
408.462	408.492	48	D	3
408.492	408.562	31	IY0	3
408.562	408.662	46	B	3
408.662	408.712	56	L	3
408.712	408.862	44	UW1	3
408.862	409.052	69	Z	3
418.5053653027222	418.532	67	W	4
418.532	418.612	32	IY1	4
418.612	418.742	21	ER0	4
418.742	418.912	35	OW1	4
418.912	418.982	60	P	4
418.982	419.022	6	AH0	4
419.022	419.122	58	N	4
419.122	419.222	19	EH1	4
419.222	419.252	66	V	4
419.252	419.292	61	R	4
419.292	419.342	31	IY0	4
419.342	419.452	57	M	4
419.452	419.512	7	AH1	4
419.512	419.592	58	N	4
419.592	419.622	48	D	4
419.622	419.682	26	EY2	4
419.682	419.852	32	IY1	4
419.852	419.882	66	V	4
419.882	419.972	58	N	4
419.972	420.002	27	IH0	4
420.002	420.162	59	NG	4
430.8630116392117	430.9109868091166	6	AH0	5
430.9109868091166	430.94655460749425	64	T	5
430.94655460749425	430.962	62	S	5
430.962	430.992	58	N	5
430.992	431.092	1	AA1	5
431.092	431.122	64	T	5
431.122	431.282	32	IY1	5
431.282	431.382	69	Z	5
431.382	431.472	31	IY0	5
431.472	431.582	64	T	5
431.582	431.662	6	AH0	5
431.662	431.752	54	K	5
431.752	431.872	61	R	5
431.872	431.922	31	IY0	5
431.922	432.072	25	EY1	5
432.072	432.102	64	T	5
432.102	432.162	29	IH2	5
432.162	432.292	57	M	5
432.292	432.352	6	AH0	5
432.352	432.432	56	L	5
432.432	432.772	25	EY1	5
432.772	432.802	64	T	5
432.802	432.832	27	IH0	5
432.832	432.862	59	NG	5
432.862	432.892	27	IH0	5
432.892	432.922	51	G	5
432.922	433.002	69	Z	5
433.002	433.102	4	AE1	5
433.102	433.142	57	M	5
433.142	433.232	60	P	5
433.232	433.262	6	AH0	5
433.262	433.332	56	L	5
433.332	433.492	69	Z	5
442.142	442.252	57	M	6
442.252	442.352	7	AH1	6
442.352	442.382	57	M	6
442.382	442.502	62	S	6
442.502	442.532	64	T	6
442.532	442.642	61	R	6
442.642	442.682	10	AO1	6
442.682	442.712	59	NG	6
442.712	442.792	56	L	6
442.792	442.822	31	IY0	6
442.822	442.872	48	D	6
442.872	442.952	29	IH2	6
442.952	443.072	62	S	6
443.072	443.102	56	L	6
443.102	443.222	16	AY1	6
443.222	443.252	54	K	6
443.252	443.332	62	S	6
443.332	443.422	4	AE1	6
443.422	443.502	60	P	6
443.502	443.562	6	AH0	6
443.562	443.652	64	T	6
443.652	443.752	17	AY2	6
443.752	443.852	69	Z	6
443.852	443.932	21	ER0	6
443.932	444.092	69	Z	6
452.762	452.832	49	DH	7
452.832	452.952	35	OW1	7
452.952	453.072	69	Z	7
453.072	453.102	52	HH	7
453.102	453.132	44	UW1	7
453.132	453.272	64	T	7
453.272	453.402	32	IY1	7
453.402	453.452	47	CH	7
453.452	453.482	66	V	7
453.482	453.622	4	AE1	7
453.622	453.692	56	L	7
453.692	453.722	68	Y	7
453.722	453.752	43	UW0	7
453.752	453.852	69	Z	7
453.852	453.922	50	F	7
453.922	454.022	22	ER1	7
454.022	454.142	62	S	7
454.142	454.172	64	T	7
454.172	454.202	6	AH0	7
454.202	454.292	62	S	7
454.292	454.422	1	AA1	7
454.422	454.452	46	B	7
454.452	454.492	56	L	7
454.492	454.542	29	IH2	7
454.542	454.692	63	SH	7
454.692	454.732	47	CH	7
454.732	454.822	32	IY1	7
454.822	454.852	64	T	7
454.852	454.882	27	IH0	7
454.882	455.002	59	NG	7
464.0133544558405	464.072	49	DH	8
464.072	464.122	7	AH1	8
464.122	464.222	50	F	8
464.222	464.262	61	R	8
464.262	464.362	16	AY1	8
464.362	464.402	64	T	8
464.402	464.432	6	AH0	8
464.432	464.502	58	N	8
464.502	464.532	48	D	8
464.532	464.612	47	CH	8
464.612	464.792	16	AY1	8
464.792	464.912	56	L	8
464.912	464.942	48	D	8
464.942	464.972	67	W	8
464.972	465.002	6	AH0	8
465.002	465.132	69	Z	8
465.132	465.162	53	JH	8
465.162	465.242	19	EH1	8
465.242	465.272	58	N	8
465.272	465.312	64	T	8
465.312	465.352	56	L	8
465.352	465.482	31	IY0	8
465.482	465.622	62	S	8
465.622	465.782	6	AH0	8
465.782	465.842	46	B	8
465.842	465.872	48	D	8
465.872	465.972	44	UW1	8
465.972	466.082	46	B	8
466.082	466.212	16	AY1	8
466.212	466.262	52	HH	8
466.262	466.312	28	IH1	8
466.312	466.432	69	Z	8
466.432	466.502	46	B	8
466.502	466.592	28	IH1	8
466.592	466.632	51	G	8
466.632	466.692	46	B	8
466.692	466.772	61	R	8
466.772	466.802	7	AH1	8
466.802	466.832	49	DH	8
466.832	466.912	21	ER0	8
477.2387430806583	477.362	32	IY1	9
477.362	477.412	66	V	9
477.412	477.452	6	AH0	9
477.452	477.522	58	N	9
477.522	477.6109876062665	6	AH0	9
477.6109876062665	477.712	62	S	9
477.712	477.772	28	IH1	9
477.772	477.822	57	M	9
477.822	477.862	60	P	9
477.862	477.902	6	AH0	9
477.902	477.942	56	L	9
477.942	477.972	66	V	9
477.972	478.002	34	OW0	9
478.002	478.032	54	K	9
478.032	478.092	4	AE1	9
478.092	478.122	46	B	9
478.122	478.152	68	Y	9
478.152	478.182	6	AH0	9
478.182	478.212	56	L	9
478.212	478.292	20	EH2	9
478.292	478.412	61	R	9
478.412	478.522	31	IY0	9
478.522	478.582	54	K	9
478.582	478.632	6	AH0	9
478.632	478.662	58	N	9
478.662	478.752	64	T	9
478.752	478.802	25	EY1	9
478.802	478.882	58	N	9
478.882	478.922	69	Z	9
478.922	479.002	62	S	9
479.002	479.032	28	IH1	9
479.032	479.122	57	M	9
479.122	479.152	46	B	9
479.152	479.182	6	AH0	9
479.182	479.242	56	L	9
479.242	479.422	69	Z	9
479.422	479.882	73	ns	9
487.702	487.802	25	EY1	10
487.802	487.902	54	K	10
487.902	487.932	61	R	10
487.932	488.032	4	AE1	10
488.032	488.062	46	B	10
488.062	488.172	47	CH	10
488.172	488.252	4	AE1	10
488.252	488.282	56	L	10
488.282	488.382	6	AH0	10
488.382	488.462	53	JH	10
488.462	488.492	48	D	10
488.492	488.532	57	M	10
488.532	488.622	32	IY1	10
488.622	488.652	46	B	10
488.652	488.722	7	AH1	10
488.722	488.762	64	T	10
488.762	489.032	25	EY1	10
489.032	489.122	54	K	10
489.122	489.152	67	W	10
489.152	489.242	28	IH1	10
489.242	489.302	54	K	10
489.302	489.422	62	S	10
489.422	489.452	64	T	10
489.452	489.722	4	AE1	10
489.722	489.752	46	B	10
489.752	490.102	74	sp	10
490.102	490.142	66	V	10
490.142	490.272	4	AE1	10
490.272	490.312	59	NG	10
490.312	490.382	54	K	10
490.382	490.422	67	W	10
490.422	490.482	27	IH0	10
490.482	490.6180632717077	63	SH	10
490.6180632717077	490.702	29	IH2	10
490.702	490.772	57	M	10
499.08535125744635	499.142	51	G	11
499.142	499.172	56	L	11
499.172	499.222	44	UW1	11
499.222	499.362	54	K	11
499.362	499.432	36	OW2	11
499.432	499.552	62	S	11
499.552	499.622	4	AE1	11
499.622	499.682	58	N	11
499.682	499.712	48	D	11
499.712	499.742	50	F	11
499.742	499.872	61	R	11
499.872	499.902	7	AH1	11
499.902	499.942	54	K	11
499.942	500.042	64	T	11
500.042	500.162	36	OW2	11
500.162	500.312	62	S	11
500.312	500.442	21	ER0	11
500.442	500.562	53	JH	11
500.562	500.672	19	EH1	11
500.672	500.702	61	R	11
500.702	501.102	74	sp	11
501.102	501.172	58	N	11
501.172	501.282	4	AE1	11
501.282	501.382	47	CH	11
501.382	501.422	61	R	11
501.422	501.472	6	AH0	11
501.472	501.502	56	L	11
501.502	501.592	31	IY0	11
501.592	501.752	63	SH	11
501.752	501.822	41	UH1	11
501.822	501.872	51	G	11
501.872	501.952	21	ER0	11
501.952	502.072	69	Z	11
502.072	502.132	50	F	11
502.132	502.222	13	AW1	11
502.222	502.252	58	N	11
502.252	502.282	48	D	11
502.282	502.312	28	IH1	11
502.312	502.36762816442456	58	N	11
502.36762816442456	502.452	50	F	11
502.452	502.562	61	R	11
502.562	502.592	44	UW1	11
502.592	502.622	64	T	11
508.592	508.712	21	ER0	12
508.712	508.742	68	Y	12
508.742	508.792	44	UW1	12
508.792	508.852	56	L	12
508.852	508.932	41	UH1	12
508.932	509.022	54	K	12
509.022	509.062	27	IH0	12
509.062	509.132	59	NG	12
509.132	509.192	50	F	12
509.192	509.262	10	AO1	12
509.262	509.392	61	R	12
509.392	509.422	6	AH0	12
509.422	509.452	57	M	12
509.452	509.492	60	P	12
509.492	509.522	56	L	12
509.522	509.582	38	OY1	12
509.582	509.612	57	M	12
509.612	509.642	6	AH0	12
509.642	509.672	58	N	12
509.672	509.702	64	T	12
517.9439504132608	517.9786910535369	54	K	13
517.9786910535369	518.062	1	AA1	13
518.062	518.172	50	F	13
518.172	518.252	31	IY0	13
518.252	518.312	28	IH1	13
518.312	518.432	69	Z	13
518.432	518.462	51	G	13
518.462	518.572	61	R	13
518.572	518.602	35	OW1	13
518.602	518.652	58	N	13
518.652	518.742	1	AA1	13
518.742	518.772	58	N	13
518.772	518.862	62	S	13
518.862	518.892	64	T	13
518.892	519.012	32	IY1	13
519.012	519.052	60	P	13
519.052	519.122	53	JH	13
519.122	519.232	7	AH1	13
519.232	519.272	59	NG	13
519.272	519.302	51	G	13
519.302	519.332	6	AH0	13
519.332	519.402	56	L	13
519.402	519.452	56	L	13
519.452	519.552	16	AY1	13
519.552	519.582	54	K	13
519.582	519.702	62	S	13
519.702	519.762	56	L	13
519.762	519.852	35	OW1	13
519.852	519.892	60	P	13
519.892	520.002	62	S	13
520.002	520.032	6	AH0	13
520.032	520.112	58	N	13
520.112	520.162	64	T	13
520.162	520.242	19	EH1	13
520.242	520.272	57	M	13
520.272	520.302	60	P	13
520.302	520.332	61	R	13
520.332	520.392	6	AH0	13
520.392	520.452	47	CH	13
520.452	520.502	21	ER0	13
520.502	520.682	69	Z	13
520.682	520.802	35	OW1	13
520.802	520.902	58	N	13
520.902	521.012	69	Z	13
529.522	529.572	67	W	14
529.572	529.642	32	IY1	14
529.642	529.672	67	W	14
529.672	529.702	19	EH1	14
529.702	529.852	56	L	14
529.852	529.912	54	K	14
529.912	529.952	6	AH0	14
529.952	530.012	57	M	14
530.012	530.072	57	M	14
530.072	530.142	19	EH1	14
530.142	530.192	58	N	14
530.192	530.282	31	IY0	14
530.282	530.362	58	N	14
530.362	530.412	68	Y	14
530.412	530.482	44	UW1	14
530.482	530.592	62	S	14
530.592	530.622	64	T	14
530.622	530.692	44	UW1	14
530.692	530.722	48	D	14
530.722	530.752	6	AH0	14
530.752	530.782	58	N	14
530.782	530.812	64	T	14
530.812	530.932	62	S	14
530.932	531.032	32	IY1	14
531.032	531.132	47	CH	14
531.132	531.162	68	Y	14
531.162	531.272	28	IH1	14
531.272	531.312	61	R	14
539.122	539.362	35	OW1	15
539.362	539.392	58	N	15
539.392	539.422	56	L	15
539.422	539.452	31	IY0	15
539.452	539.482	49	DH	15
539.482	539.552	7	AH1	15
539.552	539.622	46	B	15
539.622	539.732	19	EH1	15
539.732	539.822	62	S	15
539.822	539.852	64	T	15
539.852	539.902	60	P	15
539.902	539.932	56	L	15
539.932	540.122	25	EY1	15
540.122	540.152	21	ER0	15
540.152	540.182	6	AH0	15
540.182	540.262	58	N	15
540.262	540.352	53	JH	15
540.352	540.542	38	OY1	15
540.542	540.902	74	sp	15
540.902	540.972	60	P	15
540.972	541.042	2	AA2	15
541.042	541.092	60	P	15
541.092	541.122	68	Y	15
541.122	541.152	6	AH0	15
541.152	541.182	56	L	15
541.182	541.222	19	EH1	15
541.222	541.392	61	R	15
541.392	541.432	6	AH0	15
541.432	541.572	64	T	15
541.572	541.702	31	IY0	15
551.2075792060747	551.272	54	K	16
551.272	551.342	4	AE1	16
551.342	551.392	56	L	16
551.392	551.532	62	S	16
551.532	551.572	31	IY0	16
551.572	551.652	6	AH0	16
551.652	551.722	57	M	16
551.722	551.752	57	M	16
551.752	551.872	25	EY1	16
551.872	551.902	54	K	16
551.902	551.962	62	S	16
551.962	552.052	46	B	16
552.052	552.252	35	OW1	16
552.252	552.282	58	N	16
552.282	552.372	69	Z	16
552.372	552.412	6	AH0	16
552.412	552.472	58	N	16
552.472	552.502	48	D	16
552.502	552.572	64	T	16
552.572	552.682	32	IY1	16
552.682	552.712	65	TH	16
552.712	552.792	62	S	16
552.792	552.822	64	T	16
552.822	552.932	61	R	16
552.932	552.962	10	AO1	16
552.962	553.052	59	NG	16
563.642	563.682	58	N	17
563.682	563.802	7	AH1	17
563.802	563.882	65	TH	17
563.882	563.922	27	IH0	17
563.922	564.032	59	NG	17
564.032	564.092	28	IH1	17
564.092	564.212	69	Z	17
564.212	564.322	6	AH0	17
564.322	564.442	50	F	17
564.442	564.502	19	EH1	17
564.502	564.542	58	N	17
564.542	564.662	62	S	17
564.662	564.732	27	IH0	17
564.732	564.782	66	V	17
564.782	564.892	19	EH1	17
564.892	565.002	69	Z	17
565.002	565.112	28	IH1	17
565.112	565.142	58	N	17
565.142	565.172	6	AH0	17
565.172	565.312	62	S	17
565.312	565.422	6	AH0	17
565.422	565.472	58	N	17
565.472	565.602	62	S	17
574.172	574.262	63	SH	18
574.262	574.392	32	IY1	18
574.392	574.462	67	W	18
574.462	574.522	10	AO1	18
574.522	574.562	61	R	18
574.562	574.722	25	EY1	18
574.722	574.802	46	B	18
574.802	574.902	61	R	18
574.902	574.982	16	AY1	18
574.982	575.032	64	T	18
575.032	575.152	61	R	18
575.152	575.262	19	EH1	18
575.262	575.332	48	D	18
575.332	575.352	74	sp	18
575.352	575.462	54	K	18
575.462	575.582	4	AE1	18
575.582	575.622	70	ZH	18
575.622	575.652	57	M	18
575.652	575.682	27	IH0	18
575.682	575.8584170065567	61	R	18
575.8584170065567	575.962	62	S	18
575.962	576.002	67	W	18
576.002	576.092	19	EH1	18
576.092	576.122	64	T	18
576.122	576.232	21	ER0	18
586.878451833273	587.012	46	B	19
587.012	587.042	1	AA1	19
587.042	587.132	61	R	19
587.132	587.162	46	B	19
587.162	587.292	69	Z	19
587.292	587.362	51	G	19
587.362	587.422	35	OW1	19
587.422	587.542	56	L	19
587.542	587.572	48	D	19
587.572	587.602	46	B	19
587.602	587.652	61	R	19
587.652	587.752	25	EY1	19
587.752	587.882	62	S	19
587.882	587.912	56	L	19
587.912	588.012	6	AH0	19
588.012	588.042	64	T	19
588.042	588.092	67	W	19
588.092	588.152	7	AH1	19
588.152	588.292	69	Z	19
588.292	588.432	25	EY1	19
588.432	588.492	51	G	19
588.492	588.522	61	R	19
588.522	588.622	5	AE2	19
588.622	588.742	53	JH	19
588.742	588.802	43	UW0	19
588.802	588.902	25	EY1	19
588.902	589.002	63	SH	19
589.002	589.042	6	AH0	19
589.042	589.102	58	N	19
589.102	589.152	60	P	19
589.152	589.252	21	ER0	19
589.252	589.362	69	Z	19
589.362	589.392	19	EH1	19
589.392	589.422	58	N	19
589.422	589.452	64	T	19
