557.1208163265306	557.3098163265306	16	AY1	55
557.3098163265306	557.4898163265307	53	JH	55
557.4898163265307	557.5498163265306	6	AH0	55
557.5498163265306	557.6098163265306	62	S	55
557.6098163265306	557.6398163265305	64	T	55
557.6398163265305	557.7888163265307	62	S	55
557.7888163265307	558.2378163265306	10	AO1	55
558.2378163265306	558.3178163265306	53	JH	55
558.3178163265306	558.6168163265306	28	IH1	55
558.6168163265306	558.6768163265306	57	M	55
558.6768163265306	558.8168163265307	58	N	55
558.8168163265307	559.0558163265307	28	IH1	55
559.0558163265307	559.3558163265307	61	R	55
559.3558163265307	560.1238163265307	74	sp	55
560.1238163265307	560.2838163265305	49	DH	55
560.2838163265305	560.3228163265306	6	AH0	55
560.3228163265306	560.4728163265306	58	N	55
560.4728163265306	560.6228163265306	68	Y	55
560.6228163265306	560.8918163265306	44	UW1	55
560.8918163265306	561.0318163265306	2	AA2	55
561.0318163265306	561.1718163265307	61	R	55
561.1718163265307	561.3008163265306	54	K	55
561.3008163265306	561.3408163265306	6	AH0	55
561.3408163265306	561.4508163265307	64	T	55
561.4508163265307	561.5408163265306	19	EH1	55
561.5408163265306	561.6398163265305	54	K	55
561.6398163265305	561.8298163265306	47	CH	55
561.8298163265306	561.8698163265306	21	ER0	55
561.8698163265306	561.9098163265306	6	AH0	55
561.9098163265306	562.2788163265307	56	L	55
562.2788163265307	562.9468163265306	74	sp	55
562.9468163265306	563.0268163265306	57	M	55
563.0268163265306	563.1668163265306	68	Y	55
563.1668163265306	563.1968163265306	43	UW0	55
563.1968163265306	563.2968163265307	69	Z	55
563.2968163265307	563.4658163265306	32	IY1	55
563.4658163265306	563.6058163265307	6	AH0	55
563.6058163265307	563.7458163265306	57	M	55
575.5762358276644	575.6262358276645	46	B	48
575.6262358276645	575.7662358276643	4	AE1	48
575.7662358276643	575.8262358276644	51	G	48
575.8262358276644	575.9362358276644	60	P	48
575.9362358276644	576.1052358276644	17	AY2	48
576.1052358276644	576.2652358276644	60	P	48
576.2652358276644	576.4442358276644	62	S	48
576.4442358276644	576.7042358276644	4	AE1	48
576.7042358276644	576.8432358276643	58	N	48
576.8432358276643	576.8732358276644	48	D	48
576.8732358276644	576.9032358276644	46	B	48
576.9032358276644	577.0732358276643	1	AA1	48
577.0732358276643	577.1432358276644	59	NG	48
577.1432358276644	577.1932358276645	51	G	48
577.1932358276645	577.2922358276644	36	OW2	48
577.2922358276644	577.4722358276645	69	Z	48
577.4722358276645	577.6322358276643	1	AA1	48
577.6322358276643	577.6622358276644	61	R	48
577.6622358276644	577.7912358276644	57	M	48
577.7912358276644	577.8612358276644	68	Y	48
577.8612358276644	577.9012358276643	44	UW1	48
577.9012358276643	577.9812358276645	69	Z	48
577.9812358276645	578.0112358276644	27	IH0	48
578.0112358276644	578.0512358276644	54	K	48
578.0512358276644	578.0812358276644	6	AH0	48
578.0812358276644	578.2302358276644	56	L	48
578.2302358276644	578.3302358276644	28	IH1	48
578.3302358276644	578.3702358276644	58	N	48
578.3702358276644	578.5302358276645	62	S	48
578.5302358276645	578.5602358276644	64	T	48
578.5602358276644	578.5892358276644	61	R	48
578.5892358276644	578.6192358276644	6	AH0	48
578.6192358276644	578.6892358276643	57	M	48
578.6892358276643	578.7192358276644	6	AH0	48
578.7192358276644	578.9092358276644	58	N	48
578.9092358276644	578.9592358276643	64	T	48
578.9592358276643	579.2282358276643	62	S	48
593.3141950113379	593.3741950113379	67	W	46
593.3741950113379	593.533195011338	32	IY1	46
593.533195011338	593.6031950113379	56	L	46
593.6031950113379	593.753195011338	16	AY1	46
593.753195011338	593.8131950113379	54	K	46
593.8131950113379	593.952195011338	46	B	46
593.952195011338	594.1021950113379	56	L	46
594.1021950113379	594.2121950113379	44	UW1	46
594.2121950113379	594.4211950113379	47	CH	46
594.4211950113379	594.7601950113379	32	IY1	46
594.7601950113379	594.9201950113379	69	Z	46
594.9201950113379	594.9601950113379	46	B	46
594.9601950113379	595.120195011338	7	AH1	46
595.120195011338	595.1601950113379	64	T	46
595.1601950113379	595.259195011338	66	V	46
595.259195011338	595.3191950113379	28	IH1	46
595.3191950113379	595.379195011338	54	K	46
595.379195011338	595.4091950113379	64	T	46
595.4091950113379	595.529195011338	21	ER0	46
595.529195011338	595.5891950113379	56	L	46
595.5891950113379	595.7181950113379	16	AY1	46
595.7181950113379	595.8381950113379	54	K	46
595.8381950113379	595.9381950113379	62	S	46
595.9381950113379	596.177195011338	46	B	46
596.177195011338	596.3771950113379	61	R	46
596.3771950113379	598.312195011338	32	IY1	46
608.3076643990929	608.4666643990929	10	AO1	52
608.4666643990929	608.4966643990929	61	R	52
608.4966643990929	608.5266643990929	6	AH0	52
608.5266643990929	608.5666643990929	58	N	52
608.5666643990929	608.7766643990929	53	JH	52
608.7766643990929	608.8756643990929	53	JH	52
608.8756643990929	608.9956643990929	44	UW1	52
608.9956643990929	609.2056643990929	62	S	52
609.2056643990929	609.2646643990929	64	T	52
609.2646643990929	609.3946643990929	25	EY1	52
609.3946643990929	609.5046643990929	62	S	52
609.5046643990929	609.5346643990929	64	T	52
609.5346643990929	609.5646643990929	62	S	52
609.5646643990929	609.5946643990928	50	F	52
609.5946643990928	609.6736643990929	7	AH1	52
609.6736643990929	609.733664399093	58	N	52
609.733664399093	609.8336643990929	31	IY0	52
609.8336643990929	610.0436643990929	4	AE1	52
610.0436643990929	610.1226643990929	50	F	52
610.1226643990929	610.1726643990929	64	T	52
610.1726643990929	610.262664399093	21	ER0	52
610.262664399093	610.4026643990928	64	T	52
610.4026643990928	610.4526643990929	44	UW1	52
610.4526643990929	610.512664399093	65	TH	52
610.512664399093	610.6316643990929	60	P	52
610.6316643990929	610.8016643990929	26	EY2	52
610.8016643990929	611.070664399093	62	S	52
611.070664399093	611.1306643990929	64	T	52
620.2813605442177	620.3513605442176	52	HH	49
620.3513605442176	620.4613605442178	13	AW1	49
620.4613605442178	620.5713605442177	51	G	49
620.5713605442177	620.6413605442177	6	AH0	49
620.6413605442177	620.6903605442177	48	D	49
620.6903605442177	620.7603605442177	28	IH1	49
620.7603605442177	620.8403605442177	69	Z	49
620.8403605442177	620.9003605442177	68	Y	49
620.9003605442177	620.9303605442177	41	UH1	49
620.9303605442177	620.9603605442178	61	R	49
620.9603605442178	621.0003605442178	19	EH1	49
621.0003605442178	621.0903605442177	58	N	49
621.0903605442177	621.1293605442177	48	D	49
621.1293605442177	621.3093605442177	21	ER0	49
621.3093605442177	621.3393605442177	6	AH0	49
621.3393605442177	621.6483605442177	58	N	49
621.6483605442177	622.4863605442176	62	S	49
633.581	634.12	25	EY1	53
634.12	634.25	67	W	53
634.25	634.28	28	IH1	53
634.28	634.619	56	L	53
634.619	634.649	6	AH0	53
634.649	634.6890000000001	67	W	53
634.6890000000001	635.2080000000001	31	IY0	53
635.2080000000001	635.238	73	ns	53
635.238	635.268	72	lg	53
635.268	635.587	49	DH	53
635.587	636.076	7	AH1	53
636.076	636.684	74	sp	53
636.684	636.904	67	W	53
636.904	636.9639999999999	28	IH1	53
636.9639999999999	637.223	56	L	53
637.223	637.473	6	AH0	53
637.473	637.5319999999999	67	W	53
637.5319999999999	637.802	31	IY0	53
637.802	638.72	74	sp	53
638.72	638.79	67	W	53
638.79	638.819	28	IH1	53
638.819	639.298	56	L	53
639.298	639.348	6	AH0	53
639.348	639.638	67	W	53
639.638	639.797	31	IY0	53
639.797	640.2560000000001	74	sp	53
640.2560000000001	640.306	49	DH	53
640.306	640.356	6	AH0	53
640.356	640.5360000000001	67	W	53
640.5360000000001	640.585	28	IH1	53
640.585	640.6949999999999	56	L	53
640.6949999999999	640.7850000000001	6	AH0	53
640.7850000000001	640.865	67	W	53
640.865	641.014	31	IY0	53
641.014	641.154	67	W	53
641.154	641.2139999999999	41	UH1	53
641.2139999999999	641.344	57	M	53
641.344	641.453	6	AH0	53
641.453	641.513	58	N	53
641.513	641.543	67	W	53
641.543	641.813	10	AO1	53
641.813	641.892	61	R	53
641.892	642.0219999999999	25	EY1	53
642.0219999999999	642.152	57	M	53
642.152	642.262	7	AH1	53
642.262	642.421	62	S	53
642.421	642.511	54	K	53
642.511	642.5409999999999	61	R	53
642.5409999999999	642.681	5	AE2	53
642.681	642.711	64	T	53
642.711	642.9200000000001	54	K	53
642.9200000000001	643.1	35	OW1	53
643.1	643.13	64	T	53
657.8902273049197	657.9564603174604	48	D	59
657.9564603174604	658.2264603174604	44	UW1	59
658.2264603174604	658.2554603174603	24	EY0	59
658.2554603174603	658.2954603174603	64	T	59
658.2954603174603	658.6154603174604	28	IH1	59
658.6154603174604	658.7544603174604	60	P	59
658.7544603174604	658.9144603174603	27	IH0	59
658.9144603174603	659.0244603174604	54	K	59
659.0244603174604	659.0544603174603	6	AH0	59
659.0544603174603	659.1244603174604	56	L	59
659.1244603174604	659.3134603174603	50	F	59
659.3134603174603	659.4434603174603	1	AA1	59
659.4434603174603	659.4734603174603	61	R	59
659.4734603174603	659.5924603174603	57	M	59
659.5924603174603	659.7924603174603	21	ER0	59
659.7924603174603	659.9424603174604	69	Z	59
659.9424603174604	660.0024603174603	51	G	59
660.0024603174603	660.1214603174603	61	R	59
660.1214603174603	660.4314603174603	35	OW1	59
660.4314603174603	660.4604603174603	74	sp	59
660.4604603174603	660.7204603174603	35	OW1	59
660.7204603174603	660.8704603174604	64	T	59
660.8704603174604	661.2394603174603	62	S	59
671.7069387755103	671.7759387755102	49	DH	43
671.7759387755102	671.8159387755102	6	AH0	43
671.8159387755102	671.9359387755103	46	B	43
671.9359387755103	672.0659387755102	1	AA1	43
672.0659387755102	672.2449387755103	62	S	43
672.2449387755103	672.2749387755102	64	T	43
672.2749387755102	672.3249387755102	6	AH0	43
672.3249387755102	672.4949387755103	58	N	43
672.4949387755103	672.5549387755102	46	B	43
672.5549387755102	672.6439387755103	3	AE0	43
672.6439387755103	672.8239387755102	56	L	43
672.8239387755102	673.0539387755102	25	EY1	43
673.0539387755102	673.0929387755102	74	sp	43
673.0929387755102	673.2529387755103	35	OW1	43
673.2529387755103	673.3029387755103	66	V	43
673.3029387755103	673.4029387755102	21	ER0	43
673.4029387755102	673.5819387755103	54	K	43
673.5819387755103	673.7219387755102	25	EY1	43
673.7219387755102	673.8819387755102	57	M	43
673.8819387755102	673.9609387755103	49	DH	43
673.9609387755103	674.0509387755103	19	EH1	43
674.0509387755103	674.1709387755102	61	R	43
674.1709387755102	674.3809387755102	50	F	43
674.3809387755102	674.4899387755103	7	AH1	43
674.4899387755103	674.5599387755102	58	N	43
674.5599387755102	674.5999387755103	48	D	43
674.5999387755103	674.6899387755102	27	IH0	43
674.6899387755102	674.8389387755102	59	NG	43
674.8389387755102	674.9789387755102	63	SH	43
674.9789387755102	675.0489387755102	10	AO1	43
675.0489387755102	675.1589387755103	61	R	43
675.1589387755103	675.4379387755102	64	T	43
675.4379387755102	675.4679387755102	6	AH0	43
675.4679387755102	675.6779387755103	53	JH	43
690.5587885954009	690.7187885954008	62	S	42
690.7187885954008	690.7487885954008	28	IH1	42
690.7487885954008	690.8487885954008	56	L	42
690.8487885954008	690.8787885954009	6	AH0	42
690.8787885954009	690.9477885954009	58	N	42
690.9477885954009	690.9877885954008	48	D	42
690.9877885954008	691.0277885954008	27	IH0	42
691.0277885954008	691.1177885954008	54	K	42
691.1177885954008	691.1577885954009	6	AH0	42
691.1577885954009	691.2377885954008	56	L	42
691.2377885954008	691.4067885954008	60	P	42
691.4067885954008	691.4767885954009	61	R	42
691.4767885954009	691.6867885954009	1	AA1	42
691.6867885954009	691.7167885954009	46	B	42
691.7167885954009	692.2257885954009	74	sp	42
692.2257885954009	692.3247885954008	60	P	42
692.3247885954008	692.4247885954009	61	R	42
692.4247885954009	692.5147885954009	35	OW1	42
692.5147885954009	692.5647885954008	51	G	42
692.5647885954008	692.6147885954008	61	R	42
692.6147885954008	692.7437885954009	5	AE2	42
692.7437885954009	692.8337885954008	57	M	42
692.8337885954008	692.9137885954009	69	Z	42
692.9137885954009	692.9437885954009	67	W	42
692.9437885954009	692.9737885954008	6	AH0	42
692.9737885954008	693.0537885954009	56	L	42
693.0537885954009	693.1727885954009	58	N	42
693.1727885954009	693.2327885954008	19	EH1	42
693.2327885954008	693.2827885954009	66	V	42
693.2827885954009	693.6217885954009	21	ER0	42
693.6217885954009	693.8117885954009	74	sp	42
693.8117885954009	693.9317885954008	54	K	42
693.9317885954008	693.9617885954009	6	AH0	42
693.9617885954009	694.0017885954009	57	M	42
694.0017885954009	694.0807885954009	60	P	42
694.0807885954009	694.2007885954008	16	AY1	42
694.2007885954008	694.2807885954008	56	L	42
716.300589569161	716.350589569161	52	HH	45
716.350589569161	716.4005895691611	19	EH1	45
716.4005895691611	716.5195895691611	56	L	45
716.5195895691611	716.5495895691611	60	P	45
716.5495895691611	716.579589569161	51	G	45
716.579589569161	716.719589569161	61	R	45
716.719589569161	716.839589569161	19	EH1	45
716.839589569161	716.9195895691611	51	G	45
716.9195895691611	717.0185895691611	64	T	45
717.0185895691611	717.0585895691611	6	AH0	45
717.0585895691611	717.258589569161	60	P	45
717.258589569161	717.3285895691611	16	AY1	45
717.3285895691611	718.166589569161	74	sp	45
718.166589569161	718.2565895691611	60	P	45
718.2565895691611	718.3455895691611	28	IH1	45
718.3455895691611	718.5055895691611	54	K	45
718.5055895691611	718.6055895691611	6	AH0	45
718.6055895691611	718.8745895691611	74	sp	45
718.8745895691611	719.0645895691611	60	P	45
719.0645895691611	719.243589569161	19	EH1	45
719.243589569161	719.4235895691611	54	K	45
719.4235895691611	719.473589569161	6	AH0	45
719.473589569161	719.5535895691611	66	V	45
719.5535895691611	719.622589569161	74	sp	45
719.622589569161	719.7025895691611	60	P	45
719.7025895691611	719.742589569161	6	AH0	45
719.742589569161	719.882589569161	64	T	45
719.882589569161	720.1015895691611	25	EY1	45
720.1015895691611	720.2415895691611	64	T	45
720.2415895691611	720.281589569161	34	OW0	45
720.281589569161	720.5005895691611	69	Z	45
731.498775510204	731.618775510204	49	DH	50
731.618775510204	731.6887755102041	7	AH1	50
731.6887755102041	731.827775510204	18	EH0	50
731.827775510204	732.047775510204	62	S	50
732.047775510204	732.4467755102041	25	EY1	50
732.4467755102041	733.5837755102041	74	sp	50
733.5837755102041	733.693775510204	8	AH2	50
733.693775510204	733.753775510204	58	N	50
733.753775510204	733.8037755102041	48	D	50
733.8037755102041	733.8537755102041	6	AH0	50
733.8537755102041	733.9827755102041	58	N	50
733.9827755102041	734.162775510204	16	AY1	50
734.162775510204	734.202775510204	6	AH0	50
734.202775510204	734.282775510204	46	B	50
734.282775510204	734.3417755102041	56	L	50
734.3417755102041	734.531775510204	31	IY0	50
734.531775510204	734.6017755102041	61	R	50
734.6017755102041	734.6317755102041	6	AH0	50
734.6317755102041	734.7617755102041	50	F	50
734.7617755102041	734.830775510204	56	L	50
734.830775510204	734.950775510204	19	EH1	50
734.950775510204	735.080775510204	54	K	50
735.080775510204	735.3097755102041	62	S	50
735.3097755102041	735.489775510204	74	sp	50
735.489775510204	735.6197755102041	1	AA1	50
735.6197755102041	735.6987755102041	61	R	50
735.6987755102041	735.808775510204	66	V	50
735.808775510204	736.058775510204	68	Y	50
736.058775510204	736.2177755102041	44	UW1	50
736.2177755102041	736.596775510204	74	sp	50
736.596775510204	736.7767755102041	25	EY1	50
736.7767755102041	736.856775510204	46	B	50
736.856775510204	736.9567755102041	56	L	50
736.9567755102041	737.1557755102041	31	IY0	50
754.1989115646259	754.2389115646258	49	DH	54
754.2389115646258	754.2789115646258	6	AH0	54
754.2789115646258	754.3489115646258	57	M	54
754.3489115646258	754.3889115646259	19	EH1	54
754.3889115646259	754.5289115646258	62	S	54
754.5289115646258	754.6279115646258	54	K	54
754.6279115646258	754.7979115646258	33	IY2	54
754.7979115646258	754.8279115646259	64	T	54
754.8279115646259	754.8579115646259	67	W	54
754.8579115646259	754.9279115646259	6	AH0	54
754.9279115646259	755.0169115646258	69	Z	54
755.0169115646258	755.0669115646258	61	R	54
755.0669115646258	755.0969115646259	31	IY0	54
755.0969115646259	755.2169115646259	64	T	54
755.2169115646259	755.2469115646259	61	R	54
755.2469115646259	755.3669115646259	4	AE1	54
755.3669115646259	755.4359115646259	54	K	54
755.4359115646259	755.4759115646259	64	T	54
755.4759115646259	755.5559115646258	6	AH0	54
755.5559115646258	755.5859115646258	48	D	54
755.5859115646258	755.6259115646259	67	W	54
755.6259115646259	755.6959115646259	6	AH0	54
755.6959115646259	755.7459115646259	49	DH	54
755.7459115646259	755.8649115646258	6	AH0	54
755.8649115646258	755.9049115646259	58	N	54
755.9049115646259	755.9349115646258	6	AH0	54
755.9349115646258	755.9749115646259	60	P	54
755.9749115646259	756.1749115646259	1	AA1	54
756.1749115646259	756.2049115646258	56	L	54
756.2049115646258	756.2449115646259	6	AH0	54
756.2449115646259	756.2749115646259	53	JH	54
756.2749115646259	756.4539115646259	31	IY0	54
768.0321995464852	768.1321995464853	6	AH0	51
768.1321995464853	768.2611995464852	46	B	51
768.2611995464852	768.4011995464853	10	AO1	51
768.4011995464853	768.4611995464852	61	R	51
768.4611995464852	768.4911995464852	27	IH0	51
768.4911995464852	768.6211995464853	59	NG	51
768.6211995464853	768.6501995464853	58	N	51
768.6501995464853	768.8601995464852	1	AA1	51
768.8601995464852	768.9101995464853	66	V	51
768.9101995464853	768.9401995464852	6	AH0	51
768.9401995464852	769.1791995464853	56	L	51
769.1791995464853	769.3491995464852	28	IH1	51
769.3491995464852	769.6281995464852	69	Z	51
769.6281995464852	769.8681995464852	25	EY1	51
769.8681995464852	770.1071995464852	62	S	51
770.1071995464852	770.1371995464852	40	UH0	51
770.1371995464852	770.3471995464852	60	P	51
770.3471995464852	770.5961995464852	22	ER1	51
770.5961995464852	770.6761995464852	46	B	51
770.6761995464852	770.6961995464852	74	sp	51
770.6961995464852	770.9451995464852	62	S	51
770.9451995464852	770.9751995464852	56	L	51
770.9751995464852	771.1051995464852	32	IY1	51
771.1051995464852	771.1951995464852	60	P	51
771.1951995464852	771.2451995464853	27	IH0	51
771.2451995464853	771.4041995464852	59	NG	51
771.4041995464852	771.5341995464853	60	P	51
771.5341995464853	771.5741995464853	28	IH1	51
771.5741995464853	771.7141995464852	56	L	51
787.202902494331	787.3119024943311	19	EH1	44
787.3119024943311	787.4119024943311	66	V	44
787.4119024943311	787.4419024943311	61	R	44
787.4419024943311	787.5519024943311	31	IY0	44
787.5519024943311	787.7019024943311	54	K	44
787.7019024943311	787.890902494331	4	AE1	44
787.890902494331	787.9309024943311	46	B	44
787.9309024943311	788.010902494331	58	N	44
788.010902494331	788.1999024943311	32	IY1	44
788.1999024943311	788.2699024943311	48	D	44
788.2699024943311	788.4799024943311	69	Z	44
788.4799024943311	789.1679024943311	74	sp	44
789.1679024943311	789.217902494331	61	R	44
789.217902494331	789.347902494331	31	IY0	44
789.347902494331	789.4479024943311	60	P	44
789.4479024943311	789.606902494331	25	EY1	44
789.606902494331	789.636902494331	58	N	44
789.636902494331	789.7269024943311	64	T	44
789.7269024943311	789.7969024943311	27	IH0	44
789.7969024943311	789.9459024943311	59	NG	44
789.9459024943311	790.0859024943311	10	AO1	44
790.0859024943311	790.165902494331	50	F	44
790.165902494331	790.255902494331	64	T	44
790.255902494331	790.2859024943311	6	AH0	44
790.2859024943311	790.434902494331	58	N	44
802.8414512471657	802.9704512471656	54	K	47
802.9704512471656	803.1004512471657	13	AW1	47
803.1004512471657	803.1404512471656	58	N	47
803.1404512471656	803.1804512471656	64	T	47
803.1804512471656	803.2104512471656	49	DH	47
803.2104512471656	803.2404512471655	6	AH0	47
803.2404512471655	803.3504512471657	58	N	47
803.3504512471657	803.4094512471656	7	AH1	47
803.4094512471656	803.5194512471655	57	M	47
803.5194512471655	803.5594512471656	46	B	47
803.5594512471656	803.6994512471656	21	ER0	47
803.6994512471656	803.8684512471656	6	AH0	47
803.8684512471656	803.8984512471657	66	V	47
803.8984512471657	804.0284512471655	64	T	47
804.0284512471655	804.1684512471656	32	IY1	47
804.1684512471656	804.3174512471655	62	S	47
804.3174512471655	804.4074512471657	60	P	47
804.4074512471657	804.4874512471656	45	UW2	47
804.4874512471656	804.6864512471657	58	N	47
804.6864512471657	804.8964512471656	69	Z	47
804.8964512471656	805.1554512471656	74	sp	47
805.1554512471656	805.2954512471656	7	AH1	47
805.2954512471656	805.3254512471656	66	V	47
805.3254512471656	805.5154512471656	62	S	47
805.5154512471656	805.6644512471656	38	OY1	47
805.6644512471656	805.8744512471656	62	S	47
805.8744512471656	806.0634512471656	11	AO2	47
806.0634512471656	806.2934512471656	62	S	47
806.2934512471656	806.3534512471656	49	DH	47
806.3534512471656	806.4624512471656	4	AE1	47
806.4624512471656	806.4924512471656	64	T	47
806.4924512471656	806.6824512471655	68	Y	47
806.6824512471655	806.7124512471656	44	UW1	47
806.7124512471656	807.1114512471656	4	AE1	47
807.1114512471656	807.1614512471656	48	D	47
819.9719727891156	820.0109727891156	52	HH	41
820.0109727891156	820.0709727891157	13	AW1	41
820.0709727891157	820.1809727891157	57	M	41
820.1809727891157	820.2409727891156	7	AH1	41
820.2409727891156	820.4309727891157	47	CH	41
820.4309727891157	820.4599727891157	6	AH0	41
820.4599727891157	820.5499727891156	56	L	41
820.5499727891156	820.7199727891157	13	AW1	41
820.7199727891157	820.7499727891156	6	AH0	41
820.7499727891156	820.8399727891157	58	N	41
820.8399727891157	821.0289727891156	62	S	41
821.0289727891156	821.0789727891156	48	D	41
821.0789727891156	821.1289727891157	44	UW1	41
821.1289727891157	821.2989727891156	68	Y	41
821.2989727891156	821.3379727891156	44	UW1	41
821.3379727891156	821.4779727891157	51	G	41
821.4779727891157	821.7379727891157	19	EH1	41
821.7379727891157	821.8669727891156	64	T	41
834.4071655328798	834.4971655328799	49	DH	58
834.4971655328799	834.6561655328799	25	EY1	58
834.6561655328799	834.7961655328799	10	AO1	58
834.7961655328799	834.8861655328799	56	L	58
834.8861655328799	834.9261655328798	18	EH0	58
834.9261655328798	835.0561655328798	58	N	58
835.0561655328798	835.1051655328799	53	JH	58
835.1051655328799	835.3651655328799	38	OY1	58
835.3651655328799	835.6441655328799	16	AY1	58
835.6441655328799	835.9831655328799	62	S	58
835.9831655328799	836.0831655328799	54	K	58
836.0831655328799	836.1131655328799	61	R	58
836.1131655328799	836.2731655328798	32	IY1	58
836.2731655328798	836.3821655328799	57	M	58
836.3821655328799	836.4921655328799	62	S	58
836.4921655328799	836.5221655328799	7	AH1	58
836.5221655328799	836.67216553288	58	N	58
836.67216553288	836.7221655328799	48	D	58
836.7221655328799	837.6230020541145	26	EY2	58
837.6230020541145	838.1226408685857	69	Z	58
854.4918820861678	854.5618820861679	49	DH	57
854.5618820861679	854.6008820861679	6	AH0	57
854.6008820861679	854.6808820861679	57	M	57
854.6808820861679	854.7408820861679	28	IH1	57
854.7408820861679	854.8608820861679	62	S	57
854.8608820861679	854.9508820861679	60	P	57
854.9508820861679	855.0008820861678	61	R	57
855.0008820861678	855.1598820861678	28	IH1	57
855.1598820861678	855.2298820861679	58	N	57
855.2298820861679	855.2698820861679	64	T	57
855.2698820861679	855.3698820861679	74	sp	57
855.3698820861679	855.4488820861679	60	P	57
855.4488820861679	855.5488820861679	61	R	57
855.5488820861679	855.5788820861678	6	AH0	57
855.5788820861678	855.6388820861679	66	V	57
855.6388820861679	855.9678820861678	35	OW1	57
855.9678820861678	856.0378820861679	54	K	57
856.0378820861679	856.2378820861679	64	T	57
856.2378820861679	856.3868820861678	25	EY1	57
856.3868820861678	856.4468820861679	29	IH2	57
856.4468820861679	856.5668820861679	57	M	57
856.5668820861679	856.9158820861678	32	IY1	57
856.9158820861678	856.9558820861678	48	D	57
856.9558820861678	856.9858820861679	31	IY0	57
856.9858820861679	857.0158820861678	6	AH0	57
857.0158820861678	857.0558820861679	64	T	57
857.0558820861679	857.2948820861678	74	sp	57
857.2948820861678	857.3648820861679	48	D	57
857.3648820861679	857.4248820861678	29	IH2	57
857.4248820861678	857.6048820861679	62	S	57
857.6048820861679	857.7038820861678	54	K	57
857.7038820861678	857.8138820861678	56	L	57
857.8138820861678	857.9238820861679	25	EY1	57
857.9238820861679	858.0928820861678	57	M	57
858.0928820861678	858.3028820861679	21	ER0	57
873.2419954648526	873.3219954648525	61	R	56
873.3219954648525	873.4319954648527	16	AY1	56
873.4319954648527	873.4719954648526	64	T	56
873.4719954648526	873.5309954648526	58	N	56
873.5309954648526	873.7209954648526	13	AW1	56
873.7209954648526	873.8609954648525	57	M	56
873.8609954648525	874.1699954648526	25	EY1	56
874.1699954648526	874.5089954648527	46	B	56
874.5089954648527	874.6289954648526	32	IY1	56
874.6289954648526	874.6989954648526	49	DH	56
874.6989954648526	874.7489954648526	6	AH0	56
874.7489954648526	874.8289954648526	46	B	56
874.8289954648526	874.9779954648526	19	EH1	56
874.9779954648526	875.1379954648526	62	S	56
875.1379954648526	875.1679954648525	64	T	56
875.1679954648525	875.2179954648526	64	T	56
875.2179954648526	875.3969954648526	16	AY1	56
875.3969954648526	875.4769954648525	57	M	56
875.4769954648525	875.5469954648526	50	F	56
875.5469954648526	875.6769954648526	21	ER0	56
875.6769954648526	875.7359954648525	46	B	56
875.7359954648525	875.8759954648526	28	IH1	56
875.8759954648526	875.9159954648526	69	Z	56
875.9159954648526	875.9859954648525	58	N	56
875.9859954648525	876.0759954648526	6	AH0	56
876.0759954648526	876.2249954648526	62	S	56
876.2249954648526	876.3349954648526	57	M	56
876.3349954648526	876.4849954648525	22	ER1	56
876.4849954648525	876.6139954648526	53	JH	56
876.6139954648526	876.8939954648527	21	ER0	56
876.8939954648527	877.2029954648526	69	Z	56
