106.25967541253095	106.36	6	AH0	100
106.36	106.41	48	D	100
106.41	106.44	28	IH1	100
106.44	106.58	63	SH	100
106.58	106.61	6	AH0	100
106.61	106.69	58	N	100
106.69	106.739	4	AE1	100
106.739	106.819	58	N	100
106.819	106.849	48	D	100
106.849	106.929	62	S	100
106.929	106.979	6	AH0	100
106.979	107.049	46	B	100
107.049	107.158	64	T	100
107.158	107.188	61	R	100
107.188	107.288	4	AE1	100
107.288	107.348	54	K	100
107.348	107.478	63	SH	100
107.478	107.578	6	AH0	100
107.578	107.687	58	N	100
107.687	107.837	1	AA1	100
107.837	107.897	61	R	100
107.897	107.937	56	L	100
107.937	108.086	22	ER1	100
108.086	108.176	58	N	100
108.176	108.216	48	D	100
108.216	108.356	62	S	100
108.356	108.436	54	K	100
108.436	108.495	28	IH1	100
108.495	108.705	56	L	100
108.705	108.96627789283103	69	Z	100
136.592	136.631	52	HH	41
136.631	136.691	13	AW1	41
136.691	136.801	57	M	41
136.801	136.861	7	AH1	41
136.861	137.051	47	CH	41
137.051	137.08	6	AH0	41
137.08	137.17	56	L	41
137.17	137.34	13	AW1	41
137.34	137.37	6	AH0	41
137.37	137.46	58	N	41
137.46	137.649	62	S	41
137.649	137.699	48	D	41
137.699	137.749	44	UW1	41
137.749	137.919	68	Y	41
137.919	137.958	44	UW1	41
137.958	138.098	51	G	41
138.098	138.358	19	EH1	41
138.358	138.487	64	T	41
152.096	152.256	62	S	42
152.256	152.286	28	IH1	42
152.286	152.386	56	L	42
152.386	152.416	6	AH0	42
152.416	152.485	58	N	42
152.485	152.525	48	D	42
152.525	152.565	27	IH0	42
152.565	152.655	54	K	42
152.655	152.695	6	AH0	42
152.695	152.775	56	L	42
152.775	152.944	60	P	42
152.944	153.014	61	R	42
153.014	153.224	1	AA1	42
153.224	153.254	46	B	42
153.254	153.763	74	sp	42
153.763	153.862	60	P	42
153.862	153.962	61	R	42
153.962	154.052	35	OW1	42
154.052	154.102	51	G	42
154.102	154.152	61	R	42
154.152	154.281	5	AE2	42
154.281	154.371	57	M	42
154.371	154.451	69	Z	42
154.451	154.481	67	W	42
154.481	154.511	6	AH0	42
154.511	154.591	56	L	42
154.591	154.71	58	N	42
154.71	154.77	19	EH1	42
154.77	154.82	66	V	42
154.82	155.159	21	ER0	42
155.159	155.349	74	sp	42
155.349	155.469	54	K	42
155.469	155.499	6	AH0	42
155.499	155.539	57	M	42
155.539	155.618	60	P	42
155.618	155.738	16	AY1	42
155.738	155.818	56	L	42
195.528	195.597	49	DH	43
195.597	195.637	6	AH0	43
195.637	195.757	46	B	43
195.757	195.887	1	AA1	43
195.887	196.066	62	S	43
196.066	196.096	64	T	43
196.096	196.146	6	AH0	43
196.146	196.316	58	N	43
196.316	196.376	46	B	43
196.376	196.465	3	AE0	43
196.465	196.645	56	L	43
196.645	196.875	25	EY1	43
196.875	196.914	74	sp	43
196.914	197.074	35	OW1	43
197.074	197.124	66	V	43
197.124	197.224	21	ER0	43
197.224	197.403	54	K	43
197.403	197.543	25	EY1	43
197.543	197.703	57	M	43
197.703	197.782	49	DH	43
197.782	197.872	19	EH1	43
197.872	197.992	61	R	43
197.992	198.202	50	F	43
198.202	198.311	7	AH1	43
198.311	198.381	58	N	43
198.381	198.421	48	D	43
198.421	198.511	27	IH0	43
198.511	198.66	59	NG	43
198.66	198.8	63	SH	43
198.8	198.87	10	AO1	43
198.87	198.98	61	R	43
198.98	199.259	64	T	43
199.259	199.289	6	AH0	43
199.289	199.499	53	JH	43
210.025	210.134	19	EH1	44
210.134	210.234	66	V	44
210.234	210.264	61	R	44
210.264	210.374	31	IY0	44
210.374	210.524	54	K	44
210.524	210.713	4	AE1	44
210.713	210.753	46	B	44
210.753	210.833	58	N	44
210.833	211.022	32	IY1	44
211.022	211.092	48	D	44
211.092	211.302	69	Z	44
211.302	211.99	74	sp	44
211.99	212.04	61	R	44
212.04	212.17	31	IY0	44
212.17	212.27	60	P	44
212.27	212.429	25	EY1	44
212.429	212.459	58	N	44
212.459	212.549	64	T	44
212.549	212.619	27	IH0	44
212.619	212.768	59	NG	44
212.768	212.908	10	AO1	44
212.908	212.988	50	F	44
212.988	213.078	64	T	44
213.078	213.108	6	AH0	44
213.108	213.257	58	N	44
213.257	213.646	74	sp	44
223.534	223.584	52	HH	45
223.584	223.634	19	EH1	45
223.634	223.753	56	L	45
223.753	223.783	60	P	45
223.783	223.813	51	G	45
223.813	223.953	61	R	45
223.953	224.073	19	EH1	45
224.073	224.153	51	G	45
224.153	224.252	64	T	45
224.252	224.292	6	AH0	45
224.292	224.492	60	P	45
224.492	224.562	16	AY1	45
224.562	225.4	74	sp	45
225.4	225.49	60	P	45
225.49	225.579	28	IH1	45
225.579	225.739	54	K	45
225.739	225.839	6	AH0	45
225.839	226.108	74	sp	45
226.108	226.298	60	P	45
226.298	226.477	19	EH1	45
226.477	226.657	54	K	45
226.657	226.707	6	AH0	45
226.707	226.787	66	V	45
226.787	226.856	74	sp	45
226.856	226.936	60	P	45
226.936	226.976	6	AH0	45
226.976	227.116	64	T	45
227.116	227.335	25	EY1	45
227.335	227.475	64	T	45
227.475	227.515	34	OW0	45
227.515	227.734	69	Z	45
240.366	240.426	67	W	46
240.426	240.585	32	IY1	46
240.585	240.655	56	L	46
240.655	240.805	16	AY1	46
240.805	240.865	54	K	46
240.865	241.004	46	B	46
241.004	241.154	56	L	46
241.154	241.264	44	UW1	46
241.264	241.473	47	CH	46
241.473	241.812	32	IY1	46
241.812	241.972	69	Z	46
241.972	242.012	46	B	46
242.012	242.172	7	AH1	46
242.172	242.212	64	T	46
242.212	242.311	66	V	46
242.311	242.371	28	IH1	46
242.371	242.431	54	K	46
242.431	242.461	64	T	46
242.461	242.581	21	ER0	46
242.581	242.641	56	L	46
242.641	242.77	16	AY1	46
242.77	242.89	54	K	46
242.89	242.99	62	S	46
242.99	243.229	46	B	46
243.229	243.429	61	R	46
243.429	245.364	32	IY1	46
262.825	262.954	54	K	47
262.954	263.084	13	AW1	47
263.084	263.124	58	N	47
263.124	263.164	64	T	47
263.164	263.194	49	DH	47
263.194	263.224	6	AH0	47
263.224	263.334	58	N	47
263.334	263.393	7	AH1	47
263.393	263.503	57	M	47
263.503	263.543	46	B	47
263.543	263.683	21	ER0	47
263.683	263.852	6	AH0	47
263.852	263.882	66	V	47
263.882	264.012	64	T	47
264.012	264.152	32	IY1	47
264.152	264.301	62	S	47
264.301	264.391	60	P	47
264.391	264.471	45	UW2	47
264.471	264.67	58	N	47
264.67	264.88	69	Z	47
264.88	265.139	74	sp	47
265.139	265.279	7	AH1	47
265.279	265.309	66	V	47
265.309	265.499	62	S	47
265.499	265.648	38	OY1	47
265.648	265.858	62	S	47
265.858	266.047	11	AO2	47
266.047	266.277	62	S	47
266.277	266.337	49	DH	47
266.337	266.446	4	AE1	47
266.446	266.476	64	T	47
266.476	266.666	68	Y	47
266.666	266.696	44	UW1	47
266.696	267.095	4	AE1	47
267.095	267.145	48	D	47
267.145	267.364	74	sp	47
277.94	277.99	46	B	48
277.99	278.13	4	AE1	48
278.13	278.19	51	G	48
278.19	278.3	60	P	48
278.3	278.469	17	AY2	48
278.469	278.629	60	P	48
278.629	278.808	62	S	48
278.808	279.068	4	AE1	48
279.068	279.207	58	N	48
279.207	279.237	48	D	48
279.237	279.267	46	B	48
279.267	279.437	1	AA1	48
279.437	279.507	59	NG	48
279.507	279.557	51	G	48
279.557	279.656	36	OW2	48
279.656	279.836	69	Z	48
279.836	279.996	1	AA1	48
279.996	280.026	61	R	48
280.026	280.155	57	M	48
280.155	280.225	68	Y	48
280.225	280.265	44	UW1	48
280.265	280.345	69	Z	48
280.345	280.375	27	IH0	48
280.375	280.415	54	K	48
280.415	280.445	6	AH0	48
280.445	280.594	56	L	48
280.594	280.694	28	IH1	48
280.694	280.734	58	N	48
280.734	280.894	62	S	48
280.894	280.924	64	T	48
280.924	280.953	61	R	48
280.953	280.983	6	AH0	48
280.983	281.053	57	M	48
281.053	281.083	6	AH0	48
281.083	281.273	58	N	48
281.273	281.323	64	T	48
281.323	281.592	62	S	48
313.998	314.068	52	HH	49
314.068	314.178	13	AW1	49
314.178	314.288	51	G	49
314.288	314.358	6	AH0	49
314.358	314.407	48	D	49
314.407	314.477	28	IH1	49
314.477	314.557	69	Z	49
314.557	314.617	68	Y	49
314.617	314.647	41	UH1	49
314.647	314.677	61	R	49
314.677	314.717	19	EH1	49
314.717	314.807	58	N	49
314.807	314.846	48	D	49
314.846	315.026	21	ER0	49
315.026	315.056	6	AH0	49
315.056	315.365	58	N	49
315.365	316.203	62	S	49
316.203	316.553	74	sp	49
323.866	323.986	49	DH	50
323.986	324.056	7	AH1	50
324.056	324.195	18	EH0	50
324.195	324.415	62	S	50
324.415	324.814	25	EY1	50
324.814	325.951	74	sp	50
325.951	326.061	8	AH2	50
326.061	326.121	58	N	50
326.121	326.171	48	D	50
326.171	326.221	6	AH0	50
326.221	326.35	58	N	50
326.35	326.53	16	AY1	50
326.53	326.57	6	AH0	50
326.57	326.65	46	B	50
326.65	326.709	56	L	50
326.709	326.899	31	IY0	50
326.899	326.969	61	R	50
326.969	326.999	6	AH0	50
326.999	327.129	50	F	50
327.129	327.198	56	L	50
327.198	327.318	19	EH1	50
327.318	327.448	54	K	50
327.448	327.677	62	S	50
327.677	327.857	74	sp	50
327.857	327.987	1	AA1	50
327.987	328.066	61	R	50
328.066	328.176	66	V	50
328.176	328.426	68	Y	50
328.426	328.585	44	UW1	50
328.585	328.964	74	sp	50
328.964	329.144	25	EY1	50
329.144	329.224	46	B	50
329.224	329.324	56	L	50
329.324	329.523	31	IY0	50
329.523	329.902	74	sp	50
341.765	341.935	74	sp	51
341.935	342.035	6	AH0	51
342.035	342.164	46	B	51
342.164	342.304	10	AO1	51
342.304	342.364	61	R	51
342.364	342.394	27	IH0	51
342.394	342.524	59	NG	51
342.524	342.553	58	N	51
342.553	342.763	1	AA1	51
342.763	342.813	66	V	51
342.813	342.843	6	AH0	51
342.843	343.082	56	L	51
343.082	343.252	28	IH1	51
343.252	343.531	69	Z	51
343.531	343.771	25	EY1	51
343.771	344.01	62	S	51
344.01	344.04	40	UH0	51
344.04	344.25	60	P	51
344.25	344.499	22	ER1	51
344.499	344.579	46	B	51
344.579	344.599	74	sp	51
344.599	344.848	62	S	51
344.848	344.878	56	L	51
344.878	345.008	32	IY1	51
345.008	345.098	60	P	51
345.098	345.148	27	IH0	51
345.148	345.307	59	NG	51
345.307	345.437	60	P	51
345.437	345.477	28	IH1	51
345.477	345.617	56	L	51
357.031	357.19	10	AO1	52
357.19	357.22	61	R	52
357.22	357.25	6	AH0	52
357.25	357.29	58	N	52
357.29	357.5	53	JH	52
357.5	357.599	53	JH	52
357.599	357.719	44	UW1	52
357.719	357.929	62	S	52
357.929	357.988	64	T	52
357.988	358.118	25	EY1	52
358.118	358.228	62	S	52
358.228	358.258	64	T	52
358.258	358.288	62	S	52
358.288	358.318	50	F	52
358.318	358.397	7	AH1	52
358.397	358.457	58	N	52
358.457	358.557	31	IY0	52
358.557	358.767	4	AE1	52
358.767	358.846	50	F	52
358.846	358.896	64	T	52
358.896	358.986	21	ER0	52
358.986	359.126	64	T	52
359.126	359.176	44	UW1	52
359.176	359.236	65	TH	52
359.236	359.355	60	P	52
359.355	359.525	26	EY2	52
359.525	359.794	62	S	52
359.794	359.854	64	T	52
359.854	360.213	74	sp	52
369.373	369.442	74	sp	75
369.442	369.981	25	EY1	75
369.981	370.111	67	W	75
370.111	370.141	28	IH1	75
370.141	370.48	56	L	75
370.48	370.51	6	AH0	75
370.51	370.55	67	W	75
370.55	371.069	31	IY0	75
371.069	371.099	73	ns	75
371.099	371.129	72	lg	75
371.129	371.448	49	DH	75
371.448	371.937	7	AH1	75
371.937	372.545	74	sp	75
372.545	372.765	67	W	75
372.765	372.825	28	IH1	75
372.825	373.084	56	L	75
373.084	373.334	6	AH0	75
373.334	373.393	67	W	75
373.393	373.663	31	IY0	75
373.663	374.581	74	sp	75
374.581	374.651	67	W	75
374.651	374.68	28	IH1	75
374.68	375.159	56	L	75
375.159	375.209	6	AH0	75
375.209	375.499	67	W	75
375.499	375.658	31	IY0	75
375.658	376.117	74	sp	75
376.117	376.167	49	DH	75
376.167	376.217	6	AH0	75
376.217	376.397	67	W	75
376.397	376.446	28	IH1	75
376.446	376.556	56	L	75
376.556	376.646	6	AH0	75
376.646	376.726	67	W	75
376.726	376.875	31	IY0	75
376.875	377.015	67	W	75
377.015	377.075	41	UH1	75
377.075	377.205	57	M	75
377.205	377.314	6	AH0	75
377.314	377.374	58	N	75
377.374	377.404	67	W	75
377.404	377.674	10	AO1	75
377.674	377.753	61	R	75
377.753	377.883	25	EY1	75
377.883	378.013	57	M	75
378.013	378.123	7	AH1	75
378.123	378.282	62	S	75
378.282	378.372	54	K	75
378.372	378.402	61	R	75
378.402	378.542	5	AE2	75
378.542	378.572	64	T	75
378.572	378.781	54	K	75
378.781	378.961	35	OW1	75
378.961	378.991	64	T	75
405.061	405.151	54	K	54
405.151	405.211	32	IY1	54
405.211	405.241	64	T	54
405.241	405.271	34	OW0	54
405.271	405.56	74	sp	54
405.56	405.6	49	DH	54
405.6	405.64	6	AH0	54
405.64	405.71	57	M	54
405.71	405.75	19	EH1	54
405.75	405.89	62	S	54
405.89	405.989	54	K	54
405.989	406.159	33	IY2	54
406.159	406.189	64	T	54
406.189	406.219	67	W	54
406.219	406.289	6	AH0	54
406.289	406.378	69	Z	54
406.378	406.428	61	R	54
406.428	406.458	31	IY0	54
406.458	406.578	64	T	54
406.578	406.608	61	R	54
406.608	406.728	4	AE1	54
406.728	406.797	54	K	54
406.797	406.837	64	T	54
406.837	406.917	6	AH0	54
406.917	406.947	48	D	54
406.947	406.987	67	W	54
406.987	407.057	6	AH0	54
407.057	407.107	49	DH	54
407.107	407.226	6	AH0	54
407.226	407.266	58	N	54
407.266	407.296	6	AH0	54
407.296	407.336	60	P	54
407.336	407.536	1	AA1	54
407.536	407.566	56	L	54
407.566	407.606	6	AH0	54
407.606	407.636	53	JH	54
407.636	407.815	31	IY0	54
435.273	435.462	16	AY1	55
435.462	435.642	53	JH	55
435.642	435.702	6	AH0	55
435.702	435.762	62	S	55
435.762	435.792	64	T	55
435.792	435.941	62	S	55
435.941	436.39	10	AO1	55
436.39	436.47	53	JH	55
436.47	436.769	28	IH1	55
436.769	436.829	57	M	55
436.829	436.969	58	N	55
436.969	437.208	28	IH1	55
437.208	437.508	61	R	55
437.508	438.276	74	sp	55
438.276	438.436	49	DH	55
438.436	438.475	6	AH0	55
438.475	438.625	58	N	55
438.625	438.775	68	Y	55
438.775	439.044	44	UW1	55
439.044	439.184	2	AA2	55
439.184	439.324	61	R	55
439.324	439.453	54	K	55
439.453	439.493	6	AH0	55
439.493	439.603	64	T	55
439.603	439.693	19	EH1	55
439.693	439.792	54	K	55
439.792	439.982	47	CH	55
439.982	440.022	21	ER0	55
440.022	440.062	6	AH0	55
440.062	440.431	56	L	55
440.431	441.099	74	sp	55
441.099	441.179	57	M	55
441.179	441.319	68	Y	55
441.319	441.349	43	UW0	55
441.349	441.449	69	Z	55
441.449	441.618	32	IY1	55
441.618	441.758	6	AH0	55
441.758	441.898	57	M	55
468.547	468.627	61	R	56
468.627	468.737	16	AY1	56
468.737	468.777	64	T	56
468.777	468.836	58	N	56
468.836	469.026	13	AW1	56
469.026	469.166	57	M	56
469.166	469.475	25	EY1	56
469.475	469.814	46	B	56
469.814	469.934	32	IY1	56
469.934	470.004	49	DH	56
470.004	470.054	6	AH0	56
470.054	470.134	46	B	56
470.134	470.283	19	EH1	56
470.283	470.443	62	S	56
470.443	470.473	64	T	56
470.473	470.523	64	T	56
470.523	470.702	16	AY1	56
470.702	470.782	57	M	56
470.782	470.852	50	F	56
470.852	470.982	21	ER0	56
470.982	471.041	46	B	56
471.041	471.181	28	IH1	56
471.181	471.221	69	Z	56
471.221	471.291	58	N	56
471.291	471.381	6	AH0	56
471.381	471.53	62	S	56
471.53	471.64	57	M	56
471.64	471.79	22	ER1	56
471.79	471.919	53	JH	56
471.919	472.199	21	ER0	56
472.199	472.508	69	Z	56
483.703	483.773	49	DH	57
483.773	483.812	6	AH0	57
483.812	483.892	57	M	57
483.892	483.952	28	IH1	57
483.952	484.072	62	S	57
484.072	484.162	60	P	57
484.162	484.212	61	R	57
484.212	484.371	28	IH1	57
484.371	484.441	58	N	57
484.441	484.481	64	T	57
484.481	484.581	74	sp	57
484.581	484.66	60	P	57
484.66	484.76	61	R	57
484.76	484.79	6	AH0	57
484.79	484.85	66	V	57
484.85	485.179	35	OW1	57
485.179	485.249	54	K	57
485.249	485.449	64	T	57
485.449	485.598	25	EY1	57
485.598	485.658	29	IH2	57
485.658	485.778	57	M	57
485.778	486.127	32	IY1	57
486.127	486.167	48	D	57
486.167	486.197	31	IY0	57
486.197	486.227	6	AH0	57
486.227	486.267	64	T	57
486.267	486.506	74	sp	57
486.506	486.576	48	D	57
486.576	486.636	29	IH2	57
486.636	486.816	62	S	57
486.816	486.915	54	K	57
486.915	487.025	56	L	57
487.025	487.135	25	EY1	57
487.135	487.304	57	M	57
487.304	487.514	21	ER0	57
499.407	499.497	49	DH	58
499.497	499.656	25	EY1	58
499.656	499.796	10	AO1	58
499.796	499.886	56	L	58
499.886	499.926	18	EH0	58
499.926	500.056	58	N	58
500.056	500.105	53	JH	58
500.105	500.365	38	OY1	58
500.365	500.644	16	AY1	58
500.644	500.983	62	S	58
500.983	501.083	54	K	58
501.083	501.113	61	R	58
501.113	501.273	32	IY1	58
501.273	501.382	57	M	58
501.382	501.492	62	S	58
501.492	501.522	7	AH1	58
501.522	501.672	58	N	58
501.672	501.722	48	D	58
501.722	502.6228365212346	26	EY2	58
502.6228365212346	503.12247533570576	69	Z	58
514.682	515.012	74	sp	59
515.012	515.171	48	D	59
515.171	515.441	44	UW1	59
515.441	515.47	24	EY0	59
515.47	515.51	64	T	59
515.51	515.83	28	IH1	59
515.83	515.969	60	P	59
515.969	516.129	27	IH0	59
516.129	516.239	54	K	59
516.239	516.269	6	AH0	59
516.269	516.339	56	L	59
516.339	516.528	50	F	59
516.528	516.658	1	AA1	59
516.658	516.688	61	R	59
516.688	516.807	57	M	59
516.807	517.007	21	ER0	59
517.007	517.157	69	Z	59
517.157	517.217	51	G	59
517.217	517.336	61	R	59
517.336	517.646	35	OW1	59
517.646	517.675	74	sp	59
517.675	517.935	35	OW1	59
517.935	518.085	64	T	59
518.085	518.454	62	S	59
