106.25967541253095	106.36	6	AH0	100
106.36	106.41	48	D	100
106.41	106.44	28	IH1	100
106.44	106.58	63	SH	100
106.58	106.61	6	AH0	100
106.61	106.69	58	N	100
106.69	106.739	4	AE1	100
106.739	106.819	58	N	100
106.819	106.849	48	D	100
106.849	106.929	62	S	100
106.929	106.979	6	AH0	100
106.979	107.049	46	B	100
107.049	107.158	64	T	100
107.158	107.188	61	R	100
107.188	107.288	4	AE1	100
107.288	107.348	54	K	100
107.348	107.478	63	SH	100
107.478	107.578	6	AH0	100
107.578	107.687	58	N	100
107.687	107.837	1	AA1	100
107.837	107.897	61	R	100
107.897	107.937	56	L	100
107.937	108.086	22	ER1	100
108.086	108.176	58	N	100
108.176	108.216	48	D	100
108.216	108.356	62	S	100
108.356	108.436	54	K	100
108.436	108.495	28	IH1	100
108.495	108.705	56	L	100
108.705	108.96627789283103	69	Z	100
136.592	136.631	52	HH	41
136.631	136.691	13	AW1	41
136.691	136.801	57	M	41
136.801	136.861	7	AH1	41
136.861	137.051	47	CH	41
137.051	137.08	6	AH0	41
137.08	137.17	56	L	41
137.17	137.34	13	AW1	41
137.34	137.37	6	AH0	41
137.37	137.46	58	N	41
137.46	137.649	62	S	41
137.649	137.699	48	D	41
137.699	137.749	44	UW1	41
137.749	137.919	68	Y	41
137.919	137.958	44	UW1	41
137.958	138.098	51	G	41
138.098	138.358	19	EH1	41
138.358	138.487	64	T	41
152.096	152.256	62	S	42
152.256	152.286	28	IH1	42
152.286	152.386	56	L	42
152.386	152.416	6	AH0	42
152.416	152.485	58	N	42
152.485	152.525	48	D	42
152.525	152.565	27	IH0	42
152.565	152.655	54	K	42
152.655	152.695	6	AH0	42
152.695	152.775	56	L	42
152.775	152.944	60	P	42
152.944	153.014	61	R	42
153.014	153.224	1	AA1	42
153.224	153.254	46	B	42
153.254	153.763	74	sp	42
153.763	153.862	60	P	42
153.862	153.962	61	R	42
153.962	154.052	35	OW1	42
154.052	154.102	51	G	42
154.102	154.152	61	R	42
154.152	154.281	5	AE2	42
154.281	154.371	57	M	42
154.371	154.451	69	Z	42
154.451	154.481	67	W	42
154.481	154.511	6	AH0	42
154.511	154.591	56	L	42
154.591	154.71	58	N	42
154.71	154.77	19	EH1	42
154.77	154.82	66	V	42
154.82	155.159	21	ER0	42
155.159	155.349	74	sp	42
155.349	155.469	54	K	42
155.469	155.499	6	AH0	42
155.499	155.539	57	M	42
155.539	155.618	60	P	42
155.618	155.738	16	AY1	42
155.738	155.818	56	L	42
195.528	195.597	49	DH	43
195.597	195.637	6	AH0	43
195.637	195.757	46	B	43
195.757	195.887	1	AA1	43
195.887	196.066	62	S	43
196.066	196.096	64	T	43
196.096	196.146	6	AH0	43
196.146	196.316	58	N	43
196.316	196.376	46	B	43
196.376	196.465	3	AE0	43
196.465	196.645	56	L	43
196.645	196.875	25	EY1	43
196.875	196.914	74	sp	43
196.914	197.074	35	OW1	43
197.074	197.124	66	V	43
197.124	197.224	21	ER0	43
197.224	197.403	54	K	43
197.403	197.543	25	EY1	43
197.543	197.703	57	M	43
197.703	197.782	49	DH	43
197.782	197.872	19	EH1	43
197.872	197.992	61	R	43
197.992	198.202	50	F	43
198.202	198.311	7	AH1	43
198.311	198.381	58	N	43
198.381	198.421	48	D	43
198.421	198.511	27	IH0	43
198.511	198.66	59	NG	43
198.66	198.8	63	SH	43
198.8	198.87	10	AO1	43
198.87	198.98	61	R	43
198.98	199.259	64	T	43
199.259	199.289	6	AH0	43
199.289	199.499	53	JH	43
210.025	210.134	19	EH1	44
210.134	210.234	66	V	44
210.234	210.264	61	R	44
210.264	210.374	31	IY0	44
210.374	210.524	54	K	44
210.524	210.713	4	AE1	44
210.713	210.753	46	B	44
210.753	210.833	58	N	44
210.833	211.022	32	IY1	44
211.022	211.092	48	D	44
211.092	211.302	69	Z	44
211.302	211.99	74	sp	44
211.99	212.04	61	R	44
212.04	212.17	31	IY0	44
212.17	212.27	60	P	44
212.27	212.429	25	EY1	44
212.429	212.459	58	N	44
212.459	212.549	64	T	44
212.549	212.619	27	IH0	44
212.619	212.768	59	NG	44
212.768	212.908	10	AO1	44
212.908	212.988	50	F	44
212.988	213.078	64	T	44
213.078	213.108	6	AH0	44
213.108	213.257	58	N	44
213.257	213.646	74	sp	44
223.534	223.584	52	HH	45
223.584	223.634	19	EH1	45
223.634	223.753	56	L	45
223.753	223.783	60	P	45
223.783	223.813	51	G	45
223.813	223.953	61	R	45
223.953	224.073	19	EH1	45
224.073	224.153	51	G	45
224.153	224.252	64	T	45
224.252	224.292	6	AH0	45
224.292	224.492	60	P	45
224.492	224.562	16	AY1	45
224.562	225.4	74	sp	45
225.4	225.49	60	P	45
225.49	225.579	28	IH1	45
225.579	225.739	54	K	45
225.739	225.839	6	AH0	45
225.839	226.108	74	sp	45
226.108	226.298	60	P	45
226.298	226.477	19	EH1	45
226.477	226.657	54	K	45
226.657	226.707	6	AH0	45
226.707	226.787	66	V	45
226.787	226.856	74	sp	45
226.856	226.936	60	P	45
226.936	226.976	6	AH0	45
226.976	227.116	64	T	45
227.116	227.335	25	EY1	45
227.335	227.475	64	T	45
227.475	227.515	34	OW0	45
227.515	227.734	69	Z	45
240.366	240.426	67	W	46
240.426	240.585	32	IY1	46
240.585	240.655	56	L	46
240.655	240.805	16	AY1	46
240.805	240.865	54	K	46
240.865	241.004	46	B	46
241.004	241.154	56	L	46
241.154	241.264	44	UW1	46
241.264	241.473	47	CH	46
241.473	241.812	32	IY1	46
241.812	241.972	69	Z	46
241.972	242.012	46	B	46
242.012	242.172	7	AH1	46
242.172	242.212	64	T	46
242.212	242.311	66	V	46
242.311	242.371	28	IH1	46
242.371	242.431	54	K	46
242.431	242.461	64	T	46
242.461	242.581	21	ER0	46
242.581	242.641	56	L	46
242.641	242.77	16	AY1	46
242.77	242.89	54	K	46
242.89	242.99	62	S	46
242.99	243.229	46	B	46
243.229	243.429	61	R	46
243.429	245.364	32	IY1	46
262.825	262.954	54	K	47
262.954	263.084	13	AW1	47
263.084	263.124	58	N	47
263.124	263.164	64	T	47
263.164	263.194	49	DH	47
263.194	263.224	6	AH0	47
263.224	263.334	58	N	47
263.334	263.393	7	AH1	47
263.393	263.503	57	M	47
263.503	263.543	46	B	47
263.543	263.683	21	ER0	47
263.683	263.852	6	AH0	47
263.852	263.882	66	V	47
263.882	264.012	64	T	47
264.012	264.152	32	IY1	47
264.152	264.301	62	S	47
264.301	264.391	60	P	47
264.391	264.471	45	UW2	47
264.471	264.67	58	N	47
264.67	264.88	69	Z	47
264.88	265.139	74	sp	47
265.139	265.279	7	AH1	47
265.279	265.309	66	V	47
265.309	265.499	62	S	47
265.499	265.648	38	OY1	47
265.648	265.858	62	S	47
265.858	266.047	11	AO2	47
266.047	266.277	62	S	47
266.277	266.337	49	DH	47
266.337	266.446	4	AE1	47
266.446	266.476	64	T	47
266.476	266.666	68	Y	47
266.666	266.696	44	UW1	47
266.696	267.095	4	AE1	47
267.095	267.145	48	D	47
267.145	267.364	74	sp	47
277.94	277.99	46	B	48
277.99	278.13	4	AE1	48
278.13	278.19	51	G	48
278.19	278.3	60	P	48
278.3	278.469	17	AY2	48
278.469	278.629	60	P	48
278.629	278.808	62	S	48
278.808	279.068	4	AE1	48
279.068	279.207	58	N	48
279.207	279.237	48	D	48
279.237	279.267	46	B	48
279.267	279.437	1	AA1	48
279.437	279.507	59	NG	48
279.507	279.557	51	G	48
279.557	279.656	36	OW2	48
279.656	279.836	69	Z	48
279.836	279.996	1	AA1	48
279.996	280.026	61	R	48
280.026	280.155	57	M	48
280.155	280.225	68	Y	48
280.225	280.265	44	UW1	48
280.265	280.345	69	Z	48
280.345	280.375	27	IH0	48
280.375	280.415	54	K	48
280.415	280.445	6	AH0	48
280.445	280.594	56	L	48
280.594	280.694	28	IH1	48
280.694	280.734	58	N	48
280.734	280.894	62	S	48
280.894	280.924	64	T	48
280.924	280.953	61	R	48
280.953	280.983	6	AH0	48
280.983	281.053	57	M	48
281.053	281.083	6	AH0	48
281.083	281.273	58	N	48
281.273	281.323	64	T	48
281.323	281.592	62	S	48
313.998	314.068	52	HH	49
314.068	314.178	13	AW1	49
314.178	314.288	51	G	49
314.288	314.358	6	AH0	49
314.358	314.407	48	D	49
314.407	314.477	28	IH1	49
314.477	314.557	69	Z	49
314.557	314.617	68	Y	49
314.617	314.647	41	UH1	49
314.647	314.677	61	R	49
314.677	314.717	19	EH1	49
314.717	314.807	58	N	49
314.807	314.846	48	D	49
314.846	315.026	21	ER0	49
315.026	315.056	6	AH0	49
315.056	315.365	58	N	49
315.365	316.203	62	S	49
316.203	316.553	74	sp	49
323.866	323.986	49	DH	50
323.986	324.056	7	AH1	50
324.056	324.195	18	EH0	50
324.195	324.415	62	S	50
324.415	324.814	25	EY1	50
324.814	325.951	74	sp	50
325.951	326.061	8	AH2	50
326.061	326.121	58	N	50
326.121	326.171	48	D	50
326.171	326.221	6	AH0	50
326.221	326.35	58	N	50
326.35	326.53	16	AY1	50
326.53	326.57	6	AH0	50
326.57	326.65	46	B	50
326.65	326.709	56	L	50
326.709	326.899	31	IY0	50
326.899	326.969	61	R	50
326.969	326.999	6	AH0	50
326.999	327.129	50	F	50
327.129	327.198	56	L	50
327.198	327.318	19	EH1	50
327.318	327.448	54	K	50
327.448	327.677	62	S	50
327.677	327.857	74	sp	50
327.857	327.987	1	AA1	50
327.987	328.066	61	R	50
328.066	328.176	66	V	50
328.176	328.426	68	Y	50
328.426	328.585	44	UW1	50
328.585	328.964	74	sp	50
328.964	329.144	25	EY1	50
329.144	329.224	46	B	50
329.224	329.324	56	L	50
329.324	329.523	31	IY0	50
329.523	329.902	74	sp	50
341.765	341.935	74	sp	51
341.935	342.035	6	AH0	51
342.035	342.164	46	B	51
342.164	342.304	10	AO1	51
342.304	342.364	61	R	51
342.364	342.394	27	IH0	51
342.394	342.524	59	NG	51
342.524	342.553	58	N	51
342.553	342.763	1	AA1	51
342.763	342.813	66	V	51
342.813	342.843	6	AH0	51
342.843	343.082	56	L	51
343.082	343.252	28	IH1	51
343.252	343.531	69	Z	51
343.531	343.771	25	EY1	51
343.771	344.01	62	S	51
344.01	344.04	40	UH0	51
344.04	344.25	60	P	51
344.25	344.499	22	ER1	51
344.499	344.579	46	B	51
344.579	344.599	74	sp	51
344.599	344.848	62	S	51
344.848	344.878	56	L	51
344.878	345.008	32	IY1	51
345.008	345.098	60	P	51
345.098	345.148	27	IH0	51
345.148	345.307	59	NG	51
345.307	345.437	60	P	51
345.437	345.477	28	IH1	51
345.477	345.617	56	L	51
357.031	357.19	10	AO1	52
357.19	357.22	61	R	52
357.22	357.25	6	AH0	52
357.25	357.29	58	N	52
357.29	357.5	53	JH	52
357.5	357.599	53	JH	52
357.599	357.719	44	UW1	52
357.719	357.929	62	S	52
357.929	357.988	64	T	52
357.988	358.118	25	EY1	52
358.118	358.228	62	S	52
358.228	358.258	64	T	52
358.258	358.288	62	S	52
358.288	358.318	50	F	52
358.318	358.397	7	AH1	52
358.397	358.457	58	N	52
358.457	358.557	31	IY0	52
358.557	358.767	4	AE1	52
358.767	358.846	50	F	52
358.846	358.896	64	T	52
358.896	358.986	21	ER0	52
358.986	359.126	64	T	52
359.126	359.176	44	UW1	52
359.176	359.236	65	TH	52
359.236	359.355	60	P	52
359.355	359.525	26	EY2	52
359.525	359.794	62	S	52
359.794	359.854	64	T	52
359.854	360.213	74	sp	52
369.373	369.442	74	sp	75
369.442	369.981	25	EY1	75
369.981	370.111	67	W	75
370.111	370.141	28	IH1	75
370.141	370.48	56	L	75
370.48	370.51	6	AH0	75
370.51	370.55	67	W	75
370.55	371.069	31	IY0	75
371.069	371.099	73	ns	75
371.099	371.129	72	lg	75
371.129	371.448	49	DH	75
371.448	371.937	7	AH1	75
371.937	372.545	74	sp	75
372.545	372.765	67	W	75
372.765	372.825	28	IH1	75
372.825	373.084	56	L	75
373.084	373.334	6	AH0	75
373.334	373.393	67	W	75
373.393	373.663	31	IY0	75
373.663	374.581	74	sp	75
374.581	374.651	67	W	75
374.651	374.68	28	IH1	75
374.68	375.159	56	L	75
375.159	375.209	6	AH0	75
375.209	375.499	67	W	75
375.499	375.658	31	IY0	75
375.658	376.117	74	sp	75
376.117	376.167	49	DH	75
376.167	376.217	6	AH0	75
376.217	376.397	67	W	75
376.397	376.446	28	IH1	75
376.446	376.556	56	L	75
376.556	376.646	6	AH0	75
376.646	376.726	67	W	75
376.726	376.875	31	IY0	75
376.875	377.015	67	W	75
377.015	377.075	41	UH1	75
377.075	377.205	57	M	75
377.205	377.314	6	AH0	75
377.314	377.374	58	N	75
377.374	377.404	67	W	75
377.404	377.674	10	AO1	75
377.674	377.753	61	R	75
377.753	377.883	25	EY1	75
377.883	378.013	57	M	75
378.013	378.123	7	AH1	75
378.123	378.282	62	S	75
378.282	378.372	54	K	75
378.372	378.402	61	R	75
378.402	378.542	5	AE2	75
378.542	378.572	64	T	75
378.572	378.781	54	K	75
378.781	378.961	35	OW1	75
378.961	378.991	64	T	75
405.061	405.151	54	K	54
405.151	405.211	32	IY1	54
405.211	405.241	64	T	54
405.241	405.271	34	OW0	54
405.271	405.56	74	sp	54
405.56	405.6	49	DH	54
405.6	405.64	6	AH0	54
405.64	405.71	57	M	54
405.71	405.75	19	EH1	54
405.75	405.89	62	S	54
405.89	405.989	54	K	54
405.989	406.159	33	IY2	54
406.159	406.189	64	T	54
406.189	406.219	67	W	54
406.219	406.289	6	AH0	54
406.289	406.378	69	Z	54
406.378	406.428	61	R	54
406.428	406.458	31	IY0	54
406.458	406.578	64	T	54
406.578	406.608	61	R	54
406.608	406.728	4	AE1	54
406.728	406.797	54	K	54
406.797	406.837	64	T	54
406.837	406.917	6	AH0	54
406.917	406.947	48	D	54
406.947	406.987	67	W	54
406.987	407.057	6	AH0	54
407.057	407.107	49	DH	54
407.107	407.226	6	AH0	54
407.226	407.266	58	N	54
407.266	407.296	6	AH0	54
407.296	407.336	60	P	54
407.336	407.536	1	AA1	54
407.536	407.566	56	L	54
407.566	407.606	6	AH0	54
407.606	407.636	53	JH	54
407.636	407.815	31	IY0	54
435.273	435.462	16	AY1	55
435.462	435.642	53	JH	55
435.642	435.702	6	AH0	55
435.702	435.762	62	S	55
435.762	435.792	64	T	55
435.792	435.941	62	S	55
435.941	436.39	10	AO1	55
436.39	436.47	53	JH	55
436.47	436.769	28	IH1	55
436.769	436.829	57	M	55
436.829	436.969	58	N	55
436.969	437.208	28	IH1	55
437.208	437.508	61	R	55
437.508	438.276	74	sp	55
438.276	438.436	49	DH	55
438.436	438.475	6	AH0	55
438.475	438.625	58	N	55
438.625	438.775	68	Y	55
438.775	439.044	44	UW1	55
439.044	439.184	2	AA2	55
439.184	439.324	61	R	55
439.324	439.453	54	K	55
439.453	439.493	6	AH0	55
439.493	439.603	64	T	55
439.603	439.693	19	EH1	55
439.693	439.792	54	K	55
439.792	439.982	47	CH	55
439.982	440.022	21	ER0	55
440.022	440.062	6	AH0	55
440.062	440.431	56	L	55
440.431	441.099	74	sp	55
441.099	441.179	57	M	55
441.179	441.319	68	Y	55
441.319	441.349	43	UW0	55
441.349	441.449	69	Z	55
441.449	441.618	32	IY1	55
441.618	441.758	6	AH0	55
441.758	441.898	57	M	55
468.547	468.627	61	R	56
468.627	468.737	16	AY1	56
468.737	468.777	64	T	56
468.777	468.836	58	N	56
468.836	469.026	13	AW1	56
469.026	469.166	57	M	56
469.166	469.475	25	EY1	56
469.475	469.814	46	B	56
469.814	469.934	32	IY1	56
469.934	470.004	49	DH	56
470.004	470.054	6	AH0	56
470.054	470.134	46	B	56
470.134	470.283	19	EH1	56
470.283	470.443	62	S	56
470.443	470.473	64	T	56
470.473	470.523	64	T	56
470.523	470.702	16	AY1	56
470.702	470.782	57	M	56
470.782	470.852	50	F	56
470.852	470.982	21	ER0	56
470.982	471.041	46	B	56
471.041	471.181	28	IH1	56
471.181	471.221	69	Z	56
471.221	471.291	58	N	56
471.291	471.381	6	AH0	56
471.381	471.53	62	S	56
471.53	471.64	57	M	56
471.64	471.79	22	ER1	56
471.79	471.919	53	JH	56
471.919	472.199	21	ER0	56
472.199	472.508	69	Z	56
483.703	483.773	49	DH	57
483.773	483.812	6	AH0	57
483.812	483.892	57	M	57
483.892	483.952	28	IH1	57
483.952	484.072	62	S	57
484.072	484.162	60	P	57
484.162	484.212	61	R	57
484.212	484.371	28	IH1	57
484.371	484.441	58	N	57
484.441	484.481	64	T	57
484.481	484.581	74	sp	57
484.581	484.66	60	P	57
484.66	484.76	61	R	57
484.76	484.79	6	AH0	57
484.79	484.85	66	V	57
484.85	485.179	35	OW1	57
485.179	485.249	54	K	57
485.249	485.449	64	T	57
485.449	485.598	25	EY1	57
485.598	485.658	29	IH2	57
485.658	485.778	57	M	57
485.778	486.127	32	IY1	57
486.127	486.167	48	D	57
486.167	486.197	31	IY0	57
486.197	486.227	6	AH0	57
486.227	486.267	64	T	57
486.267	486.506	74	sp	57
486.506	486.576	48	D	57
486.576	486.636	29	IH2	57
486.636	486.816	62	S	57
486.816	486.915	54	K	57
486.915	487.025	56	L	57
487.025	487.135	25	EY1	57
487.135	487.304	57	M	57
487.304	487.514	21	ER0	57
499.407	499.497	49	DH	58
499.497	499.656	25	EY1	58
499.656	499.796	10	AO1	58
499.796	499.886	56	L	58
499.886	499.926	18	EH0	58
499.926	500.056	58	N	58
500.056	500.105	53	JH	58
500.105	500.365	38	OY1	58
500.365	500.644	16	AY1	58
500.644	500.983	62	S	58
500.983	501.083	54	K	58
501.083	501.113	61	R	58
501.113	501.273	32	IY1	58
501.273	501.382	57	M	58
501.382	501.492	62	S	58
501.492	501.522	7	AH1	58
501.522	501.672	58	N	58
501.672	501.722	48	D	58
501.722	502.6228365212346	26	EY2	58
502.6228365212346	503.12247533570576	69	Z	58
514.682	515.012	74	sp	59
515.012	515.171	48	D	59
515.171	515.441	44	UW1	59
515.441	515.47	24	EY0	59
515.47	515.51	64	T	59
515.51	515.83	28	IH1	59
515.83	515.969	60	P	59
515.969	516.129	27	IH0	59
516.129	516.239	54	K	59
516.239	516.269	6	AH0	59
516.269	516.339	56	L	59
516.339	516.528	50	F	59
516.528	516.658	1	AA1	59
516.658	516.688	61	R	59
516.688	516.807	57	M	59
516.807	517.007	21	ER0	59
517.007	517.157	69	Z	59
517.157	517.217	51	G	59
517.217	517.336	61	R	59
517.336	517.646	35	OW1	59
517.646	517.675	74	sp	59
517.675	517.935	35	OW1	59
517.935	518.085	64	T	59
518.085	518.454	62	S	59
550.96	551.0	6	AH0	100
551.0	551.07	48	D	100
551.07	551.129	28	IH1	100
551.129	551.259	63	SH	100
551.259	551.299	6	AH0	100
551.299	551.329	58	N	100
551.329	551.399	6	AH0	100
551.399	551.459	58	N	100
551.459	551.489	48	D	100
551.489	551.588	62	S	100
551.588	551.638	6	AH0	100
551.638	551.668	46	B	100
551.668	551.808	64	T	100
551.808	551.838	61	R	100
551.838	551.948	4	AE1	100
551.948	552.017	54	K	100
552.017	552.127	63	SH	100
552.127	552.167	6	AH0	100
552.167	552.267	58	N	100
552.267	552.446	1	AA1	100
552.446	552.476	61	R	100
552.476	552.566	56	L	100
552.566	552.716	22	ER1	100
552.716	552.806	58	N	100
552.806	552.846	48	D	100
552.846	553.045	62	S	100
553.045	553.125	54	K	100
553.125	553.265	28	IH1	100
553.265	553.494	56	L	100
553.494	553.714	69	Z	100
570.126	570.156	52	HH	41
570.156	570.296	13	AW1	41
570.296	570.326	57	M	41
570.326	570.396	7	AH1	41
570.396	570.555	47	CH	41
570.555	570.585	6	AH0	41
570.585	570.645	56	L	41
570.645	570.805	13	AW1	41
570.805	570.835	6	AH0	41
570.835	570.865	58	N	41
570.865	571.014	62	S	41
571.014	571.074	48	D	41
571.074	571.114	44	UW1	41
571.114	571.264	68	Y	41
571.264	571.324	44	UW1	41
571.324	571.463	51	G	41
571.463	571.643	28	IH1	41
571.643	571.683	64	T	41
583.745	584.124	74	sp	42
584.124	584.314	62	S	42
584.314	584.344	6	AH0	42
584.344	584.434	56	L	42
584.434	584.464	28	IH1	42
584.464	584.623	58	N	42
584.623	584.653	48	D	42
584.653	584.693	61	R	42
584.693	584.723	27	IH0	42
584.723	584.773	54	K	42
584.773	584.803	6	AH0	42
584.803	585.002	56	L	42
585.002	585.152	60	P	42
585.152	585.252	61	R	42
585.252	585.342	35	OW1	42
585.342	585.382	51	G	42
585.382	585.421	61	R	42
585.421	585.621	5	AE2	42
585.621	585.751	57	M	42
585.751	585.9	69	Z	42
585.9	585.94	67	W	42
585.94	585.97	6	AH0	42
585.97	586.0	56	L	42
586.0	586.1	58	N	42
586.1	586.15	19	EH1	42
586.15	586.22	66	V	42
586.22	586.379	21	ER0	42
586.379	586.519	46	B	42
586.519	586.848	31	IY0	42
586.848	587.337	74	sp	42
587.337	587.377	67	W	42
587.377	587.417	6	AH0	42
587.417	587.686	56	L	42
587.686	588.195	74	sp	42
588.195	588.634	58	N	42
588.634	588.704	19	EH1	42
588.704	588.784	66	V	42
588.784	588.934	21	ER0	42
588.934	589.0060479631718	54	K	42
589.0060479631718	589.0387468384645	6	AH0	42
589.0387468384645	589.0812553763449	57	M	42
589.0812553763449	589.1348815318247	60	P	42
589.1348815318247	589.2473656628313	16	AY1	42
589.2473656628313	589.523489645119	56	L	42
602.616	602.646	49	DH	43
602.646	602.676	6	AH0	43
602.676	602.766	46	B	43
602.766	602.885	1	AA1	43
602.885	603.035	62	S	43
603.035	603.065	64	T	43
603.065	603.095	6	AH0	43
603.095	603.205	58	N	43
603.205	603.245	46	B	43
603.245	603.295	3	AE0	43
603.295	603.434	56	L	43
603.434	603.534	25	EY1	43
603.534	603.714	35	OW1	43
603.714	603.743	66	V	43
603.743	603.883	21	ER0	43
603.883	604.033	54	K	43
604.033	604.202	25	EY1	43
604.202	604.302	57	M	43
604.302	604.372	49	DH	43
604.372	604.432	19	EH1	43
604.432	604.472	61	R	43
604.472	604.592	50	F	43
604.592	604.691	7	AH1	43
604.691	604.781	58	N	43
604.781	604.811	48	D	43
604.811	604.841	27	IH0	43
604.841	604.931	59	NG	43
604.931	605.021	63	SH	43
605.021	605.08	10	AO1	43
605.08	605.17	61	R	43
605.17	605.2220779280709	64	T	43
605.2220779280709	605.3941598017508	6	AH0	43
605.3941598017508	605.5833187816658	53	JH	43
614.669	614.758	19	EH1	44
614.758	614.818	66	V	44
614.818	614.868	61	R	44
614.868	614.978	31	IY0	44
614.978	615.118	54	K	44
615.118	615.387	4	AE1	44
615.387	615.437	46	B	44
615.437	615.567	58	N	44
615.567	615.786	32	IY1	44
615.786	615.866	48	D	44
615.866	615.936	69	Z	44
615.936	616.026	61	R	44
616.026	616.065	31	IY0	44
616.065	616.165	60	P	44
616.165	616.365	25	EY1	44
616.365	616.435	58	N	44
616.435	616.524	64	T	44
616.524	616.584	27	IH0	44
616.584	616.794	59	NG	44
616.794	617.013	10	AO1	44
617.013	617.063	50	F	44
617.063	617.153	64	T	44
617.153	617.253	6	AH0	44
617.253	617.373	58	N	44
626.831	626.961	52	HH	45
626.961	626.991	19	EH1	45
626.991	627.08	56	L	45
627.08	627.15	60	P	45
627.15	627.23	74	sp	45
627.23	627.29	51	G	45
627.29	627.37	61	R	45
627.37	627.519	19	EH1	45
627.519	627.739	51	G	45
627.739	628.048	74	sp	45
628.048	628.108	64	T	45
628.108	628.168	6	AH0	45
628.168	628.328	60	P	45
628.328	628.457	28	IH1	45
628.457	628.677	54	K	45
628.677	628.836	74	sp	45
628.836	628.916	6	AH0	45
628.916	629.116	60	P	45
629.116	629.256	19	EH1	45
629.256	629.3995273670669	54	K	45
629.3995273670669	629.447559134858	6	AH0	45
629.447559134858	629.4799868487457	66	V	45
629.4799868487457	629.5286284195774	60	P	45
629.5286284195774	629.5798300730844	6	AH0	45
629.5798300730844	629.7257547855792	64	T	45
629.7257547855792	629.8426788624739	25	EY1	45
629.8426788624739	629.858039358526	64	T	45
629.858039358526	630.0090842363716	36	OW2	45
630.0090842363716	630.2696042564595	69	Z	45
648.781	648.831	67	W	46
648.831	648.881	32	IY1	46
648.881	648.951	56	L	46
648.951	649.1	16	AY1	46
649.1	649.13	54	K	46
649.13	649.22	46	B	46
649.22	649.25	56	L	46
649.25	649.42	44	UW1	46
649.42	649.649	47	CH	46
649.649	649.988	32	IY1	46
649.988	650.178	69	Z	46
650.178	650.228	74	sp	46
650.228	650.308	46	B	46
650.308	650.507	7	AH1	46
650.507	650.537	64	T	46
650.537	650.747	66	V	46
650.747	650.807	28	IH1	46
650.807	650.906	54	K	46
650.906	650.976	64	T	46
650.976	651.116	21	ER0	46
651.116	651.176	56	L	46
651.176	651.315	16	AY1	46
651.315	651.465	54	K	46
651.465	651.704	62	S	46
664.885	665.014	54	K	47
665.014	665.094	13	AW1	47
665.094	665.154	58	N	47
665.154	665.194	64	T	47
665.194	665.224	49	DH	47
665.224	665.254	6	AH0	47
665.254	665.353	58	N	47
665.353	665.413	7	AH1	47
665.413	665.473	57	M	47
665.473	665.513	46	B	47
665.513	665.673	21	ER0	47
665.673	665.703	6	AH0	47
665.703	665.733	66	V	47
665.733	665.892	64	T	47
665.892	666.012	32	IY1	47
666.012	666.172	62	S	47
666.172	666.261	60	P	47
666.261	666.2909999999999	45	UW2	47
666.2909999999999	666.601	58	N	47
666.601	666.7	69	Z	47
666.7	666.86	7	AH1	47
666.86	666.9	66	V	47
666.9	667.099	62	S	47
667.099	667.269	38	OY1	47
667.269	667.439	62	S	47
667.439	667.628	11	AO2	47
667.628	667.987	62	S	47
667.987	668.117	49	DH	47
668.117	668.227	4	AE1	47
668.227	668.2570000000001	64	T	47
668.2570000000001	668.446	68	Y	47
668.446	668.476	44	UW1	47
668.476	668.756	4	AE1	47
668.756	668.816	48	D	47
668.816	669.215	74	sp	47
679.611	679.651	46	B	48
679.651	679.781	4	AE1	48
679.781	679.841	51	G	48
679.841	679.95	60	P	48
679.95	680.13	17	AY2	48
680.13	680.24	60	P	48
680.24	680.409	62	S	48
680.409	680.469	6	AH0	48
680.469	680.609	58	N	48
680.609	680.639	48	D	48
680.639	680.689	46	B	48
680.689	680.798	1	AA1	48
680.798	680.898	59	NG	48
680.898	680.968	51	G	48
680.968	681.1179999999999	36	OW2	48
681.1179999999999	681.247	69	Z	48
681.247	681.417	1	AA1	48
681.417	681.577	61	R	48
681.577	681.716	57	M	48
681.716	681.796	68	Y	48
681.796	681.826	44	UW1	48
681.826	681.9159999999999	69	Z	48
681.9159999999999	681.946	27	IH0	48
681.946	682.046	54	K	48
682.046	682.075	6	AH0	48
682.075	682.235	56	L	48
682.235	682.295	28	IH1	48
682.295	682.365	58	N	48
682.365	682.504	62	S	48
682.504	682.544	64	T	48
682.544	682.574	61	R	48
682.574	682.604	6	AH0	48
682.604	682.674	57	M	48
682.674	682.724	6	AH0	48
682.724	682.864	58	N	48
682.864	682.924	64	T	48
682.924	683.213	62	S	48
683.213	683.343	74	sp	48
698.185770818338	698.2487497753692	52	HH	49
698.2487497753692	698.3522152047777	13	AW1	49
698.3522152047777	698.4076966669244	51	G	49
698.4076966669244	698.4946676075866	41	UH1	49
698.4946676075866	698.556147065641	48	D	49
698.556147065641	698.6521150001648	28	IH1	49
698.6521150001648	698.728	69	Z	49
698.728	698.857	68	Y	49
698.857	698.887	41	UH1	49
698.887	698.927	61	R	49
698.927	698.957	19	EH1	49
698.957	699.067	58	N	49
699.067	699.117	48	D	49
699.117	699.296	21	ER0	49
699.296	699.326	6	AH0	49
699.326	699.586	58	N	49
699.586	699.955	62	S	49
706.749	707.069	74	sp	50
707.069	707.099	49	DH	50
707.099	707.208	31	IY0	50
707.208	707.258	18	EH0	50
707.258	707.428	62	S	50
707.428	707.657	25	EY1	50
707.657	707.837	8	AH2	50
707.837	707.917	58	N	50
707.917	707.957	48	D	50
707.957	708.017	6	AH0	50
708.017	708.146	58	N	50
708.146	708.406	16	AY1	50
708.406	708.436	6	AH0	50
708.436	708.535	46	B	50
708.535	708.595	56	L	50
708.595	708.765	31	IY0	50
708.765	708.865	61	R	50
708.865	708.895	6	AH0	50
708.895	709.044	50	F	50
709.044	709.074	56	L	50
709.074	709.234	19	EH1	50
709.234	709.274	54	K	50
709.274	709.363	64	T	50
709.363	709.543	74	sp	50
709.543	709.673	61	R	50
709.673	709.713	6	AH0	50
709.713	709.8820000000001	50	F	50
709.8820000000001	710.012	56	L	50
710.012	710.092	19	EH1	50
710.092	710.251	54	K	50
710.251	710.381	62	S	50
710.381	710.591	1	AA1	50
710.591	710.75	61	R	50
710.75	710.79	66	V	50
710.79	711.03	68	Y	50
711.03	711.279	44	UW1	50
711.279	711.848	74	sp	50
711.848	711.948	25	EY1	50
711.948	712.047	46	B	50
712.047	712.127	56	L	50
712.127	712.237	31	IY0	50
724.619	724.679	6	AH0	51
724.679	724.758	46	B	51
724.758	724.908	10	AO1	51
724.908	724.938	61	R	51
724.938	724.988	27	IH0	51
724.988	725.028	59	NG	51
725.028	725.078	58	N	51
725.078	725.277	1	AA1	51
725.277	725.337	66	V	51
725.337	725.377	6	AH0	51
725.377	725.557	56	L	51
725.557	725.756	28	IH1	51
725.756	726.046	69	Z	51
726.046	726.375	25	EY1	51
726.375	726.654	62	S	51
726.654	726.684	40	UH0	51
726.684	726.794	60	P	51
726.794	727.003	22	ER1	51
727.003	727.043	46	B	51
727.043	727.203	62	S	51
727.203	727.233	56	L	51
727.233	727.333	32	IY1	51
727.333	727.402	60	P	51
727.402	727.462	27	IH0	51
727.462	727.572	59	NG	51
727.572	727.682	60	P	51
727.682	727.742	28	IH1	51
727.742	727.861	56	L	51
727.861	728.35	74	sp	51
740.533	740.662	10	AO1	52
740.662	740.692	61	R	52
740.692	740.722	6	AH0	52
740.722	740.762	58	N	52
740.762	740.792	53	JH	52
740.792	740.962	53	JH	52
740.962	741.071	44	UW1	52
741.071	741.241	62	S	52
741.241	741.3009999999999	64	T	52
741.3009999999999	741.4110000000001	25	EY1	52
741.4110000000001	741.52	62	S	52
741.52	741.55	64	T	52
741.55	741.58	62	S	52
741.58	741.63	50	F	52
741.63	741.74	7	AH1	52
741.74	741.8	58	N	52
741.8	741.85	31	IY0	52
741.85	742.0989999999999	4	AE1	52
742.0989999999999	742.159	50	F	52
742.159	742.239	64	T	52
742.239	742.319	21	ER0	52
742.319	742.4780000000001	64	T	52
742.4780000000001	742.568	44	UW1	52
742.568	742.678	65	TH	52
742.678	742.768	60	P	52
742.768	743.0070000000001	26	EY2	52
743.0070000000001	743.306	62	S	52
743.306	743.656	64	T	52
761.685	761.734	49	DH	53
761.734	761.774	6	AH0	53
761.774	761.924	67	W	53
761.924	761.9639999999999	28	IH1	53
761.9639999999999	762.054	56	L	53
762.054	762.134	6	AH0	53
762.134	762.193	67	W	53
762.193	762.373	31	IY0	53
762.373	762.543	67	W	53
762.543	762.592	41	UH1	53
762.592	762.702	57	M	53
762.702	762.842	6	AH0	53
762.842	762.922	58	N	53
762.922	763.031	67	W	53
763.031	763.201	10	AO1	53
763.201	763.281	61	R	53
763.281	763.371	25	EY1	53
763.371	763.48	57	M	53
763.48	763.56	7	AH1	53
763.56	763.73	62	S	53
763.73	763.77	54	K	53
763.77	763.8	61	R	53
763.8	763.979	5	AE2	53
763.979	764.049	64	T	53
764.049	764.169	54	K	53
764.169	764.388	35	OW1	53
764.388	764.418	64	T	53
764.418	764.797	74	sp	53
780.312	780.352	48	D	54
780.352	780.3820000000001	35	OW1	54
780.3820000000001	780.492	58	N	54
780.492	780.6610000000001	58	N	54
780.6610000000001	780.691	35	OW1	54
780.691	780.721	49	DH	54
780.721	780.761	6	AH0	54
780.761	781.3199999999999	74	sp	54
781.3199999999999	781.44	57	M	54
781.44	781.49	29	IH2	54
781.49	781.5989999999999	62	S	54
781.5989999999999	781.669	54	K	54
781.669	781.6990000000001	67	W	54
781.6990000000001	781.829	35	OW1	54
781.829	781.859	64	T	54
781.859	781.919	67	W	54
781.919	781.9780000000001	6	AH0	54
781.9780000000001	782.068	69	Z	54
782.068	782.098	61	R	54
782.098	782.168	31	IY0	54
782.168	782.248	64	T	54
782.248	782.288	61	R	54
782.288	782.417	4	AE1	54
782.417	782.4970000000001	54	K	54
782.4970000000001	782.547	64	T	54
782.547	782.607	6	AH0	54
782.607	782.637	48	D	54
782.637	782.667	67	W	54
782.667	782.697	28	IH1	54
782.697	782.807	65	TH	54
782.807	782.836	6	AH0	54
782.836	782.936	58	N	54
782.936	782.986	6	AH0	54
782.986	783.126	60	P	54
783.126	783.226	1	AA1	54
783.226	783.335	56	L	54
783.335	783.395	6	AH0	54
783.395	783.495	53	JH	54
783.495	783.685	31	IY0	54
783.685	783.954	74	sp	54
794.45	794.48	74	sp	55
794.48	794.67	16	AY1	55
794.67	794.819	53	JH	55
794.819	794.8489999999999	6	AH0	55
794.8489999999999	794.9590000000001	62	S	55
794.9590000000001	794.989	64	T	55
794.989	795.049	62	S	55
795.049	795.208	10	AO1	55
795.208	795.358	53	JH	55
795.358	795.518	28	IH1	55
795.518	795.657	57	M	55
795.657	795.707	58	N	55
795.707	796.186	28	IH1	55
796.186	796.226	61	R	55
796.226	796.326	49	DH	55
796.326	796.386	6	AH0	55
796.386	796.475	58	N	55
796.475	796.615	68	Y	55
796.615	796.865	44	UW1	55
796.865	798.1220000000001	74	sp	55
798.1220000000001	798.172	2	AA2	55
798.172	798.251	61	R	55
798.251	798.441	54	K	55
798.441	798.521	31	IY0	55
798.521	798.5509999999999	6	AH0	55
798.5509999999999	798.6800000000001	56	L	55
798.6800000000001	798.83	1	AA1	55
798.83	798.91	53	JH	55
798.91	798.95	27	IH0	55
798.95	799.0	54	K	55
799.0	799.04	6	AH0	55
799.04	799.0989999999999	56	L	55
799.0989999999999	799.329	57	M	55
799.329	799.429	68	Y	55
799.429	799.4590000000001	43	UW0	55
799.4590000000001	799.568	69	Z	55
799.568	799.698	32	IY1	55
799.698	799.738	6	AH0	55
799.738	799.898	57	M	55
799.898	800.287	74	sp	55
813.0889731239885	813.2209290339588	61	R	56
813.2209290339588	813.2719119991746	16	AY1	56
813.2719119991746	813.3708789316522	64	T	56
813.3708789316522	813.437	58	N	56
813.437	813.636	13	AW1	56
813.636	813.7760000000001	57	M	56
813.7760000000001	813.946	25	EY1	56
813.946	814.0360000000001	58	N	56
814.0360000000001	814.205	1	AA1	56
814.205	814.245	64	T	56
814.245	814.295	46	B	56
814.295	814.385	31	IY0	56
814.385	814.435	49	DH	56
814.435	814.485	6	AH0	56
814.485	814.564	46	B	56
814.564	814.664	19	EH1	56
814.664	814.804	62	S	56
814.804	814.8340000000001	64	T	56
814.8340000000001	814.894	64	T	56
814.894	815.043	16	AY1	56
815.043	815.1030000000001	57	M	56
815.1030000000001	815.203	50	F	56
815.203	815.293	21	ER0	56
815.293	815.373	46	B	56
815.373	815.472	28	IH1	56
815.472	815.602	69	Z	56
815.602	815.702	58	N	56
815.702	815.732	6	AH0	56
815.732	815.812	62	S	56
815.812	815.9110000000001	57	M	56
815.9110000000001	816.011	22	ER1	56
816.011	816.121	53	JH	56
816.121	816.34	21	ER0	56
816.34	816.59	69	Z	56
825.4300000000001	825.499	49	DH	57
825.499	825.539	6	AH0	57
825.539	825.639	57	M	57
825.639	825.6990000000001	28	IH1	57
825.6990000000001	825.829	62	S	57
825.829	825.889	60	P	57
825.889	825.929	61	R	57
825.929	826.098	28	IH1	57
826.098	826.1279999999999	58	N	57
826.1279999999999	826.178	64	T	57
826.178	826.457	74	sp	57
826.457	826.587	60	P	57
826.587	826.617	61	R	57
826.617	826.876	6	AH0	57
826.876	826.986	66	V	57
826.986	827.0260000000001	35	OW1	57
827.0260000000001	827.056	54	K	57
827.056	827.156	74	sp	57
827.156	827.275	60	P	57
827.275	827.365	61	R	57
827.365	827.395	6	AH0	57
827.395	827.455	66	V	57
827.455	827.804	35	OW1	57
827.804	827.884	54	K	57
827.884	827.914	64	T	57
827.914	828.004	74	sp	57
828.004	828.812	4	AE1	57
828.812	829.141	58	N	57
829.141	829.271	29	IH2	57
829.271	829.4010000000001	57	M	57
829.4010000000001	829.53	32	IY1	57
829.53	829.56	48	D	57
829.56	829.7	31	IY0	57
829.7	829.73	6	AH0	57
829.73	829.81	64	T	57
829.81	829.969	48	D	57
829.969	829.999	29	IH2	57
829.999	830.169	62	S	57
830.169	830.249	54	K	57
830.249	830.3389999999999	56	L	57
830.3389999999999	830.408	25	EY1	57
830.408	830.548	57	M	57
830.548	830.698	21	ER0	57
830.698	831.077	74	sp	57
847.809	847.988	49	DH	58
847.988	848.148	25	EY1	58
848.148	848.298	10	AO1	58
848.298	848.328	56	L	58
848.328	848.417	6	AH0	58
848.417	848.5070000000001	58	N	58
848.5070000000001	848.637	53	JH	58
848.637	848.667	38	OY1	58
848.667	848.946	16	AY1	58
848.946	849.096	62	S	58
849.096	849.146	54	K	58
849.146	849.1759999999999	61	R	58
849.1759999999999	849.236	32	IY1	58
849.236	849.345	57	M	58
849.345	849.465	62	S	58
849.465	849.575	7	AH1	58
849.575	849.655	58	N	58
849.655	849.704	48	D	58
849.704	849.914	26	EY2	58
849.914	850.2720449610445	69	Z	58
866.347	866.3969999999999	48	D	59
866.3969999999999	866.506	44	UW1	59
866.506	866.6659999999999	24	EY0	59
866.6659999999999	866.806	64	T	59
866.806	866.846	28	IH1	59
866.846	866.9449999999999	60	P	59
866.9449999999999	866.985	27	IH0	59
866.985	867.075	54	K	59
867.075	867.115	6	AH0	59
867.115	867.2149999999999	56	L	59
867.2149999999999	867.634	50	F	59
867.634	867.8330000000001	1	AA1	59
867.8330000000001	867.863	61	R	59
867.863	867.943	57	M	59
867.943	868.182	21	ER0	59
868.182	868.3720000000001	69	Z	59
868.3720000000001	868.392	74	sp	59
868.392	868.452	51	G	59
868.452	868.592	61	R	59
868.592	868.771	35	OW1	59
868.771	869.2	35	OW1	59
869.2	869.4	64	T	59
869.4	869.729	62	S	59
