274.3228125	274.3628125	49	DH	88
274.3628125	274.3928125	7	AH1	88
274.3928125	274.4328125	4	AE1	88
274.4328125	274.54281249999997	59	NG	88
274.54281249999997	274.5728125	51	G	88
274.5728125	274.6128125	61	R	88
274.6128125	274.7528125	31	IY0	88
274.7528125	274.8328125	46	B	88
274.8328125	274.9428125	38	OY1	88
274.9428125	275.2028125	4	AE1	88
275.2028125	275.2328125	58	N	88
275.2328125	275.3628125	62	S	88
275.3628125	275.4328125	21	ER0	88
275.4328125	275.4628125	48	D	88
275.4628125	275.5228125	46	B	88
275.5228125	275.60281249999997	7	AH1	88
275.60281249999997	275.6428125	64	T	88
275.6428125	275.6828125	48	D	88
275.6828125	275.7428125	28	IH1	88
275.7428125	275.80281249999996	48	D	88
275.80281249999996	275.8428125	6	AH0	88
275.8428125	275.9028125	58	N	88
275.9028125	275.9728125	56	L	88
275.9728125	276.0328125	41	UH1	88
276.0328125	276.1128125	54	K	88
276.1128125	276.2628125	7	AH1	88
276.2628125	276.29281249999997	60	P	88
296.6739375	296.7639375	54	K	94
296.7639375	296.8739375	22	ER1	94
296.8739375	296.90393750000004	64	T	94
296.90393750000004	296.95393750000005	6	AH0	94
296.95393750000005	297.1439375	62	S	94
297.1439375	297.28393750000004	31	IY0	94
297.28393750000004	297.46393750000004	4	AE1	94
297.46393750000004	297.6439375	58	N	94
297.6439375	297.70393750000005	48	D	94
297.70393750000005	297.83393750000005	74	sp	94
297.83393750000005	297.93393750000007	57	M	94
297.93393750000007	298.03393750000004	18	EH0	94
298.03393750000004	298.07393750000006	48	D	94
298.07393750000006	298.2939375	1	AA1	94
298.2939375	299.0139375	54	K	94
299.0139375	299.10393750000003	61	R	94
299.10393750000003	299.1339375	6	AH0	94
299.1339375	299.3039375	64	T	94
299.3039375	299.59393750000004	31	IY0	94
299.59393750000004	300.0539375	74	sp	94
300.0539375	300.1239375	62	S	94
300.1239375	300.35393750000003	19	EH1	94
300.35393750000003	300.3939375	56	L	94
300.3939375	300.43393750000007	48	D	94
300.43393750000007	300.4839375	6	AH0	94
300.4839375	300.5139375	57	M	94
300.5139375	300.60393750000003	54	K	94
300.60393750000003	300.70393750000005	35	OW1	94
300.70393750000005	300.7739375	27	IH0	94
300.7739375	300.8039375	51	G	94
300.8039375	300.94393750000006	69	Z	94
300.94393750000006	301.08393750000005	28	IH1	94
301.08393750000005	301.28393750000004	62	S	94
301.28393750000004	301.31393750000007	64	T	94
310.2433125	310.2733125	46	B	81
310.2733125	310.3633125	16	AY1	81
310.3633125	310.5933125	32	IY1	81
310.5933125	310.6233125	64	T	81
310.6233125	310.65331249999997	27	IH0	81
310.65331249999997	310.7433125	59	NG	81
310.7433125	310.8133125	68	Y	81
310.8133125	310.9433125	35	OW1	81
310.9433125	311.0233125	51	G	81
311.0233125	311.0933125	21	ER0	81
311.0933125	311.1233125	64	T	81
311.1233125	311.2433125	68	Y	81
311.2433125	311.2733125	44	UW1	81
311.2733125	311.3733125	57	M	81
311.3733125	311.4733125	25	EY1	81
311.4733125	311.5833125	56	L	81
311.5833125	311.6733125	28	IH1	81
311.6733125	311.7233125	66	V	81
311.7233125	311.7533125	56	L	81
311.7533125	311.8933125	10	AO1	81
311.8933125	312.15331249999997	59	NG	81
312.15331249999997	312.1833125	51	G	81
312.1833125	312.21331250000003	21	ER0	81
322.9143125	323.00431249999997	49	DH	87
323.00431249999997	323.1394382861272	7	AH1	87
323.1394382861272	323.1943125	36	OW2	87
323.1943125	323.2243125	66	V	87
323.2243125	323.3643125	21	ER0	87
323.3643125	323.3943125	67	W	87
323.3943125	323.5643125	25	EY1	87
323.5643125	323.5943125	64	T	87
323.5943125	323.6943125	47	CH	87
323.6943125	323.7743125	1	AA1	87
323.7743125	323.8043125	61	R	87
323.8043125	323.88431249999996	57	M	87
323.88431249999996	324.00431249999997	21	ER0	87
324.00431249999997	324.1443125	54	K	87
324.1443125	324.1743125	41	UH1	87
324.1743125	324.2043125	48	D	87
324.2043125	324.3743125	62	S	87
324.3743125	324.4143125	56	L	87
324.4143125	324.5243125	28	IH1	87
324.5243125	324.5643125	60	P	87
324.5643125	324.6643125	74	sp	87
324.6643125	324.7243125	60	P	87
324.7243125	324.8443125	38	OY1	87
324.8443125	324.9943125	69	Z	87
324.9943125	325.0343125	6	AH0	87
325.0343125	325.1143125	58	N	87
325.1143125	325.1643125	29	IH2	87
325.1643125	325.2943125	58	N	87
325.2943125	325.3543125	64	T	87
325.3543125	325.38431249999996	6	AH0	87
325.38431249999996	325.51431249999996	19	EH1	87
325.51431249999996	325.5843125	58	N	87
325.5843125	325.6443125	31	IY0	87
325.6443125	325.7043125	67	W	87
325.7043125	325.7443125	8	AH2	87
325.7443125	325.8243125	58	N	87
325.8243125	325.9343125	69	Z	87
325.9343125	325.9743125	64	T	87
325.9743125	326.1443125	32	IY1	87
334.9248125	334.9748125	67	W	99
334.9748125	335.0948125	32	IY1	99
335.0948125	335.1648124999999	51	G	99
335.1648124999999	335.2948124999999	1	AA1	99
335.2948124999999	335.39481249999994	64	T	99
335.39481249999994	335.4648125	48	D	99
335.4648125	335.53481249999993	61	R	99
335.53481249999993	335.57481249999995	19	EH1	99
335.57481249999995	335.65481249999993	58	N	99
335.65481249999993	335.7948124999999	47	CH	99
335.7948124999999	335.8548125	64	T	99
335.8548125	335.88481249999995	50	F	99
335.88481249999995	335.9548125	61	R	99
335.9548125	336.05481249999997	7	AH1	99
336.05481249999997	336.0848125	57	M	99
336.0848125	336.11481249999997	49	DH	99
336.11481249999997	336.39481249999994	7	AH1	99
336.39481249999994	336.4748125	74	sp	99
336.4748125	336.5948125	29	IH2	99
336.5948125	336.6748125	58	N	99
336.6748125	336.74481249999997	64	T	99
336.74481249999997	336.87481249999996	21	ER0	99
336.87481249999996	336.9248125	7	AH1	99
336.9248125	337.00481249999996	60	P	99
337.00481249999996	337.0448124999999	64	T	99
337.0448124999999	337.13481249999995	6	AH0	99
337.13481249999995	337.1648124999999	48	D	99
337.1648124999999	337.2148125	61	R	99
337.2148125	337.3348125	25	EY1	99
337.3348125	337.4148124999999	58	N	99
345.84175	346.01175	6	AH0	97
346.01175	346.07175	46	B	97
346.07175	346.19174999999996	28	IH1	97
346.19174999999996	346.23175000000003	51	G	97
346.23175000000003	346.36175000000003	51	G	97
346.36175000000003	346.59175	35	OW1	97
346.59175	346.62175	64	T	97
346.62175	346.80174999999997	16	AY1	97
346.80174999999997	346.88175	48	D	97
346.88175	347.03175	56	L	97
347.03175	347.17175	31	IY0	97
347.17175	347.25175	4	AE1	97
347.25175	347.30174999999997	57	M	97
347.30174999999997	347.39175	46	B	97
347.39175	347.53175	6	AH0	97
347.53175	347.71175	56	L	97
347.71175	347.98175000000003	48	D	97
347.98175000000003	348.01175	65	TH	97
348.01175	348.13175	61	R	97
348.13175	348.29175	44	UW1	97
348.29175	349.01175	74	sp	97
349.01175	349.07175	49	DH	97
349.07175	349.28175	7	AH1	97
349.28175	349.41175	50	F	97
349.41175	349.47175	1	AA1	97
349.47175	349.50175	61	R	97
349.50175	349.59175	57	M	97
349.59175	349.67175	68	Y	97
349.67175	349.70175	2	AA2	97
349.70175	349.81174999999996	61	R	97
349.81174999999996	349.86175000000003	48	D	97
358.9525625	358.99256249999996	46	B	86
358.99256249999996	359.1025625	32	IY1	86
359.1025625	359.1525625	54	K	86
359.1525625	359.24256249999996	19	EH1	86
359.24256249999996	359.2725625	61	R	86
359.2725625	359.3025625	50	F	86
359.3025625	359.3325625	6	AH0	86
359.3325625	359.4125625	56	L	86
359.4125625	359.49256249999996	58	N	86
359.49256249999996	359.62256249999996	1	AA1	86
359.62256249999996	359.67256249999997	64	T	86
359.67256249999997	359.74256249999996	64	T	86
359.74256249999996	359.7925625	6	AH0	86
359.7925625	359.9125625	60	P	86
359.9125625	359.9525625	56	L	86
359.9525625	359.9825625	13	AW1	86
359.9825625	360.17256249999997	35	OW1	86
360.17256249999997	360.2325625	66	V	86
360.2325625	360.3325625	21	ER0	86
360.3325625	360.4025625	49	DH	86
360.4025625	360.4825625	7	AH1	86
360.4825625	360.5625625	50	F	86
360.5625625	360.61256249999997	56	L	86
360.61256249999997	360.7325625	13	AW1	86
360.7325625	360.8325625	21	ER0	86
360.8325625	360.92256249999997	46	B	86
360.92256249999997	361.0725625	19	EH1	86
361.0725625	361.1625625	48	D	86
361.1625625	361.2725625	69	Z	86
369.1630625	369.207533096569	49	DH	92
369.207533096569	369.32477788618894	25	EY1	92
369.32477788618894	369.4137190793268	6	AH0	92
369.4137190793268	369.56478025836475	62	S	92
369.56478025836475	369.6547802583648	44	UW1	92
369.6547802583648	369.68478025836475	57	M	92
369.68478025836475	369.7747802583648	58	N	92
369.7747802583648	369.9147802583648	35	OW1	92
369.9147802583648	369.9747802583648	46	B	92
369.9747802583648	370.11478025836476	22	ER1	92
370.11478025836476	370.17478025836476	51	G	92
370.17478025836476	370.20478025836474	56	L	92
370.20478025836474	370.3947802583648	21	ER0	92
370.3947802583648	370.49478025836476	67	W	92
370.49478025836476	370.69478025836474	6	AH0	92
370.69478025836474	370.7847802583648	56	L	92
370.7847802583648	371.2747802583648	74	sp	92
371.2747802583648	371.3847802583648	19	EH1	92
371.3847802583648	371.48478025836476	66	V	92
371.48478025836476	371.5347802583648	21	ER0	92
371.5347802583648	371.6447802583648	19	EH1	92
371.6447802583648	371.7247802583648	58	N	92
371.7247802583648	371.81478025836475	64	T	92
371.81478025836475	371.87478025836475	21	ER0	92
371.87478025836475	371.92478025836476	52	HH	92
371.92478025836476	372.0147802583648	28	IH1	92
372.0147802583648	372.1684451371908	61	R	92
381.762375	381.842375	16	AY1	85
381.842375	381.87237500000003	48	D	85
381.87237500000003	381.912375	61	R	85
381.912375	382.042375	4	AE1	85
382.042375	382.072375	49	DH	85
382.072375	382.142375	21	ER0	85
382.142375	382.262375	58	N	85
382.262375	382.392375	1	AA1	85
382.392375	382.472375	64	T	85
382.472375	382.522375	46	B	85
382.522375	382.712375	16	AY1	85
382.712375	382.792375	49	DH	85
382.792375	382.972375	32	IY1	85
382.972375	383.032375	69	Z	85
383.032375	383.202375	63	SH	85
383.202375	383.382375	44	UW1	85
383.382375	383.632375	69	Z	85
383.632375	383.74237500000004	74	sp	85
383.74237500000004	383.802375	49	DH	85
383.802375	384.022375	4	AE1	85
384.022375	384.142375	58	N	85
384.142375	385.142375	74	sp	85
385.142375	385.31237500000003	46	B	85
385.31237500000003	385.572375	32	IY1	85
385.572375	385.682375	35	OW1	85
385.682375	385.73237500000005	66	V	85
385.73237500000005	385.86237500000004	21	ER0	85
385.86237500000004	386.102375	47	CH	85
386.102375	386.132375	1	AA1	85
386.132375	386.262375	61	R	85
386.262375	386.37237500000003	53	JH	85
386.37237500000003	386.402375	48	D	85
394.4938125	394.59381249999996	49	DH	84
394.59381249999996	394.64381249999997	6	AH0	84
394.64381249999997	394.78381249999995	62	S	84
394.78381249999995	394.83381249999996	60	P	84
394.83381249999996	395.0738125	32	IY1	84
395.0738125	395.30381249999994	47	CH	84
395.30381249999994	395.73381249999994	74	sp	84
395.73381249999994	395.8838125	62	S	84
395.8838125	395.92381249999994	29	IH2	84
395.92381249999994	395.9938125	57	M	84
395.9938125	396.0738125	60	P	84
396.0738125	396.52381249999996	35	OW1	84
396.52381249999996	396.72381249999995	69	Z	84
396.72381249999995	396.7538125	31	IY0	84
396.7538125	396.8838125	6	AH0	84
396.8838125	397.14381249999997	57	M	84
397.14381249999997	398.47381249999995	74	sp	84
398.47381249999995	398.53381249999995	57	M	84
398.53381249999995	398.64381249999997	16	AY1	84
398.64381249999997	398.67381249999994	64	T	84
398.67381249999994	398.73381249999994	46	B	84
398.73381249999994	398.85381249999995	27	IH0	84
398.85381249999995	398.90381249999996	51	G	84
398.90381249999996	399.0138125	28	IH1	84
399.0138125	399.0738125	58	N	84
399.0738125	399.21381249999996	1	AA1	84
399.21381249999996	399.2438125	58	N	84
399.2438125	399.3638125	57	M	84
399.3638125	399.40381249999996	7	AH1	84
399.40381249999996	399.5138125	58	N	84
399.5138125	399.54381249999994	48	D	84
399.54381249999994	399.67381249999994	26	EY2	84
409.650375	409.730375	52	HH	90
409.730375	409.770375	19	EH1	90
409.770375	409.860375	56	L	90
409.860375	409.890375	60	P	90
409.890375	409.980375	62	S	90
409.980375	410.05037500000003	19	EH1	90
410.05037500000003	410.140375	56	L	90
410.140375	410.190375	6	AH0	90
410.190375	410.260375	46	B	90
410.260375	410.30037500000003	61	R	90
410.30037500000003	410.390375	26	EY2	90
410.390375	410.42037500000004	64	T	90
410.42037500000004	410.490375	68	Y	90
410.490375	410.520375	41	UH1	90
410.520375	410.55037500000003	61	R	90
410.55037500000003	410.62037499999997	46	B	90
410.62037499999997	410.720375	61	R	90
410.720375	410.750375	7	AH1	90
410.750375	410.78037500000005	49	DH	90
410.78037500000005	410.850375	21	ER0	90
410.850375	410.91037500000004	69	Z	90
410.91037500000004	411.000375	62	S	90
411.000375	411.060375	6	AH0	90
411.060375	411.090375	54	K	90
411.090375	411.17037500000004	62	S	90
411.17037500000004	411.29037500000004	19	EH1	90
411.29037500000004	411.480375	62	S	90
419.7705625	419.8305625	63	SH	96
419.8305625	419.9405625	32	IY1	96
419.9405625	420.09056250000003	62	S	96
420.09056250000003	420.1505625	56	L	96
420.1505625	420.2505625	28	IH1	96
420.2505625	420.3205625	60	P	96
420.3205625	420.3605625	64	T	96
420.3605625	420.4005625	6	AH0	96
420.4005625	420.4705625	58	N	96
420.4705625	420.5005625	48	D	96
420.5005625	420.6005625	62	S	96
420.6005625	420.6305625	60	P	96
420.6305625	420.66056249999997	61	R	96
420.66056249999997	420.7505625	25	EY1	96
420.7505625	420.7805625	58	N	96
420.7805625	420.8105625	48	D	96
420.8105625	420.8605625	52	HH	96
420.8605625	420.9905625	21	ER0	96
420.9905625	421.04056249999996	4	AE1	96
421.04056249999996	421.1505625	59	NG	96
421.1505625	421.2005625	54	K	96
421.2005625	421.2305625	6	AH0	96
421.2305625	421.2705625	56	L	96
421.2705625	421.34056250000003	1	AA1	96
421.34056250000003	421.43056249999995	58	N	96
421.43056249999995	421.4605625	49	DH	96
421.4605625	421.5105625	6	AH0	96
421.5105625	421.6005625	62	S	96
421.6005625	421.6405625	64	T	96
421.6405625	421.7805625	32	IY1	96
421.7805625	421.84056250000003	60	P	96
421.84056250000003	421.9505625	62	S	96
421.9505625	422.0305625	56	L	96
422.0305625	422.1505625	35	OW1	96
422.1505625	422.18056249999995	60	P	96
430.2004375	430.23043750000005	52	HH	93
430.23043750000005	430.29043750000005	32	IY1	93
430.29043750000005	430.3204375	67	W	93
430.3204375	430.35043750000006	6	AH0	93
430.35043750000006	430.6304375	56	L	93
430.6304375	430.66043750000006	6	AH0	93
430.66043750000006	430.7004375	56	L	93
430.7004375	430.8404375	13	AW1	93
430.8404375	430.9604375	25	EY1	93
430.9604375	431.12043750000004	61	R	93
431.12043750000004	431.15043750000007	19	EH1	93
431.15043750000007	431.24043750000004	61	R	93
431.24043750000004	431.3304375	56	L	93
431.3304375	431.54043750000005	16	AY1	93
442.8844375	442.9844375	63	SH	98
442.9844375	443.0644375	41	UH1	98
443.0644375	443.1144375	48	D	98
443.1144375	443.20443750000004	53	JH	98
443.20443750000004	443.3444375	21	ER0	98
443.3444375	443.4444375	4	AE1	98
443.4444375	443.4744375	50	F	98
443.4744375	443.5644375	62	S	98
443.5644375	443.6044375	46	B	98
443.6044375	443.70443750000004	32	IY1	98
443.70443750000004	443.7944375	54	K	98
443.7944375	443.9044375	19	EH1	98
443.9044375	443.9944375	60	P	98
443.9944375	444.0244375	64	T	98
444.0244375	444.07443750000004	6	AH0	98
444.07443750000004	444.1444375	58	N	98
444.1444375	444.2244375	62	S	98
444.2244375	444.2544375	57	M	98
444.2544375	444.3744375	10	AO1	98
444.3744375	444.4044375	56	L	98
444.4044375	444.5244375	69	Z	98
444.5244375	444.6944375	44	UW1	98
444.6944375	444.8644375	69	Z	98
453.68425	453.74424999999997	67	W	89
453.74424999999997	453.84425	28	IH1	89
453.84425	453.92425	47	CH	89
453.92425	453.97425	56	L	89
453.97425	454.09425	10	AO1	89
454.09425	454.15425	59	NG	89
454.15425	454.27425	1	AA1	89
454.27425	454.37424999999996	61	R	89
454.37424999999996	454.40425	64	T	89
454.40425	454.43425	6	AH0	89
454.43425	454.49424999999997	54	K	89
454.49424999999997	454.53425	6	AH0	89
454.53425	454.70425	56	L	89
454.70425	454.74424999999997	67	W	89
454.74424999999997	454.83425	7	AH1	89
454.83425	455.07425	69	Z	89
455.07425	455.10425	74	sp	89
455.10425	455.27425	6	AH0	89
455.27425	455.39425	54	K	89
455.39425	455.46425	61	R	89
455.46425	455.54425	28	IH1	89
455.54425	455.60425	54	K	89
455.60425	455.69425	4	AE1	89
455.69425	455.74424999999997	58	N	89
455.74424999999997	455.77425	48	D	89
455.77425	455.83425	58	N	89
455.83425	455.95425	32	IY1	89
455.95425	456.00424999999996	48	D	89
456.00424999999996	456.16425	6	AH0	89
456.16425	456.26425	48	D	89
456.26425	456.34425	54	K	89
456.34425	456.37424999999996	56	L	89
456.37424999999996	456.41425	20	EH2	89
456.41425	456.51425	61	R	89
456.51425	456.57425	6	AH0	89
456.57425	456.67425	50	F	89
456.67425	456.74424999999997	27	IH0	89
456.74424999999997	456.82425	54	K	89
456.82425	456.93425	25	EY1	89
456.93425	457.07425	63	SH	89
457.07425	457.10425	6	AH0	89
457.10425	457.21425	58	N	89
465.463	465.50300000000004	52	HH	95
465.50300000000004	465.553	28	IH1	95
465.553	465.61300000000006	69	Z	95
465.61300000000006	465.723	62	S	95
465.723	465.843	7	AH1	95
465.843	465.88300000000004	48	D	95
465.88300000000004	465.913	6	AH0	95
465.913	466.033	58	N	95
466.033	466.073	48	D	95
466.073	466.13300000000004	6	AH0	95
466.13300000000004	466.24300000000005	60	P	95
466.24300000000005	466.293	1	AA1	95
466.293	466.37300000000005	61	R	95
466.37300000000005	466.51300000000003	47	CH	95
466.51300000000003	466.76300000000003	21	ER0	95
466.76300000000003	467.053	74	sp	95
467.053	467.14300000000003	63	SH	95
467.14300000000003	467.24300000000005	1	AA1	95
467.24300000000005	467.273	54	K	95
467.273	467.303	64	T	95
467.303	467.36300000000006	74	sp	95
467.36300000000006	467.403	49	DH	95
467.403	467.443	6	AH0	95
467.443	467.543	54	K	95
467.543	467.693	4	AE1	95
467.693	467.853	62	S	95
467.853	467.88300000000004	64	T	95
478.0785625	478.16856249999995	67	W	83
478.16856249999995	478.2685625	19	EH1	83
478.2685625	478.29856249999995	49	DH	83
478.29856249999995	478.3885625	21	ER0	83
478.3885625	478.53856249999995	60	P	83
478.53856249999995	478.66856249999995	61	R	83
478.66856249999995	478.6985625	45	UW2	83
478.6985625	478.77856249999996	50	F	83
478.77856249999996	479.7585625	74	sp	83
479.7585625	479.8285625	51	G	83
479.8285625	479.85856249999995	6	AH0	83
479.85856249999995	479.99856249999993	56	L	83
479.99856249999993	480.1285625	1	AA1	83
480.1285625	480.3085625	63	SH	83
480.3085625	480.40856249999996	6	AH0	83
480.40856249999996	480.61856249999994	69	Z	83
480.61856249999994	480.71856249999996	1	AA1	83
480.71856249999996	480.9485625	61	R	83
480.9485625	481.0585625	66	V	83
481.0585625	481.1385625	19	EH1	83
481.1385625	481.16856249999995	61	R	83
481.16856249999995	481.28856249999995	31	IY0	83
481.28856249999995	481.3185625	19	EH1	83
481.3185625	481.5785625	62	S	83
481.5785625	481.67856249999994	74	sp	83
481.67856249999994	481.8185625	68	Y	83
481.8185625	481.84856249999996	44	UW1	83
481.84856249999996	481.96856249999996	62	S	83
481.96856249999996	482.04856249999995	50	F	83
482.04856249999995	482.0785625	6	AH0	83
482.0785625	482.1885625	56	L	83
482.1885625	482.21856249999996	6	AH0	83
482.21856249999996	482.24856249999993	58	N	83
482.24856249999993	482.36856249999994	62	S	83
482.36856249999994	482.42856249999994	31	IY0	83
482.42856249999994	482.5685625	4	AE1	83
482.5685625	482.60856249999995	64	T	83
482.60856249999995	482.6385625	6	AH0	83
482.6385625	482.72856249999995	56	L	83
490.7220625	490.79206249999993	67	W	91
490.79206249999993	490.8320625	28	IH1	91
490.8320625	490.89206249999995	56	L	91
490.89206249999995	490.9720625	68	Y	91
490.9720625	491.01206249999996	44	UW1	91
491.01206249999996	491.13206249999996	60	P	91
491.13206249999996	491.16206249999993	56	L	91
491.16206249999993	491.27206249999995	32	IY1	91
491.27206249999995	491.3620625	69	Z	91
491.3620625	491.4220625	54	K	91
491.4220625	491.4620625	6	AH0	91
491.4620625	491.54206249999993	58	N	91
491.54206249999993	491.6020625	50	F	91
491.6020625	491.82206249999996	22	ER1	91
491.82206249999996	491.8620625	57	M	91
491.8620625	491.90206249999994	51	G	91
491.90206249999994	492.00206249999997	7	AH1	91
492.00206249999997	492.03206249999994	66	V	91
492.03206249999994	492.1120625	21	ER0	91
492.1120625	492.2120625	57	M	91
492.2120625	492.31206249999997	6	AH0	91
492.31206249999997	492.3620625	58	N	91
492.3620625	492.39206249999995	64	T	91
492.39206249999995	492.4220625	60	P	91
492.4220625	492.53206249999994	1	AA1	91
492.53206249999994	492.6020625	56	L	91
492.6020625	492.65206249999994	6	AH0	91
492.65206249999994	492.78206249999994	62	S	91
492.78206249999994	492.88206249999996	31	IY0	91
492.88206249999996	492.9220625	61	R	91
492.9220625	493.00206249999997	6	AH0	91
493.00206249999997	493.07206249999996	51	G	91
493.07206249999996	493.1020625	1	AA1	91
493.1020625	493.1820625	61	R	91
493.1820625	493.2120625	48	D	91
493.2120625	493.2420625	27	IH0	91
493.2420625	493.38206249999996	59	NG	91
493.38206249999996	493.4220625	67	W	91
493.4220625	493.5520625	25	EY1	91
493.5520625	493.64206249999995	62	S	91
493.64206249999995	493.6720625	64	T	91
493.6720625	493.70206249999995	61	R	91
493.70206249999995	493.7320625	6	AH0	91
493.7320625	493.76206249999996	57	M	91
493.76206249999996	493.8520625	44	UW1	91
493.8520625	493.89206249999995	66	V	91
493.89206249999995	493.9220625	6	AH0	91
493.9220625	494.16206249999993	56	L	91
502.5979375	502.6779375	49	DH	82
502.6779375	502.7379375	7	AH1	82
502.7379375	502.8379375	54	K	82
502.8379375	502.94793749999997	1	AA1	82
502.94793749999997	503.06793749999997	69	Z	82
503.06793749999997	503.1079375	67	W	82
503.1079375	503.2779375	26	EY2	82
503.2779375	503.7279375	19	EH1	82
503.7279375	503.75793749999997	58	N	82
503.75793749999997	503.88793749999996	48	D	82
503.88793749999996	504.0479375	6	AH0	82
504.0479375	504.1079375	48	D	82
504.1079375	504.7179375	74	sp	82
504.7179375	504.7479375	6	AH0	82
504.7479375	504.7879375	46	B	82
504.7879375	504.8479375	61	R	82
504.8479375	504.88793749999996	7	AH1	82
504.88793749999996	504.9879375	60	P	82
504.9879375	505.1579375	21	ER0	82
505.1579375	505.2479375	56	L	82
505.2479375	505.2779375	27	IH0	82
505.2779375	505.3979375	4	AE1	82
505.3979375	505.4279375	64	T	82
505.4279375	505.4879375	74	sp	82
505.4879375	505.5379375	49	DH	82
505.5379375	505.7279375	7	AH1	82
505.7279375	505.8779375	63	SH	82
505.8779375	505.9179375	10	AO1	82
505.9179375	506.0179375	61	R	82
