0.0	18.426904761904762	74	sp
18.426904761904762	18.556904761904764	16	AY1
18.556904761904764	18.675904761904764	64	T
18.675904761904764	18.745904761904765	41	UH1
18.745904761904765	18.825904761904763	54	K
18.825904761904763	18.94590476190476	52	HH
18.94590476190476	19.144904761904762	22	ER1
19.144904761904762	19.17490476190476	67	W
19.17490476190476	19.394904761904762	22	ER1
19.394904761904762	19.42490476190476	48	D
19.42490476190476	19.464904761904762	50	F
19.464904761904762	19.60390476190476	10	AO1
19.60390476190476	19.679807748277927	61	R
19.679807748277927	19.803904761904764	6	AH0
19.803904761904764	19.843904761904763	64	T
19.843904761904763	29.60178004535147	74	sp
29.60178004535147	29.741780045351472	10	AO1
29.741780045351472	29.791780045351473	61	R
29.791780045351473	29.821780045351474	6	AH0
29.821780045351474	29.881780045351473	58	N
29.881780045351473	29.940780045351474	53	JH
29.940780045351474	30.090780045351472	53	JH
30.090780045351472	30.200780045351472	44	UW1
30.200780045351472	30.340780045351472	62	S
30.340780045351472	30.449780045351474	64	T
30.449780045351474	30.559780045351474	25	EY1
30.559780045351474	30.599780045351473	62	S
30.599780045351473	30.629780045351474	64	T
30.629780045351474	30.719780045351474	62	S
30.719780045351474	30.759780045351473	50	F
30.759780045351473	30.84878004535147	7	AH1
30.84878004535147	30.908780045351474	58	N
30.908780045351474	30.988780045351472	31	IY0
30.988780045351472	31.168780045351472	4	AE1
31.168780045351472	31.198780045351473	50	F
31.198780045351473	31.257780045351474	64	T
31.257780045351474	31.327780045351474	21	ER0
31.327780045351474	31.437780045351474	64	T
31.437780045351474	31.567780045351473	44	UW1
31.567780045351473	31.617780045351473	65	TH
31.617780045351473	31.696780045351474	60	P
31.696780045351474	31.836780045351475	26	EY2
31.836780045351475	32.016780045351474	62	S
32.016780045351474	32.086780045351475	64	T
32.086780045351475	42.146360544217686	74	sp
42.146360544217686	42.216360544217686	61	R
42.216360544217686	42.31636054421769	1	AA1
42.31636054421769	42.38536054421768	46	B
42.38536054421768	42.445360544217685	6	AH0
42.445360544217685	42.485360544217684	58	N
42.485360544217684	42.57536054421769	56	L
42.57536054421769	42.765360544217685	16	AY1
42.765360544217685	42.814360544217685	54	K
42.814360544217685	42.96436054421768	62	S
42.96436054421768	43.00436054421768	49	DH
43.00436054421768	43.05436054421769	6	AH0
43.05436054421769	43.174360544217684	54	K
43.174360544217684	43.21436054421768	10	AO1
43.21436054421768	43.33336054421768	56	L
43.33336054421768	43.363360544217684	21	ER0
43.363360544217684	43.44336054421768	68	Y
43.44336054421768	43.503360544217685	19	EH1
43.503360544217685	43.71236054421769	56	L
43.71236054421769	43.832360544217686	34	OW0
43.832360544217686	52.82998866213152	74	sp
52.82998866213152	52.919988662131516	28	IH1
52.919988662131516	52.96998866213152	69	Z
52.96998866213152	53.05898866213152	63	SH
53.05898866213152	53.13695987446149	32	IY1
53.13695987446149	53.22898866213152	51	G
53.22898866213152	53.31392208376381	35	OW1
53.31392208376381	53.39630104326662	27	IH0
53.39630104326662	53.49393536564032	59	NG
53.49393536564032	53.53359930910463	67	W
53.53359930910463	53.58699307915275	28	IH1
53.58699307915275	53.695306155536066	65	TH
53.695306155536066	53.75069349378585	68	Y
53.75069349378585	53.898202481718904	44	UW1
53.898202481718904	63.70763038548753	74	sp
63.70763038548753	63.81763038548753	67	W
63.81763038548753	63.85763038548753	28	IH1
63.85763038548753	63.97763038548753	47	CH
63.97763038548753	64.02763038548753	65	TH
64.02763038548753	64.23663038548752	32	IY1
64.23663038548752	64.27663038548754	6	AH0
64.27663038548754	64.30663038548752	64	T
64.30663038548752	64.42663038548753	21	ER0
64.42663038548753	64.54563038548753	63	SH
64.54563038548753	64.66563038548752	35	OW1
64.66563038548752	64.73563038548753	69	Z
64.73563038548753	64.83563038548753	57	M
64.83563038548753	64.89563038548754	7	AH1
64.89563038548754	64.92563038548752	49	DH
64.92563038548752	65.00463038548752	21	ER0
65.00463038548752	65.12463038548752	51	G
65.12463038548752	65.25463038548752	44	UW1
65.25463038548752	65.52363038548752	62	S
65.52363038548752	75.042052154195	74	sp
75.042052154195	75.10192945346326	54	K
75.10192945346326	75.2071914572724	7	AH1
75.2071914572724	75.2621107636076	64	T
75.2621107636076	75.37158959895869	25	EY1
75.37158959895869	75.5115895989587	62	S
75.5115895989587	75.54158959895868	57	M
75.54158959895868	75.66058959895868	10	AO1
75.66058959895868	75.70058959895869	56	L
75.70058959895869	75.80058959895868	54	K
75.80058959895868	75.893401503475	10	AO1
75.893401503475	75.98111983998263	61	R
75.98111983998263	76.01849547901631	58	N
76.01849547901631	76.18935554317028	21	ER0
76.18935554317028	76.35958959895869	10	AO1
76.35958959895869	76.54858959895869	50	F
76.54858959895869	76.67858959895868	32	IY1
76.67858959895868	76.82858959895869	47	CH
76.82858959895869	77.06758959895869	19	EH1
77.06758959895869	77.28758959895869	53	JH
77.28758959895869	86.27388888888889	74	sp
86.27388888888889	86.3338888888889	49	DH
86.3338888888889	86.48388888888888	25	EY1
86.48388888888888	86.72288888888889	10	AO1
86.72288888888889	86.80288888888889	56	L
86.80288888888889	86.83288888888889	6	AH0
86.83288888888889	86.91288888888889	58	N
86.91288888888889	87.00188888888889	53	JH
87.00188888888889	87.1618888888889	38	OY1
87.1618888888889	87.37188888888889	16	AY1
87.37188888888889	87.48088888888888	62	S
87.48088888888888	87.56088888888888	54	K
87.56088888888888	87.59088888888888	61	R
87.59088888888888	87.6408888888889	32	IY1
87.6408888888889	87.69088888888889	57	M
87.69088888888889	87.81088888888888	62	S
87.81088888888888	87.87988888888889	7	AH1
87.87988888888889	87.9798888888889	58	N
87.9798888888889	88.06988888888888	48	D
88.06988888888888	88.2598888888889	26	EY2
88.2598888888889	88.45534932974108	69	Z
88.45534932974108	97.53030612244898	74	sp
97.53030612244898	97.65030612244898	64	T
97.65030612244898	97.81030612244898	1	AA1
97.81030612244898	97.84030612244898	57	M
97.84030612244898	97.95930612244898	61	R
97.95930612244898	98.02930612244899	32	IY1
98.02930612244899	98.09930612244898	48	D
98.09930612244898	98.15930612244898	69	Z
98.15930612244898	98.18930612244898	49	DH
98.18930612244898	98.23930612244898	6	AH0
98.23930612244898	98.36830612244898	62	S
98.36830612244898	98.48830612244899	25	EY1
98.48830612244899	98.57830612244898	57	M
98.57830612244898	98.64830612244899	46	B
98.64830612244899	98.76830612244899	41	UH1
98.76830612244899	98.86730612244898	54	K
98.86730612244898	98.92730612244898	19	EH1
98.92730612244898	98.99730612244899	66	V
98.99730612244899	99.05730612244898	61	R
99.05730612244898	99.09730612244898	31	IY0
99.09730612244898	99.16730612244898	58	N
99.16730612244898	99.39630612244899	16	AY1
99.39630612244899	99.43630612244898	64	T
99.43630612244898	108.50998866213152	74	sp
108.50998866213152	108.57998866213151	52	HH
108.57998866213151	108.76307649432042	32	IY1
108.76307649432042	109.02898866213151	25	EY1
109.02898866213151	109.0579886621315	64	T
109.0579886621315	109.10798866213152	50	F
109.10798866213152	109.26798866213151	10	AO1
109.26798866213151	109.33798866213151	61	R
109.33798866213151	109.65698866213151	19	EH1
109.65698866213151	109.7869886621315	51	G
109.7869886621315	109.84698866213151	69	Z
109.84698866213151	109.8969886621315	74	sp
109.8969886621315	110.00598866213151	50	F
110.00598866213151	110.08598866213151	21	ER0
110.08598866213151	110.11598866213151	46	B
110.11598866213151	110.17598866213152	61	R
110.17598866213152	110.20598866213152	19	EH1
110.20598866213152	110.27598866213151	54	K
110.27598866213151	110.36498866213151	50	F
110.36498866213151	110.44498866213151	6	AH0
110.44498866213151	110.60498866213152	62	S
110.60498866213152	110.67498866213151	64	T
110.67498866213151	120.65846938775509	74	sp
120.65846938775509	120.7280894071178	49	DH
120.7280894071178	120.85775999152037	25	EY1
120.85775999152037	120.97064967676495	10	AO1
120.97064967676495	121.02404344681307	50	F
121.02404344681307	121.10794794260296	64	T
121.10794794260296	121.19337797467995	6	AH0
121.19337797467995	121.25772657989819	58	N
121.25772657989819	121.29891605964959	51	G
121.29891605964959	121.49243263125814	35	OW1
121.49243263125814	121.82194846926937	13	AW1
121.82194846926937	121.99546938775508	64	T
121.99546938775508	122.03546938775509	6	AH0
122.03546938775509	122.13546938775508	58	N
122.13546938775508	122.19446938775509	49	DH
122.19446938775509	122.32446938775509	31	IY0
122.32446938775509	122.43446938775509	32	IY1
122.43446938775509	122.48446938775508	66	V
122.48446938775508	122.51446938775508	58	N
122.51446938775508	122.57446938775509	27	IH0
122.57446938775509	122.77346938775509	59	NG
122.77346938775509	133.16676870748302	74	sp
133.16676870748302	133.33362238820015	62	S
133.33362238820015	133.37362238820015	60	P
133.37362238820015	133.48362238820013	61	R
133.48362238820013	133.58362238820015	28	IH1
133.58362238820015	133.61262238820015	59	NG
133.61262238820015	133.77262238820018	62	S
133.77262238820018	133.81262238820014	64	T
133.81262238820014	133.90262238820017	61	R
133.90262238820017	134.11162238820017	32	IY1
134.11162238820017	134.17162238820018	64	T
134.17162238820018	134.28162238820013	74	sp
134.28162238820013	134.43162238820017	28	IH1
134.43162238820017	134.52062238820017	69	Z
134.52062238820017	134.66062238820015	62	S
134.66062238820015	134.71062238820016	64	T
134.71062238820016	134.77062238820017	61	R
134.77062238820017	134.92962238820016	25	EY1
134.92962238820016	134.95962238820013	64	T
134.95962238820013	134.99962238820015	6	AH0
134.99962238820015	135.14962238820013	52	HH
135.14962238820013	135.33962238820013	19	EH1
135.33962238820013	135.42862238820013	48	D
135.42862238820013	145.4271768707483	74	sp
145.4271768707483	145.4971768707483	6	AH0
145.4971768707483	145.59717687074829	69	Z
145.59717687074829	145.6261768707483	49	DH
145.6261768707483	145.6761768707483	6	AH0
145.6761768707483	145.8161768707483	62	S
145.8161768707483	145.9261768707483	32	IY1
145.9261768707483	146.0751768707483	62	S
146.0751768707483	146.2051768707483	11	AO2
146.2051768707483	146.3551768707483	62	S
146.3551768707483	146.5441768707483	25	EY1
146.5441768707483	146.7941768707483	50	F
146.7941768707483	156.50128117913832	74	sp
156.50128117913832	156.6012811791383	49	DH
156.6012811791383	156.72128117913832	28	IH1
156.72128117913832	156.84128117913832	62	S
156.84128117913832	156.9202811791383	67	W
156.9202811791383	157.0302811791383	7	AH1
157.0302811791383	157.1402811791383	69	Z
157.1402811791383	157.3092811791383	32	IY1
157.3092811791383	157.3892811791383	69	Z
157.3892811791383	157.48928117913832	31	IY0
157.48928117913832	157.6587543405597	50	F
157.6587543405597	157.7682811791383	10	AO1
157.7682811791383	157.8555485215942	61	R
157.8555485215942	157.99179200709887	7	AH1
157.99179200709887	158.22977566788475	62	S
158.22977566788475	167.2218253968254	74	sp
167.2218253968254	167.36182539682542	16	AY1
167.36182539682542	167.48082539682542	62	S
167.48082539682542	167.7044643861301	10	AO1
167.7044643861301	167.82193068023594	6	AH0
167.82193068023594	167.88982539682542	60	P
167.88982539682542	168.00982539682542	22	ER1
168.00982539682542	168.0498253968254	60	P
168.0498253968254	168.09982539682542	6	AH0
168.09982539682542	168.17982539682544	56	L
168.17982539682544	168.25982539682542	54	K
168.25982539682542	168.36882539682543	61	R
168.36882539682543	168.49882539682542	4	AE1
168.49882539682542	168.58283348221573	46	B
168.58283348221573	168.662518856672	10	AO1
168.662518856672	168.70981048157174	58	N
168.70981048157174	168.75557657018442	49	DH
168.75557657018442	168.8275528568383	6	AH0
168.8275528568383	168.85168535627102	46	B
168.85168535627102	169.07441365418603	32	IY1
169.07441365418603	169.32335215014226	47	CH
169.32335215014226	178.57275510204082	74	sp
178.57275510204082	178.62275510204083	48	D
178.62275510204083	178.81258234093357	35	OW1
178.81258234093357	178.88123147385258	58	N
178.88123147385258	178.9217551020408	64	T
178.9217551020408	179.02175510204083	74	sp
179.02175510204083	179.11075510204083	48	D
179.11075510204083	179.31075510204082	44	UW1
179.31075510204082	179.46075510204082	47	CH
179.46075510204082	179.51075510204083	1	AA1
179.51075510204083	179.5897551020408	61	R
179.5897551020408	179.7197551020408	56	L
179.7197551020408	179.8097551020408	31	IY0
179.8097551020408	179.87975510204083	69	Z
179.87975510204083	179.9397551020408	48	D
179.9397551020408	180.0587551020408	22	ER1
180.0587551020408	180.09875510204083	64	T
180.09875510204083	180.2087551020408	31	IY0
180.2087551020408	180.28875510204082	48	D
180.28875510204082	180.3387551020408	28	IH1
180.3387551020408	180.49775510204083	63	SH
180.49775510204083	180.61775510204083	6	AH0
180.61775510204083	180.8867551020408	69	Z
180.8867551020408	190.70119047619048	74	sp
190.70119047619048	190.89119047619047	63	SH
190.89119047619047	190.98119047619048	41	UH1
190.98119047619048	191.02119047619047	48	D
191.02119047619047	191.10019047619048	53	JH
191.10019047619048	191.23019047619047	21	ER0
191.23019047619047	191.42019047619047	4	AE1
191.42019047619047	191.45019047619047	50	F
191.45019047619047	191.59919047619047	62	S
191.59919047619047	191.65919047619047	46	B
191.65919047619047	191.75919047619047	32	IY1
191.75919047619047	191.87919047619047	54	K
191.87919047619047	191.99819047619047	4	AE1
191.99819047619047	192.02819047619047	60	P
192.02819047619047	192.16334538453802	64	T
192.16334538453802	192.21819047619047	6	AH0
192.21819047619047	192.32819047619049	58	N
192.32819047619049	192.46719047619047	62	S
192.46719047619047	192.52719047619047	57	M
192.52719047619047	192.6571904761905	10	AO1
192.6571904761905	192.7271904761905	56	L
192.7271904761905	192.83619047619047	69	Z
192.83619047619047	193.07619047619048	44	UW1
193.07619047619048	193.26979808657268	69	Z
193.26979808657268	202.6796031746032	74	sp
202.6796031746032	202.8058000674377	32	IY1
202.8058000674377	202.86682151892126	66	V
202.86682151892126	202.9789484360223	6	AH0
202.9789484360223	202.9974264888621	58	N
202.9974264888621	203.25066551251885	16	AY1
203.25066551251885	203.29795713741862	51	G
203.29795713741862	203.36202966147636	19	EH1
203.36202966147636	203.4186031746032	64	T
203.4186031746032	203.45860317460318	49	DH
203.45860317460318	203.48860317460318	6	AH0
203.48860317460318	203.59760317460317	57	M
203.59760317460317	203.64760317460318	7	AH1
203.64760317460318	203.70760317460318	58	N
203.70760317460318	203.7576031746032	48	D
203.7576031746032	203.87760317460317	26	EY2
203.87760317460317	203.95660317460317	46	B
203.95660317460317	204.08660317460317	56	L
204.08660317460317	204.23660317460318	44	UW1
204.23660317460318	204.45560317460317	69	Z
204.45560317460317	214.58726757369615	74	sp
214.58726757369615	214.61472722686375	49	DH
214.61472722686375	214.96391951961638	25	EY1
214.96391951961638	215.17291951961639	74	sp
215.17291951961639	215.42274467218488	35	OW1
215.42274467218488	215.48910550067325	58	N
215.48910550067325	215.62487823022417	6	AH0
215.62487823022417	215.68602267236145	46	B
215.68602267236145	215.7828942265916	28	IH1
215.7828942265916	215.82026986562528	51	G
215.82026986562528	215.92055098693197	52	HH
215.92055098693197	216.07768122450213	13	AW1
216.07768122450213	216.23481146207232	62	S
216.23481146207232	216.2982442086403	6	AH0
216.2982442086403	216.37299548670765	58	N
216.37299548670765	216.56991951961638	10	AO1
216.56991951961638	216.64876953762712	62	S
216.64876953762712	216.70216330767522	64	T
216.70216330767522	216.76242199101526	6	AH0
216.76242199101526	216.80666254334082	58	N
216.80666254334082	216.86712621110374	64	T
216.86712621110374	216.95103070689365	19	EH1
216.95103070689365	217.02501921681747	54	K
217.02501921681747	217.12570461176534	62	S
217.12570461176534	217.23706876072282	6	AH0
217.23706876072282	217.4387160513519	62	S
217.4387160513519	227.39080498866215	74	sp
227.39080498866215	227.41706579242276	46	B
227.41706579242276	227.45869135343762	56	L
227.45869135343762	227.6280258813045	44	UW1
227.6280258813045	227.7378644939749	47	CH
227.7378644939749	227.92606579242275	32	IY1
227.92606579242275	228.00969693126873	69	Z
228.00969693126873	228.12111733682346	62	S
228.12111733682346	228.1752738750151	57	M
228.1752738750151	228.26680605224047	19	EH1
228.26680605224047	228.3140976771402	56	L
228.3140976771402	228.39571386849948	69	Z
228.39571386849948	228.4788403364329	50	F
228.4788403364329	228.54291286049065	6	AH0
228.54291286049065	228.63124045506223	58	N
228.63124045506223	228.97306579242274	31	IY0
228.97306579242274	240.55416099773242	74	sp
240.55416099773242	240.62316099773244	49	DH
240.62316099773244	240.66316099773243	6	AH0
240.66316099773243	240.75316099773244	46	B
240.75316099773244	240.91316099773243	28	IH1
240.91316099773243	241.00316099773244	51	G
241.00316099773244	241.07216099773242	48	D
241.07216099773242	241.42216099773242	10	AO1
241.42216099773242	241.49216099773244	51	G
241.49216099773244	241.54116099773242	74	sp
241.54116099773242	241.70116099773242	56	L
241.70116099773242	241.82116099773242	7	AH1
241.82116099773242	241.87116099773243	66	V
241.87116099773243	241.90116099773243	48	D
241.90116099773243	241.99016099773243	64	T
241.99016099773243	242.03016099773242	6	AH0
242.03016099773242	242.21016099773243	47	CH
242.21016099773243	242.39916099773242	44	UW1
242.39916099773242	242.63209490417825	1	AA1
242.63209490417825	242.65639097157668	49	DH
242.65639097157668	242.756313598381	6	AH0
242.756313598381	242.84784577560637	35	OW1
242.84784577560637	242.96607483785576	56	L
242.96607483785576	243.081252827531	48	D
243.081252827531	243.18497403534016	61	R
243.18497403534016	243.30716099773244	4	AE1
243.30716099773244	243.40716099773243	51	G
243.40716099773243	243.45716099773242	49	DH
243.45716099773242	243.6195678476551	7	AH1
243.6195678476551	243.71616099773243	56	L
243.71616099773243	254.07397959183675	74	sp
254.07397959183675	254.14397959183674	51	G
254.14397959183674	254.28297959183675	19	EH1
254.28297959183675	254.43297959183676	62	S
254.43297959183676	254.47297959183675	49	DH
254.47297959183675	254.51297959183674	6	AH0
254.51297959183674	254.65197959183675	54	K
254.65197959183675	254.71197959183675	67	W
254.71197959183675	254.75197959183674	19	EH1
254.75197959183674	254.94197959183674	63	SH
254.94197959183674	255.02197959183675	6	AH0
255.02197959183675	255.11097959183675	58	N
255.11097959183675	255.15097959183674	50	F
255.15097959183674	255.19097959183674	61	R
255.19097959183674	255.22097959183674	7	AH1
255.22097959183674	255.33097959183675	57	M
255.33097959183675	255.37097959183674	49	DH
255.37097959183674	255.40097959183674	6	AH0
255.40097959183674	255.59997959183676	4	AE1
255.59997959183676	255.62997959183676	58	N
255.62997959183676	255.75997959183675	62	S
255.75997959183675	255.90997959183676	21	ER0
255.90997959183676	265.2343424036281	74	sp
265.2343424036281	265.3843424036281	62	S
265.3843424036281	265.4543424036281	67	W
265.4543424036281	265.4843424036281	28	IH1
265.4843424036281	265.5884571763685	59	NG
265.5884571763685	265.6166795976796	68	Y
265.6166795976796	265.67007336772775	10	AO1
265.67007336772775	265.7310948192113	61	R
265.7310948192113	265.9333424036281	1	AA1
265.9333424036281	266.0733424036281	61	R
266.0733424036281	266.1223424036281	57	M
266.1223424036281	266.24234240362813	4	AE1
266.24234240362813	266.332581344883	69	Z
266.332581344883	266.4023424036281	52	HH
266.4023424036281	266.5323424036281	16	AY1
266.5323424036281	266.5613424036281	19	EH1
266.5613424036281	266.6513424036281	69	Z
266.6513424036281	266.6813424036281	68	Y
266.6813424036281	266.7113424036281	44	UW1
266.7113424036281	266.8213424036281	54	K
266.8213424036281	267.0603424036281	4	AE1
267.0603424036281	267.1603424036281	58	N
267.1603424036281	276.92413832199543	74	sp
276.92413832199543	277.0141383219954	60	P
277.0141383219954	277.0531383219954	56	L
277.0531383219954	277.2231383219954	32	IY1
277.2231383219954	277.2631383219954	69	Z
277.2631383219954	277.3931383219954	62	S
277.3931383219954	277.4331383219954	28	IH1
277.4331383219954	277.93113832199543	59	NG
277.93113832199543	278.0811383219954	74	sp
278.0811383219954	278.1911383219954	53	JH
278.1911383219954	278.43029795364845	7	AH1
278.43029795364845	278.48674279627073	49	DH
278.48674279627073	278.54547594332365	6	AH0
278.54547594332365	278.6420404773947	54	K
278.6420404773947	278.70687576959597	56	L
278.70687576959597	278.83502081771144	7	AH1
278.83502081771144	278.9591383219954	46	B
278.9591383219954	279.01537733437743	74	sp
279.01537733437743	279.0443625238321	65	TH
279.0443625238321	279.2587003721681	32	IY1
279.2587003721681	279.3981383219954	57	M
279.3981383219954	290.7877210884354	74	sp
290.7877210884354	290.83772108843533	49	DH
290.83772108843533	290.9077210884353	7	AH1
290.9077210884353	290.9677210884353	74	sp
290.9677210884353	290.99772108843536	4	AE1
290.99772108843536	291.12772108843535	59	NG
291.12772108843535	291.1577210884353	51	G
291.1577210884353	291.19772108843534	61	R
291.19772108843534	291.27672108843535	31	IY0
291.27672108843535	291.39672108843536	46	B
291.39672108843536	291.82572108843533	38	OY1
291.82572108843533	292.07572108843533	74	sp
292.07572108843533	292.13472108843536	48	D
292.13472108843536	292.20472108843535	28	IH1
292.20472108843535	292.2347210884353	48	D
292.2347210884353	292.33472108843534	6	AH0
292.33472108843534	292.37472108843536	58	N
292.37472108843536	292.50472108843536	56	L
292.50472108843536	292.55372108843534	41	UH1
292.55372108843534	292.64372108843537	54	K
292.64372108843537	292.87372108843533	7	AH1
292.87372108843533	292.90372108843536	60	P
292.90372108843536	313.98394557823127	74	sp
