4.901	4.971	58	N
4.971	5.091	4	AE1
5.091	5.161	58	N
5.161	5.261	62	S
5.261	5.31	31	IY0
5.31	5.36	52	HH
5.36	5.52	4	AE1
5.52	5.63	69	Z
5.63	5.68	49	DH
5.68	5.729	6	AH0
5.729	5.809	46	B
5.809	5.929	19	EH1
5.929	6.009	62	S
6.009	6.039	64	T
6.039	6.109	51	G
6.109	6.198	61	R
6.198	6.358	25	EY1
6.358	6.428	48	D
6.428	6.498	69	Z
6.498	6.568	28	IH1
6.568	6.647	58	N
6.647	6.707	52	HH
6.707	6.807	22	ER1
6.807	6.907	54	K
6.907	6.957	56	L
6.957	7.056	4	AE1
7.056	7.495	62	S
13.891	14.021	16	AY1
14.021	14.14	64	T
14.14	14.21	41	UH1
14.21	14.29	54	K
14.29	14.41	52	HH
14.41	14.609	22	ER1
14.609	14.639	67	W
14.639	14.859	22	ER1
14.859	14.889	48	D
14.889	14.929	50	F
14.929	15.068	10	AO1
15.068	15.143902986373163	61	R
15.143902986373163	15.268	6	AH0
15.268	15.308	64	T
23.868	24.008	10	AO1
24.008	24.058	61	R
24.058	24.088	6	AH0
24.088	24.148	58	N
24.148	24.207	53	JH
24.207	24.357	53	JH
24.357	24.467	44	UW1
24.467	24.607	62	S
24.607	24.716	64	T
24.716	24.826	25	EY1
24.826	24.866	62	S
24.866	24.896	64	T
24.896	24.986	62	S
24.986	25.026	50	F
25.026	25.115	7	AH1
25.115	25.175	58	N
25.175	25.255	31	IY0
25.255	25.435	4	AE1
25.435	25.465	50	F
25.465	25.524	64	T
25.524	25.594	21	ER0
25.594	25.704	64	T
25.704	25.834	44	UW1
25.834	25.884	65	TH
25.884	25.963	60	P
25.963	26.103	26	EY2
26.103	26.283	62	S
26.283	26.353	64	T
37.198	37.268	61	R
37.268	37.368	1	AA1
37.368	37.437	46	B
37.437	37.497	6	AH0
37.497	37.537	58	N
37.537	37.627	56	L
37.627	37.817	16	AY1
37.817	37.866	54	K
37.866	38.016	62	S
38.016	38.056	49	DH
38.056	38.106	6	AH0
38.106	38.226	54	K
38.226	38.266	10	AO1
38.266	38.385	56	L
38.385	38.415	21	ER0
38.415	38.495	68	Y
38.495	38.555	19	EH1
38.555	38.764	56	L
38.764	38.884	34	OW0
48.213	48.303	28	IH1
48.303	48.353	69	Z
48.353	48.442	63	SH
48.442	48.51997121232997	32	IY1
48.51997121232997	48.612	51	G
48.612	48.696933421632295	35	OW1
48.696933421632295	48.7793123811351	27	IH0
48.7793123811351	48.8769467035088	59	NG
48.8769467035088	48.91661064697311	67	W
48.91661064697311	48.97000441702123	28	IH1
48.97000441702123	49.07831749340455	65	TH
49.07831749340455	49.133704831654335	68	Y
49.133704831654335	49.281213819587386	44	UW1
58.579	58.689	67	W
58.689	58.729	28	IH1
58.729	58.849	47	CH
58.849	58.899	65	TH
58.899	59.108	32	IY1
59.108	59.148	6	AH0
59.148	59.178	64	T
59.178	59.298	21	ER0
59.298	59.417	63	SH
59.417	59.537	35	OW1
59.537	59.607	69	Z
59.607	59.707	57	M
59.707	59.767	7	AH1
59.767	59.797	49	DH
59.797	59.876	21	ER0
59.876	59.996	51	G
59.996	60.126	44	UW1
60.126	60.395	62	S
69.82346255523632	69.88333985450457	54	K
69.88333985450457	69.98860185831371	7	AH1
69.98860185831371	70.04352116464891	64	T
70.04352116464891	70.153	25	EY1
70.153	70.293	62	S
70.293	70.323	57	M
70.323	70.442	10	AO1
70.442	70.482	56	L
70.482	70.582	54	K
70.582	70.67481190451632	10	AO1
70.67481190451632	70.76253024102394	61	R
70.76253024102394	70.79990588005762	58	N
70.79990588005762	70.97076594421159	21	ER0
70.97076594421159	71.141	10	AO1
71.141	71.33	50	F
71.33	71.46	32	IY1
71.46	71.61	47	CH
71.61	71.849	19	EH1
71.849	72.069	53	JH
81.158	81.218	49	DH
81.218	81.368	25	EY1
81.368	81.607	10	AO1
81.607	81.687	56	L
81.687	81.717	6	AH0
81.717	81.797	58	N
81.797	81.886	53	JH
81.886	82.046	38	OY1
82.046	82.256	16	AY1
82.256	82.365	62	S
82.365	82.445	54	K
82.445	82.475	61	R
82.475	82.525	32	IY1
82.525	82.575	57	M
82.575	82.695	62	S
82.695	82.764	7	AH1
82.764	82.864	58	N
82.864	82.954	48	D
82.954	83.144	26	EY2
83.144	83.33946044085219	69	Z
92.442	92.562	64	T
92.562	92.722	1	AA1
92.722	92.752	57	M
92.752	92.871	61	R
92.871	92.941	32	IY1
92.941	93.011	48	D
93.011	93.071	69	Z
93.071	93.101	49	DH
93.101	93.151	6	AH0
93.151	93.28	62	S
93.28	93.4	25	EY1
93.4	93.49	57	M
93.49	93.56	46	B
93.56	93.68	41	UH1
93.68	93.779	54	K
93.779	93.839	19	EH1
93.839	93.909	66	V
93.909	93.969	61	R
93.969	94.009	31	IY0
94.009	94.079	58	N
94.079	94.308	16	AY1
94.308	94.348	64	T
103.308	103.378	52	HH
103.378	103.5610878321889	32	IY1
103.5610878321889	103.827	25	EY1
103.827	103.856	64	T
103.856	103.906	50	F
103.906	104.066	10	AO1
104.066	104.136	61	R
104.136	104.455	19	EH1
104.455	104.585	51	G
104.585	104.645	69	Z
104.695	104.804	50	F
104.804	104.884	21	ER0
104.884	104.914	46	B
104.914	104.974	61	R
104.974	105.004	19	EH1
105.004	105.074	54	K
105.074	105.163	50	F
105.163	105.243	6	AH0
105.243	105.403	62	S
105.403	105.473	64	T
115.51	115.57962001936272	49	DH
115.57962001936272	115.70929060376528	25	EY1
115.70929060376528	115.82218028900986	10	AO1
115.82218028900986	115.87557405905798	50	F
115.87557405905798	115.95947855484788	64	T
115.95947855484788	116.04490858692486	6	AH0
116.04490858692486	116.1092571921431	58	N
116.1092571921431	116.1504466718945	51	G
116.1504466718945	116.34396324350305	35	OW1
116.34396324350305	116.67347908151429	13	AW1
116.67347908151429	116.847	64	T
116.847	116.887	6	AH0
116.887	116.987	58	N
116.987	117.046	49	DH
117.046	117.176	31	IY0
117.176	117.286	32	IY1
117.286	117.336	66	V
117.336	117.366	58	N
117.366	117.426	27	IH0
117.426	117.625	59	NG
127.60514631928287	127.772	62	S
127.772	127.812	60	P
127.812	127.922	61	R
127.922	128.022	28	IH1
128.022	128.051	59	NG
128.051	128.211	62	S
128.211	128.251	64	T
128.251	128.341	61	R
128.341	128.55	32	IY1
128.55	128.61	64	T
128.72	128.87	28	IH1
128.87	128.959	69	Z
128.959	129.099	62	S
129.099	129.149	64	T
129.149	129.209	61	R
129.209	129.368	25	EY1
129.368	129.398	64	T
129.398	129.438	6	AH0
129.438	129.588	52	HH
129.588	129.778	19	EH1
129.778	129.867	48	D
140.613	140.683	6	AH0
140.683	140.783	69	Z
140.783	140.812	49	DH
140.812	140.862	6	AH0
140.862	141.002	62	S
141.002	141.112	32	IY1
141.112	141.261	62	S
141.261	141.391	11	AO2
141.391	141.541	62	S
141.541	141.73	25	EY1
141.73	141.98	50	F
151.877	151.977	49	DH
151.977	152.097	28	IH1
152.097	152.217	62	S
152.217	152.296	67	W
152.296	152.406	7	AH1
152.406	152.516	69	Z
152.516	152.685	32	IY1
152.685	152.765	69	Z
152.765	152.865	31	IY0
152.865	153.0344731614214	50	F
153.0344731614214	153.144	10	AO1
153.144	153.23126734245588	61	R
153.23126734245588	153.36751082796056	7	AH1
153.36751082796056	153.60549448874644	62	S
162.134	162.274	16	AY1
162.274	162.393	62	S
162.393	162.61663898930468	10	AO1
162.61663898930468	162.7341052834105	6	AH0
162.7341052834105	162.802	60	P
162.802	162.922	22	ER1
162.922	162.962	60	P
162.962	163.012	6	AH0
163.012	163.092	56	L
163.092	163.172	54	K
163.172	163.281	61	R
163.281	163.411	4	AE1
163.411	163.4950080853903	46	B
163.4950080853903	163.57469345984657	10	AO1
163.57469345984657	163.6219850847463	58	N
163.6219850847463	163.667751173359	49	DH
163.667751173359	163.7397274600129	6	AH0
163.7397274600129	163.7638599594456	46	B
163.7638599594456	163.9865882573606	32	IY1
163.9865882573606	164.23552675331683	47	CH
173.279	173.329	48	D
173.329	173.51882723889275	35	OW1
173.51882723889275	173.58747637181176	58	N
173.58747637181176	173.628	64	T
173.728	173.817	48	D
173.817	174.017	44	UW1
174.017	174.167	47	CH
174.167	174.217	1	AA1
174.217	174.296	61	R
174.296	174.426	56	L
174.426	174.516	31	IY0
174.516	174.586	69	Z
174.586	174.646	48	D
174.646	174.765	22	ER1
174.765	174.805	64	T
174.805	174.915	31	IY0
174.915	174.995	48	D
174.995	175.045	28	IH1
175.045	175.204	63	SH
175.204	175.324	6	AH0
175.324	175.593	69	Z
184.892	185.082	63	SH
185.082	185.172	41	UH1
185.172	185.212	48	D
185.212	185.291	53	JH
185.291	185.421	21	ER0
185.421	185.611	4	AE1
185.611	185.641	50	F
185.641	185.79	62	S
185.79	185.85	46	B
185.85	185.95	32	IY1
185.95	186.07	54	K
186.07	186.189	4	AE1
186.189	186.219	60	P
186.219	186.35415490834754	64	T
186.35415490834754	186.409	6	AH0
186.409	186.519	58	N
186.519	186.658	62	S
186.658	186.718	57	M
186.718	186.848	10	AO1
186.848	186.918	56	L
186.918	187.027	69	Z
187.027	187.267	44	UW1
187.267	187.4606076103822	69	Z
197.603	197.72919689283452	32	IY1
197.72919689283452	197.79021834431808	66	V
197.79021834431808	197.90234526141913	6	AH0
197.90234526141913	197.9208233142589	58	N
197.9208233142589	198.17406233791567	16	AY1
198.17406233791567	198.22135396281544	51	G
198.22135396281544	198.28542648687318	19	EH1
198.28542648687318	198.342	64	T
198.342	198.382	49	DH
198.382	198.412	6	AH0
198.412	198.521	57	M
198.521	198.571	7	AH1
198.571	198.631	58	N
198.631	198.681	48	D
198.681	198.801	26	EY2
198.801	198.88	46	B
198.88	199.01	56	L
199.01	199.16	44	UW1
199.16	199.379	69	Z
208.48134805407977	208.50880770724737	49	DH
208.50880770724737	208.858	25	EY1
209.067	209.3168251525685	35	OW1
209.3168251525685	209.38318598105687	58	N
209.38318598105687	209.5189587106078	6	AH0
209.5189587106078	209.58010315274507	46	B
209.58010315274507	209.67697470697522	28	IH1
209.67697470697522	209.7143503460089	51	G
209.7143503460089	209.8146314673156	52	HH
209.8146314673156	209.97176170488575	13	AW1
209.97176170488575	210.12889194245594	62	S
210.12889194245594	210.19232468902393	6	AH0
210.19232468902393	210.26707596709127	58	N
210.26707596709127	210.464	10	AO1
210.464	210.54285001801074	62	S
210.54285001801074	210.59624378805884	64	T
210.59624378805884	210.65650247139888	6	AH0
210.65650247139888	210.70074302372444	58	N
210.70074302372444	210.76120669148736	64	T
210.76120669148736	210.84511118727727	19	EH1
210.84511118727727	210.9190996972011	54	K
210.9190996972011	211.01978509214896	62	S
211.01978509214896	211.13114924110644	6	AH0
211.13114924110644	211.3327965317355	62	S
222.4807391962394	222.507	46	B
222.507	222.54862556101486	56	L
222.54862556101486	222.71796008888174	44	UW1
222.71796008888174	222.82779870155215	47	CH
222.82779870155215	223.016	32	IY1
223.016	223.09963113884598	69	Z
223.09963113884598	223.2110515444007	62	S
223.2110515444007	223.26520808259235	57	M
223.26520808259235	223.3567402598177	19	EH1
223.3567402598177	223.40403188471745	56	L
223.40403188471745	223.48564807607673	69	Z
223.48564807607673	223.56877454401015	50	F
223.56877454401015	223.6328470680679	6	AH0
223.6328470680679	223.72117466263947	58	N
223.72117466263947	224.063	31	IY0
234.011	234.08	49	DH
234.08	234.12	6	AH0
234.12	234.21	46	B
234.21	234.37	28	IH1
234.37	234.46	51	G
234.46	234.529	48	D
234.529	234.879	10	AO1
234.879	234.949	51	G
234.998	235.158	56	L
235.158	235.278	7	AH1
235.278	235.328	66	V
235.328	235.358	48	D
235.358	235.447	64	T
235.447	235.487	6	AH0
235.487	235.667	47	CH
235.667	235.856	44	UW1
235.856	236.08893390644582	1	AA1
236.08893390644582	236.11322997384426	49	DH
236.11322997384426	236.21315260064858	6	AH0
236.21315260064858	236.30468477787394	35	OW1
236.30468477787394	236.42291384012333	56	L
236.42291384012333	236.53809182979856	48	D
236.53809182979856	236.64181303760773	61	R
236.64181303760773	236.764	4	AE1
236.764	236.864	51	G
236.864	236.914	49	DH
236.914	237.07640684992268	7	AH1
237.07640684992268	237.173	56	L
248.518	248.588	51	G
248.588	248.727	19	EH1
248.727	248.877	62	S
248.877	248.917	49	DH
248.917	248.957	6	AH0
248.957	249.096	54	K
249.096	249.156	67	W
249.156	249.196	19	EH1
249.196	249.386	63	SH
249.386	249.466	6	AH0
249.466	249.555	58	N
249.555	249.595	50	F
249.595	249.635	61	R
249.635	249.665	7	AH1
249.665	249.775	57	M
249.775	249.815	49	DH
249.815	249.845	6	AH0
249.845	250.044	4	AE1
250.044	250.074	58	N
250.074	250.204	62	S
250.204	250.354	21	ER0
260.051	260.201	62	S
260.201	260.271	67	W
260.271	260.301	28	IH1
260.301	260.4051147727404	59	NG
260.4051147727404	260.4333371940515	68	Y
260.4333371940515	260.48673096409965	10	AO1
260.48673096409965	260.5477524155832	61	R
260.5477524155832	260.75	1	AA1
260.75	260.89	61	R
260.89	260.939	57	M
260.939	261.059	4	AE1
261.059	261.1492389412549	69	Z
261.1492389412549	261.219	52	HH
261.219	261.349	16	AY1
261.349	261.378	19	EH1
261.378	261.468	69	Z
261.468	261.498	68	Y
261.498	261.528	44	UW1
261.528	261.638	54	K
261.638	261.877	4	AE1
261.877	261.977	58	N
270.927	271.017	60	P
271.017	271.056	56	L
271.056	271.226	32	IY1
271.226	271.266	69	Z
271.266	271.396	62	S
271.396	271.436	28	IH1
271.436	271.934	59	NG
272.084	272.194	53	JH
272.194	272.43315963165304	7	AH1
272.43315963165304	272.4896044742753	49	DH
272.4896044742753	272.54833762132824	6	AH0
272.54833762132824	272.6449021553993	54	K
272.6449021553993	272.70973744760056	56	L
272.70973744760056	272.83788249571603	7	AH1
272.83788249571603	272.962	46	B
273.018239012382	273.0472242018367	65	TH
273.0472242018367	273.2615620501727	32	IY1
273.2615620501727	273.401	57	M
285.583	285.633	49	DH
285.633	285.703	7	AH1
285.763	285.793	4	AE1
285.793	285.923	59	NG
285.923	285.953	51	G
285.953	285.993	61	R
285.993	286.072	31	IY0
286.072	286.192	46	B
286.192	286.621	38	OY1
286.871	286.93	48	D
286.93	287.0	28	IH1
287.0	287.03	48	D
287.03	287.13	6	AH0
287.13	287.17	58	N
287.17	287.3	56	L
287.3	287.349	41	UH1
287.349	287.439	54	K
287.439	287.669	7	AH1
287.669	287.699	60	P
308.91	308.94605646451276	58	N
308.94605646451276	309.1	4	AE1
309.1	309.14	58	N
309.14	309.24439606212064	62	S
309.24439606212064	309.34520444772227	31	IY0
309.34520444772227	309.43673662494757	52	HH
309.43673662494757	309.529	4	AE1
309.529	309.589	69	Z
309.609	309.659	49	DH
309.659	309.699	6	AH0
309.699	309.768	46	B
309.768	309.888	19	EH1
309.888	309.968	62	S
309.968	309.998	64	T
309.998	310.048	51	G
310.048	310.148	61	R
310.148	310.287	25	EY1
310.287	310.397	48	D
310.397	310.437	69	Z
310.437	310.477	6	AH0
310.477	310.527	58	N
310.527	310.577	49	DH
310.577	310.607	6	AH0
310.607	310.706	54	K
310.706	310.766	56	L
310.766	310.946	4	AE1
310.946	311.026	62	S
321.0813598712202	321.20492831047443	16	AY1
321.20492831047443	321.292	64	T
321.292	321.362	41	UH1
321.362	321.452	54	K
321.452	321.49269688501374	52	HH
321.49269688501374	321.681	22	ER1
321.681	321.731	67	W
321.731	321.901	22	ER1
321.901	321.931	48	D
321.931	321.981	50	F
321.981	322.11	10	AO1
322.11	322.1535153383437	61	R
322.1535153383437	322.29	28	IH1
322.29	322.42	64	T
331.1	331.25	10	AO1
331.25	331.3	61	R
331.3	331.329	6	AH0
331.329	331.379	58	N
331.379	331.429	53	JH
331.429	331.589	53	JH
331.589	331.699	44	UW1
331.699	331.788	62	S
331.788	331.858	64	T
331.858	331.978	25	EY1
331.978	332.038	62	S
332.038	332.078	64	T
332.078	332.108	62	S
332.108	332.158	50	F
332.158	332.227	7	AH1
332.227	332.277	58	N
332.277	332.37404476541616	31	IY0
332.37404476541616	332.517	4	AE1
332.517	332.547	50	F
332.547	332.617	64	T
332.617	332.676	21	ER0
332.676	332.776	64	T
332.776	332.866	44	UW1
332.866	332.906	65	TH
332.906	332.996	60	P
332.996	333.125	26	EY2
333.125	333.295	62	S
333.295	333.355	64	T
342.35661218017856	342.4077176457961	61	R
342.4077176457961	342.5091658088875	1	AA1
342.5091658088875	342.5526435930695	46	B
342.5526435930695	342.6502779154432	6	AH0
342.6502779154432	342.73647071566376	58	N
342.73647071566376	342.7852878768506	56	L
342.7852878768506	342.883	16	AY1
342.883	342.943	54	K
342.943	343.013	62	S
343.013	343.053	49	DH
343.053	343.093	6	AH0
343.093	343.212	54	K
343.212	343.28127689486325	10	AO1
343.28127689486325	343.34153557820326	56	L
343.34153557820326	343.4246773058496	21	ER0
343.4246773058496	343.45489627114506	68	Y
343.45489627114506	343.5342241580737	19	EH1
343.5342241580737	343.6188914220071	56	L
343.6188914220071	343.8145748178546	35	OW1
353.76085573029735	353.808	28	IH1
353.808	353.89897302087627	69	Z
353.89897302087627	353.978	63	SH
353.978	354.038	32	IY1
354.038	354.128	51	G
354.128	354.267	35	OW1
354.267	354.317	6	AH0
354.317	354.347	58	N
354.347	354.447	67	W
354.447	354.477	28	IH1
354.477	354.5942237716069	65	TH
354.5942237716069	354.696	68	Y
354.696	354.756	44	UW1
364.74997416307656	364.883	67	W
364.883	364.943	28	IH1
364.943	365.103	47	CH
365.103	365.153	65	TH
365.153	365.282	32	IY1
365.282	365.402	6	AH0
365.402	365.432	64	T
365.432	365.562	21	ER0
365.562	365.691	63	SH
365.691	365.791	35	OW1
365.791	365.901	69	Z
365.901	365.951	57	M
365.951	366.031	7	AH1
366.031	366.061	49	DH
366.061	366.14	21	ER0
366.14	366.25	51	G
366.25	366.41	44	UW1
366.41	366.679	62	S
376.4644225198612	376.52777255374184	54	K
376.52777255374184	376.60328659995275	7	AH1
376.60328659995275	376.61472812210593	64	T
376.61472812210593	376.7695700552454	6	AH0
376.7695700552454	376.9167947844086	62	S
376.9167947844086	376.95950980044705	57	M
376.95950980044705	377.0678228768304	1	AA1
377.0678228768304	377.15249014076386	56	L
377.15249014076386	377.2134963325346	54	K
377.2134963325346	377.2752805521617	10	AO1
377.2752805521617	377.3218094089179	61	R
377.3218094089179	377.4141043542868	58	N
377.4141043542868	377.49800885007664	21	ER0
377.49800885007664	377.66047846465165	1	AA1
377.66047846465165	377.78888475378744	50	F
377.78888475378744	377.944	32	IY1
377.944	378.103	47	CH
378.1552184471119	378.363	19	EH1
378.363	378.612	53	JH
389.54908423566036	389.71231661837885	25	EY1
389.71231661837885	389.94190982958577	10	AO1
389.94190982958577	390.0131237676688	56	L
390.0131237676688	390.084823973162	6	AH0
390.084823973162	390.176	58	N
390.176	390.246	53	JH
390.246	390.475	38	OY1
390.475	390.645	16	AY1
390.645	390.744	62	S
390.744	390.824	54	K
390.824	390.864	61	R
390.864	390.914	32	IY1
390.914	391.004	57	M
391.004	391.104	62	S
391.104	391.173	7	AH1
391.173	391.263	58	N
391.263	391.303	48	D
391.303	391.543	26	EY2
391.543	391.77851818182523	69	Z
401.151	401.271	64	T
401.271	401.44	1	AA1
401.44	401.5116435474276	57	M
401.5116435474276	401.6	61	R
401.6	401.68	32	IY1
401.68	401.729	48	D
401.729	401.789	69	Z
401.789	401.819	49	DH
401.819	401.8477582754563	6	AH0
401.8477582754563	401.979	62	S
401.979	402.119	25	EY1
402.119	402.208	57	M
402.208	402.258	46	B
402.258	402.398	41	UH1
402.398	402.488	54	K
402.488	402.578	19	EH1
402.578	402.647	66	V
402.647	402.707	61	R
402.707	402.737	31	IY0
402.737	402.777	58	N
402.777	402.997	16	AY1
402.997	403.046	64	T
412.7627756851138	412.8459174127602	52	HH
412.8459174127602	412.94889111213865	32	IY1
412.94889111213865	413.163	25	EY1
413.163	413.193	64	T
413.193	413.263	50	F
413.263	413.373	10	AO1
413.373	413.473	61	R
413.473	413.632	19	EH1
413.632	413.722	51	G
413.722	413.772	69	Z
413.772	413.842	50	F
413.842	413.922	21	ER0
413.922	413.952	46	B
413.952	414.041	61	R
414.041	414.071	19	EH1
414.071	414.131	54	K
414.131	414.211	50	F
414.211	414.261	6	AH0
414.261	414.421	62	S
414.421	414.48	64	T
423.979	424.029	49	DH
424.029	424.1465217488376	25	EY1
424.1465217488376	424.318	10	AO1
424.318	424.358	50	F
424.358	424.408	64	T
424.408	424.468	6	AH0
424.468	424.538	58	N
424.538	424.568	51	G
424.568	424.72699496860554	35	OW1
424.72699496860554	424.9396165886186	13	AW1
424.9396165886186	424.98004330022644	64	T
424.98004330022644	425.076	28	IH1
425.076	425.186	58	N
425.186	425.216	49	DH
425.216	425.286	31	IY0
425.286	425.376	32	IY1
425.376	425.456	66	V
425.456	425.505	58	N
425.505	425.545	27	IH0
425.545	425.685	59	NG
435.383	435.543	62	S
435.543	435.573	60	P
435.573	435.672	21	ER0
435.672	435.762	28	IH1
435.762	435.822	59	NG
435.822	435.9462218137368	62	S
435.9462218137368	435.99503897492366	64	T
435.99503897492366	436.0377539909622	61	R
436.0377539909622	436.15064367620676	32	IY1
436.15064367620676	436.20251190996777	64	T
436.20251190996777	436.3565910749638	6	AH0
436.3565910749638	436.4008316272894	62	S
436.4008316272894	436.4624052410941	62	S
436.4624052410941	436.52342669257763	64	T
436.52342669257763	436.57529492633864	61	R
436.57529492633864	436.65614834955437	25	EY1
436.65614834955437	436.6927612204445	64	T
436.6927612204445	436.7720891073731	6	AH0
436.7720891073731	436.82395734113413	52	HH
436.82395734113413	437.02990473989115	19	EH1
437.02990473989115	437.179	48	D
445.969	446.079	28	IH1
446.079	446.188	69	Z
446.188	446.238	49	DH
446.238	446.338	28	IH1
446.338	446.418	62	S
446.418	446.478	62	S
446.478	446.578	32	IY1
446.578	446.707	62	S
446.707	446.86700951462734	11	AO2
446.86700951462734	446.977	62	S
446.977	447.186	25	EY1
447.186	447.42535579570193	50	F
457.902460657557	457.94517567359554	49	DH
457.94517567359554	458.0031460525049	6	AH0
458.0031460525049	458.111	62	S
458.111	458.171	67	W
458.171	458.231	7	AH1
458.231	458.331	69	Z
458.331	458.461	32	IY1
458.461	458.52	69	Z
458.52	458.62	31	IY0
458.62	458.73	50	F
458.73	458.82	10	AO1
458.82	458.8871465377852	61	R
458.8871465377852	459.02139373104905	7	AH1
459.02139373104905	459.25174971039945	62	S
469.037	469.196	16	AY1
469.196	469.316	62	S
469.316	469.4775962652619	10	AO1
469.4775962652619	469.605	6	AH0
469.605	469.655	60	P
469.655	469.765	22	ER1
469.765	469.815	60	P
469.815	469.845	6	AH0
469.845	469.915	56	L
469.915	470.014	54	K
470.014	470.064	61	R
470.064	470.244	4	AE1
470.244	470.274	46	B
470.274	470.423	1	AA1
470.423	470.473	58	N
470.473	470.503	49	DH
470.503	470.533	6	AH0
470.533	470.593	46	B
470.593	470.783	32	IY1
470.783	471.062	47	CH
481.448	481.538	48	D
481.538	481.768	35	OW1
481.768	481.798	58	N
481.798	481.867	48	D
481.867	481.997	44	UW1
481.997	482.137	47	CH
482.137	482.217	1	AA1
482.217	482.256	61	R
482.256	482.366	56	L
482.366	482.446	31	IY0
482.446	482.546	69	Z
482.546	482.606	48	D
482.606	482.715	22	ER1
482.715	482.755	64	T
482.755	482.855	31	IY0
482.855	482.915	48	D
482.915	482.985	28	IH1
482.985	483.115	63	SH
483.115	483.214	6	AH0
483.214	483.46627891206805	69	Z
492.134	492.294	63	SH
492.294	492.354	41	UH1
492.354	492.403	48	D
492.403	492.483	53	JH
492.483	492.583	21	ER0
492.583	492.793	4	AE1
492.793	492.832	50	F
492.832	492.922	62	S
492.922	492.982	46	B
492.982	493.072	31	IY0
493.072	493.172	54	K
493.172	493.271	4	AE1
493.271	493.321	60	P
493.321	493.35790206938134	64	T
493.35790206938134	493.4326533474487	28	IH1
493.4326533474487	493.4997769440806	58	N
493.4997769440806	493.6045363298776	62	S
493.6045363298776	493.67776207165787	57	M
493.67776207165787	493.7906517569025	1	AA1
493.7906517569025	493.8567524352594	56	L
493.8567524352594	493.9477819944726	69	Z
493.9477819944726	494.16440814723927	44	UW1
494.16440814723927	494.4191727071831	62	S
504.087	504.187	32	IY1
504.187	504.246	66	V
504.246	504.316	6	AH0
504.316	504.346	58	N
504.346	504.576	16	AY1
504.576	504.616	51	G
504.616	504.676	28	IH1
504.676	504.745	64	T
504.745	504.775	49	DH
504.775	504.805	6	AH0
504.805	504.905	57	M
504.905	504.955	7	AH1
504.955	505.055	58	N
505.055	505.085	48	D
505.085	505.164	26	EY2
505.164	505.224	46	B
505.224	505.394	56	L
505.394	505.534	44	UW1
505.534	505.7778768369139	69	Z
514.962	515.0249711612524	49	DH
515.0249711612524	515.1622694270905	25	EY1
515.1622694270905	515.3056698380768	35	OW1
515.3056698380768	515.3697423621345	58	N
515.3697423621345	515.4551723942116	6	AH0
515.4551723942116	515.481	46	B
515.481	515.601	28	IH1
515.601	515.631	51	G
515.631	515.74	52	HH
515.74	515.88	13	AW1
515.88	516.01	62	S
516.01	516.05	6	AH0
516.05	516.11	58	N
516.11	516.279	10	AO1
516.279	516.379	62	S
516.379	516.429	64	T
516.429	516.459	6	AH0
516.459	516.539	58	N
516.539	516.598	64	T
516.598	516.668	19	EH1
516.668	516.798	54	K
516.798	516.838	62	S
516.838	516.948	6	AH0
516.948	517.1794035684003	62	S
526.446	526.496	46	B
526.496	526.646	56	L
526.646	526.685	44	UW1
526.685	526.835	47	CH
526.835	527.035	32	IY1
527.035	527.075	69	Z
527.075	527.214	62	S
527.214	527.244	57	M
527.244	527.284	19	EH1
527.284	527.464	56	L
527.464	527.5388318857798	69	Z
527.5388318857798	527.593	50	F
527.593	527.703	7	AH1
527.703	527.763	58	N
527.763	527.923	31	IY0
537.182	537.232	49	DH
537.232	537.271	6	AH0
537.271	537.351	46	B
537.351	537.481	28	IH1
537.481	537.521	51	G
537.521	537.651	48	D
537.651	537.92	10	AO1
537.92	537.97	51	G
537.97	538.05	56	L
538.05	538.139	7	AH1
538.139	538.169	66	V
538.169	538.199	48	D
538.199	538.289	64	T
538.289	538.329	6	AH0
538.329	538.499	47	CH
538.499	538.6789454325628	44	UW1
538.6789454325628	538.808	1	AA1
538.808	538.878	58	N
538.878	538.908	49	DH
538.908	538.978	7	AH1
538.978	539.177	35	OW1
539.177	539.207	56	L
539.207	539.237	48	D
539.237	539.357	61	R
539.357	539.486	4	AE1
539.486	539.566	51	G
539.566	539.616	48	D
539.616	539.786	1	AA1
539.786	539.846	56	L
549.174	549.2398240836686	51	G
549.2398240836686	549.3542393052003	19	EH1
549.3542393052003	549.461416194883	62	S
549.461416194883	549.4839098896028	49	DH
549.4839098896028	549.5743058801276	6	AH0
549.5743058801276	549.641040127173	54	K
549.641040127173	549.6944338972212	67	W
549.6944338972212	549.7646085664272	19	EH1
549.7646085664272	549.897330223404	63	SH
549.897330223404	549.9430963120167	64	T
549.9430963120167	550.0407306343903	6	AH0
550.0407306343903	550.1662139595181	58	N
550.1662139595181	550.2571302503055	50	F
550.2571302503055	550.2906920486214	61	R
550.2906920486214	550.3440858186696	7	AH1
550.3440858186696	550.420362633024	57	M
550.420362633024	550.4401946047561	49	DH
550.4401946047561	550.4874862296559	6	AH0
550.4874862296559	550.6476675398003	4	AE1
550.6476675398003	550.7071634549967	58	N
550.7071634549967	550.8002211685092	62	S
550.8002211685092	550.97	21	ER0
557.865	558.004	62	S
558.004	558.064	67	W
558.064	558.094	28	IH1
558.094	558.174	59	NG
558.174	558.214	68	Y
558.214	558.264	10	AO1
558.264	558.304	61	R
558.304	558.513	1	AA1
558.513	558.653	61	R
558.653	558.7275517922409	57	M
558.7275517922409	558.802	62	S
558.802	558.962	4	AE1
558.962	559.002	69	Z
559.002	559.082	52	HH
559.082	559.2368862373355	16	AY1
559.2368862373355	559.2959928029456	4	AE1
559.2959928029456	559.3432844278453	69	Z
559.3432844278453	559.3804990053653	68	Y
559.3804990053653	559.4201629488297	44	UW1
559.4201629488297	559.531	54	K
559.531	559.7618830771377	4	AE1
559.7618830771377	559.87	58	N
569.718	569.807	60	P
569.807	569.857	56	L
569.857	570.007	32	IY1
570.007	570.037	69	Z
570.037	570.157	62	S
570.157	570.227	28	IH1
570.227	570.546	59	NG
570.546	570.735	53	JH
570.735	570.795	7	AH1
570.795	570.915	62	S
570.915	570.945	64	T
570.945	570.975	49	DH
570.975	571.035	7	AH1
571.035	571.154	54	K
571.154	571.194	56	L
571.194	571.324	7	AH1
571.324	571.354	46	B
571.354	571.504	65	TH
571.504	571.673	32	IY1
571.673	571.833	57	M
580.393	580.443	49	DH
580.443	580.513	7	AH1
580.513	580.583	4	AE1
580.583	580.733	59	NG
580.733	580.763	51	G
580.763	580.852	61	R
580.852	580.882	31	IY0
580.882	580.972	46	B
580.972	581.341	38	OY1
581.341	581.401	48	D
581.401	581.451	28	IH1
581.451	581.489278318948	48	D
581.489278318948	581.561	58	N
581.561	581.5991169316185	64	T
581.5991169316185	581.75	56	L
581.75	581.79	41	UH1
581.79	581.88	54	K
581.88	582.09	7	AH1
582.09	582.159	60	P
