4.901	4.971	58	N
4.971	5.091	4	AE1
5.091	5.161	58	N
5.161	5.261	62	S
5.261	5.31	31	IY0
5.31	5.36	52	HH
5.36	5.52	4	AE1
5.52	5.63	69	Z
5.63	5.68	49	DH
5.68	5.729	6	AH0
5.729	5.809	46	B
5.809	5.929	19	EH1
5.929	6.009	62	S
6.009	6.039	64	T
6.039	6.109	51	G
6.109	6.198	61	R
6.198	6.358	25	EY1
6.358	6.428	48	D
6.428	6.498	69	Z
6.498	6.568	28	IH1
6.568	6.647	58	N
6.647	6.707	52	HH
6.707	6.807	22	ER1
6.807	6.907	54	K
6.907	6.957	56	L
6.957	7.056	4	AE1
7.056	7.495	62	S
13.891	14.021	16	AY1
14.021	14.14	64	T
14.14	14.21	41	UH1
14.21	14.29	54	K
14.29	14.41	52	HH
14.41	14.609	22	ER1
14.609	14.639	67	W
14.639	14.859	22	ER1
14.859	14.889	48	D
14.889	14.929	50	F
14.929	15.068	10	AO1
15.068	15.143902986373163	61	R
15.143902986373163	15.268	6	AH0
15.268	15.308	64	T
23.868	24.008	10	AO1
24.008	24.058	61	R
24.058	24.088	6	AH0
24.088	24.148	58	N
24.148	24.207	53	JH
24.207	24.357	53	JH
24.357	24.467	44	UW1
24.467	24.607	62	S
24.607	24.716	64	T
24.716	24.826	25	EY1
24.826	24.866	62	S
24.866	24.896	64	T
24.896	24.986	62	S
24.986	25.026	50	F
25.026	25.115	7	AH1
25.115	25.175	58	N
25.175	25.255	31	IY0
25.255	25.435	4	AE1
25.435	25.465	50	F
25.465	25.524	64	T
25.524	25.594	21	ER0
25.594	25.704	64	T
25.704	25.834	44	UW1
25.834	25.884	65	TH
25.884	25.963	60	P
25.963	26.103	26	EY2
26.103	26.283	62	S
26.283	26.353	64	T
37.198	37.268	61	R
37.268	37.368	1	AA1
37.368	37.437	46	B
37.437	37.497	6	AH0
37.497	37.537	58	N
37.537	37.627	56	L
37.627	37.817	16	AY1
37.817	37.866	54	K
37.866	38.016	62	S
38.016	38.056	49	DH
38.056	38.106	6	AH0
38.106	38.226	54	K
38.226	38.266	10	AO1
38.266	38.385	56	L
38.385	38.415	21	ER0
38.415	38.495	68	Y
38.495	38.555	19	EH1
38.555	38.764	56	L
38.764	38.884	34	OW0
48.213	48.303	28	IH1
48.303	48.353	69	Z
48.353	48.442	63	SH
48.442	48.51997121232997	32	IY1
48.51997121232997	48.612	51	G
48.612	48.696933421632295	35	OW1
48.696933421632295	48.7793123811351	27	IH0
48.7793123811351	48.8769467035088	59	NG
48.8769467035088	48.91661064697311	67	W
48.91661064697311	48.97000441702123	28	IH1
48.97000441702123	49.07831749340455	65	TH
49.07831749340455	49.133704831654335	68	Y
49.133704831654335	49.281213819587386	44	UW1
58.579	58.689	67	W
58.689	58.729	28	IH1
58.729	58.849	47	CH
58.849	58.899	65	TH
58.899	59.108	32	IY1
59.108	59.148	6	AH0
59.148	59.178	64	T
59.178	59.298	21	ER0
59.298	59.417	63	SH
59.417	59.537	35	OW1
59.537	59.607	69	Z
59.607	59.707	57	M
59.707	59.767	7	AH1
59.767	59.797	49	DH
59.797	59.876	21	ER0
59.876	59.996	51	G
59.996	60.126	44	UW1
60.126	60.395	62	S
69.82346255523632	69.88333985450457	54	K
69.88333985450457	69.98860185831371	7	AH1
69.98860185831371	70.04352116464891	64	T
70.04352116464891	70.153	25	EY1
70.153	70.293	62	S
70.293	70.323	57	M
70.323	70.442	10	AO1
70.442	70.482	56	L
70.482	70.582	54	K
70.582	70.67481190451632	10	AO1
70.67481190451632	70.76253024102394	61	R
70.76253024102394	70.79990588005762	58	N
70.79990588005762	70.97076594421159	21	ER0
70.97076594421159	71.141	10	AO1
71.141	71.33	50	F
71.33	71.46	32	IY1
71.46	71.61	47	CH
71.61	71.849	19	EH1
71.849	72.069	53	JH
81.158	81.218	49	DH
81.218	81.368	25	EY1
81.368	81.607	10	AO1
81.607	81.687	56	L
81.687	81.717	6	AH0
81.717	81.797	58	N
81.797	81.886	53	JH
81.886	82.046	38	OY1
82.046	82.256	16	AY1
82.256	82.365	62	S
82.365	82.445	54	K
82.445	82.475	61	R
82.475	82.525	32	IY1
82.525	82.575	57	M
82.575	82.695	62	S
82.695	82.764	7	AH1
82.764	82.864	58	N
82.864	82.954	48	D
82.954	83.144	26	EY2
83.144	83.33946044085219	69	Z
92.442	92.562	64	T
92.562	92.722	1	AA1
92.722	92.752	57	M
92.752	92.871	61	R
92.871	92.941	32	IY1
92.941	93.011	48	D
93.011	93.071	69	Z
93.071	93.101	49	DH
93.101	93.151	6	AH0
93.151	93.28	62	S
93.28	93.4	25	EY1
93.4	93.49	57	M
93.49	93.56	46	B
93.56	93.68	41	UH1
93.68	93.779	54	K
93.779	93.839	19	EH1
93.839	93.909	66	V
93.909	93.969	61	R
93.969	94.009	31	IY0
94.009	94.079	58	N
94.079	94.308	16	AY1
94.308	94.348	64	T
103.308	103.378	52	HH
103.378	103.5610878321889	32	IY1
103.5610878321889	103.827	25	EY1
103.827	103.856	64	T
103.856	103.906	50	F
103.906	104.066	10	AO1
104.066	104.136	61	R
104.136	104.455	19	EH1
104.455	104.585	51	G
104.585	104.645	69	Z
104.695	104.804	50	F
104.804	104.884	21	ER0
104.884	104.914	46	B
104.914	104.974	61	R
104.974	105.004	19	EH1
105.004	105.074	54	K
105.074	105.163	50	F
105.163	105.243	6	AH0
105.243	105.403	62	S
105.403	105.473	64	T
115.51	115.57962001936272	49	DH
115.57962001936272	115.70929060376528	25	EY1
115.70929060376528	115.82218028900986	10	AO1
115.82218028900986	115.87557405905798	50	F
115.87557405905798	115.95947855484788	64	T
115.95947855484788	116.04490858692486	6	AH0
116.04490858692486	116.1092571921431	58	N
116.1092571921431	116.1504466718945	51	G
116.1504466718945	116.34396324350305	35	OW1
116.34396324350305	116.67347908151429	13	AW1
116.67347908151429	116.847	64	T
116.847	116.887	6	AH0
116.887	116.987	58	N
116.987	117.046	49	DH
117.046	117.176	31	IY0
117.176	117.286	32	IY1
117.286	117.336	66	V
117.336	117.366	58	N
117.366	117.426	27	IH0
117.426	117.625	59	NG
127.60514631928287	127.772	62	S
127.772	127.812	60	P
127.812	127.922	61	R
127.922	128.022	28	IH1
128.022	128.051	59	NG
128.051	128.211	62	S
128.211	128.251	64	T
128.251	128.341	61	R
128.341	128.55	32	IY1
128.55	128.61	64	T
128.72	128.87	28	IH1
128.87	128.959	69	Z
128.959	129.099	62	S
129.099	129.149	64	T
129.149	129.209	61	R
129.209	129.368	25	EY1
129.368	129.398	64	T
129.398	129.438	6	AH0
129.438	129.588	52	HH
129.588	129.778	19	EH1
129.778	129.867	48	D
140.613	140.683	6	AH0
140.683	140.783	69	Z
140.783	140.812	49	DH
140.812	140.862	6	AH0
140.862	141.002	62	S
141.002	141.112	32	IY1
141.112	141.261	62	S
141.261	141.391	11	AO2
141.391	141.541	62	S
141.541	141.73	25	EY1
141.73	141.98	50	F
151.877	151.977	49	DH
151.977	152.097	28	IH1
152.097	152.217	62	S
152.217	152.296	67	W
152.296	152.406	7	AH1
152.406	152.516	69	Z
152.516	152.685	32	IY1
152.685	152.765	69	Z
152.765	152.865	31	IY0
152.865	153.0344731614214	50	F
153.0344731614214	153.144	10	AO1
153.144	153.23126734245588	61	R
153.23126734245588	153.36751082796056	7	AH1
153.36751082796056	153.60549448874644	62	S
162.134	162.274	16	AY1
162.274	162.393	62	S
162.393	162.61663898930468	10	AO1
162.61663898930468	162.7341052834105	6	AH0
162.7341052834105	162.802	60	P
162.802	162.922	22	ER1
162.922	162.962	60	P
162.962	163.012	6	AH0
163.012	163.092	56	L
163.092	163.172	54	K
163.172	163.281	61	R
163.281	163.411	4	AE1
163.411	163.4950080853903	46	B
163.4950080853903	163.57469345984657	10	AO1
163.57469345984657	163.6219850847463	58	N
163.6219850847463	163.667751173359	49	DH
163.667751173359	163.7397274600129	6	AH0
163.7397274600129	163.7638599594456	46	B
163.7638599594456	163.9865882573606	32	IY1
163.9865882573606	164.23552675331683	47	CH
173.279	173.329	48	D
173.329	173.51882723889275	35	OW1
173.51882723889275	173.58747637181176	58	N
173.58747637181176	173.628	64	T
173.728	173.817	48	D
173.817	174.017	44	UW1
174.017	174.167	47	CH
174.167	174.217	1	AA1
174.217	174.296	61	R
174.296	174.426	56	L
174.426	174.516	31	IY0
174.516	174.586	69	Z
174.586	174.646	48	D
174.646	174.765	22	ER1
174.765	174.805	64	T
174.805	174.915	31	IY0
174.915	174.995	48	D
174.995	175.045	28	IH1
175.045	175.204	63	SH
175.204	175.324	6	AH0
175.324	175.593	69	Z
184.892	185.082	63	SH
185.082	185.172	41	UH1
185.172	185.212	48	D
185.212	185.291	53	JH
185.291	185.421	21	ER0
185.421	185.611	4	AE1
185.611	185.641	50	F
185.641	185.79	62	S
185.79	185.85	46	B
185.85	185.95	32	IY1
185.95	186.07	54	K
186.07	186.189	4	AE1
186.189	186.219	60	P
186.219	186.35415490834754	64	T
186.35415490834754	186.409	6	AH0
186.409	186.519	58	N
186.519	186.658	62	S
186.658	186.718	57	M
186.718	186.848	10	AO1
186.848	186.918	56	L
186.918	187.027	69	Z
187.027	187.267	44	UW1
187.267	187.4606076103822	69	Z
197.603	197.72919689283452	32	IY1
197.72919689283452	197.79021834431808	66	V
197.79021834431808	197.90234526141913	6	AH0
197.90234526141913	197.9208233142589	58	N
197.9208233142589	198.17406233791567	16	AY1
198.17406233791567	198.22135396281544	51	G
198.22135396281544	198.28542648687318	19	EH1
198.28542648687318	198.342	64	T
198.342	198.382	49	DH
198.382	198.412	6	AH0
198.412	198.521	57	M
198.521	198.571	7	AH1
198.571	198.631	58	N
198.631	198.681	48	D
198.681	198.801	26	EY2
198.801	198.88	46	B
198.88	199.01	56	L
199.01	199.16	44	UW1
199.16	199.379	69	Z
208.48134805407977	208.50880770724737	49	DH
208.50880770724737	208.858	25	EY1
209.067	209.3168251525685	35	OW1
209.3168251525685	209.38318598105687	58	N
209.38318598105687	209.5189587106078	6	AH0
209.5189587106078	209.58010315274507	46	B
209.58010315274507	209.67697470697522	28	IH1
209.67697470697522	209.7143503460089	51	G
209.7143503460089	209.8146314673156	52	HH
209.8146314673156	209.97176170488575	13	AW1
209.97176170488575	210.12889194245594	62	S
210.12889194245594	210.19232468902393	6	AH0
210.19232468902393	210.26707596709127	58	N
210.26707596709127	210.464	10	AO1
210.464	210.54285001801074	62	S
210.54285001801074	210.59624378805884	64	T
210.59624378805884	210.65650247139888	6	AH0
210.65650247139888	210.70074302372444	58	N
210.70074302372444	210.76120669148736	64	T
210.76120669148736	210.84511118727727	19	EH1
210.84511118727727	210.9190996972011	54	K
210.9190996972011	211.01978509214896	62	S
211.01978509214896	211.13114924110644	6	AH0
211.13114924110644	211.3327965317355	62	S
222.4807391962394	222.507	46	B
222.507	222.54862556101486	56	L
222.54862556101486	222.71796008888174	44	UW1
222.71796008888174	222.82779870155215	47	CH
222.82779870155215	223.016	32	IY1
223.016	223.09963113884598	69	Z
223.09963113884598	223.2110515444007	62	S
223.2110515444007	223.26520808259235	57	M
223.26520808259235	223.3567402598177	19	EH1
223.3567402598177	223.40403188471745	56	L
223.40403188471745	223.48564807607673	69	Z
223.48564807607673	223.56877454401015	50	F
223.56877454401015	223.6328470680679	6	AH0
223.6328470680679	223.72117466263947	58	N
223.72117466263947	224.063	31	IY0
234.011	234.08	49	DH
234.08	234.12	6	AH0
234.12	234.21	46	B
234.21	234.37	28	IH1
234.37	234.46	51	G
234.46	234.529	48	D
234.529	234.879	10	AO1
234.879	234.949	51	G
234.998	235.158	56	L
235.158	235.278	7	AH1
235.278	235.328	66	V
235.328	235.358	48	D
235.358	235.447	64	T
235.447	235.487	6	AH0
235.487	235.667	47	CH
235.667	235.856	44	UW1
235.856	236.08893390644582	1	AA1
236.08893390644582	236.11322997384426	49	DH
236.11322997384426	236.21315260064858	6	AH0
236.21315260064858	236.30468477787394	35	OW1
236.30468477787394	236.42291384012333	56	L
236.42291384012333	236.53809182979856	48	D
236.53809182979856	236.64181303760773	61	R
236.64181303760773	236.764	4	AE1
236.764	236.864	51	G
236.864	236.914	49	DH
236.914	237.07640684992268	7	AH1
237.07640684992268	237.173	56	L
248.518	248.588	51	G
248.588	248.727	19	EH1
248.727	248.877	62	S
248.877	248.917	49	DH
248.917	248.957	6	AH0
248.957	249.096	54	K
249.096	249.156	67	W
249.156	249.196	19	EH1
249.196	249.386	63	SH
249.386	249.466	6	AH0
249.466	249.555	58	N
249.555	249.595	50	F
249.595	249.635	61	R
249.635	249.665	7	AH1
249.665	249.775	57	M
249.775	249.815	49	DH
249.815	249.845	6	AH0
249.845	250.044	4	AE1
250.044	250.074	58	N
250.074	250.204	62	S
250.204	250.354	21	ER0
260.051	260.201	62	S
260.201	260.271	67	W
260.271	260.301	28	IH1
260.301	260.4051147727404	59	NG
260.4051147727404	260.4333371940515	68	Y
260.4333371940515	260.48673096409965	10	AO1
260.48673096409965	260.5477524155832	61	R
260.5477524155832	260.75	1	AA1
260.75	260.89	61	R
260.89	260.939	57	M
260.939	261.059	4	AE1
261.059	261.1492389412549	69	Z
261.1492389412549	261.219	52	HH
261.219	261.349	16	AY1
261.349	261.378	19	EH1
261.378	261.468	69	Z
261.468	261.498	68	Y
261.498	261.528	44	UW1
261.528	261.638	54	K
261.638	261.877	4	AE1
261.877	261.977	58	N
270.927	271.017	60	P
271.017	271.056	56	L
271.056	271.226	32	IY1
271.226	271.266	69	Z
271.266	271.396	62	S
271.396	271.436	28	IH1
271.436	271.934	59	NG
272.084	272.194	53	JH
272.194	272.43315963165304	7	AH1
272.43315963165304	272.4896044742753	49	DH
272.4896044742753	272.54833762132824	6	AH0
272.54833762132824	272.6449021553993	54	K
272.6449021553993	272.70973744760056	56	L
272.70973744760056	272.83788249571603	7	AH1
272.83788249571603	272.962	46	B
273.018239012382	273.0472242018367	65	TH
273.0472242018367	273.2615620501727	32	IY1
273.2615620501727	273.401	57	M
285.583	285.633	49	DH
285.633	285.703	7	AH1
285.763	285.793	4	AE1
285.793	285.923	59	NG
285.923	285.953	51	G
285.953	285.993	61	R
285.993	286.072	31	IY0
286.072	286.192	46	B
286.192	286.621	38	OY1
286.871	286.93	48	D
286.93	287.0	28	IH1
287.0	287.03	48	D
287.03	287.13	6	AH0
287.13	287.17	58	N
287.17	287.3	56	L
287.3	287.349	41	UH1
287.349	287.439	54	K
287.439	287.669	7	AH1
287.669	287.699	60	P
