360.495	360.794	99999	{NS}
360.794	360.874	99999	sp
360.874	362.46000000000004	99999	{NS}
362.46000000000004	363.169	99999	{NS}
363.169	366.461	99999	{NS}
366.461	366.481	99999	sp
366.481	366.601	30	ARE
366.601	366.78	496	YOUR
366.78	367.19899999999996	192	GRADES
367.19899999999996	367.678	206	HIGHER
367.678	367.95799999999997	302	OR
367.95799999999997	368.327	251	LOWER
368.327	368.53599999999994	432	THAN
368.53599999999994	369.025	275	NANCY'S
369.025	372.63699999999994	99999	{NS}
372.63699999999994	376.548	99999	{NS}
376.548	379.23199999999997	99999	{NS}
379.23199999999997	379.52099999999996	99999	sp
379.52099999999996	381.726	99999	{NS}
381.726	381.976	375	SHE
381.976	382.30499999999995	490	WORE
382.30499999999995	382.894	471	WARM
382.894	383.034	99999	sp
383.034	383.62199999999996	158	FLEECY
383.62199999999996	384.241	489	WOOLEN
384.241	384.909	311	OVERALLS
384.909	387.19399999999996	99999	sp
387.19399999999996	391.16499999999996	99999	{NS}
391.16499999999996	393.34000000000003	99999	{NS}
393.34000000000003	393.659	99999	sp
393.659	393.779	99999	{NS}
393.779	395.196	99999	sp
395.196	395.79499999999996	99999	{NS}
395.79499999999996	395.86400000000003	99999	sp
395.86400000000003	396.174	354	READING
396.174	396.323	217	IN
396.323	396.62300000000005	335	POOR
396.62300000000005	397.11199999999997	240	LIGHT
397.11199999999997	397.361	181	GIVES
397.361	397.501	495	YOU
397.501	398.09900000000005	150	EYESTRAIN
398.09900000000005	400.83299999999997	99999	{NS}
400.83299999999997	405.812	99999	{NS}
405.812	406.799	99999	{NS}
406.799	408.00699999999995	99999	sp
408.00699999999995	408.11699999999996	99999	{NS}
408.11699999999996	410.24199999999996	99999	sp
410.24199999999996	410.54099999999994	142	EVEN
410.54099999999994	410.85	211	I
410.85	411.399	293	OCCASIONALLY
411.399	411.57899999999995	177	GET
411.57899999999995	411.639	434	THE
411.639	412.097	265	MONDAY
412.097	412.66599999999994	56	BLUES
412.66599999999994	413.524	99999	sp
413.524	414.023	99999	{NS}
414.023	415.05100000000004	99999	sp
415.05100000000004	418.663	99999	{NS}
418.663	419.91999999999996	99999	{NS}
419.91999999999996	420.70799999999997	99999	sp
420.70799999999997	420.818	99999	{NS}
420.818	422.97299999999996	99999	sp
422.97299999999996	423.13199999999995	476	WE
423.13199999999995	423.312	30	ARE
423.312	423.66099999999994	301	OPEN
423.66099999999994	424.01	145	EVERY
424.01	424.39181167328843	265	MONDAY
424.39181167328843	424.78859761686795	268	MORNING
424.78859761686795	425.198	99999	sp
425.198	425.687	143	EVENING
425.687	427.453	99999	sp
427.453	428.27099999999996	99999	{NS}
428.27099999999996	433.22900000000004	99999	{NS}
433.22900000000004	434.427	99999	{NS}
434.427	435.754	99999	sp
435.754	435.86299999999994	99999	{NS}
435.86299999999994	438.13800000000003	99999	sp
438.13800000000003	438.35800000000006	226	IT'S
438.35800000000006	438.62700000000007	285	NOT
438.62700000000007	438.92600000000004	133	EASY
438.92600000000004	439.06600000000003	446	TO
439.06600000000003	439.605	113	CREATE
439.605	440.1940000000001	215	ILLUMINATING
440.1940000000001	440.9920000000001	146	EXAMPLES
440.9920000000001	442.20900000000006	99999	{NS}
442.20900000000006	443.12700000000007	99999	sp
443.12700000000007	445.51200000000006	99999	{NS}
445.51200000000006	447.587	99999	{NS}
447.587	448.894	99999	{NS}
448.894	456.8960000000001	99999	sp
456.8960000000001	457.20500000000004	270	MUM
457.20500000000004	457.774	407	STRONGLY
457.774	458.312	126	DISLIKES
458.312	459.33000000000004	27	APPETIZERS
459.33000000000004	459.37	99999	{NS}
459.37	459.45000000000005	99999	sp
459.45000000000005	460.058	99999	{NS}
460.058	460.3380000000001	99999	{NS}
460.3380000000001	462.76200000000006	99999	sp
462.76200000000006	462.952	99999	{NS}
462.952	465.00700000000006	99999	sp
465.00700000000006	465.40600000000006	443	THOSE
465.40600000000006	465.486	484	WHO
465.486	465.81500000000005	427	TEACH
465.81500000000005	465.845	99999	sp
465.845	466.48400000000004	462	VALUES
466.48400000000004	466.88300000000004	156	FIRST
466.88300000000004	467.56100000000004	4	ABOLISH
467.56100000000004	467.90100000000007	87	CHEATING
467.90100000000007	469.956	99999	sp
469.956	473.10900000000004	99999	{NS}
473.10900000000004	475.47300000000007	99999	{NS}
475.47300000000007	476.13200000000006	99999	{NS}
476.13200000000006	477.09000000000003	99999	sp
477.09000000000003	477.20000000000005	99999	{NS}
477.20000000000005	479.30500000000006	99999	sp
479.30500000000006	479.395	434	THE
479.395	479.87300000000005	165	FRIGHTENED
479.87300000000005	480.28200000000004	89	CHILD
480.28200000000004	480.472	472	WAS
480.472	480.81100000000004	176	GENTLY
480.81100000000004	481.28	410	SUBDUED
481.28	481.43000000000006	73	BY
481.43000000000006	481.60900000000004	208	HIS
481.60900000000004	481.769	52	BIG
481.769	482.10800000000006	66	BROTHER
482.10800000000006	484.533	99999	sp
484.533	487.78499999999997	99999	{NS}
487.78499999999997	488.57400000000007	99999	{NS}
488.57400000000007	489.631	99999	{NS}
489.631	490.82900000000006	99999	sp
490.82900000000006	490.938	99999	{NS}
490.938	492.8140000000001	99999	sp
492.8140000000001	493.13300000000004	142	EVEN
493.13300000000004	493.193	1	A
493.193	493.562	383	SIMPLE
493.562	494.36	468	VOCABULARY
494.36	494.84900000000005	104	CONTAINS
494.84900000000005	495.418	422	SYMBOLS
495.418	496.057	99999	{NS}
496.057	497.823	99999	sp
497.823	501.235	99999	{NS}
501.235	502.4920000000001	99999	{NS}
502.4920000000001	504.717	99999	sp
504.717	504.807	99999	{NS}
504.807	506.842	99999	sp
506.842	506.91200000000003	1	A
506.91200000000003	506.942	99999	sp
506.942	507.331	110	CRAB
507.331	507.86	85	CHALLENGED
507.86	508.149	258	ME
508.149	508.47800000000007	99999	sp
508.47800000000007	508.63800000000003	70	BUT
508.63800000000003	508.678	1	A
508.678	508.947	350	QUICK
508.947	509.3960000000001	402	STAB
509.3960000000001	509.875	464	VANQUISHED
509.875	509.95500000000004	207	HIM
509.95500000000004	509.995	99999	{NS}
509.995	510.0450000000001	99999	{NS}
510.0450000000001	511.092	99999	sp
511.092	511.23400000000004	99999	sp
511.23400000000004	512.371	99999	{NS}
512.371	516.322	99999	{NS}
516.322	517.689	99999	{NS}
517.689	518.747	99999	sp
518.747	520.852	99999	{NS}
520.852	521.361	183	GLUCOSE
521.361	521.48	20	AND
521.48	522.059	167	FRUCTOSE
522.059	522.149	30	ARE
522.149	522.558	276	NATURAL
522.558	523.057	414	SUGARS
523.057	523.316	163	FOUND
523.316	523.406	217	IN
523.406	523.715	168	FRUIT
523.715	525.6709999999999	99999	{NS}
525.6709999999999	526.22	99999	sp
526.22	528.983	99999	{NS}
528.983	530.699	99999	{NS}
530.699	535.558	99999	{NS}
535.558	535.878	30	ARE
535.878	537.5485309984756	99999	sp
537.5485309984756	537.7283468889501	30	ARE
537.7283468889501	537.843	495	YOU
537.843	538.1229999999999	250	LOOKING
538.1229999999999	538.3919999999999	161	FOR
538.3919999999999	538.941	136	EMPLOYMENT
538.941	541.595	99999	sp
541.595	542.732	99999	{NS}
542.732	545.775	99999	{NS}
545.775	546.005	99999	sp
546.005	548.06	99999	{NS}
548.06	548.3489999999999	99999	sp
548.3489999999999	550.115	99999	{NS}
550.115	550.644	99999	sp
550.644	551.1129999999999	98	COFFEE
551.1129999999999	551.333	224	IS
551.333	551.682	198	GROWN
551.682	551.9309999999999	297	ON
551.9309999999999	552.53	404	STEEP
552.53	552.929	99999	sp
552.929	553.308	231	JUNGLE
553.308	553.4979999999999	241	LIKE
553.4979999999999	554.066	390	SLOPES
554.066	554.186	217	IN
554.186	554.206	99999	sp
554.206	554.665	431	TEMPERATE
554.665	555.144	497	ZONES
555.144	555.244	99999	sp
555.244	555.912	99999	{NS}
555.912	557.449	99999	sp
557.449	561.549	99999	{NS}
561.549	561.709	99999	sp
561.709	562.926	99999	{NS}
562.926	564.562	99999	sp
564.562	564.7719999999999	99999	{NS}
564.7719999999999	566.648	99999	sp
566.648	566.797	476	WE
566.797	567.196	480	WELCOME
567.196	567.496	256	MANY
567.496	567.626	282	NEW
567.626	568.194	408	STUDENTS
568.194	568.484	132	EACH
568.484	568.703	491	YEAR
568.703	569.821	99999	{NS}
569.821	570.9879999999999	99999	sp
570.9879999999999	574.689	99999	{NS}
574.689	575.438	99999	{NS}
575.438	576.805	99999	sp
576.805	576.914	99999	{NS}
576.914	578.98	99999	sp
578.98	579.2289999999999	298	ONLY
579.2289999999999	579.349	434	THE
579.349	579.718	51	BEST
579.718	580.207	330	PLAYERS
580.207	580.536	139	ENJOY
580.536	581.274	336	POPULARITY
581.274	584.377	99999	{NS}
584.377	585.864	99999	{NS}
585.864	588.029	99999	{NS}
588.029	588.139	99999	sp
588.139	590.783	99999	{NS}
590.783	592.529	99999	sp
592.529	593.088	75	CALCIUM
593.088	593.397	254	MAKES
593.397	593.826	58	BONES
593.826	593.966	20	AND
593.966	594.285	430	TEETH
594.285	594.824	406	STRONG
594.824	597.4879999999999	99999	sp
597.4879999999999	600.201	99999	{NS}
600.201	601.099	99999	{NS}
601.099	601.997	99999	{NS}
601.997	604.3919999999999	99999	sp
604.3919999999999	604.502	99999	{NS}
604.502	606.407	99999	sp
606.407	606.9159999999999	286	NOTHING
606.9159999999999	607.176	224	IS
607.176	607.425	34	AS
607.425	607.994	295	OFFENSIVE
607.994	608.253	34	AS
608.253	608.862	219	INNOCENCE
608.862	609.351	99999	sp
609.351	611.9449999999999	99999	{NS}
611.9449999999999	615.2769999999999	99999	{NS}
615.2769999999999	618.55	99999	{NS}
618.55	619.2379999999999	99999	sp
619.2379999999999	619.937	99999	{NS}
619.937	620.366	99999	sp
620.366	620.855	405	STEVE
620.855	621.114	490	WORE
621.114	621.144	1	A
621.144	621.503	65	BRIGHT
621.503	621.733	356	RED
621.733	622.241	78	CASHMERE
622.241	622.64	420	SWEATER
622.64	625.025	99999	sp
625.025	634.424	99999	{NS}
634.424	636.504747879036	99999	sp
636.504747879036	636.8934416719547	46	BARBS
636.8934416719547	637.1877806725543	188	GOLD
637.1877806725543	637.5430990827012	63	BRACELET
637.5430990827012	637.7016464269906	472	WAS
637.7016464269906	637.839817949904	1	A
637.839817949904	638.4638651519462	193	GRADUATION
638.4638651519462	638.8312309496897	339	PRESENT
638.8312309496897	641.2479999999999	99999	sp
641.2479999999999	676.338	99999	{NS}
676.338	676.408	99999	sp
676.408	693.7189999999999	99999	sp
693.7189999999999	695.146	99999	{NS}
695.146	699.576	99999	{NS}
699.576	700.843	99999	{NS}
700.843	712.426	99999	sp
712.426	712.656	99999	sp
712.656	713.823	99999	{NS}
713.823	734.736	99999	{NS}
734.736	738.8059999999999	99999	sp
738.8059999999999	748.0849999999999	99999	{NS}
748.0849999999999	749.6502536178201	99999	sp
1051.8149999999998	1052.743	99999	{NS}
1052.743	1053.072	99999	sp
1053.072	1053.721	99999	{NS}
1053.721	1054.09	130	DRAW
1054.09	1054.4489999999998	145	EVERY
1054.4489999999998	1054.7379999999998	308	OUTER
1054.7379999999998	1055.0279999999998	244	LINE
1055.0279999999998	1055.4569999999999	156	FIRST
1055.4569999999999	1055.636	436	THEN
1055.636	1055.9159999999997	154	FILL
1055.9159999999997	1056.0449999999998	217	IN
1056.0449999999998	1056.1149999999998	434	THE
1056.1149999999998	1056.764	222	INTERIOR
1056.764	1056.953	99999	sp
1056.953	1058.7889999999998	99999	{NS}
1058.7889999999998	1059.837	99999	{NS}
1059.837	1061.802	99999	{NS}
1061.802	1064.676	99999	{NS}
1064.676	1066.6209999999999	99999	sp
1066.6209999999999	1066.681	434	THE
1066.681	1067.0343708349594	475	WATER
1067.0343708349594	1067.5163642604998	103	CONTAINED
1067.5163642604998	1067.673498490285	448	TOO
1067.673498490285	1067.9280373550407	269	MUCH
1067.9280373550407	1068.4218103507353	90	CHLORINE
1068.4218103507353	1068.5687566698327	20	AND
1068.5687566698327	1068.8974523836032	409	STUNG
1068.8974523836032	1069.0985368202628	208	HIS
1069.0985368202628	1069.4871711641915	149	EYES
1069.4871711641915	1080.8489999999997	99999	sp
1080.8489999999997	1081.538	99999	{NS}
1081.538	1081.8269999999998	99999	sp
1081.8269999999998	1083.1839999999997	99999	{NS}
1083.1839999999997	1083.6329999999998	229	JOHN'S
1083.6329999999998	1083.9919999999997	66	BROTHER
1083.9919999999997	1084.591	363	REPAINTED
1084.591	1084.6999999999998	434	THE
1084.6999999999998	1085.0699999999997	173	GARAGE
1085.0699999999997	1085.379	129	DOOR
1085.379	1087.743	99999	sp
1087.743	1092.3729999999998	99999	{NS}
1092.3729999999998	1095.2859999999998	99999	{NS}
1095.2859999999998	1096.0839999999998	99999	sp
1096.0839999999998	1096.1259999999997	99999	{NS}
1096.1259999999997	1096.1559999999997	99999	{NS}
1096.1559999999997	1096.5849999999998	99999	sp
1096.5849999999998	1096.8839999999998	99999	{NS}
1096.8839999999998	1097.1039999999998	99999	sp
1097.1039999999998	1097.1639999999998	99999	{NS}
1097.1639999999998	1097.1929999999998	99999	sp
1097.1929999999998	1097.7119999999998	84	CHALLENGE
1097.7119999999998	1098.042	132	EACH
1098.042	1098.56	175	GENERAL'S
1098.56	1099.359	221	INTELLIGENCE
1099.359	1099.7979999999998	99999	{NS}
1099.7979999999998	1101.4539999999997	99999	sp
1101.4539999999997	1104.8459999999998	99999	{NS}
1104.8459999999998	1104.966	99999	sp
1104.966	1105.8739999999998	99999	{NS}
1105.8739999999998	1106.782	99999	sp
1106.782	1106.9609999999998	99999	{NS}
1106.9609999999998	1109.206	99999	sp
1109.206	1110.0439999999999	17	AMBIDEXTROUS
1110.0439999999999	1110.6829999999998	327	PICKPOCKETS
1110.6829999999998	1111.301	6	ACCOMPLISH
1111.301	1111.331	99999	sp
1111.331	1111.561	267	MORE
1111.561	1113.8559999999998	99999	sp
1113.8559999999998	1115.3619999999999	99999	{NS}
1115.3619999999999	1118.3049999999998	99999	{NS}
1118.3049999999998	1118.974	99999	{NS}
1118.974	1120.1709999999998	99999	sp
1120.1709999999998	1120.2809999999997	99999	{NS}
1120.2809999999997	1122.7849999999999	99999	sp
1122.7849999999999	1122.9149999999997	1	A
1122.9149999999997	1123.524	271	MUSCULAR
1123.524	1124.1919999999998	2	ABDOMEN
1124.1919999999998	1124.4219999999998	224	IS
1124.4219999999998	1124.4619999999998	99999	sp
1124.4619999999998	1124.6209999999999	189	GOOD
1124.6209999999999	1124.7609999999997	161	FOR
1124.7609999999997	1124.9099999999999	496	YOUR
1124.9099999999999	1125.1499999999999	43	BACK
1125.1499999999999	1127.8039999999999	99999	sp
1127.8039999999999	1128.6519999999998	99999	{NS}
1128.6519999999998	1131.8849999999998	99999	{NS}
1131.8849999999998	1132.6629999999998	99999	{NS}
1132.6629999999998	1134.0199999999998	99999	sp
1134.0199999999998	1134.1789999999999	99999	{NS}
1134.1789999999999	1136.5639999999999	99999	sp
1136.5639999999999	1136.744	438	THEY
1136.744	1136.8429999999998	317	OWN
1136.8429999999998	1136.9429999999998	1	A
1136.9429999999998	1137.1629999999998	52	BIG
1137.1629999999998	1137.6519999999998	209	HOUSE
1137.6519999999998	1137.7609999999997	217	IN
1137.7609999999997	1137.8509999999999	434	THE
1137.8509999999999	1138.2299999999998	361	REMOTE
1138.2299999999998	1138.9489999999998	109	COUNTRYSIDE
1138.9489999999998	1141.2329999999997	99999	sp
1141.2329999999997	1144.3259999999998	99999	{NS}
1144.3259999999998	1144.4959999999999	99999	sp
1144.4959999999999	1145.234	99999	{NS}
1145.234	1145.3039999999999	99999	sp
1145.3039999999999	1146.1419999999998	99999	{NS}
1146.1419999999998	1147.0199999999998	99999	sp
1147.0199999999998	1147.12	99999	{NS}
1147.12	1149.2549999999999	99999	sp
1149.2549999999999	1149.3449999999998	434	THE
1149.3449999999998	1149.8039999999999	369	ROSE
1149.8039999999999	1150.3529999999998	106	CORSAGE
1150.3529999999998	1150.7119999999998	393	SMELLED
1150.7119999999998	1151.1009999999999	421	SWEET
1151.1009999999999	1152.6079999999997	99999	sp
1152.6079999999997	1153.416	99999	{NS}
1153.416	1154.793	99999	{NS}
1154.793	1155.052	99999	sp
1155.052	1155.2219999999998	99999	{NS}
1155.2219999999998	1156.4589999999998	99999	sp
1156.4589999999998	1156.8279999999997	99999	{NS}
1156.8279999999997	1157.6259999999997	99999	sp
1157.6259999999997	1157.8959999999997	433	THAT
1157.8959999999997	1158.6239999999998	326	PICKPOCKET
1158.6239999999998	1158.8029999999999	472	WAS
1158.8029999999999	1159.0529999999999	80	CAUGHT
1159.0529999999999	1159.2519999999997	356	RED
1159.2519999999997	1159.7409999999998	199	HANDED
1159.7409999999998	1161.9859999999999	99999	sp
1161.9859999999999	1165.089	99999	{NS}
1165.089	1165.2189999999998	99999	sp
1165.2189999999998	1166.0069999999998	99999	{NS}
1166.0069999999998	1167.0249999999999	99999	{NS}
1167.0249999999999	1167.3439999999998	99999	sp
1167.3439999999998	1167.4439999999997	99999	{NS}
1167.4439999999997	1169.33	99999	sp
1169.33	1169.4489999999998	19	AN
1169.4489999999998	1169.898	9	ADULT
1169.898	1170.2369999999999	255	MALE
1170.2369999999999	1170.8159999999998	42	BABOON'S
1170.8159999999998	1170.926	99999	sp
1170.926	1171.2549999999999	430	TEETH
1171.2549999999999	1171.3349999999998	99999	sp
1171.3349999999998	1171.445	30	ARE
1171.445	1171.744	285	NOT
1171.744	1172.2229999999997	415	SUITABLE
1172.2229999999997	1172.3929999999998	161	FOR
1172.3929999999998	1172.6619999999998	135	EATING
1172.6619999999998	1173.4199999999998	376	SHELLFISH
1173.4199999999998	1175.6349999999998	99999	sp
1175.6349999999998	1177.1719999999998	99999	{NS}
1177.1719999999998	1178.6879999999999	99999	{NS}
1178.6879999999999	1179.716	99999	{NS}
1179.716	1180.5939999999998	99999	{NS}
1180.5939999999998	1181.811	99999	sp
1181.811	1183.9135367954939	99999	sp
1183.9135367954939	1184.151357811928	204	HER
1184.151357811928	1184.6349999999998	470	WARDROBE
1184.6349999999998	1185.3129999999999	102	CONSISTS
1185.3129999999999	1185.4429999999998	294	OF
1185.4429999999998	1185.6419999999998	298	ONLY
1185.6419999999998	1186.1609999999998	385	SKIRTS
1186.1609999999998	1186.331	20	AND
1186.331	1186.8799999999999	54	BLOUSES
1186.8799999999999	1189.0649999999998	99999	sp
1189.0649999999998	1191.7589999999998	99999	{NS}
1191.7589999999998	1193.435	99999	{NS}
1193.435	1193.5249999999999	99999	sp
1193.5249999999999	1195.0409999999997	99999	{NS}
1195.0409999999997	1195.62	99999	sp
1195.62	1195.849	99999	{NS}
1195.849	1198.004	99999	sp
1198.004	1198.144114796495	434	THE
1198.144114796495	1198.3539999999998	453	TWO
1198.3539999999998	1198.8129999999999	33	ARTISTS
1198.8129999999999	1199.3609999999999	147	EXCHANGED
1199.3609999999999	1200.08	39	AUTOGRAPHS
1200.08	1202.4239999999998	99999	sp
1202.4239999999998	1203.2129999999997	99999	{NS}
1203.2129999999997	1206.0059999999999	99999	{NS}
1206.0059999999999	1206.685	99999	{NS}
1206.685	1207.7619999999997	99999	sp
1207.7619999999997	1207.8719999999998	99999	{NS}
1207.8719999999998	1210.0069999999998	99999	sp
1210.0069999999998	1210.6459999999997	71	BUTTERSCOTCH
1210.6459999999997	1211.0049999999999	169	FUDGE
1211.0049999999999	1211.274	186	GOES
1211.274	1211.504	481	WELL
1211.504	1211.6129999999998	487	WITH
1211.6129999999998	1211.9429999999998	463	VANILLA
1211.9429999999998	1212.3419999999999	212	ICE
1212.3419999999999	1212.551	112	CREAM
1212.551	1214.716	99999	sp
1214.716	1216.562	99999	{NS}
1216.562	1219.5749999999998	99999	{NS}
1219.5749999999998	1220.4529999999997	99999	{NS}
1220.4529999999997	1220.5829999999999	99999	sp
1220.5829999999999	1222.9379999999999	99999	{NS}
1222.9379999999999	1225.003	99999	sp
1225.003	1225.3519999999999	366	RICH
1225.3519999999999	1225.9609999999998	349	PURCHASED
1225.9609999999998	1226.4299999999998	99999	sp
1226.4299999999998	1226.7789999999998	349	PURCHASED
1226.7789999999998	1227.2179999999998	374	SEVERAL
1227.2179999999998	1227.7969999999998	382	SIGNED
1227.7969999999998	1228.0359999999998	99999	sp
1228.0359999999998	1228.9339999999997	245	LITHOGRAPHS
1228.9339999999997	1229.812	99999	sp
1229.812	1236.627	99999	{NS}
1236.627	1237.215	99999	sp
1237.215	1239.1709999999998	99999	{NS}
1239.1709999999998	1239.59	99999	sp
1239.59	1245.5059999999999	99999	{NS}
1245.5059999999999	1246.4739999999997	99999	sp
1246.4739999999997	1250.2559999999999	99999	{NS}
1250.2559999999999	1251.3129999999999	99999	sp
1251.3129999999999	1251.5829999999999	24	ANY
1251.5829999999999	1252.6599999999999	105	CONTRIBUTIONS
1252.6599999999999	1252.7699999999998	485	WILL
1252.7699999999998	1252.9589999999998	47	BE
1252.9589999999998	1253.3089999999997	195	GREATLY
1253.3089999999997	1254.0469999999998	28	APPRECIATED
1254.0469999999998	1256.1119999999999	99999	sp
1256.1119999999999	1258.8059999999998	99999	{NS}
1258.8059999999998	1259.5939999999998	99999	{NS}
1259.5939999999998	1259.6739999999998	99999	sp
1259.6739999999998	1262.7969999999998	99999	{NS}
1262.7969999999998	1265.1719999999998	99999	{NS}
1265.1719999999998	1267.157	99999	sp
1267.157	1267.3069999999998	434	THE
1267.3069999999998	1267.8159999999998	111	CRANBERRY
1267.8159999999998	1268.1249999999998	57	BOG
1268.1249999999998	1268.3539999999998	178	GETS
1268.3539999999998	1268.8029999999999	99999	sp
1268.8029999999999	1269.1367177431648	465	VERY
1269.1367177431648	1269.4675559964774	340	PRETTY
1269.4675559964774	1269.6145023155748	217	IN
1269.6145023155748	1270.010870676298	40	AUTUMN
1270.010870676298	1279.1612131020806	99999	sp
1279.1612131020806	1279.342962496754	210	HOW
1279.342962496754	1279.5633819754	128	DO
1279.5633819754	1280.0196889662814	318	OYSTERS
1280.0196889662814	1280.3290496380655	253	MAKE
1280.3290496380655	1280.9709730320174	320	PEARLS
1280.9709730320174	1282.7619999999997	99999	sp
1282.7619999999997	1288.369	99999	{NS}
1288.369	1291.3819999999998	99999	{NS}
1291.3819999999998	1295.1739999999998	99999	sp
1295.1739999999998	1295.4070108215797	257	MAY
1295.4070108215797	1295.598427737246	211	I
1295.598427737246	1295.9155224258247	304	ORDER
1295.9155224258247	1296.035399686141	1	A
1296.035399686141	1296.6418363150517	319	PARFAIT
1296.6418363150517	1296.9758578872961	10	AFTER
1296.9758578872961	1297.1054026686058	211	I
1297.1054026686058	1297.3026200968682	134	EAT
1297.3026200968682	1297.879041675127	124	DINNER
1297.879041675127	1299.783	99999	sp
1299.783	1308.1139999999998	99999	sp
1308.1139999999998	1308.2273043463438	224	IS
1308.2273043463438	1308.457391345983	375	SHE
1308.457391345983	1308.7822200513565	187	GOING
1308.7822200513565	1308.9987725216051	487	WITH
1308.9987725216051	1309.1619999999998	495	YOU
1309.1619999999998	1320.0061442171036	99999	sp
1320.0061442171036	1320.261457846487	76	CAN
1320.261457846487	1320.4084041655844	434	THE
1320.4084041655844	1320.9536523496038	11	AGENCY
1320.9536523496038	1321.4524964328557	315	OVERTHROW
1321.4524964328557	1321.8469312893803	13	ALIEN
1321.8469312893803	1322.5409999999997	162	FORCES
1322.5409999999997	1324.706	99999	sp
1324.706	1329.0659999999998	99999	{NS}
1329.0659999999998	1329.9149999999997	99999	{NS}
1329.9149999999997	1330.1839999999997	99999	sp
1330.1839999999997	1331.0819999999999	99999	{NS}
1331.0819999999999	1334.3049999999998	99999	sp
1334.3049999999998	1358.639	99999	sp
1358.639	1358.839	99999	sp
1358.839	1359.4869999999999	99999	{NS}
1359.4869999999999	1360.0559999999998	99999	sp
1360.0559999999998	1361.1639999999998	99999	{NS}
1361.1639999999998	1363.379	99999	sp
1363.379	1364.8549999999998	99999	{NS}
1364.8549999999998	1372.1879999999999	99999	{NS}
1372.1879999999999	1374.8919999999998	99999	{NS}
1374.8919999999998	1381.148	99999	{NS}
1381.148	1388.571	99999	sp
1388.571	1408.7649999999999	99999	sp
1408.7649999999999	1411.918	99999	{NS}
1411.918	1413.5249999999999	99999	sp
1413.5249999999999	1414.293	99999	{NS}
1747.4169999999997	1750.1509999999998	99999	sp
1750.1509999999998	1750.6699999999998	8	ADDITION
1750.6699999999998	1750.889	20	AND
1750.889	1751.5579999999998	411	SUBTRACTION
1751.5579999999998	1751.7269999999999	30	ARE
1751.7269999999999	1752.1069999999997	237	LEARNED
1752.1069999999997	1752.6449999999998	384	SKILLS
1752.6449999999998	1754.4209999999998	99999	sp
1754.4209999999998	1758.7709999999997	99999	{NS}
1758.7709999999997	1761.6949999999997	99999	{NS}
1761.6949999999997	1766.524	99999	{NS}
1766.524	1766.8429999999998	99999	sp
1766.8429999999998	1767.5509999999997	99999	{NS}
1767.5509999999997	1768.5689999999997	99999	sp
1768.5689999999997	1768.9779999999998	210	HOW
1768.9779999999998	1769.4069999999997	99999	sp
1769.4069999999997	1769.7269999999999	269	MUCH
1769.7269999999999	1770.3649999999998	16	ALLOWANCE
1770.3649999999998	1770.4649999999997	128	DO
1770.4649999999997	1770.6639999999998	495	YOU
1770.6639999999998	1770.9339999999997	177	GET
1770.9339999999997	1773.6879999999999	99999	{NS}
1773.6879999999999	1777.8179999999998	99999	{NS}
1777.8179999999998	1777.8979999999997	99999	sp
1777.8979999999997	1778.8059999999998	99999	{NS}
1778.8059999999998	1779.2749999999999	99999	sp
1779.2749999999999	1779.3749999999998	99999	{NS}
1779.3749999999998	1782.4479999999999	99999	sp
1782.4479999999999	1782.8169999999998	88888	SEE
1782.8169999999998	1783.4549999999997	88888	SICKLE
1783.4549999999997	1783.7149999999997	99999	sp
1783.7149999999997	1784.4129999999998	346	PROGRAMS
1784.4129999999998	1784.5829999999999	485	WILL
1784.5829999999999	1784.9019999999998	281	NEVER
1784.9019999999998	1786.0189999999998	100	COMPILE
1786.0189999999998	1790.0599999999997	99999	{NS}
1790.0599999999997	1793.6819999999998	99999	{NS}
1793.6819999999998	1794.6499999999999	99999	{NS}
1794.6499999999999	1795.0889999999997	99999	sp
1795.0889999999997	1795.1889999999999	99999	{NS}
1795.1889999999999	1797.2439999999997	99999	sp
1797.2439999999997	1797.3539999999998	434	THE
1797.3539999999998	1797.8329999999999	61	BOSTON
1797.8329999999999	1798.2519999999997	45	BALLET
1798.2519999999997	1798.87	312	OVERCAME
1798.87	1798.9999999999998	435	THEIR
1798.9999999999998	1799.4689999999998	170	FUNDING
1799.4689999999998	1800.0379999999998	380	SHORTAGE
1800.0379999999998	1801.9529999999997	99999	sp
1801.9529999999997	1805.196	99999	{NS}
1805.196	1805.8439999999998	99999	{NS}
1805.8439999999998	1807.0919999999999	99999	{NS}
1807.0919999999999	1807.6599999999999	99999	sp
1807.6599999999999	1807.7699999999998	99999	{NS}
1807.7699999999998	1809.6159999999998	99999	sp
1809.6159999999998	1809.8949999999998	145	EVERY
1809.8949999999998	1810.274	74	CAB
1810.274	1810.6139999999998	280	NEEDS
1810.6139999999998	1810.9629999999997	446	TO
1810.9629999999997	1811.3519999999999	99999	sp
1811.3519999999999	1811.591	280	NEEDS
1811.591	1812.2599999999998	364	REPAINTING
1812.2599999999998	1812.7289999999998	296	OFTEN
1812.7289999999998	1814.0059999999999	99999	sp
1814.0059999999999	1816.0509999999997	99999	{NS}
1816.0509999999997	1819.6229999999998	99999	{NS}
1819.6229999999998	1819.8629999999998	99999	sp
1819.8629999999998	1820.4509999999998	99999	{NS}
1820.4509999999998	1821.0599999999997	99999	sp
1821.0599999999997	1821.1699999999998	99999	{NS}
1821.1699999999998	1823.7939999999999	99999	sp
1823.7939999999999	1824.1329999999998	203	HELP
1824.1329999999998	1824.5119999999997	196	GREG
1824.5119999999997	1824.6019999999999	446	TO
1824.6019999999999	1824.8709999999999	325	PICK
1824.8709999999999	1824.9309999999998	1	A
1824.9309999999998	1825.2199999999998	321	PECK
1825.2199999999998	1825.3299999999997	294	OF
1825.3299999999997	1826.0389999999998	338	POTATOES
1826.0389999999998	1828.3029999999999	99999	sp
1828.3029999999999	1830.8479999999997	99999	{NS}
1830.8479999999997	1831.5959999999998	99999	{NS}
1831.5959999999998	1833.3919999999998	99999	{NS}
1833.3919999999998	1833.6109999999999	99999	sp
1833.6109999999999	1834.908	99999	{NS}
1834.908	1837.024	99999	sp
1837.024	1837.1829999999998	476	WE
1837.1829999999998	1837.4129999999998	241	LIKE
1837.4129999999998	1837.6419999999998	55	BLUE
1837.6419999999998	1838.3509999999999	88	CHEESE
1838.3509999999999	1838.6399999999999	99999	sp
1838.6399999999999	1838.899	70	BUT
1838.899	1839.1789999999999	466	VICTOR
1839.1789999999999	1839.5679999999998	242	LIKES
1839.5679999999998	1839.917	64	BRIE
1839.917	1842.571	99999	sp
1842.571	1846.5019999999997	99999	{NS}
1846.5019999999997	1847.4599999999998	99999	{NS}
1847.4599999999998	1847.4899999999998	99999	sp
1847.4899999999998	1848.2479999999998	99999	{NS}
1848.2479999999998	1849.9739999999997	99999	{NS}
1849.9739999999997	1851.87	99999	sp
1851.87	1852.1989999999998	108	COUNT
1852.1989999999998	1852.2789999999998	434	THE
1852.2789999999998	1852.5779999999997	289	NUMBER
1852.5779999999997	1852.668	294	OF
1852.668	1852.7179999999998	99999	sp
1852.7179999999998	1853.4259999999997	429	TEASPOONS
1853.4259999999997	1853.4859999999999	294	OF
1853.4859999999999	1854.2239999999997	395	SOYSAUCE
1854.2239999999997	1854.4139999999998	433	THAT
1854.4139999999998	1854.5439999999999	495	YOU
1854.5439999999999	1854.793	7	ADD
1854.793	1856.0399999999997	99999	{NS}
1856.0399999999997	1857.0279999999998	99999	sp
1857.0279999999998	1860.3709999999999	99999	{NS}
1860.3709999999999	1862.2359999999999	99999	{NS}
1862.2359999999999	1863.1239999999998	99999	sp
1863.1239999999998	1863.2439999999997	99999	{NS}
1863.2439999999997	1865.4489999999998	99999	sp
1865.4489999999998	1866.0969999999998	44	BAGPIPES
1866.0969999999998	1866.2269999999999	20	AND
1866.2269999999999	1866.7059999999997	59	BONGOS
1866.7059999999997	1866.7959999999998	30	ARE
1866.7959999999998	1867.3549999999998	273	MUSICAL
1867.3549999999998	1868.0529999999999	220	INSTRUMENTS
1868.0529999999999	1870.0579999999998	99999	sp
1870.0579999999998	1873.2609999999997	99999	{NS}
1873.2609999999997	1873.2809999999997	99999	sp
1873.2809999999997	1873.7899999999997	99999	{NS}
1873.7899999999997	1873.85	99999	sp
1873.85	1875.5759999999998	99999	{NS}
1875.5759999999998	1875.6459999999997	99999	{NS}
1875.6459999999997	1877.5809999999997	99999	sp
1877.5809999999997	1877.7809999999997	210	HOW
1877.7809999999997	1877.9009999999998	189	GOOD
1877.9009999999998	1878.5489999999998	224	IS
1878.5489999999998	1878.6789999999999	496	YOUR
1878.6789999999999	1879.3069999999998	138	ENDURANCE
1879.3069999999998	1880.0959999999998	99999	{NS}
1880.0959999999998	1881.4329999999998	99999	sp
1881.4329999999998	1885.3439999999998	99999	{NS}
1885.3439999999998	1886.9099999999999	99999	{NS}
1886.9099999999999	1889.3849999999998	99999	{NS}
1889.3849999999998	1891.37	99999	sp
1891.37	1891.4599999999998	434	THE
1891.4599999999998	1891.9389999999999	141	ESSAY
1891.9389999999999	1892.7069999999999	454	UNDENIABLY
1892.7069999999999	1893.3849999999998	358	REFLECTS
1893.3849999999998	1893.4649999999997	99999	sp
1893.4649999999997	1894.004	305	OUR
1894.004	1894.0439999999999	99999	sp
1894.0439999999999	1894.5229999999997	467	VIEW
1894.5229999999997	1894.8819999999998	99999	sp
1894.8819999999998	1895.3009999999997	3	ABLY
1895.3009999999997	1897.1369999999997	99999	sp
1897.1369999999997	1903.2729999999997	99999	{NS}
1903.2729999999997	1905.1689999999999	99999	{NS}
1905.1689999999999	1910.3869999999997	99999	{NS}
1910.3869999999997	1912.9909999999998	99999	{NS}
1912.9909999999998	1914.7669999999998	99999	sp
1914.7669999999998	1914.8169999999998	1	A
1914.8169999999998	1915.196	60	BORING
1915.196	1915.6249999999998	287	NOVEL
1915.6249999999998	1915.9839999999997	224	IS
1915.9839999999997	1916.024	1	A
1916.024	1916.3729999999998	418	SUPERB
1916.3729999999998	1916.8519999999999	386	SLEEPING
1916.8519999999999	1917.1409999999998	328	PILL
1917.1409999999998	1919.2969999999998	99999	sp
1919.2969999999998	1919.8449999999998	99999	{NS}
1919.8449999999998	1920.8429999999998	99999	{NS}
1920.8429999999998	1923.4669999999999	99999	{NS}
1923.4669999999999	1924.9839999999997	99999	{NS}
1924.9839999999997	1929.8505213281815	99999	sp
1929.8505213281815	1930.1342359110251	303	ORANGE
1930.1342359110251	1930.5009999999997	230	JUICE
1930.5009999999997	1930.7709999999997	425	TASTES
1930.7709999999997	1931.0699999999997	171	FUNNY
1931.0699999999997	1931.3889999999997	10	AFTER
1931.3889999999997	1932.0879999999997	449	TOOTHPASTE
1932.0879999999997	1932.1169999999997	99999	sp
1932.1169999999997	1932.6859999999997	99999	{NS}
1932.6859999999997	1933.245	99999	sp
1933.245	1934.2429999999997	99999	{NS}
1934.2429999999997	1938.263	99999	{NS}
1938.263	1940.0589999999997	99999	{NS}
1940.0589999999997	1942.1449999999998	99999	sp
1942.1449999999998	1942.2439999999997	434	THE
1942.2439999999997	1942.8229999999999	486	WILLOWY
1942.8229999999999	1943.272	488	WOMAN
1943.272	1943.6609999999998	490	WORE
1943.6609999999998	1943.7009999999998	1	A
1943.7009999999998	1944.3099999999997	274	MUSKRAT
1944.3099999999997	1944.5889999999997	96	COAT
1944.5889999999997	1946.8339999999998	99999	sp
1946.8339999999998	1949.7169999999999	99999	{NS}
1949.7169999999999	1950.4059999999997	99999	{NS}
1950.4059999999997	1950.5849999999998	99999	sp
1950.5849999999998	1951.2239999999997	99999	{NS}
1951.2239999999997	1951.8829999999998	99999	sp
1951.8829999999998	1952.062	99999	{NS}
1952.062	1954.4269999999997	99999	sp
1954.4269999999997	1954.5859999999998	434	THE
1954.5859999999998	1955.2649999999999	264	MISQUOTE
1955.2649999999999	1955.484	472	WAS
1955.484	1956.0729999999999	365	RETRACTED
1956.0729999999999	1956.2729999999997	487	WITH
1956.2729999999997	1956.3419999999999	19	AN
1956.3419999999999	1957.0209999999997	26	APOLOGY
1957.0209999999997	1957.3999999999999	99999	{NS}
1957.3999999999999	1957.5899999999997	99999	sp
1957.5899999999997	1957.8489999999997	99999	{NS}
1957.8489999999997	1958.1179999999997	99999	sp
1958.1179999999997	1959.3159999999998	99999	{NS}
1959.3159999999998	1959.7149999999997	99999	{NS}
1959.7149999999997	1962.550537476717	99999	sp
1962.550537476717	1962.6315987861008	211	I
1962.6315987861008	1962.937	233	JUST
1962.937	1963.167	370	SAW
1963.167	1963.4959999999999	228	JIM
1963.4959999999999	1963.7059999999997	277	NEAR
1963.7059999999997	1963.7759999999998	434	THE
1963.7759999999998	1964.0649999999998	282	NEW
1964.0649999999998	1964.9929999999997	29	ARCHEOLOGICAL
1964.9929999999997	1965.5409999999997	272	MUSEUM
1965.5409999999997	1967.7759999999998	99999	sp
1967.7759999999998	1974.0119999999997	99999	{NS}
1974.0119999999997	1974.5209999999997	99999	{NS}
1974.5209999999997	1975.5389999999998	99999	{NS}
1975.5389999999998	1976.2869999999998	99999	sp
1976.2869999999998	1976.397	99999	{NS}
1976.397	1978.422	99999	sp
1978.422	1978.712	367	RIGHT
1978.712	1979.011	288	NOW
1979.011	1979.2499999999995	257	MAY
1979.2499999999995	1979.5099999999998	285	NOT
1979.5099999999998	1979.649	47	BE
1979.649	1979.739	434	THE
1979.739	1980.0676688427047	51	BEST
1980.0676688427047	1980.3661218454363	445	TIME
1980.3661218454363	1980.5662960003733	161	FOR
1980.5662960003733	1980.945810312489	69	BUSINESS
1980.945810312489	1981.4866257269782	260	MERGERS
1981.4866257269782	1990.582057816608	99999	sp
1990.582057816608	1990.6919722185676	434	THE
1990.6919722185676	1991.274139804143	263	MISPRINT
1991.274139804143	1991.8636765996625	348	PROVOKED
1991.8636765996625	1992.0119819497854	19	AN
1992.0119819497854	1992.5928176259208	216	IMMEDIATE
1992.5928176259208	1993.3023447935734	125	DISCLAIMER
1993.3023447935734	1995.1639999999998	99999	sp
1995.1639999999998	1999.7839999999997	99999	{NS}
1999.7839999999997	2002.0089999999996	99999	sp
2002.0089999999996	2002.1524652348407	438	THEY
2002.1524652348407	2002.3661723232167	14	ALL
2002.3661723232167	2002.7467074214246	139	ENJOY
2002.7467074214246	2002.9898913495763	212	ICE
2002.9898913495763	2003.2654152060827	112	CREAM
2003.2654152060827	2003.9580503612897	417	SUNDAES
2003.9580503612897	2005.9999999999995	99999	sp
2005.9999999999995	2008.5939999999996	99999	{NS}
2008.5939999999996	2017.002646233003	99999	sp
2017.002646233003	2017.1741786335629	128	DO
2017.1741786335629	2017.7195001694186	38	ATYPICAL
2017.7195001694186	2018.2021834207503	151	FARMERS
2018.2021834207503	2018.7253973267739	197	GROW
2018.7253973267739	2019.322303332237	291	OATS
2019.322303332237	2021.2549999999997	99999	sp
2021.2549999999997	2026.8619999999996	99999	{NS}
2026.8619999999996	2028.5479999999998	99999	sp
2028.5479999999998	2030.8129999999996	99999	{NS}
2030.8129999999996	2034.475	99999	sp
2034.475	2035.3229999999999	99999	{NS}
2035.3229999999999	2036.6699999999996	99999	sp
2036.6699999999996	2040.212	99999	{NS}
2040.212	2046.3779999999997	99999	sp
2046.3779999999997	2047.415	99999	sp
2047.415	2057.153	99999	{NS}
2057.153	2057.2329999999997	99999	sp
2057.2329999999997	2063.5089999999996	99999	{NS}
2063.5089999999996	2067.24	99999	sp
2067.24	2076.529	99999	{NS}
2076.529	2086.886	99999	sp
2086.886	2087.694	99999	sp
2087.694	2094.638	99999	{NS}
2094.638	2095.865	99999	sp
2095.865	2097.5609999999997	99999	{NS}
2097.5609999999997	2101.263	99999	{NS}
2101.263	2106.721	99999	sp
2106.721	2108.3169999999996	99999	{NS}
2108.3169999999996	2113.6749999999997	99999	sp
2397.1119999999996	2397.4809999999998	99999	sp
2397.4809999999998	2398.9379999999996	99999	{NS}
2398.9379999999996	2399.4869999999996	121	DIANE
2399.4869999999996	2399.6459999999997	257	MAY
2399.6459999999997	2400.3749999999995	399	SPLURGE
2400.3749999999995	2400.5139999999997	20	AND
2400.5139999999997	2400.8039999999996	72	BUY
2400.8039999999996	2400.834	1	A
2400.834	2401.4519999999998	452	TURQUOISE
2401.4519999999998	2402.0209999999997	278	NECKLACE
2402.0209999999997	2404.296	99999	sp
2404.296	2404.665	99999	{NS}
2404.665	2408.3169999999996	99999	{NS}
2408.3169999999996	2409.8529999999996	99999	{NS}
2409.8529999999996	2411.43	99999	sp
2411.43	2411.819	99999	{NS}
2411.819	2411.8889999999997	99999	sp
2411.8889999999997	2412.5269999999996	194	GRANDMOTHER
2412.5269999999996	2413.066	309	OUTGREW
2413.066	2413.3349999999996	204	HER
2413.3349999999996	2414.0339999999997	459	UPBRINGING
2414.0339999999997	2414.473	20	AND
2414.473	2417.6259999999997	99999	sp
2417.6259999999997	2417.9449999999997	99999	{NS}
2417.9449999999997	2420.319	99999	{NS}
2420.319	2420.798	99999	sp
2420.798	2420.9179999999997	99999	{NS}
2420.9179999999997	2422.0649999999996	99999	sp
2422.0649999999996	2422.6339999999996	99999	{NS}
2422.6339999999996	2423.2929999999997	292	OBJECTS
2423.2929999999997	2423.662	252	MADE
2423.662	2423.9109999999996	294	OF
2423.9109999999996	2424.0009999999997	99999	sp
2424.0009999999997	2424.45	324	PEWTER
2424.45	2424.729	30	ARE
2424.729	2425.2079999999996	48	BEAUTIFUL
2425.2079999999996	2427.2839999999997	99999	sp
2427.2839999999997	2428.421	99999	{NS}
2428.421	2431.354	99999	{NS}
2431.354	2432.8309999999997	99999	{NS}
2432.8309999999997	2436.1629999999996	99999	{NS}
2436.1629999999996	2438.1189999999997	99999	sp
2438.1189999999997	2438.7479999999996	32	ARTIFICIAL
2438.7479999999996	2439.586	221	INTELLIGENCE
2439.586	2439.7549999999997	224	IS
2439.7549999999997	2439.9249999999997	161	FOR
2439.9249999999997	2440.0849999999996	355	REAL
2440.0849999999996	2440.743	99999	{NS}
2440.743	2442.479	99999	sp
2442.479	2447.2079999999996	99999	{NS}
2447.2079999999996	2448.296	99999	{NS}
2448.296	2449.254	99999	sp
2449.254	2449.423	99999	{NS}
2449.423	2451.459	99999	sp
2451.459	2451.798	447	TODD
2451.798	2452.1969999999997	329	PLACED
2452.1969999999997	2452.466	450	TOP
2452.466	2453.035	342	PRIORITY
2453.035	2453.294	297	ON
2453.294	2453.5939999999996	179	GETTING
2453.5939999999996	2453.883	208	HIS
2453.883	2453.9329999999995	99999	sp
2453.9329999999995	2454.1919999999996	53	BIKE
2454.1919999999996	2454.5719999999997	157	FIXED
2454.5719999999997	2454.651	99999	sp
2454.651	2456.5669999999996	99999	{NS}
2456.5669999999996	2456.9359999999997	99999	{NS}
2456.9359999999997	2458.1139999999996	99999	{NS}
2458.1139999999996	2464.399743304489	99999	sp
2464.399743304489	2464.600827741149	482	WHEN
2464.600827741149	2464.902454396138	322	PEELING
2464.902454396138	2465.028	19	AN
2465.028	2465.5469999999996	303	ORANGE
2465.5469999999996	2465.6069999999995	225	IT
2465.6069999999995	2465.6859999999997	99999	sp
2465.6859999999997	2466.0359999999996	224	IS
2466.0359999999996	2466.055	99999	sp
2466.055	2466.3749999999995	200	HARD
2466.3749999999995	2466.5939999999996	446	TO
2466.5939999999996	2466.8839999999996	285	NOT
2466.8839999999996	2467.173	401	SPRAY
2467.173	2467.7219999999998	230	JUICE
2467.7219999999998	2469.687	99999	sp
2469.687	2472.7099999999996	99999	{NS}
2472.7099999999996	2472.9199999999996	99999	sp
2472.9199999999996	2474.1569999999997	99999	{NS}
2474.1569999999997	2474.865	99999	{NS}
2474.865	2475.9629999999997	99999	sp
2475.9629999999997	2476.033	99999	{NS}
2476.033	2478.477	99999	sp
2478.477	2478.5469999999996	434	THE
2478.5469999999996	2478.9959999999996	268	MORNING
2478.9959999999996	2479.3549999999996	120	DEW
2479.3549999999996	2479.5649999999996	297	ON
2479.5649999999996	2479.6349999999998	434	THE
2479.6349999999998	2480.064	398	SPIDER
2480.064	2480.363	479	WEB
2480.363	2480.9219999999996	182	GLISTENED
2480.9219999999996	2481.051	217	IN
2481.051	2481.111	434	THE
2481.111	2481.5299999999997	416	SUN
2481.5299999999997	2484.4739999999997	99999	{NS}
2484.4739999999997	2489.033	99999	{NS}
2489.033	2489.392	99999	{NS}
2489.392	2490.2009999999996	99999	sp
2490.2009999999996	2490.31	99999	{NS}
2490.31	2492.9139999999998	99999	sp
2492.9139999999998	2493.613	451	TORNADOS
2493.613	2494.082	296	OFTEN
2494.082	2494.663983776323	118	DESTROY
2494.663983776323	2495.5388203989223	41	AVIARIES
2495.5388203989223	2505.316	99999	sp
2505.316	2506.7329999999997	99999	{NS}
2506.7329999999997	2506.763	99999	sp
2506.763	2508.5389999999998	99999	{NS}
2508.5389999999998	2509.118	99999	sp
2509.118	2511.223	99999	{NS}
2511.223	2512.031	99999	sp
2512.031	2512.1809999999996	438	THEY
2512.1809999999996	2512.6299999999997	360	REMAINED
2512.6299999999997	2513.2879999999996	239	LIFELONG
2513.2879999999996	2513.8169999999996	164	FRIENDS
2513.8169999999996	2513.997	20	AND
2513.997	2514.6549999999997	99	COMPANIONS
2514.6549999999997	2517.9379999999996	99999	{NS}
2517.9379999999996	2520.691	99999	{NS}
2520.691	2521.2799999999997	99999	{NS}
2521.2799999999997	2526.2516009140145	99999	sp
2526.2516009140145	2526.3173400567684	434	THE
2526.3173400567684	2526.8501249811684	160	FOOTBALL
2526.8501249811684	2527.138574196691	428	TEAM
2527.138574196691	2527.45566888527	95	COACH
2527.45566888527	2527.6480525530355	201	HAS
2527.6480525530355	2527.7349999999997	1	A
2527.7349999999997	2528.104	474	WATCH
2528.104	2528.2839999999997	34	AS
2528.2839999999997	2528.404	439	THIN
2528.404	2528.553	34	AS
2528.553	2528.613	1	A
2528.613	2528.763	123	DIME
2528.763	2529.372	99999	{NS}
2529.372	2531.038	99999	sp
2531.038	2536.096	99999	{NS}
2536.096	2536.964	99999	{NS}
2536.964	2537.673	99999	sp
2537.673	2537.763	99999	{NS}
2537.763	2539.7079999999996	99999	sp
2539.7079999999996	2539.868	438	THEY
2539.868	2540.267	296	OFTEN
2540.267	2540.4069999999997	184	GO
2540.4069999999997	2540.696	306	OUT
2540.696	2540.8059999999996	217	IN
2540.8059999999996	2540.935	434	THE
2540.935	2541.3839999999996	143	EVENING
2541.3839999999996	2543.1699999999996	99999	sp
2543.1699999999996	2547.211	99999	{NS}
2547.211	2548.0589999999997	99999	{NS}
2548.0589999999997	2549.2859999999996	99999	sp
2549.2859999999996	2549.4159999999997	99999	{NS}
2549.4159999999997	2549.705	99999	sp
2549.705	2551.511	99999	{NS}
2551.511	2551.6809999999996	305	OUR
2551.6809999999996	2552.439	148	EXPERIMENT'S
2552.439	2552.4689999999996	99999	sp
2552.4689999999996	2553.0679999999998	337	POSITIVE
2553.0679999999998	2553.7459999999996	307	OUTCOME
2553.7459999999996	2553.8059999999996	99999	sp
2553.8059999999996	2554.006	472	WAS
2554.006	2554.694	456	UNEXPECTED
2554.694	2556.2009999999996	99999	{NS}
2556.2009999999996	2557.0389999999998	99999	sp
2557.0389999999998	2560.87	99999	{NS}
2560.87	2561.7079999999996	99999	{NS}
2561.7079999999996	2562.3669999999997	99999	sp
2562.3669999999997	2562.4359999999997	99999	{NS}
2562.4359999999997	2564.6409999999996	99999	sp
2564.6409999999996	2564.9309999999996	132	EACH
2564.9309999999996	2565.3599999999997	403	STAG
2565.3599999999997	2565.769	419	SURELY
2565.769	2566.178	155	FINDS
2566.178	2566.218	1	A
2566.218	2566.517	52	BIG
2566.517	2566.946	153	FAWN
2566.946	2568.9719999999998	99999	sp
2568.9719999999998	2570.229	99999	{NS}
2570.229	2571.865	99999	{NS}
2571.865	2572.703	99999	{NS}
2572.703	2572.783	99999	sp
2572.783	2573.7009999999996	99999	{NS}
2573.7009999999996	2575.776	99999	sp
2575.776	2575.8559999999998	434	THE
2575.8559999999998	2576.475	91	CIGARETTES
2576.475	2576.564	217	IN
2576.564	2576.644	434	THE
2576.644	2576.9729999999995	94	CLAY
2576.9729999999995	2577.5719999999997	35	ASHTRAY
2577.5719999999997	2577.6319999999996	99999	sp
2577.6319999999996	2578.3599999999997	314	OVERFLOWED
2578.3599999999997	2578.4999999999995	99999	sp
2578.4999999999995	2578.8689999999997	299	ONTO
2578.8689999999997	2578.939	434	THE
2578.939	2579.468	424	TABLE
2579.468	2579.6969999999997	99999	sp
2579.6969999999997	2579.9869999999996	299	ONTO
2579.9869999999996	2580.156	434	THE
2580.156	2580.2459999999996	290	OAK
2580.2459999999996	2580.2859999999996	99999	sp
2580.2859999999996	2580.6649999999995	424	TABLE
2580.6649999999995	2581.7329999999997	99999	sp
2581.7329999999997	2582.74	99999	{NS}
2582.74	2584.1369999999997	99999	{NS}
2584.1369999999997	2588.9359999999997	99999	{NS}
2588.9359999999997	2589.9339999999997	99999	sp
2589.9339999999997	2590.004	99999	{NS}
2590.004	2592.229	99999	sp
2592.229	2592.807	347	PROJECT
2592.807	2593.45188786728	119	DEVELOPMENT
2593.45188786728	2593.6520360422223	472	WAS
2593.6520360422223	2594.2470391971415	344	PROCEEDING
2594.2470391971415	2594.4394968921974	448	TOO
2594.4394968921974	2594.9596095216343	391	SLOWLY
2594.9596095216343	2604.36511916433	99999	sp
2604.36511916433	2604.6225153460887	485	WILL
2604.6225153460887	2604.9816925528394	368	ROBIN
2604.9816925528394	2605.2854411783014	477	WEAR
2605.2854411783014	2605.425121203149	1	A
2605.425121203149	2605.7510412611264	493	YELLOW
2605.7510412611264	2606.1748790942665	243	LILY
2606.1748790942665	2608.212	99999	sp
2608.212	2615.0769999999998	99999	{NS}
2615.0769999999998	2616.015	99999	sp
2616.015	2617.079251392307	99999	{NS}
2617.079251392307	2617.4627669460533	442	THOMAS
2617.4627669460533	2617.8574046012473	440	THINKS
2617.8574046012473	2618.007094746321	1	A
2618.007094746321	2618.4153405965217	235	LARGER
2618.4153405965217	2618.7453393254336	92	CLAMP
2618.7453393254336	2619.1515880649417	394	SOLVES
2619.1515880649417	2619.313847750291	434	THE
2619.313847750291	2619.9772472568675	343	PROBLEM
2619.9772472568675	2621.941	99999	sp
2621.941	2624.865	99999	{NS}
2624.865	2627.928	99999	{NS}
2627.928	2635.4552762997946	99999	sp
2635.4552762997946	2635.7358798788023	441	THIS
2635.7358798788023	2635.9553120232854	472	WAS
2635.9553120232854	2636.21897080154	133	EASY
2636.21897080154	2636.4928357260496	161	FOR
2636.4928357260496	2637.118878139362	460	US
2637.118878139362	2639.0119999999997	99999	sp
2639.0119999999997	2646.3059999999996	99999	{NS}
2646.3059999999996	2648.9684831470713	99999	sp
2648.9684831470713	2649.4241489120773	116	DECEMBER
2649.4241489120773	2649.5518827541014	20	AND
2649.5518827541014	2650.062241820734	227	JANUARY
2650.062241820734	2650.2276604728195	30	ARE
2650.2276604728195	2650.6222981280134	283	NICE
2650.6222981280134	2650.920069964953	266	MONTHS
2650.920069964953	2651.024995991404	446	TO
2651.024995991404	2651.3392405872514	397	SPEND
2651.3392405872514	2651.4923327810766	217	IN
2651.4923327810766	2652.2067630189276	261	MIAMI
2652.2067630189276	2654.0179999999996	99999	sp
2654.0179999999996	2660.883	99999	{NS}
2660.883	2662.868	99999	sp
2662.868	2663.21307288678	236	LAST
2663.21307288678	2663.4325050312627	492	YEARS
2663.4325050312627	2663.7369883945375	174	GAS
2663.7369883945375	2664.1972616488065	380	SHORTAGE
2664.1972616488065	2664.625919791517	81	CAUSED
2664.625919791517	2664.9865369591944	404	STEEP
2664.9865369591944	2665.342051053744	341	PRICE
2665.342051053744	2666.0209999999997	218	INCREASES
2666.0209999999997	2684.519	99999	sp
2684.519	2686.6139999999996	99999	sp
2686.6139999999996	2687.921	99999	{NS}
2687.921	2688.0009999999997	99999	sp
2688.0009999999997	2690.046	99999	{NS}
2690.046	2690.785	99999	sp
2690.785	2712.2259999999997	99999	sp
2712.2259999999997	2712.805	99999	sp
2712.805	2714.77	99999	{NS}
2714.77	2715.5579999999995	99999	sp
2715.5579999999995	2729.207	99999	{NS}
2729.207	2729.776	99999	sp
2729.776	2745.72	99999	sp
2745.72	2747.5159999999996	99999	{NS}
2747.5159999999996	2748.3839999999996	99999	sp
2748.3839999999996	2750.0899999999997	99999	{NS}
2750.0899999999997	2779.234	99999	sp
2779.234	2783.654	99999	sp
2783.654	2787.2949999999996	99999	{NS}
2787.2949999999996	2788.9919999999997	99999	sp
2788.9919999999997	2792.3039999999996	99999	{NS}
2792.3039999999996	2812.6479999999997	99999	sp
2812.6479999999997	2819.113	99999	{NS}
2819.113	2826.466	99999	{NS}
2826.466	2830.258	99999	{NS}
2830.258	2830.4069999999997	99999	sp
2830.4069999999997	2838.8941097409784	99999	sp
3141.103	3141.522	99999	sp
3141.522	3143.667	99999	{NS}
3143.667	3144.435	12	AGRICULTURAL
3144.435	3144.964	345	PRODUCTS
3144.964	3145.104	30	ARE
3145.104	3145.792	455	UNEVENLY
3145.792	3146.62	127	DISTRIBUTED
3146.62	3148.9249999999997	99999	{NS}
3148.9249999999997	3151.639	99999	{NS}
3151.639	3151.7889999999998	99999	sp
3151.7889999999998	3154.153	99999	{NS}
3154.153	3155.38	99999	sp
3155.38	3156.159	99999	{NS}
3156.159	3156.3179999999998	99999	sp
3156.3179999999998	3156.558	73	BY
3156.558	3156.857	135	EATING
3156.857	3157.266	494	YOGURT
3157.266	3157.406	495	YOU
3157.406	3157.625	257	MAY
3157.625	3157.835	246	LIVE
3157.835	3158.314	248	LONGER
3158.314	3158.523	99999	sp
3158.523	3159.641	99999	{NS}
3159.641	3161.616	99999	{NS}
3161.616	3164.23	99999	{NS}
3164.23	3166.186	99999	sp
3166.186	3167.4429999999998	99999	{NS}
3167.4429999999998	3167.7819999999997	99999	sp
3167.7819999999997	3167.852	434	THE
3167.852	3168.511	82	CAUSEWAY
3168.511	3168.999	137	ENDED
3168.999	3169.648	5	ABRUPTLY
3169.648	3169.897	37	AT
3169.897	3169.967	434	THE
3169.967	3170.227	379	SHORE
3170.227	3173.808	99999	{NS}
3173.808	3176.103	99999	{NS}
3176.103	3178.628	99999	{NS}
3178.628	3178.967	99999	sp
3178.967	3180.703	99999	{NS}
3180.703	3181.421	478	WEATHERPROOF
3181.421	3182.159	172	GALOSHES
3182.159	3182.3089999999997	30	ARE
3182.3089999999997	3182.688	465	VERY
3182.688	3183.207	461	USEFUL
3183.207	3183.437	217	IN
3183.437	3183.477	99999	sp
3183.477	3184.1349999999998	372	SEATTLE
3184.1349999999998	3186.23	99999	sp
3186.23	3190.69	99999	{NS}
3190.69	3192.137	99999	{NS}
3192.137	3193.973	99999	{NS}
3193.973	3194.102	99999	sp
3194.102	3194.891	99999	{NS}
3194.891	3200.089	99999	sp
3200.089	3200.189	434	THE
3200.189	3200.8469999999998	396	SPEECH
3200.8469999999998	3201.835	423	SYMPOSIUM
3201.835	3201.945	99999	sp
3201.945	3202.264	262	MIGHT
3202.264	3202.892	50	BEGIN
3202.892	3203.042	99999	sp
3203.042	3203.252	297	ON
3203.252	3203.611	265	MONDAY
3203.611	3204.319	99999	sp
3204.319	3206.195	99999	{NS}
3206.195	3208.879	99999	{NS}
3208.879	3210.066	99999	{NS}
3210.066	3211.363	99999	{NS}
3211.363	3213.438	99999	sp
3213.438	3213.548	213	I'D
3213.548	3213.798	353	RATHER
3213.798	3214.087	285	NOT
3214.087	3214.286	72	BUY
3214.286	3214.496	437	THESE
3214.496	3214.945	378	SHOES
3214.945	3214.975	99999	sp
3214.975	3215.1349999999998	432	THAN
3215.1349999999998	3215.334	47	BE
3215.334	3216.052	313	OVERCHARGED
3216.052	3216.861	99999	sp
3216.861	3218.736	99999	{NS}
3218.736	3221.101	99999	{NS}
3221.101	3221.261	99999	sp
3221.261	3223.605	99999	{NS}
3223.605	3225.5409999999997	99999	{NS}
3225.5409999999997	3227.8559999999998	99999	sp
3227.8559999999998	3228.055	47	BE
3228.055	3228.464	77	CAREFUL
3228.464	3228.6839999999997	285	NOT
3228.6839999999997	3228.764	446	TO
3228.764	3229.183	332	PLOW
3229.183	3229.432	310	OVER
3229.432	3229.512	434	THE
3229.512	3229.961	159	FLOWER
3229.961	3230.15	49	BEDS
3230.15	3232.4249999999997	99999	{NS}
3232.4249999999997	3232.605	99999	sp
3232.605	3235.987	99999	{NS}
3235.987	3237.204	99999	{NS}
3237.204	3237.623	99999	sp
3237.623	3239.35	99999	{NS}
3239.35	3239.519	434	THE
3239.519	3240.008	316	OVERWEIGHT
3240.008	3240.547	86	CHARMER
3240.547	3240.716	107	COULD
3240.716	3240.996	387	SLIP
3240.996	3241.584	333	POISON
3241.584	3241.7239999999997	223	INTO
3241.7239999999997	3242.323	25	ANYONE'S
3242.323	3242.592	426	TEA
3242.592	3246.823	99999	{NS}
3246.823	3250.9429999999998	99999	{NS}
3250.9429999999998	3252.5989999999997	99999	{NS}
3252.5989999999997	3254.026	99999	sp
3254.026	3254.7149999999997	99999	{NS}
3254.7149999999997	3254.814	434	THE
3254.814	3255.203	21	ANGRY
3255.203	3255.533	62	BOY
3255.533	3255.962	23	ANSWERED
3255.962	3256.022	99999	sp
3256.022	3256.181	70	BUT
3256.181	3256.5009999999997	122	DIDN'T
3256.5009999999997	3256.72	249	LOOK
3256.72	3256.95	458	UP
3256.95	3257.269	99999	sp
3257.269	3260.831	99999	{NS}
3260.831	3263.445	99999	{NS}
3263.445	3264.5319999999997	99999	{NS}
3264.5319999999997	3266.029	99999	sp
3266.029	3266.5679999999998	99999	{NS}
3266.5679999999998	3266.737	99999	sp
3266.737	3267.186	483	WHICH
3267.186	3267.466	247	LONG
3267.466	3268.124	31	ARTICLE
3268.124	3268.653	472	WAS
3268.653	3269.212	300	OPAQUE
3269.212	3269.371	20	AND
3269.371	3269.691	279	NEEDED
3269.691	3270.479	93	CLARIFICATION
3270.479	3274.091	99999	{NS}
3274.091	3277.503	99999	{NS}
3277.503	3280.656	99999	{NS}
3280.656	3280.955	99999	sp
3280.955	3282.641	99999	{NS}
3282.641	3282.851	203	HELP
3282.851	3283.429	83	CELEBRATE
3283.429	3283.549	496	YOUR
3283.549	3283.619	99999	sp
3283.619	3283.928	67	BROTHER'S
3283.928	3284.647	412	SUCCESS
3284.647	3284.736	99999	sp
3284.736	3286.772	99999	{NS}
3286.772	3286.822	99999	sp
3286.822	3290.433	99999	{NS}
3290.433	3292.15	99999	{NS}
3292.15	3293.297	99999	sp
3293.297	3294.285	99999	{NS}
3294.285	3294.364	99999	sp
3294.364	3294.494	485	WILL
3294.494	3294.6839999999997	495	YOU
3294.6839999999997	3294.774	99999	sp
3294.774	3295.073	331	PLEASE
3295.073	3295.642	101	CONFIRM
3295.642	3296.14	191	GOVERNMENT
3296.14	3296.639	334	POLICY
3296.639	3296.759	99999	sp
3296.759	3297.308	359	REGARDING
3297.308	3297.737	473	WASTE
3297.737	3298.186	362	REMOVAL
3298.186	3301.209	99999	{NS}
3301.209	3304.671	99999	{NS}
3304.671	3305.04	99999	{NS}
3305.04	3305.5589999999997	99999	sp
3305.5589999999997	3305.828	99999	{NS}
3305.828	3307.744	99999	sp
3307.744	3307.944	438	THEY
3307.944	3308.433	36	ASSUME
3308.433	3308.642	284	NO
3308.642	3309.091	68	BURGLAR
3309.091	3309.33	485	WILL
3309.33	3309.56	144	EVER
3309.56	3309.929	140	ENTER
3309.929	3310.218	205	HERE
3310.218	3312.134	99999	{NS}
3312.134	3313.042	99999	sp
3313.042	3313.431	99999	{NS}
3313.431	3313.651	99999	sp
3313.651	3314.11	99999	{NS}
3314.11	3315.447	99999	sp
3315.447	3315.776	99999	{NS}
3315.776	3318.799	99999	sp
3318.799	3318.999	202	HE
3318.999	3319.487	485	WILL
3319.487	3320.086	15	ALLOW
3320.086	3320.116	1	A
3320.116	3320.615	352	RARE
3320.615	3320.735	99999	sp
3320.735	3321.144	238	LIE
3321.144	3323.379	99999	sp
3323.379	3326.93	99999	{NS}
3326.93	3327.31	99999	{NS}
3327.31	3327.489	99999	sp
3327.489	3329.036	99999	{NS}
3329.036	3330.423	99999	sp
3330.423	3330.562	99999	{NS}
3330.562	3332.618	99999	sp
3332.618	3333.6749999999997	114	CURIOSITY
3333.6749999999997	3334.144	20	AND
3334.144	3334.254	99999	sp
3334.254	3335.2219999999998	259	MEDIOCRITY
3335.2219999999998	3335.9	373	SELDOM
3335.9	3336.12	88888	CO
3336.12	3336.668	88888	EXIST
3336.668	3338.923	99999	sp
3338.923	3340.21	99999	{NS}
3340.21	3341.727	99999	{NS}
3341.727	3345.518	99999	{NS}
3345.518	3346.646	99999	{NS}
3346.646	3349.729	99999	sp
3349.729	3349.908	208	HIS
3349.908	3350.337	413	SUDDEN
3350.337	3350.896	117	DEPARTURE
3350.896	3351.365	377	SHOCKED
3351.365	3351.445	99999	sp
3351.445	3351.505	434	THE
3351.505	3352.043	79	CAST
3352.043	3354.368	99999	sp
3354.368	3356.553	99999	{NS}
3356.553	3358.0899999999997	99999	{NS}
3358.0899999999997	3359.437	99999	{NS}
3359.437	3360.1349999999998	99999	sp
3360.1349999999998	3361.4519999999998	99999	{NS}
3361.4519999999998	3361.552	99999	sp
3361.552	3361.811	375	SHE
3361.811	3362.3399999999997	388	SLIPPED
3362.3399999999997	3362.45	20	AND
3362.45	3362.899	400	SPRAINED
3362.899	3363.058	204	HER
3363.058	3363.487	22	ANKLE
3363.487	3363.667	297	ON
3363.667	3363.747	434	THE
3363.747	3364.116	404	STEEP
3364.116	3364.535	389	SLOPE
3364.535	3367.009	99999	sp
3367.009	3369.683	99999	{NS}
3369.683	3371.968	99999	{NS}
3371.968	3373.205	99999	{NS}
3373.205	3376.5480000000002	99999	{NS}
3376.5480000000002	3378.9919999999997	99999	sp
3378.9919999999997	3379.0719999999997	1	A
3379.0719999999997	3379.142	99999	sp
3379.142	3379.431	52	BIG
3379.431	3379.79	185	GOAT
3379.79	3380.399	214	IDLY
3380.399	3380.8979999999997	18	AMBLED
3380.8979999999997	3380.938	99999	sp
3380.938	3381.127	444	THROUGH
3381.127	3381.217	434	THE
3381.217	3381.716	152	FARMYARD
3381.716	3385.857	99999	{NS}
3385.857	3388.121	99999	{NS}
3388.121	3389.518	99999	{NS}
3389.518	3390.586	99999	{NS}
3390.586	3393.27	99999	sp
3393.27	3393.5589999999997	381	SHOULD
3393.5589999999997	3394.138	180	GIRAFFES
3394.138	3394.277	47	BE
3394.277	3394.7059999999997	234	KEPT
3394.7059999999997	3394.766	217	IN
3394.766	3395.165	392	SMALL
3395.165	3395.754	498	ZOOS
3395.754	3397.52	99999	sp
3397.52	3401.262	99999	{NS}
3401.262	3402.678	99999	{NS}
3402.678	3402.848	99999	sp
3402.848	3406.609	99999	{NS}
3406.609	3407.328	99999	sp
3407.328	3407.467	99999	{NS}
3407.467	3409.433	99999	sp
3409.433	3409.563	476	WE
3409.563	3409.792	190	GOT
3409.792	3410.231	131	DRENCHED
3410.231	3410.391	166	FROM
3410.391	3410.54	434	THE
3410.54	3410.61	99999	sp
3410.61	3411.408	457	UNINTERRUPTED
3411.408	3411.6479999999997	351	RAIN
3411.6479999999997	3413.843	99999	sp
3413.843	3421.386	99999	{NS}
3421.386	3421.506	99999	sp
3421.506	3423.351	99999	{NS}
