372.50278911564624	373.2107891156463	183	GLUCOSE
373.2107891156463	373.3607891156463	20	AND
373.3607891156463	374.1387891156463	167	FRUCTOSE
374.1387891156463	374.2587891156463	30	ARE
374.2587891156463	374.72778911564626	276	NATURAL
374.72778911564626	375.3067891156463	414	SUGARS
375.3067891156463	375.6057891156463	163	FOUND
375.6057891156463	375.7057891156463	217	IN
375.7057891156463	376.0247891156463	168	FRUIT
376.0247891156463	388.3068480725624	99999	sp
388.3068480725624	388.77584807256244	46	BARB'S
388.77584807256244	389.0648480725624	188	GOLD
389.0648480725624	389.5610273188678	63	BRACELET
389.5610273188678	389.75593301979563	472	WAS
389.75593301979563	389.8768582597437	1	A
389.8768582597437	390.5629055030246	193	GRADUATION
390.5629055030246	391.00125949783626	339	PRESENT
391.00125949783626	401.94795918367345	99999	sp
401.94795918367345	402.5659591836735	286	NOTHING
402.5659591836735	403.0849591836735	224	IS
403.0849591836735	403.2349591836735	99999	sp
403.2349591836735	403.6039591836735	34	AS
403.6039591836735	404.34195918367345	295	OFFENSIVE
404.34195918367345	404.8409591836735	34	AS
404.8409591836735	405.4699591836735	219	INNOCENCE
405.4699591836735	416.08537414965986	99999	sp
416.08537414965986	416.36437414965985	298	ONLY
416.36437414965985	416.47437414965987	434	THE
416.47437414965987	416.8433741496599	51	BEST
416.8433741496599	417.31237414965983	330	PLAYERS
417.31237414965983	417.67137414965987	139	ENJOY
417.67137414965987	418.4393741496599	336	POPULARITY
418.4393741496599	429.6707029478458	99999	sp
429.6707029478458	429.74070294784576	434	THE
429.74070294784576	430.15970294784586	165	FRIGHTENED
430.15970294784586	430.6387029478458	89	CHILD
430.6387029478458	430.8687029478458	472	WAS
430.8687029478458	431.3777029478458	176	GENTLY
431.3777029478458	432.0657029478458	410	SUBDUED
432.0657029478458	432.2057029478458	73	BY
432.2057029478458	432.40470294784586	208	HIS
432.40470294784586	432.64470294784576	52	BIG
432.64470294784576	432.9937029478458	66	BROTHER
432.9937029478458	444.86428571428576	99999	sp
444.86428571428576	445.26328571428576	270	MUM
445.26328571428576	445.90228571428577	407	STRONGLY
445.90228571428577	446.6702857142858	126	DISLIKES
446.6702857142858	447.5482857142857	27	APPETIZERS
447.5482857142857	471.14369614512475	99999	sp
471.14369614512475	471.2410031741455	30	ARE
471.2410031741455	471.4085773095861	495	YOU
471.4085773095861	471.6885773095862	250	LOOKING
471.6885773095862	471.9675773095862	161	FOR
471.9675773095862	472.15757730958615	434	THE
472.15757730958615	472.7955773095862	136	EMPLOYMENT
472.7955773095862	485.4860090702948	99999	sp
485.4860090702948	485.81500907029476	354	READING
485.81500907029476	485.9950090702948	217	IN
485.9950090702948	486.2940090702948	335	POOR
486.2940090702948	486.8330090702948	240	LIGHT
486.8330090702948	487.2320090702948	181	GIVES
487.2320090702948	487.6510090702948	495	YOU
487.6510090702948	487.79100907029476	99999	sp
487.79100907029476	488.48900907029486	150	EYESTRAIN
488.48900907029486	499.0309750566894	99999	sp
499.0309750566894	499.21097505668934	476	WE
499.21097505668934	499.4199750566894	30	ARE
499.4199750566894	499.7989750566894	301	OPEN
499.7989750566894	500.13897505668945	145	EVERY
500.13897505668945	500.5679750566894	265	MONDAY
500.5679750566894	501.07597505668934	143	EVENING
501.07597505668934	513.4591383219955	99999	sp
513.4591383219955	513.6065159581822	476	WE
513.6065159581822	514.0655124664576	480	WELCOME
514.0655124664576	514.4045124664575	256	MANY
514.4045124664575	514.7335124664575	282	NEW
514.7335124664575	515.3825124664576	408	STUDENTS
515.3825124664576	515.6615124664576	132	EACH
515.6615124664576	515.9015124664576	491	YEAR
515.9015124664576	527.4718594104309	99999	sp
527.4718594104309	527.5308594104308	1	A
527.5308594104308	527.9208594104308	110	CRAB
527.9208594104308	528.5388594104309	85	CHALLENGED
528.5388594104309	528.7988594104309	258	ME
528.7988594104309	529.2778594104308	99999	sp
529.2778594104308	529.4268594104309	70	BUT
529.4268594104309	529.5068594104308	1	A
529.5068594104308	529.7958594104308	350	QUICK
529.7958594104308	530.2448594104309	402	STAB
530.2448594104309	530.7007690221461	464	VANQUISHED
530.7007690221461	530.864933326786	207	HIM
530.864933326786	542.9056916099773	99999	sp
542.9056916099773	543.2146916099773	142	EVEN
543.2146916099773	543.4636916099773	211	I
543.4636916099773	544.2126916099772	293	OCCASIONALLY
544.2126916099772	544.4716916099773	177	GET
544.4716916099773	544.5716916099773	434	THE
544.5716916099773	545.1706916099773	265	MONDAY
545.1706916099773	545.8286916099773	56	BLUES
545.8286916099773	558.6484807256236	99999	sp
558.6484807256236	558.6884807256235	99999	sp
558.6884807256235	558.9674807256235	142	EVEN
558.9674807256235	559.0274807256236	1	A
559.0274807256236	559.4964807256235	383	SIMPLE
559.4964807256235	560.4044807256236	468	VOCABULARY
560.4044807256236	560.9134807256236	104	CONTAINS
560.9134807256236	561.5424807256235	422	SYMBOLS
561.5424807256235	571.9386394557823	99999	sp
571.9386394557823	572.4176394557823	405	STEVE
572.4176394557823	572.6076394557823	490	WORE
572.6076394557823	572.6576394557823	1	A
572.6576394557823	573.1066394557823	65	BRIGHT
573.1066394557823	573.4156394557823	356	RED
573.4156394557823	573.9946394557822	78	CASHMERE
573.9946394557822	574.4136394557823	420	SWEATER
574.4136394557823	584.2603628117914	99999	sp
584.2603628117914	584.5593628117914	375	SHE
584.5593628117914	585.1183628117914	490	WORE
585.1183628117914	585.6163628117914	471	WARM
585.6163628117914	585.9063628117914	99999	sp
585.9063628117914	586.7643628117914	158	FLEECY
586.7643628117914	587.2533628117914	489	WOOLEN
587.2533628117914	587.3233628117914	99999	sp
587.3233628117914	588.1013628117914	311	OVERALLS
588.1013628117914	598.4844671201814	99999	sp
598.4844671201814	599.0434671201814	75	CALCIUM
599.0434671201814	599.4224671201815	254	MAKES
599.4224671201815	599.8614671201814	58	BONES
599.8614671201814	600.0014671201815	20	AND
600.0014671201815	600.3704671201814	430	TEETH
600.3704671201814	600.6394671201814	406	STRONG
600.6394671201814	612.3820181405896	99999	sp
612.3820181405896	612.7010181405896	443	THOSE
612.7010181405896	612.7710181405896	484	WHO
612.7710181405896	613.1100181405895	427	TEACH
613.1100181405895	613.8290181405896	462	VALUES
613.8290181405896	614.1780181405896	156	FIRST
614.1780181405896	614.8460181405895	4	ABOLISH
614.8460181405895	615.1750181405896	87	CHEATING
615.1750181405896	626.08589569161	99999	sp
626.08589569161	626.59489569161	98	COFFEE
626.59489569161	626.88389569161	224	IS
626.88389569161	627.3128956916099	198	GROWN
627.3128956916099	627.6218956916099	297	ON
627.6218956916099	628.21089569161	404	STEEP
628.21089569161	628.82989569161	99999	sp
628.82989569161	629.26889569161	231	JUNGLE
629.26889569161	629.54789569161	241	LIKE
629.54789569161	630.17689569161	390	SLOPES
630.17689569161	630.38589569161	217	IN
630.38589569161	630.87489569161	431	TEMPERATE
630.87489569161	631.45389569161	497	ZONES
631.45389569161	642.6379818594105	99999	sp
642.6379818594105	642.8279818594104	226	IT'S
642.8279818594104	643.1369818594105	285	NOT
643.1369818594105	643.4959818594106	133	EASY
643.4959818594106	643.6759818594105	446	TO
643.6759818594105	644.3139818594105	113	CREATE
644.3139818594105	644.4839818594105	99999	sp
644.4839818594105	645.2519818594105	215	ILLUMINATING
645.2519818594105	645.3119818594105	99999	sp
645.3119818594105	646.1499818594106	146	EXAMPLES
646.1499818594106	767.007709750567	99999	sp
1059.7829931972788	1060.3019931972788	84	CHALLENGE
1060.3019931972788	1060.5809931972788	132	EACH
1060.5809931972788	1061.0699931972788	175	GENERAL'S
1061.0699931972788	1061.8489931972788	221	INTELLIGENCE
1061.8489931972788	1072.9326530612243	99999	sp
1072.9326530612243	1073.3016530612244	257	MAY
1073.3016530612244	1073.3316530612244	211	I
1073.3316530612244	1073.9496530612244	304	ORDER
1073.9496530612244	1074.5286530612243	1	A
1074.5286530612243	1074.6586530612244	99999	sp
1074.6586530612244	1075.5766530612243	319	PARFAIT
1075.5766530612243	1076.2946530612244	10	AFTER
1076.2946530612244	1076.4246530612243	211	I
1076.4246530612243	1076.5736530612244	134	EAT
1076.5736530612244	1076.9036530612243	124	DINNER
1076.9036530612243	1088.7898412698412	99999	sp
1088.7898412698412	1089.6978412698413	17	AMBIDEXTROUS
1089.6978412698413	1090.4668412698413	327	PICKPOCKETS
1090.4668412698413	1090.6658412698412	99999	sp
1090.6658412698412	1091.3448412698413	6	ACCOMPLISH
1091.3448412698413	1091.4338412698412	99999	sp
1091.4338412698412	1091.7697095331257	267	MORE
1091.7697095331257	1102.7108390022674	99999	sp
1102.7108390022674	1102.7908390022676	434	THE
1102.7908390022676	1103.0798390022674	453	TWO
1103.0798390022674	1103.5288390022674	33	ARTISTS
1103.5288390022674	1104.0978390022674	147	EXCHANGED
1104.0978390022674	1104.8458390022674	39	AUTOGRAPHS
1104.8458390022674	1115.4813378684805	99999	sp
1115.4813378684805	1115.7003378684803	438	THEY
1115.7003378684803	1115.8503378684804	317	OWN
1115.8503378684804	1115.9203378684806	1	A
1115.9203378684806	1116.1793378684806	52	BIG
1116.1793378684806	1116.7083378684806	209	HOUSE
1116.7083378684806	1116.7583378684803	99999	sp
1116.7583378684803	1116.8683378684805	217	IN
1116.8683378684805	1116.9473378684806	434	THE
1116.9473378684806	1117.4363378684807	361	REMOTE
1117.4363378684807	1118.0653378684806	109	COUNTRYSIDE
1118.0653378684806	1129.2097052154195	99999	sp
1129.2097052154195	1129.5987052154196	433	THAT
1129.5987052154196	1130.3277052154194	326	PICKPOCKET
1130.3277052154194	1130.6067052154194	472	WAS
1130.6067052154194	1130.6467052154194	99999	sp
1130.6467052154194	1130.9757052154196	80	CAUGHT
1130.9757052154196	1131.1757052154194	356	RED
1131.1757052154194	1131.6947052154196	199	HANDED
1131.6947052154196	1142.4082539682538	99999	sp
1142.4082539682538	1142.638340967893	204	HER
1142.638340967893	1143.154038713813	470	WARDROBE
1143.154038713813	1143.723038713813	102	CONSISTS
1143.723038713813	1143.863038713813	294	OF
1143.863038713813	1144.102038713813	298	ONLY
1144.102038713813	1144.611038713813	385	SKIRTS
1144.611038713813	1144.770038713813	20	AND
1144.770038713813	1145.469038713813	54	BLOUSES
1145.469038713813	1163.3116326530612	99999	sp
1163.3116326530612	1163.451632653061	210	HOW
1163.451632653061	1163.6806326530611	128	DO
1163.6806326530611	1164.1996326530611	318	OYSTERS
1164.1996326530611	1164.4886326530611	253	MAKE
1164.4886326530611	1165.1376326530612	320	PEARLS
1165.1376326530612	1176.6885487528343	99999	sp
1176.6885487528343	1177.4265487528344	71	BUTTERSCOTCH
1177.4265487528344	1177.9055487528344	169	FUDGE
1177.9055487528344	1178.2155487528344	186	GOES
1178.2155487528344	1178.4145487528344	481	WELL
1178.4145487528344	1178.5145487528343	487	WITH
1178.5145487528343	1178.5845487528345	99999	sp
1178.5845487528345	1178.9335487528344	463	VANILLA
1178.9335487528344	1179.2225487528344	212	ICE
1179.2225487528344	1179.4025487528343	112	CREAM
1179.4025487528343	1190.206984126984	99999	sp
1190.206984126984	1190.3345954040951	434	THE
1190.3345954040951	1190.6082864495388	475	WATER
1190.6082864495388	1191.1272864495386	103	CONTAINED
1191.1272864495386	1191.4062864495386	448	TOO
1191.4062864495386	1191.6662864495388	269	MUCH
1191.6662864495388	1192.1642864495386	90	CHLORINE
1192.1642864495386	1192.3942864495386	20	AND
1192.3942864495386	1192.8332864495387	409	STUNG
1192.8332864495387	1192.9432864495386	208	HIS
1192.9432864495386	1193.3622864495387	149	EYES
1193.3622864495387	1203.3054875283447	99999	sp
1203.3054875283447	1203.7444875283445	229	JOHN'S
1203.7444875283445	1204.3834875283446	66	BROTHER
1204.3834875283446	1204.9924875283446	363	REPAINTED
1204.9924875283446	1205.0614875283445	434	THE
1205.0614875283445	1205.4904875283446	173	GARAGE
1205.4904875283446	1205.7504875283446	129	DOOR
1205.7504875283446	1217.0294331065759	99999	sp
1217.0294331065759	1217.2874961932066	434	THE
1217.2874961932066	1217.6574331065758	369	ROSE
1217.6574331065758	1218.266433106576	106	CORSAGE
1218.266433106576	1218.865433106576	393	SMELLED
1218.865433106576	1219.254433106576	421	SWEET
1219.254433106576	1232.0747392290248	99999	sp
1232.0747392290248	1232.2347392290249	434	THE
1232.2347392290249	1232.8937392290247	111	CRANBERRY
1232.8937392290247	1233.2827392290249	57	BOG
1233.2827392290249	1233.5617392290249	178	GETS
1233.5617392290249	1233.5817392290248	99999	sp
1233.5817392290248	1234.0807392290249	465	VERY
1234.0807392290249	1234.2597392290247	99999	sp
1234.2597392290247	1234.7187392290248	340	PRETTY
1234.7187392290248	1234.8587392290249	217	IN
1234.8587392290249	1235.2477392290248	40	AUTUMN
1235.2477392290248	1257.3489342403627	99999	sp
1257.3489342403627	1257.5089342403628	19	AN
1257.5089342403628	1258.0079342403628	9	ADULT
1258.0079342403628	1258.5059342403629	255	MALE
1258.5059342403629	1258.7259342403627	99999	sp
1258.7259342403627	1259.5739342403626	42	BABOON'S
1259.5739342403626	1259.7239342403627	99999	sp
1259.7239342403627	1260.1129342403628	430	TEETH
1260.1129342403628	1260.2229342403627	30	ARE
1260.2229342403627	1260.5819342403627	285	NOT
1260.5819342403627	1260.7709342403627	99999	sp
1260.7709342403627	1261.4099342403629	415	SUITABLE
1261.4099342403629	1261.6289342403627	161	FOR
1261.6289342403627	1261.9289342403627	135	EATING
1261.9289342403627	1262.7469342403629	376	SHELLFISH
1262.7469342403629	1273.4214512471654	99999	sp
1273.4214512471654	1273.5214512471653	224	IS
1273.5214512471653	1273.7404512471653	375	SHE
1273.7404512471653	1274.0304512471653	187	GOING
1274.0304512471653	1274.2694512471653	487	WITH
1274.2694512471653	1274.4494512471654	495	YOU
1274.4494512471654	1283.7556462585032	99999	sp
1283.7556462585032	1283.8346462585032	1	A
1283.8346462585032	1284.6636462585031	271	MUSCULAR
1284.6636462585031	1285.5116462585033	88888	ABANDON
1285.5116462585033	1285.9606462585032	99999	sp
1285.9606462585032	1286.6586462585033	2	ABDOMEN
1286.6586462585033	1287.0176462585032	224	IS
1287.0176462585032	1287.2776462585032	189	GOOD
1287.2776462585032	1287.4866462585032	161	FOR
1287.4866462585032	1287.666646258503	496	YOUR
1287.666646258503	1288.0656462585032	43	BACK
1288.0656462585032	1300.793469387755	99999	sp
1300.793469387755	1301.1324693877552	24	ANY
1301.1324693877552	1302.1594693877553	105	CONTRIBUTIONS
1302.1594693877553	1302.3294693877551	485	WILL
1302.3294693877551	1302.4694693877552	47	BE
1302.4694693877552	1302.868469387755	195	GREATLY
1302.868469387755	1303.706469387755	28	APPRECIATED
1303.706469387755	1312.8927210884353	99999	sp
1312.8927210884353	1313.1027210884354	76	CAN
1313.1027210884354	1313.1827210884353	434	THE
1313.1827210884353	1313.9307210884353	11	AGENCY
1313.9307210884353	1314.4697210884353	315	OVERTHROW
1314.4697210884353	1314.9087210884354	13	ALIEN
1314.9087210884354	1315.6067210884353	162	FORCES
1315.6067210884353	1326.360068027211	99999	sp
1326.360068027211	1326.769068027211	366	RICH
1326.769068027211	1327.2180680272108	349	PURCHASED
1327.2180680272108	1327.657068027211	374	SEVERAL
1327.657068027211	1328.346068027211	382	SIGNED
1328.346068027211	1328.984068027211	99999	sp
1328.984068027211	1330.002068027211	245	LITHOGRAPHS
1330.002068027211	1432.2427664399092	99999	sp
1755.7784353741495	1755.8511562339027	434	THE
1755.8511562339027	1756.815974829029	88888	MOSQUITO
1756.815974829029	1757.2181437023485	472	WAS
1757.2181437023485	1757.8254883012594	365	RETRACTED
1757.8254883012594	1758.056141426166	487	WITH
1758.056141426166	1758.1412156109068	19	AN
1758.1412156109068	1758.814192457762	26	APOLOGY
1758.814192457762	1774.2607029478456	99999	sp
1774.2607029478456	1774.5897029478456	367	RIGHT
1774.5897029478456	1775.0387029478456	288	NOW
1775.0387029478456	1775.1187029478456	99999	sp
1775.1187029478456	1775.3487029478456	257	MAY
1775.3487029478456	1775.6077029478456	285	NOT
1775.6077029478456	1775.7677029478455	47	BE
1775.7677029478455	1775.8577029478456	434	THE
1775.8577029478456	1776.2267029478455	51	BEST
1776.2267029478455	1776.5157029478455	445	TIME
1776.5157029478455	1776.7557029478455	161	FOR
1776.7557029478455	1777.1747029478456	69	BUSINESS
1777.1747029478456	1777.7827029478456	260	MERGERS
1777.7827029478456	1790.059342403628	99999	sp
1790.059342403628	1790.2283424036282	434	THE
1790.2283424036282	1790.847342403628	263	MISPRINT
1790.847342403628	1790.887342403628	99999	sp
1790.887342403628	1791.5053424036282	348	PROVOKED
1791.5053424036282	1791.6153424036281	99999	sp
1791.6153424036281	1791.9643424036283	19	AN
1791.9643424036283	1792.0743424036282	99999	sp
1792.0743424036282	1792.7823424036283	216	IMMEDIATE
1792.7823424036283	1793.3913424036282	125	DISCLAIMER
1793.3913424036282	1803.0874149659862	99999	sp
1803.0874149659862	1803.2420953018782	1	A
1803.2420953018782	1803.6227243109672	60	BORING
1803.6227243109672	1804.1717243109672	287	NOVEL
1804.1717243109672	1804.4907243109672	224	IS
1804.4907243109672	1804.540724310967	1	A
1804.540724310967	1804.9397243109672	418	SUPERB
1804.9397243109672	1805.4187243109673	386	SLEEPING
1805.4187243109673	1805.6977243109673	328	PILL
1805.6977243109673	1816.2234013605441	99999	sp
1816.2234013605441	1816.9924013605441	44	BAGPIPES
1816.9924013605441	1817.071401360544	99999	sp
1817.071401360544	1817.391401360544	20	AND
1817.391401360544	1818.0794013605441	59	BONGOS
1818.0794013605441	1818.3294013605441	30	ARE
1818.3294013605441	1818.927401360544	273	MUSICAL
1818.927401360544	1819.596401360544	220	INSTRUMENTS
1819.596401360544	1830.5647845804988	99999	sp
1830.5647845804988	1831.1437845804987	128	DO
1831.1437845804987	1831.4527845804987	99999	sp
1831.4527845804987	1832.0717845804988	38	ATYPICAL
1832.0717845804988	1832.5807845804989	151	FARMERS
1832.5807845804989	1832.9997845804987	197	GROW
1832.9997845804987	1833.4487845804988	291	OATS
1833.4487845804988	1844.2392063492064	99999	sp
1844.2392063492064	1844.5882063492063	108	COUNT
1844.5882063492063	1844.6582063492065	434	THE
1844.6582063492065	1845.0272063492064	289	NUMBER
1845.0272063492064	1845.1272063492063	294	OF
1845.1272063492063	1845.1572063492063	99999	sp
1845.1572063492063	1845.9852063492062	429	TEASPOONS
1845.9852063492062	1846.3542063492064	294	OF
1846.3542063492064	1846.5642063492064	99999	sp
1846.5642063492064	1847.3222063492062	395	SOYSAUCE
1847.3222063492062	1847.3522063492064	99999	sp
1847.3522063492064	1847.5412063492063	433	THAT
1847.5412063492063	1847.6712063492064	495	YOU
1847.6712063492064	1848.0502063492063	7	ADD
1848.0502063492063	1858.1829931972788	99999	sp
1858.1829931972788	1858.4519931972786	145	EVERY
1858.4519931972786	1858.9109931972787	74	CAB
1858.9109931972787	1859.4199931972787	280	NEEDS
1859.4199931972787	1860.0389931972786	364	REPAINTING
1860.0389931972786	1860.4679931972787	296	OFTEN
1860.4679931972787	1871.4429705215418	99999	sp
1871.4429705215418	1871.641970521542	438	THEY
1871.641970521542	1871.9719705215418	14	ALL
1871.9719705215418	1872.3909705215417	139	ENJOY
1872.3909705215417	1872.7699705215418	212	ICE
1872.7699705215418	1873.0089705215419	112	CREAM
1873.0089705215419	1873.5979705215418	417	SUNDAES
1873.5979705215418	1882.791746031746	99999	sp
1882.791746031746	1882.9307460317461	476	WE
1882.9307460317461	1883.2007460317461	241	LIKE
1883.2007460317461	1883.3997460317462	55	BLUE
1883.3997460317462	1883.9187460317462	88	CHEESE
1883.9187460317462	1884.3777460317463	70	BUT
1884.3777460317463	1884.8067460317461	466	VICTOR
1884.8067460317461	1885.1857460317462	242	LIKES
1885.1857460317462	1885.674746031746	99999	sp
1885.674746031746	1886.0737460317462	88888	BRY
1886.0737460317462	1902.7591383219954	99999	sp
1902.7591383219954	1903.0867780111857	88888	WHAT
1903.0867780111857	1906.7884127322782	99999	sp
1906.7884127322782	1907.4051398313202	99999	sp
1907.4051398313202	1908.1354127322782	346	PROGRAMS
1908.1354127322782	1908.7244127322783	485	WILL
1908.7244127322783	1909.272412732278	281	NEVER
1909.272412732278	1909.4224127322782	99999	sp
1909.4224127322782	1910.0114127322781	100	COMPILE
1910.0114127322781	1921.2924263038549	99999	sp
1921.2924263038549	1921.4496193157395	211	I
1921.4496193157395	1921.7570464833248	233	JUST
1921.7570464833248	1922.0195875104207	370	SAW
1922.0195875104207	1922.3195875104207	228	JIM
1922.3195875104207	1922.5785875104207	277	NEAR
1922.5785875104207	1922.6685875104206	434	THE
1922.6685875104206	1923.1775875104206	282	NEW
1923.1775875104206	1923.7755875104206	99999	sp
1923.7755875104206	1924.3745875104207	88888	ARCHEO
1924.3745875104207	1924.4345875104207	99999	sp
1924.4345875104207	1925.3225875104206	29	ARCHEOLOGICAL
1925.3225875104206	1925.8905875104208	272	MUSEUM
1925.8905875104208	1935.2685487528345	99999	sp
1935.2685487528345	1935.409694559336	434	THE
1935.409694559336	1935.897580603303	61	BOSTON
1935.897580603303	1936.346580603303	45	BALLET
1936.346580603303	1936.994580603303	312	OVERCAME
1936.994580603303	1937.144580603303	435	THEIR
1937.144580603303	1937.6035806033028	170	FUNDING
1937.6035806033028	1938.242580603303	380	SHORTAGE
1938.242580603303	1948.0543310657595	99999	sp
1948.0543310657595	1948.4133310657596	303	ORANGE
1948.4133310657596	1948.7433310657595	230	JUICE
1948.7433310657595	1949.0023310657596	425	TASTES
1949.0023310657596	1949.3013310657595	171	FUNNY
1949.3013310657595	1949.6913310657594	10	AFTER
1949.6913310657594	1950.3893310657595	449	TOOTHPASTE
1950.3893310657595	1969.9556235827663	99999	sp
1969.9556235827663	1970.0116952045273	434	THE
1970.0116952045273	1970.45847094871	141	ESSAY
1970.45847094871	1971.1964709487102	454	UNDENIABLY
1971.1964709487102	1971.86447094871	358	REFLECTS
1971.86447094871	1972.11447094871	305	OUR
1972.11447094871	1972.59347094871	99999	sp
1972.59347094871	1973.1714709487103	467	VIEW
1973.1714709487103	1973.8504709487102	99999	sp
1973.8504709487102	1974.3194709487102	3	ABLY
1974.3194709487102	1984.5505895691608	99999	sp
1984.5505895691608	1984.8870658148958	210	HOW
1984.8870658148958	1985.1224699510813	189	GOOD
1985.1224699510813	1985.5708884567325	224	IS
1985.5708884567325	1985.6916673565543	496	YOUR
1985.6916673565543	1986.338611303771	138	ENDURANCE
1986.338611303771	1996.37873015873	99999	sp
1996.37873015873	1996.55773015873	210	HOW
1996.55773015873	1996.80773015873	269	MUCH
1996.80773015873	1997.4357301587302	16	ALLOWANCE
1997.4357301587302	1997.5257301587303	128	DO
1997.5257301587303	1997.6857301587302	495	YOU
1997.6857301587302	1997.93473015873	177	GET
1997.93473015873	2007.3483900226756	99999	sp
2007.3483900226756	2007.4983900226757	434	THE
2007.4983900226757	2008.4153900226756	486	WILLOWY
2008.4153900226756	2009.5633900226753	99999	sp
2009.5633900226753	2010.1913900226755	486	WILLOWY
2010.1913900226755	2010.5713900226756	99999	sp
2010.5713900226756	2011.6083900226754	488	WOMAN
2011.6083900226754	2011.9973900226755	99999	sp
2011.9973900226755	2012.4863900226756	490	WORE
2012.4863900226756	2012.5763900226757	1	A
2012.5763900226757	2013.1953900226758	274	MUSKRAT
2013.1953900226758	2013.5543900226758	96	COAT
2013.5543900226758	2022.7850566893421	99999	sp
2022.7850566893421	2023.074056689342	203	HELP
2023.074056689342	2023.3840566893418	196	GREG
2023.3840566893418	2023.523056689342	446	TO
2023.523056689342	2023.972056689342	325	PICK
2023.972056689342	2024.1720566893423	99999	sp
2024.1720566893423	2024.242056689342	1	A
2024.242056689342	2024.4310566893423	99999	sp
2024.4310566893423	2024.7210566893423	321	PECK
2024.7210566893423	2024.820056689342	294	OF
2024.820056689342	2024.860056689342	99999	sp
2024.860056689342	2025.608056689342	338	POTATOES
2025.608056689342	2134.208027210884	99999	sp
2405.58537414966	2406.06437414966	442	THOMAS
2406.06437414966	2406.36337414966	440	THINKS
2406.36337414966	2406.4133741496603	1	A
2406.4133741496603	2406.92237414966	235	LARGER
2406.92237414966	2407.29137414966	92	CLAMP
2407.29137414966	2407.75037414966	394	SOLVES
2407.75037414966	2407.81037414966	434	THE
2407.81037414966	2408.36937414966	343	PROBLEM
2408.36937414966	2428.5368253968254	99999	sp
2428.5368253968254	2429.2258253968257	194	GRANDMOTHER
2429.2258253968257	2429.7748253968257	309	OUTGREW
2429.7748253968257	2430.0938253968257	204	HER
2430.0938253968257	2430.1238253968254	99999	sp
2430.1238253968254	2430.7418253968253	88888	UNBRINGING
2430.7418253968253	2430.9718253968254	217	IN
2430.9718253968254	2431.5708253968255	99999	sp
2431.5708253968255	2432.9068253968253	323	PETTICOATS
2432.9068253968253	2443.636961451247	99999	sp
2443.636961451247	2443.875961451247	482	WHEN
2443.875961451247	2444.2459614512472	322	PEELING
2444.2459614512472	2444.354961451247	19	AN
2444.354961451247	2444.893961451247	303	ORANGE
2444.893961451247	2445.133961451247	99999	sp
2445.133961451247	2445.262961451247	225	IT
2445.262961451247	2445.472961451247	224	IS
2445.472961451247	2445.761961451247	200	HARD
2445.761961451247	2445.941961451247	285	NOT
2445.941961451247	2446.011961451247	446	TO
2446.011961451247	2446.549961451247	401	SPRAY
2446.549961451247	2447.108961451247	230	JUICE
2447.108961451247	2458.5333333333333	99999	sp
2458.5333333333333	2458.9823333333334	485	WILL
2458.9823333333334	2459.451333333333	368	ROBIN
2459.451333333333	2459.9103333333333	477	WEAR
2459.9103333333333	2459.970333333333	1	A
2459.970333333333	2460.299333333333	493	YELLOW
2460.299333333333	2460.768333333333	243	LILY
2460.768333333333	2470.6565986394558	99999	sp
2470.6565986394558	2471.035598639456	236	LAST
2471.035598639456	2471.304598639456	492	YEAR'S
2471.304598639456	2471.683598639456	174	GAS
2471.683598639456	2472.112598639456	380	SHORTAGE
2472.112598639456	2472.182598639456	99999	sp
2472.182598639456	2472.671598639456	81	CAUSED
2472.671598639456	2473.120598639456	404	STEEP
2473.120598639456	2473.5695986394558	341	PRICE
2473.5695986394558	2474.187598639456	218	INCREASES
2474.187598639456	2485.204467120181	99999	sp
2485.204467120181	2485.2834671201813	434	THE
2485.2834671201813	2485.872467120181	160	FOOTBALL
2485.872467120181	2485.912467120181	99999	sp
2485.912467120181	2486.2014671201814	428	TEAM
2486.2014671201814	2486.650467120181	95	COACH
2486.650467120181	2486.8904671201813	201	HAS
2486.8904671201813	2486.940467120181	1	A
2486.940467120181	2487.418467120181	474	WATCH
2487.418467120181	2487.6584671201813	34	AS
2487.6584671201813	2487.708467120181	99999	sp
2487.708467120181	2487.987467120181	439	THIN
2487.987467120181	2488.077467120181	1	A
2488.077467120181	2488.476467120181	123	DIME
2488.476467120181	2500.4937641723354	99999	sp
2500.4937641723354	2501.0927641723356	292	OBJECTS
2501.0927641723356	2501.6217641723356	252	MADE
2501.6217641723356	2501.7207641723353	99999	sp
2501.7207641723353	2502.1497641723354	294	OF
2502.1497641723354	2502.9987641723355	99999	sp
2502.9987641723355	2503.8167641723353	324	PEWTER
2503.8167641723353	2503.8857641723353	30	ARE
2503.8857641723353	2504.474764172335	48	BEAUTIFUL
2504.474764172335	2518.0329705215418	99999	sp
2518.0329705215418	2518.691970521542	451	TORNADOS
2518.691970521542	2519.140970521542	296	OFTEN
2519.140970521542	2519.838970521542	118	DESTROY
2519.838970521542	2520.5079705215417	99999	sp
2520.5079705215417	2521.2359705215417	41	AVIARIES
2521.2359705215417	2532.23873015873	99999	sp
2532.23873015873	2532.77773015873	116	DECEMBER
2532.77773015873	2533.01673015873	20	AND
2533.01673015873	2533.56573015873	227	JANUARY
2533.56573015873	2533.83473015873	30	ARE
2533.83473015873	2534.30373015873	283	NICE
2534.30373015873	2534.65273015873	266	MONTHS
2534.65273015873	2534.74273015873	446	TO
2534.74273015873	2535.29173015873	397	SPEND
2535.29173015873	2535.44173015873	217	IN
2535.44173015873	2535.94973015873	261	MIAMI
2535.94973015873	2545.768843537415	99999	sp
2545.768843537415	2545.9978435374146	441	THIS
2545.9978435374146	2546.217843537415	472	WAS
2546.217843537415	2546.5268435374146	133	EASY
2546.5268435374146	2546.755843537415	161	FOR
2546.755843537415	2547.144843537415	460	US
2547.144843537415	2558.1866893424035	99999	sp
2558.1866893424035	2558.7456893424032	32	ARTIFICIAL
2558.7456893424032	2559.6436893424034	221	INTELLIGENCE
2559.6436893424034	2559.6936893424036	99999	sp
2559.6936893424036	2560.1626893424036	224	IS
2560.1626893424036	2560.361689342403	161	FOR
2560.361689342403	2560.7206893424036	355	REAL
2560.7206893424036	2570.062267573696	99999	sp
2570.062267573696	2570.1960733328715	438	THEY
2570.1960733328715	2570.606123240022	296	OFTEN
2570.606123240022	2570.8111481935975	184	GO
2570.8111481935975	2571.0766015545423	306	OUT
2571.0766015545423	2571.182351267439	217	IN
2571.182351267439	2571.29673360996	434	THE
2571.29673360996	2571.595167125712	143	EVENING
2571.595167125712	2584.105759637188	99999	sp
2584.105759637188	2584.175759637188	434	THE
2584.175759637188	2584.884759637188	91	CIGARETTES
2584.884759637188	2584.983759637188	217	IN
2584.983759637188	2585.063759637188	434	THE
2585.063759637188	2585.203759637188	99999	sp
2585.203759637188	2585.482759637188	94	CLAY
2585.482759637188	2586.211759637188	35	ASHTRAY
2586.211759637188	2586.869759637188	314	OVERFLOWED
2586.869759637188	2587.2187596371878	299	ONTO
2587.2187596371878	2587.408759637188	434	THE
2587.408759637188	2587.597759637188	290	OAK
2587.597759637188	2587.617759637188	99999	sp
2587.617759637188	2587.9977596371878	424	TABLE
2587.9977596371878	2598.2254875283447	99999	sp
2598.2254875283447	2598.7144875283448	347	PROJECT
2598.7144875283448	2599.3024875283445	88888	DEPLOYMENT
2599.3024875283445	2599.4924875283446	472	WAS
2599.4924875283446	2600.0614875283445	344	PROCEEDING
2600.0614875283445	2600.290487528345	448	TOO
2600.290487528345	2600.7894875283446	391	SLOWLY
2600.7894875283446	2609.692426303855	99999	sp
2609.692426303855	2610.151426303855	447	TODD
2610.151426303855	2610.640426303855	329	PLACED
2610.640426303855	2610.909426303855	450	TOP
2610.909426303855	2611.598426303855	342	PRIORITY
2611.598426303855	2611.867426303855	297	ON
2611.867426303855	2612.216426303855	179	GETTING
2612.216426303855	2612.346426303855	208	HIS
2612.346426303855	2612.486426303855	99999	sp
2612.486426303855	2612.715426303855	53	BIKE
2612.715426303855	2613.144426303855	157	FIXED
2613.144426303855	2622.785827664399	99999	sp
2622.785827664399	2623.075827664399	438	THEY
2623.075827664399	2623.604827664399	360	REMAINED
2623.604827664399	2624.2428276643996	239	LIFELONG
2624.2428276643996	2624.7618276643993	164	FRIENDS
2624.7618276643993	2624.8518276643995	99999	sp
2624.8518276643995	2625.030827664399	20	AND
2625.030827664399	2625.689827664399	99	COMPANIONS
2625.689827664399	2640.5495918367346	99999	sp
2640.5495918367346	2640.6895918367345	305	OUR
2640.6895918367345	2641.5475918367347	148	EXPERIMENT'S
2641.5475918367347	2641.637591836735	99999	sp
2641.637591836735	2642.186591836735	337	POSITIVE
2642.186591836735	2642.8445918367347	307	OUTCOME
2642.8445918367347	2643.0745918367347	472	WAS
2643.0745918367347	2643.822591836735	456	UNEXPECTED
2643.822591836735	2655.4926077097507	99999	sp
2655.4926077097507	2655.7916077097507	132	EACH
2655.7916077097507	2656.160607709751	403	STAG
2656.160607709751	2656.5806077097504	419	SURELY
2656.5806077097504	2657.0096077097505	155	FINDS
2657.0096077097505	2657.0486077097507	1	A
2657.0486077097507	2657.3286077097505	52	BIG
2657.3286077097505	2657.6576077097507	153	FAWN
2657.6576077097507	2668.9050793650795	99999	sp
2668.9050793650795	2668.9740793650794	434	THE
2668.9740793650794	2669.4530793650792	268	MORNING
2669.4530793650792	2669.8130793650794	120	DEW
2669.8130793650794	2669.9820793650792	297	ON
2669.9820793650792	2670.0720793650794	434	THE
2670.0720793650794	2670.551079365079	398	SPIDER
2670.551079365079	2670.930079365079	479	WEB
2670.930079365079	2671.4490793650793	182	GLISTENED
2671.4490793650793	2672.287079365079	99999	sp
2672.287079365079	2672.397079365079	217	IN
2672.397079365079	2672.457079365079	434	THE
2672.457079365079	2672.8860793650792	416	SUN
2672.8860793650792	2853.4107936507935	99999	sp
3150.0937414965983	3150.3408141312343	203	HELP
3150.3408141312343	3150.936928148242	83	CELEBRATE
3150.936928148242	3151.066928148242	496	YOUR
3151.066928148242	3151.425928148242	67	BROTHER'S
3151.425928148242	3152.113928148242	412	SUCCESS
3152.113928148242	3161.4513151927436	99999	sp
3161.4513151927436	3161.598261511841	434	THE
3161.598261511841	3161.9633843020342	21	ANGRY
3161.9633843020342	3162.302384302034	62	BOY
3162.302384302034	3162.771384302034	23	ANSWERED
3162.771384302034	3162.901384302034	70	BUT
3162.901384302034	3163.210384302034	122	DIDN'T
3163.210384302034	3163.440384302034	249	LOOK
3163.440384302034	3163.619384302034	458	UP
3163.619384302034	3173.6131746031747	99999	sp
3173.6131746031747	3173.752174603175	476	WE
3173.752174603175	3174.0821746031747	190	GOT
3174.0821746031747	3174.560174603175	131	DRENCHED
3174.560174603175	3175.079174603175	166	FROM
3175.079174603175	3175.389174603175	434	THE
3175.389174603175	3176.067174603175	99999	sp
3176.067174603175	3177.0551746031747	457	UNINTERRUPTED
3177.0551746031747	3177.364174603175	351	RAIN
3177.364174603175	3187.347505668934	99999	sp
3187.347505668934	3188.3955056689338	114	CURIOSITY
3188.3955056689338	3189.0045056689337	20	AND
3189.0045056689337	3190.0515056689337	88888	MEDIOCRISY
3190.0515056689337	3190.730505668934	99999	sp
3190.730505668934	3191.967505668934	259	MEDIOCRITY
3191.967505668934	3192.436505668934	99999	sp
3192.436505668934	3193.144505668934	373	SELDOM
3193.144505668934	3193.364505668934	88888	CO
3193.364505668934	3193.9825056689338	88888	EXIST
3193.9825056689338	3206.9089342403627	99999	sp
3206.9089342403627	3207.1479342403627	438	THEY
3207.1479342403627	3207.6169342403628	36	ASSUME
3207.6169342403628	3207.905934240363	284	NO
3207.905934240363	3208.3349342403626	68	BURGLAR
3208.3349342403626	3208.713934240363	485	WILL
3208.713934240363	3208.9039342403626	99999	sp
3208.9039342403626	3209.1829342403626	144	EVER
3209.1829342403626	3209.621934240363	140	ENTER
3209.621934240363	3209.8819342403626	205	HERE
3209.8819342403626	3219.6214512471656	99999	sp
3219.6214512471656	3219.691451247166	434	THE
3219.691451247166	3220.459451247166	396	SPEECH
3220.459451247166	3220.888451247166	99999	sp
3220.888451247166	3221.796451247166	423	SYMPOSIUM
3221.796451247166	3222.165451247166	262	MIGHT
3222.165451247166	3222.734451247166	50	BEGIN
3222.734451247166	3222.774451247166	99999	sp
3222.774451247166	3222.993451247166	297	ON
3222.993451247166	3223.353451247166	265	MONDAY
3223.353451247166	3233.629274376417	99999	sp
3233.629274376417	3233.8719439771658	73	BY
3233.8719439771658	3234.171324267313	135	EATING
3234.171324267313	3234.693852945091	494	YOGURT
3234.693852945091	3234.8758625533055	495	YOU
3234.8758625533055	3235.103211998079	257	MAY
3235.103211998079	3235.315840045059	246	LIVE
3235.315840045059	3235.7159507072456	248	LONGER
3235.7159507072456	3235.774950707246	99999	{NS}
3235.774950707246	3246.6636961451245	99999	sp
3246.6636961451245	3246.9336961451245	434	THE
3246.9336961451245	3247.5016961451247	316	OVERWEIGHT
3247.5016961451247	3248.1506961451246	86	CHARMER
3248.1506961451246	3248.2206961451243	99999	sp
3248.2206961451243	3248.4396961451243	107	COULD
3248.4396961451243	3249.4376961451244	387	SLIP
3249.4376961451244	3249.6276961451244	99999	sp
3249.6276961451244	3250.0466961451243	333	POISON
3250.0466961451243	3250.2756961451246	223	INTO
3250.2756961451246	3250.7946961451244	25	ANYONE'S
3250.7946961451244	3251.0236961451246	426	TEA
3251.0236961451246	3260.63820861678	99999	sp
3260.63820861678	3260.83720861678	202	HE
3260.83720861678	3261.0072086167797	485	WILL
3261.0072086167797	3261.62620861678	15	ALLOW
3261.62620861678	3261.65620861678	1	A
3261.65620861678	3262.07520861678	352	RARE
3262.07520861678	3262.43420861678	238	LIE
3262.43420861678	3273.9220408163264	99999	sp
3273.9220408163264	3274.072040816326	485	WILL
3274.072040816326	3274.2210408163264	495	YOU
3274.2210408163264	3274.5510408163263	331	PLEASE
3274.5510408163263	3275.050040816326	101	CONFIRM
3275.050040816326	3275.548040816326	191	GOVERNMENT
3275.548040816326	3276.097040816326	334	POLICY
3276.097040816326	3276.626040816326	359	REGARDING
3276.626040816326	3276.9950408163263	473	WASTE
3276.9950408163263	3277.0550408163263	99999	sp
3277.0550408163263	3277.4640408163264	362	REMOVAL
3277.4640408163264	3288.079523809524	99999	sp
3288.079523809524	3288.365682430924	208	HIS
3288.365682430924	3288.6988312376698	413	SUDDEN
3288.6988312376698	3289.2778312376695	117	DEPARTURE
3289.2778312376695	3289.8068312376695	377	SHOCKED
3289.8068312376695	3289.8758312376694	434	THE
3289.8758312376694	3290.3948312376697	79	CAST
3290.3948312376697	3301.275918367347	99999	sp
3301.275918367347	3301.474918367347	213	I'D
3301.474918367347	3301.714918367347	353	RATHER
3301.714918367347	3302.043918367347	285	NOT
3302.043918367347	3302.303918367347	72	BUY
3302.303918367347	3302.472918367347	437	THESE
3302.472918367347	3303.211918367347	378	SHOES
3303.211918367347	3303.390918367347	432	THAN
3303.390918367347	3303.620918367347	47	BE
3303.620918367347	3304.4689183673468	313	OVERCHARGED
3304.4689183673468	3324.719954648526	99999	sp
3324.719954648526	3325.0889546485255	381	SHOULD
3325.0889546485255	3325.6879546485256	180	GIRAFFES
3325.6879546485256	3325.8569546485255	47	BE
3325.8569546485255	3326.2169546485256	234	KEPT
3326.2169546485256	3326.335954648526	217	IN
3326.335954648526	3326.804954648526	392	SMALL
3326.804954648526	3327.2839546485257	498	ZOOS
3327.2839546485257	3340.057482993197	99999	sp
3340.057482993197	3340.196482993197	1	A
3340.196482993197	3340.535482993197	52	BIG
3340.535482993197	3341.0344829931973	185	GOAT
3341.0344829931973	3342.0924829931973	99999	sp
3342.0924829931973	3342.830482993197	214	IDLY
3342.830482993197	3343.3494829931974	88888	AMBLE
3343.3494829931974	3343.4094829931973	99999	sp
3343.4094829931973	3343.928482993197	18	AMBLED
3343.928482993197	3344.486482993197	444	THROUGH
3344.486482993197	3344.626482993197	434	THE
3344.626482993197	3345.3844829931973	152	FARMYARD
3345.3844829931973	3355.339297052154	99999	sp
3355.339297052154	3355.508297052154	47	BE
3355.508297052154	3355.887297052154	77	CAREFUL
3355.887297052154	3356.227297052154	285	NOT
3356.227297052154	3356.306297052154	446	TO
3356.306297052154	3356.666297052154	332	PLOW
3356.666297052154	3357.015297052154	310	OVER
3357.015297052154	3357.135297052154	434	THE
3357.135297052154	3357.6032970521537	159	FLOWER
3357.6032970521537	3358.032297052154	49	BEDS
3358.032297052154	3368.1706575963717	99999	sp
3368.1706575963717	3368.4996575963714	483	WHICH
3368.4996575963714	3368.7896575963714	247	LONG
3368.7896575963714	3369.4476575963718	31	ARTICLE
3369.4476575963718	3370.0066575963715	99999	sp
3370.0066575963715	3370.7046575963714	472	WAS
3370.7046575963714	3371.8126575963715	99999	sp
3371.8126575963715	3372.3916575963717	300	OPAQUE
3372.3916575963717	3373.119657596372	99999	sp
3373.119657596372	3373.4286575963715	20	AND
3373.4286575963715	3373.7976575963717	279	NEEDED
3373.7976575963717	3375.0156575963715	93	CLARIFICATION
3375.0156575963715	3385.7090929705214	99999	sp
3385.7090929705214	3385.789092970522	434	THE
3385.789092970522	3386.6070929705215	82	CAUSEWAY
3386.6070929705215	3387.135092970522	137	ENDED
3387.135092970522	3387.9640929705215	88888	ABRUPTEDLY
3387.9640929705215	3388.6720929705216	99999	sp
3388.6720929705216	3388.8420929705217	37	AT
3388.8420929705217	3388.9010929705214	434	THE
3388.9010929705214	3389.191092970522	379	SHORE
3389.191092970522	3399.447664399093	99999	sp
3399.447664399093	3399.497664399093	99999	sp
3399.497664399093	3400.475664399093	478	WEATHERPROOF
3400.475664399093	3401.413664399093	99999	sp
3401.413664399093	3402.710664399093	172	GALOSHES
3402.710664399093	3403.827664399093	99999	sp
3403.827664399093	3404.137664399093	30	ARE
3404.137664399093	3404.556664399093	465	VERY
3404.556664399093	3405.104664399093	461	USEFUL
3405.104664399093	3405.224664399093	217	IN
3405.224664399093	3405.723664399093	372	SEATTLE
3405.723664399093	3414.8873922902494	99999	sp
3414.8873922902494	3415.1463922902494	375	SHE
3415.1463922902494	3415.6353922902495	388	SLIPPED
3415.6353922902495	3415.7653922902496	20	AND
3415.7653922902496	3416.234392290249	400	SPRAINED
3416.234392290249	3416.3633922902495	204	HER
3416.3633922902495	3416.9523922902495	22	ANKLE
3416.9523922902495	3417.2513922902494	99999	sp
3417.2513922902494	3417.4313922902493	297	ON
3417.4313922902493	3417.491392290249	434	THE
3417.491392290249	3417.8603922902494	404	STEEP
3417.8603922902494	3418.2393922902493	389	SLOPE
3418.2393922902493	3423.3966893424035	99999	sp
