51.08693245792507	51.242	5	AE2	80
51.242	51.282	51	G	80
51.282	51.352	61	R	80
51.352	51.382	6	AH0	80
51.382	51.482	54	K	80
51.482	51.522	7	AH1	80
51.522	51.582	56	L	80
51.582	51.672	47	CH	80
51.672	51.732	21	ER0	80
51.732	51.762	6	AH0	80
51.762	51.792	56	L	80
51.792	51.852	60	P	80
51.852	51.912	61	R	80
51.912	51.992	1	AA1	80
51.992	52.032	48	D	80
52.032	52.122	6	AH0	80
52.122	52.172	54	K	80
52.172	52.252	62	S	80
52.252	52.332	1	AA1	80
52.332	52.422	61	R	80
52.422	52.532	6	AH0	80
52.532	52.612	58	N	80
52.612	52.752	32	IY1	80
52.752	52.812	66	V	80
52.812	52.852	6	AH0	80
52.852	52.962	58	N	80
52.962	52.992	56	L	80
52.992	53.092	31	IY0	80
53.092	53.162	48	D	80
53.162	53.202	29	IH2	80
53.202	53.302	62	S	80
53.302	53.352	64	T	80
53.352	53.392	61	R	80
53.392	53.422	28	IH1	80
53.422	53.492	46	B	80
53.492	53.562	68	Y	80
53.562	53.592	6	AH0	80
53.592	53.642	64	T	80
53.642	53.742	6	AH0	80
53.742	53.862	48	D	80
53.862	53.942	73	ns	80
58.63031051500986	58.730852733339674	46	B	81
58.730852733339674	58.83139495166948	16	AY1	81
58.83139495166948	58.95707272458175	32	IY1	81
58.95707272458175	58.993809304356105	64	T	81
58.993809304356105	59.09821853108322	27	IH0	81
59.09821853108322	59.17313750936968	59	NG	81
59.17313750936968	59.262	68	Y	81
59.262	59.372	35	OW1	81
59.372	59.402	51	G	81
59.402	59.552	21	ER0	81
59.552	59.582	64	T	81
59.582	59.672	68	Y	81
59.672	59.702	44	UW1	81
59.702	59.792	57	M	81
59.792	59.912	25	EY1	81
59.912	60.032	56	L	81
60.032	60.082	28	IH1	81
60.082	60.162	66	V	81
60.162	60.242	56	L	81
60.242	60.312	10	AO1	81
60.312	60.402	59	NG	81
60.402	60.452	51	G	81
60.452	60.602	21	ER0	81
60.602	61.062	73	ns	81
67.9027346936977	67.93463751297543	49	DH	82
67.93463751297543	68.0293792187093	6	AH0	82
68.0293792187093	68.172	54	K	82
68.172	68.312	1	AA1	82
68.312	68.422	69	Z	82
68.422	68.532	67	W	82
68.532	68.592	26	EY2	82
68.592	68.762	19	EH1	82
68.762	68.832	58	N	82
68.832	68.882	48	D	82
68.882	68.942	6	AH0	82
68.942	69.002	48	D	82
69.002	69.052	6	AH0	82
69.052	69.182	46	B	82
69.182	69.252	61	R	82
69.252	69.302	7	AH1	82
69.302	69.352	60	P	82
69.352	69.402	64	T	82
69.402	69.472	56	L	82
69.472	69.562	31	IY0	82
69.562	69.652	4	AE1	82
69.652	69.692	64	T	82
69.692	69.752	49	DH	82
69.752	69.792	6	AH0	82
69.792	70.062	63	SH	82
70.062	70.202	10	AO1	82
70.202	70.302	61	R	82
78.222	78.522	74	sp	83
78.522	78.632	67	W	83
78.632	78.692	19	EH1	83
78.692	78.752	49	DH	83
78.752	78.852	21	ER0	83
78.852	78.942	60	P	83
78.942	79.022	61	R	83
79.022	79.052	45	UW2	83
79.052	79.162	50	F	83
79.162	79.222	51	G	83
79.222	79.252	6	AH0	83
79.252	79.362	56	L	83
79.362	79.482	1	AA1	83
79.482	79.632	63	SH	83
79.632	79.662	6	AH0	83
79.662	79.812	69	Z	83
79.812	79.872	1	AA1	83
79.872	79.922	61	R	83
79.922	79.992	66	V	83
79.992	80.102	19	EH1	83
80.102	80.172	61	R	83
80.172	80.252	31	IY0	83
80.252	80.382	68	Y	83
80.382	80.412	44	UW1	83
80.412	80.532	62	S	83
80.532	80.582	50	F	83
80.582	80.622	6	AH0	83
80.622	80.742	56	L	83
80.742	80.772	6	AH0	83
80.772	80.822	58	N	83
80.822	80.962	62	S	83
80.962	81.062	31	IY0	83
81.062	81.202	4	AE1	83
81.202	81.262	64	T	83
81.262	81.292	6	AH0	83
81.292	81.352	56	L	83
89.882	89.932	49	DH	84
89.932	89.972	6	AH0	84
89.972	90.172	62	S	84
90.172	90.222	60	P	84
90.222	90.332	32	IY1	84
90.332	90.502	47	CH	84
90.502	90.672	62	S	84
90.672	90.712	28	IH1	84
90.712	90.912	57	M	84
90.912	91.272	74	sp	84
91.272	91.442	62	S	84
91.442	91.472	29	IH2	84
91.472	91.552	57	M	84
91.552	91.692	60	P	84
91.692	91.832	35	OW1	84
91.832	91.932	69	Z	84
91.932	92.022	31	IY0	84
92.022	92.132	6	AH0	84
92.132	92.272	57	M	84
92.272	92.322	74	sp	84
92.322	92.382	57	M	84
92.382	92.502	16	AY1	84
92.502	92.532	64	T	84
92.532	92.592	46	B	84
92.592	92.662	27	IH0	84
92.662	92.712	51	G	84
92.712	92.822	28	IH1	84
92.822	92.892	58	N	84
92.892	93.032	1	AA1	84
93.032	93.062	58	N	84
93.062	93.162	57	M	84
93.162	93.222	7	AH1	84
93.222	93.302	58	N	84
93.302	93.352	48	D	84
93.352	93.502	26	EY2	84
102.652	102.862	74	sp	85
102.862	103.002	16	AY1	85
103.002	103.052	48	D	85
103.052	103.162	61	R	85
103.162	103.282	4	AE1	85
103.282	103.322	49	DH	85
103.322	103.412	21	ER0	85
103.412	103.452	58	N	85
103.452	103.612	1	AA1	85
103.612	103.642	64	T	85
103.642	103.722	46	B	85
103.722	103.892	16	AY1	85
103.892	103.932	49	DH	85
103.932	104.052	32	IY1	85
104.052	104.082	69	Z	85
104.082	104.232	63	SH	85
104.232	104.432	44	UW1	85
104.432	104.642	69	Z	85
104.642	104.692	49	DH	85
104.692	104.822	4	AE1	85
104.822	104.952	58	N	85
104.952	104.992	46	B	85
104.992	105.122	32	IY1	85
105.122	105.212	35	OW1	85
105.212	105.252	66	V	85
105.252	105.332	21	ER0	85
105.332	105.442	47	CH	85
105.442	105.512	1	AA1	85
105.512	105.582	61	R	85
105.582	105.822	53	JH	85
105.822	105.852	48	D	85
105.852	106.342	74	sp	85
114.172	114.212	46	B	86
114.212	114.302	32	IY1	86
114.302	114.442	54	K	86
114.442	114.512	19	EH1	86
114.512	114.562	61	R	86
114.562	114.652	50	F	86
114.652	114.682	6	AH0	86
114.682	114.732	56	L	86
114.732	114.792	58	N	86
114.792	114.892	1	AA1	86
114.892	114.922	64	T	86
114.922	114.982	64	T	86
114.982	115.032	6	AH0	86
115.032	115.202	60	P	86
115.202	115.232	56	L	86
115.232	115.382	13	AW1	86
115.382	115.572	35	OW1	86
115.572	115.632	66	V	86
115.632	115.682	21	ER0	86
115.682	115.752	49	DH	86
115.752	115.782	6	AH0	86
115.782	115.892	50	F	86
115.892	115.952	56	L	86
115.952	116.092	13	AW1	86
116.092	116.172	21	ER0	86
116.172	116.252	46	B	86
116.252	116.402	19	EH1	86
116.402	116.502	48	D	86
116.502	116.782	69	Z	86
116.782	117.052	74	sp	86
123.982	124.022	49	DH	87
124.022	124.182	31	IY0	87
124.182	124.292	36	OW2	87
124.292	124.342	66	V	87
124.342	124.432	21	ER0	87
124.432	124.522	67	W	87
124.522	124.632	25	EY1	87
124.632	124.662	64	T	87
124.662	124.792	47	CH	87
124.792	124.862	1	AA1	87
124.862	124.922	61	R	87
124.922	125.002	57	M	87
125.002	125.132	21	ER0	87
125.132	125.242	54	K	87
125.242	125.272	41	UH1	87
125.272	125.332	48	D	87
125.332	125.532	62	S	87
125.532	125.602	56	L	87
125.602	125.642	28	IH1	87
125.642	125.702	60	P	87
125.702	125.832	60	P	87
125.832	125.982	38	OY1	87
125.982	126.092	69	Z	87
126.092	126.122	6	AH0	87
126.122	126.182	58	N	87
126.182	126.222	29	IH2	87
126.222	126.282	58	N	87
126.282	126.312	64	T	87
126.312	126.342	6	AH0	87
126.342	126.482	19	EH1	87
126.482	126.512	58	N	87
126.512	126.572	31	IY0	87
126.572	126.682	67	W	87
126.682	126.722	8	AH2	87
126.722	126.782	58	N	87
126.782	126.902	69	Z	87
126.902	126.972	64	T	87
126.972	127.152	32	IY1	87
135.682	135.732	49	DH	88
135.732	135.872	31	IY0	88
135.872	135.972	4	AE1	88
135.972	136.112	59	NG	88
136.112	136.152	51	G	88
136.152	136.222	61	R	88
136.222	136.282	31	IY0	88
136.282	136.392	46	B	88
136.392	136.602	38	OY1	88
136.602	136.842	4	AE1	88
136.842	136.872	58	N	88
136.872	136.992	62	S	88
136.992	137.132	21	ER0	88
137.132	137.192	48	D	88
137.192	137.262	46	B	88
137.262	137.292	7	AH1	88
137.292	137.322	64	T	88
137.322	137.412	48	D	88
137.412	137.452	28	IH1	88
137.452	137.492	48	D	88
137.492	137.552	6	AH0	88
137.552	137.642	58	N	88
137.642	137.682	56	L	88
137.682	137.752	41	UH1	88
137.752	137.812	54	K	88
137.812	137.962	7	AH1	88
137.962	138.022	60	P	88
145.712	145.742	52	HH	89
145.742	145.822	67	W	89
145.822	145.852	28	IH1	89
145.852	146.022	47	CH	89
146.022	146.082	56	L	89
146.082	146.282	10	AO1	89
146.282	146.312	59	NG	89
146.312	146.422	1	AA1	89
146.422	146.472	61	R	89
146.472	146.512	64	T	89
146.512	146.562	6	AH0	89
146.562	146.652	54	K	89
146.652	146.692	6	AH0	89
146.692	146.812	56	L	89
146.812	146.892	67	W	89
146.892	146.922	6	AH0	89
146.922	147.012	69	Z	89
147.012	147.142	34	OW0	89
147.142	147.292	60	P	89
147.292	147.452	25	EY1	89
147.452	147.542	54	K	89
147.542	147.642	4	AE1	89
147.642	147.672	58	N	89
147.672	147.702	48	D	89
147.702	147.762	58	N	89
147.762	147.862	32	IY1	89
147.862	147.902	48	D	89
147.902	148.002	6	AH0	89
148.002	148.042	48	D	89
148.042	148.122	54	K	89
148.122	148.152	56	L	89
148.152	148.222	20	EH2	89
148.222	148.272	61	R	89
148.272	148.302	6	AH0	89
148.302	148.382	50	F	89
148.382	148.412	27	IH0	89
148.412	148.502	54	K	89
148.502	148.622	25	EY1	89
148.622	148.782	63	SH	89
148.782	148.822	6	AH0	89
148.822	148.952	58	N	89
148.952	149.362	74	sp	89
156.842	157.222	74	sp	90
157.222	157.312	52	HH	90
157.312	157.342	19	EH1	90
157.342	157.422	56	L	90
157.422	157.472	60	P	90
157.472	157.632	62	S	90
157.632	157.672	19	EH1	90
157.672	157.762	56	L	90
157.762	157.792	6	AH0	90
157.792	157.862	46	B	90
157.862	157.922	61	R	90
157.922	158.012	26	EY2	90
158.012	158.042	64	T	90
158.042	158.082	68	Y	90
158.082	158.122	41	UH1	90
158.122	158.162	61	R	90
158.162	158.232	46	B	90
158.232	158.302	61	R	90
158.302	158.362	7	AH1	90
158.362	158.422	49	DH	90
158.422	158.502	21	ER0	90
158.502	158.582	69	Z	90
158.582	158.642	62	S	90
158.642	158.682	6	AH0	90
158.682	158.742	54	K	90
158.742	158.832	62	S	90
158.832	158.962	19	EH1	90
158.962	159.322	62	S	90
159.322	159.682	74	sp	90
166.642	166.752	67	W	91
166.752	166.782	28	IH1	91
166.782	166.812	56	L	91
166.812	166.882	68	Y	91
166.882	166.912	44	UW1	91
166.912	167.062	60	P	91
167.062	167.092	56	L	91
167.092	167.222	32	IY1	91
167.222	167.332	69	Z	91
167.332	167.402	54	K	91
167.402	167.432	6	AH0	91
167.432	167.492	58	N	91
167.492	167.632	50	F	91
167.632	167.792	10	AO1	91
167.792	167.852	61	R	91
167.852	167.882	57	M	91
167.882	167.942	74	sp	91
167.942	168.032	54	K	91
168.032	168.062	6	AH0	91
168.062	168.142	58	N	91
168.142	168.232	50	F	91
168.232	168.472	22	ER1	91
168.472	168.502	57	M	91
168.502	168.542	51	G	91
168.542	168.602	7	AH1	91
168.602	168.672	66	V	91
168.672	168.712	21	ER0	91
168.712	168.802	57	M	91
168.802	168.832	6	AH0	91
168.832	168.912	58	N	91
168.912	168.942	64	T	91
168.942	169.012	60	P	91
169.012	169.062	1	AA1	91
169.062	169.182	56	L	91
169.182	169.212	6	AH0	91
169.212	169.282	62	S	91
169.282	169.392	31	IY0	91
169.392	169.502	61	R	91
169.502	169.532	6	AH0	91
169.532	169.562	51	G	91
169.562	169.622	1	AA1	91
169.622	169.692	61	R	91
169.692	169.722	48	D	91
169.722	169.762	27	IH0	91
169.762	169.832	59	NG	91
169.832	169.932	67	W	91
169.932	169.992	25	EY1	91
169.992	170.082	62	S	91
170.082	170.132	64	T	91
170.132	170.172	61	R	91
170.172	170.202	6	AH0	91
170.202	170.292	57	M	91
170.292	170.332	44	UW1	91
170.332	170.462	66	V	91
170.462	170.492	6	AH0	91
170.492	170.562	56	L	91
170.562	170.932	74	sp	91
179.742	179.802	49	DH	92
179.802	179.912	25	EY1	92
179.912	179.942	6	AH0	92
179.942	180.162	62	S	92
180.162	180.322	44	UW1	92
180.322	180.392	57	M	92
180.392	180.452	58	N	92
180.452	180.622	35	OW1	92
180.622	180.712	46	B	92
180.712	180.872	22	ER1	92
180.872	180.932	51	G	92
180.932	181.012	56	L	92
181.012	181.092	21	ER0	92
181.092	181.192	67	W	92
181.192	181.232	6	AH0	92
181.232	181.312	56	L	92
181.312	181.382	19	EH1	92
181.382	181.462	66	V	92
181.462	181.572	21	ER0	92
181.572	181.662	19	EH1	92
181.662	181.732	58	N	92
181.732	181.812	64	T	92
181.812	181.892	21	ER0	92
181.892	181.962	52	HH	92
181.962	182.042	28	IH1	92
182.042	182.132	61	R	92
190.022	190.132	52	HH	93
190.132	190.182	32	IY1	93
190.182	190.282	67	W	93
190.282	190.312	6	AH0	93
190.312	190.482	56	L	93
190.482	190.512	6	AH0	93
190.512	190.592	56	L	93
190.592	190.962	13	AW1	93
190.962	190.992	6	AH0	93
190.992	191.102	61	R	93
191.102	191.232	19	EH1	93
191.232	191.292	61	R	93
191.292	191.442	56	L	93
191.442	191.722	16	AY1	93
191.722	192.192	74	sp	93
198.782	198.852	54	K	94
198.852	198.912	68	Y	94
198.912	198.962	42	UH2	94
198.962	199.022	61	R	94
199.022	199.122	31	IY0	94
199.122	199.222	1	AA1	94
199.222	199.362	62	S	94
199.362	199.392	6	AH0	94
199.392	199.422	64	T	94
199.422	199.552	31	IY0	94
199.552	199.622	4	AE1	94
199.622	199.682	58	N	94
199.682	199.712	48	D	94
199.712	199.752	57	M	94
199.752	199.832	33	IY2	94
199.832	199.862	48	D	94
199.862	199.962	31	IY0	94
199.962	200.082	1	AA1	94
200.082	200.162	54	K	94
200.162	200.212	61	R	94
200.212	200.242	6	AH0	94
200.242	200.282	64	T	94
200.282	200.402	31	IY0	94
200.402	200.572	62	S	94
200.572	200.602	19	EH1	94
200.602	200.702	56	L	94
200.702	200.732	48	D	94
200.732	200.772	6	AH0	94
200.772	200.872	57	M	94
200.872	200.952	54	K	94
200.952	201.072	35	OW1	94
201.072	201.122	27	IH0	94
201.122	201.192	51	G	94
201.192	201.252	69	Z	94
201.252	201.352	28	IH1	94
201.352	201.592	62	S	94
201.592	201.702	64	T	94
201.702	202.132	74	sp	94
209.542	209.612	52	HH	95
209.612	209.642	28	IH1	95
209.642	209.712	69	Z	95
209.712	209.872	62	S	95
209.872	209.952	7	AH1	95
209.952	210.0	48	D	95
210.0	210.042	6	AH0	95
210.042	210.102	58	N	95
210.102	210.142	48	D	95
210.142	210.182	6	AH0	95
210.182	210.332	60	P	95
210.332	210.392	1	AA1	95
210.392	210.462	61	R	95
210.462	210.572	47	CH	95
210.572	210.682	21	ER0	95
210.682	210.812	63	SH	95
210.812	210.942	1	AA1	95
210.942	211.002	54	K	95
211.002	211.082	64	T	95
211.082	211.112	49	DH	95
211.112	211.162	7	AH1	95
211.162	211.272	54	K	95
211.272	211.472	4	AE1	95
211.472	211.692	62	S	95
211.692	211.792	64	T	95
211.792	212.252	74	sp	95
218.992	219.112	63	SH	96
219.112	219.172	32	IY1	96
219.172	219.382	62	S	96
219.382	219.452	56	L	96
219.452	219.502	28	IH1	96
219.502	219.582	60	P	96
219.582	219.652	64	T	96
219.652	219.702	4	AE1	96
219.702	219.732	58	N	96
219.732	219.762	48	D	96
219.762	219.942	62	S	96
219.942	219.972	60	P	96
219.972	220.072	61	R	96
220.072	220.172	25	EY1	96
220.172	220.212	58	N	96
220.212	220.242	48	D	96
220.242	220.272	52	HH	96
220.272	220.412	22	ER1	96
220.412	220.512	4	AE1	96
220.512	220.592	59	NG	96
220.592	220.672	54	K	96
220.672	220.702	6	AH0	96
220.702	220.742	56	L	96
220.742	220.842	1	AA1	96
220.842	220.902	58	N	96
220.902	220.932	49	DH	96
220.932	220.962	7	AH1	96
220.962	221.112	62	S	96
221.112	221.162	64	T	96
221.162	221.262	32	IY1	96
221.262	221.322	60	P	96
221.322	221.452	62	S	96
221.452	221.522	56	L	96
221.522	221.632	35	OW1	96
221.632	221.762	60	P	96
221.762	222.262	74	sp	96
230.452	230.552	6	AH0	97
230.552	230.692	46	B	97
230.692	230.792	28	IH1	97
230.792	230.922	51	G	97
230.922	231.002	46	B	97
231.002	231.162	35	OW1	97
231.162	231.252	64	T	97
231.252	231.462	16	AY1	97
231.462	231.512	48	D	97
231.512	231.602	56	L	97
231.602	231.742	31	IY0	97
231.742	231.882	4	AE1	97
231.882	231.952	57	M	97
231.952	231.982	46	B	97
231.982	232.012	6	AH0	97
232.012	232.102	56	L	97
232.102	232.152	48	D	97
232.152	232.192	74	sp	97
232.192	232.282	65	TH	97
232.282	232.322	61	R	97
232.322	232.402	44	UW1	97
232.402	232.432	49	DH	97
232.432	232.462	6	AH0	97
232.462	232.562	50	F	97
232.562	232.642	1	AA1	97
232.642	232.672	61	R	97
232.672	232.732	57	M	97
232.732	232.812	68	Y	97
232.812	232.862	2	AA2	97
232.862	232.962	61	R	97
232.962	233.12787919035011	48	D	97
241.282	241.562	74	sp	98
241.562	241.742	63	SH	98
241.742	241.802	41	UH1	98
241.802	241.862	48	D	98
241.862	241.952	53	JH	98
241.952	242.122	21	ER0	98
242.122	242.262	4	AE1	98
242.262	242.342	50	F	98
242.342	242.432	62	S	98
242.432	242.472	46	B	98
242.472	242.562	32	IY1	98
242.562	242.662	54	K	98
242.662	242.722	19	EH1	98
242.722	242.812	60	P	98
242.812	242.892	64	T	98
242.892	242.922	6	AH0	98
242.922	242.982	58	N	98
242.982	243.102	62	S	98
243.102	243.132	57	M	98
243.132	243.232	10	AO1	98
243.232	243.332	56	L	98
243.332	243.422	69	Z	98
243.422	243.642	44	UW1	98
243.642	243.972	69	Z	98
251.222	251.612	74	sp	99
251.612	251.692	67	W	99
251.692	251.742	32	IY1	99
251.742	251.792	51	G	99
251.792	251.892	1	AA1	99
251.892	251.932	64	T	99
251.932	252.022	48	D	99
252.022	252.132	61	R	99
252.132	252.212	19	EH1	99
252.212	252.242	58	N	99
252.242	252.382	47	CH	99
252.382	252.412	64	T	99
252.412	252.452	74	sp	99
252.452	252.522	50	F	99
252.522	252.572	61	R	99
252.572	252.602	7	AH1	99
252.602	252.662	57	M	99
252.662	252.692	49	DH	99
252.692	252.802	31	IY0	99
252.802	252.902	8	AH2	99
252.902	252.982	58	N	99
252.982	253.062	29	IH2	99
253.062	253.132	58	N	99
253.132	253.272	21	ER0	99
253.272	253.312	7	AH1	99
253.312	253.382	60	P	99
253.382	253.452	64	T	99
253.452	253.482	6	AH0	99
253.482	253.542	48	D	99
253.542	253.662	61	R	99
253.662	253.772	25	EY1	99
253.772	253.962	58	N	99
271.922	272.122	5	AE2	80
272.122	272.172	51	G	80
272.172	272.242	61	R	80
272.242	272.272	6	AH0	80
272.272	272.362	54	K	80
272.362	272.392	7	AH1	80
272.392	272.462	56	L	80
272.462	272.562	47	CH	80
272.562	272.602	21	ER0	80
272.602	272.632	6	AH0	80
272.632	272.692	56	L	80
272.692	272.782	60	P	80
272.782	272.842	61	R	80
272.842	272.922	1	AA1	80
272.922	272.952	48	D	80
272.952	273.002	6	AH0	80
273.002	273.082	54	K	80
273.082	273.142	62	S	80
273.142	273.212	1	AA1	80
273.212	273.312	61	R	80
273.312	273.362	6	AH0	80
273.362	273.442	58	N	80
273.442	273.582	32	IY1	80
273.582	273.632	66	V	80
273.632	273.682	6	AH0	80
273.682	273.762	58	N	80
273.762	273.802	56	L	80
273.802	273.872	31	IY0	80
273.872	273.952	48	D	80
273.952	273.992	29	IH2	80
273.992	274.082	62	S	80
274.082	274.132	64	T	80
274.132	274.162	61	R	80
274.162	274.192	28	IH1	80
274.192	274.262	46	B	80
274.262	274.302	68	Y	80
274.302	274.332	6	AH0	80
274.332	274.402	64	T	80
274.402	274.492	6	AH0	80
274.492	274.602	48	D	80
274.602	275.072	74	sp	80
282.592	282.652	46	B	81
282.652	282.762	16	AY1	81
282.762	282.952	32	IY1	81
282.952	282.982	64	T	81
282.982	283.052	27	IH0	81
283.052	283.152	59	NG	81
283.152	283.242	68	Y	81
283.242	283.342	35	OW1	81
283.342	283.412	51	G	81
283.412	283.532	21	ER0	81
283.532	283.562	64	T	81
283.562	283.652	68	Y	81
283.652	283.682	44	UW1	81
283.682	283.752	57	M	81
283.752	283.852	25	EY1	81
283.852	283.98559262637656	56	L	81
283.98559262637656	284.0706668111172	28	IH1	81
284.0706668111172	284.1480069790632	66	V	81
284.1480069790632	284.21968807672295	56	L	81
284.21968807672295	284.3144297824568	10	AO1	81
284.3144297824568	284.4024042234954	59	NG	81
284.4024042234954	284.4178722570846	51	G	81
284.4178722570846	284.532	21	ER0	81
292.492	292.882	74	sp	82
292.882	292.942	49	DH	82
292.942	292.992	6	AH0	82
292.992	293.152	54	K	82
293.152	293.282	1	AA1	82
293.282	293.362	69	Z	82
293.362	293.462	67	W	82
293.462	293.542	26	EY2	82
293.542	293.692	19	EH1	82
293.692	293.752	58	N	82
293.752	293.802	48	D	82
293.802	293.892	6	AH0	82
293.892	293.942	48	D	82
293.942	293.992	6	AH0	82
293.992	294.122	46	B	82
294.122	294.192	61	R	82
294.192	294.222	7	AH1	82
294.222	294.282	60	P	82
294.282	294.332	64	T	82
294.332	294.392	56	L	82
294.392	294.512	31	IY0	82
294.512	294.602	4	AE1	82
294.602	294.642	64	T	82
294.642	294.672	49	DH	82
294.672	294.702	6	AH0	82
294.702	294.852	63	SH	82
294.852	294.992	10	AO1	82
294.992	295.082	61	R	82
301.742	302.052	74	sp	83
302.052	302.182	67	W	83
302.182	302.222	19	EH1	83
302.222	302.282	49	DH	83
302.282	302.352	21	ER0	83
302.352	302.462	60	P	83
302.462	302.662	61	R	83
302.662	302.692	45	UW2	83
302.692	302.722	50	F	83
302.722	302.812	60	P	83
302.812	302.892	61	R	83
302.892	302.922	44	UW1	83
302.922	303.012	50	F	83
303.012	303.072	74	sp	83
303.072	303.142	51	G	83
303.142	303.172	6	AH0	83
303.172	303.282	56	L	83
303.282	303.382	1	AA1	83
303.382	303.522	63	SH	83
303.522	303.572	6	AH0	83
303.572	303.682	69	Z	83
303.682	303.732	1	AA1	83
303.732	303.792	61	R	83
303.792	303.852	66	V	83
303.852	303.942	19	EH1	83
303.942	304.032	61	R	83
304.032	304.072	31	IY0	83
304.072	304.212	68	Y	83
304.212	304.242	44	UW1	83
304.242	304.352	62	S	83
304.352	304.402	50	F	83
304.402	304.432	6	AH0	83
304.432	304.522	56	L	83
304.522	304.552	6	AH0	83
304.552	304.602	58	N	83
304.602	304.722	62	S	83
304.722	304.822	31	IY0	83
304.822	304.962	4	AE1	83
304.962	304.992	64	T	83
304.992	305.032	6	AH0	83
305.032	305.112	56	L	83
312.482	312.692	74	sp	84
312.692	312.762	49	DH	84
312.762	312.792	6	AH0	84
312.792	312.982	62	S	84
312.982	313.032	60	P	84
313.032	313.142	32	IY1	84
313.142	313.252	47	CH	84
313.252	313.412	62	S	84
313.412	313.442	29	IH2	84
313.442	313.522	57	M	84
313.522	313.632	60	P	84
313.632	313.752	35	OW1	84
313.752	313.842	69	Z	84
313.842	313.942	31	IY0	84
313.942	313.972	6	AH0	84
313.972	314.082	57	M	84
314.082	314.142	57	M	84
314.142	314.292	16	AY1	84
314.292	314.322	64	T	84
314.322	314.362	46	B	84
314.362	314.392	27	IH0	84
314.392	314.422	51	G	84
314.422	314.552	28	IH1	84
314.552	314.612	58	N	84
314.612	314.722	1	AA1	84
314.722	314.752	58	N	84
314.752	314.862	57	M	84
314.862	314.912	7	AH1	84
314.912	314.992	58	N	84
314.992	315.042	48	D	84
315.042	315.182	26	EY2	84
323.462	323.642	74	sp	85
323.642	323.772	16	AY1	85
323.772	323.812	48	D	85
323.812	323.952	61	R	85
323.952	324.072	4	AE1	85
324.072	324.112	49	DH	85
324.112	324.202	21	ER0	85
324.202	324.272	58	N	85
324.272	324.462	1	AA1	85
324.462	324.492	64	T	85
324.492	324.532	46	B	85
324.532	324.692	16	AY1	85
324.692	324.732	49	DH	85
324.732	324.852	32	IY1	85
324.852	324.892	69	Z	85
324.892	325.012	63	SH	85
325.012	325.172	44	UW1	85
325.172	325.282	69	Z	85
325.282	325.332	49	DH	85
325.332	325.362	4	AE1	85
325.362	325.442	58	N	85
325.442	325.492	46	B	85
325.492	325.602	32	IY1	85
325.602	325.702	35	OW1	85
325.702	325.752	66	V	85
325.752	325.842	21	ER0	85
325.842	325.972	47	CH	85
325.972	326.052	1	AA1	85
326.052	326.132	61	R	85
326.132	326.422	53	JH	85
326.422	326.452	48	D	85
326.452	326.752	74	sp	85
333.792	333.842	46	B	86
333.842	333.922	32	IY1	86
333.922	334.042	54	K	86
334.042	334.102	19	EH1	86
334.102	334.162	61	R	86
334.162	334.252	50	F	86
334.252	334.282	6	AH0	86
334.282	334.322	56	L	86
334.322	334.372	58	N	86
334.372	334.462	1	AA1	86
334.462	334.502	64	T	86
334.502	334.552	64	T	86
334.552	334.592	6	AH0	86
334.592	334.722	60	P	86
334.722	334.752	56	L	86
334.752	334.982	13	AW1	86
334.982	335.092	35	OW1	86
335.092	335.142	66	V	86
335.142	335.192	21	ER0	86
335.192	335.252	49	DH	86
335.252	335.282	6	AH0	86
335.282	335.382	50	F	86
335.382	335.452	56	L	86
335.452	335.582	13	AW1	86
335.582	335.672	21	ER0	86
335.672	335.732	46	B	86
335.732	335.892	19	EH1	86
335.892	335.972	48	D	86
335.972	336.272	69	Z	86
336.272	336.672	74	sp	86
345.552	345.602	49	DH	87
345.602	345.722	31	IY0	87
345.722	345.862	36	OW2	87
345.862	345.902	66	V	87
345.902	345.982	21	ER0	87
345.982	346.072	67	W	87
346.072	346.162	25	EY1	87
346.162	346.192	64	T	87
346.192	346.322	47	CH	87
346.322	346.402	1	AA1	87
346.402	346.432	61	R	87
346.432	346.502	57	M	87
346.502	346.612	21	ER0	87
346.612	346.682	54	K	87
346.682	346.722	41	UH1	87
346.722	346.762	48	D	87
346.762	346.882	62	S	87
346.882	346.922	56	L	87
346.922	346.962	28	IH1	87
346.962	347.012	60	P	87
347.012	347.152	60	P	87
347.152	347.272	38	OY1	87
347.272	347.402	69	Z	87
347.402	347.442	6	AH0	87
347.442	347.552	58	N	87
347.552	347.602	29	IH2	87
347.602	347.672	58	N	87
347.672	347.722	64	T	87
347.722	347.752	6	AH0	87
347.752	347.892	19	EH1	87
347.892	347.922	58	N	87
347.922	347.982	31	IY0	87
347.982	348.082	67	W	87
348.082	348.112	8	AH2	87
348.112	348.142	58	N	87
348.142	348.272	69	Z	87
348.272	348.372	64	T	87
348.372	348.552	32	IY1	87
348.552	349.022	74	sp	87
356.402	356.462	49	DH	88
356.462	356.532	31	IY0	88
356.532	356.602	4	AE1	88
356.602	356.702	59	NG	88
356.702	356.732	51	G	88
356.732	356.782	61	R	88
356.782	356.832	31	IY0	88
356.832	356.942	46	B	88
356.942	357.092	38	OY1	88
357.092	357.292	4	AE1	88
357.292	357.362	58	N	88
357.362	357.412	62	S	88
357.412	357.532	21	ER0	88
357.532	357.602	48	D	88
357.602	357.642	46	B	88
357.642	357.692	7	AH1	88
357.692	357.722	64	T	88
357.722	357.812	48	D	88
357.812	357.862	28	IH1	88
357.862	357.892	48	D	88
357.892	357.972	6	AH0	88
357.972	358.032	58	N	88
358.032	358.102	56	L	88
358.102	358.172	41	UH1	88
358.172	358.242	54	K	88
358.242	358.402	7	AH1	88
358.402	358.522	60	P	88
366.802	366.912	67	W	89
366.912	366.952	28	IH1	89
366.952	367.102	47	CH	89
367.102	367.172	56	L	89
367.172	367.272	10	AO1	89
367.272	367.312	59	NG	89
367.312	367.432	1	AA1	89
367.432	367.472	61	R	89
367.472	367.502	64	T	89
367.502	367.532	6	AH0	89
367.532	367.632	54	K	89
367.632	367.662	6	AH0	89
367.662	367.752	56	L	89
367.752	367.832	67	W	89
367.832	367.862	6	AH0	89
367.862	367.932	69	Z	89
367.932	368.062	34	OW0	89
368.062	368.112	60	P	89
368.112	368.332	25	EY1	89
368.332	368.422	54	K	89
368.422	368.502	4	AE1	89
368.502	368.532	58	N	89
368.532	368.562	48	D	89
368.562	368.592	58	N	89
368.592	368.672	32	IY1	89
368.672	368.712	48	D	89
368.712	368.812	6	AH0	89
368.812	368.842	48	D	89
368.842	368.932	54	K	89
368.932	368.962	56	L	89
368.962	369.012	20	EH2	89
369.012	369.052	61	R	89
369.052	369.082	6	AH0	89
369.082	369.152	50	F	89
369.152	369.182	27	IH0	89
369.182	369.262	54	K	89
369.262	369.362	25	EY1	89
369.362	369.522	63	SH	89
369.522	369.562	6	AH0	89
369.562	369.672	58	N	89
369.672	370.062	74	sp	89
377.052	377.132	52	HH	90
377.132	377.172	19	EH1	90
377.172	377.232	56	L	90
377.232	377.272	60	P	90
377.272	377.412	62	S	90
377.412	377.452	19	EH1	90
377.452	377.532	56	L	90
377.532	377.572	6	AH0	90
377.572	377.632	46	B	90
377.632	377.712	61	R	90
377.712	377.762	26	EY2	90
377.762	377.792	64	T	90
377.792	377.842	68	Y	90
377.842	377.872	41	UH1	90
377.872	377.902	61	R	90
377.902	377.972	46	B	90
377.972	378.052	61	R	90
378.052	378.092	7	AH1	90
378.092	378.152	49	DH	90
378.152	378.252	21	ER0	90
378.252	378.282	69	Z	90
378.282	378.382	62	S	90
378.382	378.422	6	AH0	90
378.422	378.482	54	K	90
378.482	378.562	62	S	90
378.562	378.692	19	EH1	90
378.692	379.012	62	S	90
387.862	387.972	67	W	91
387.972	388.002	28	IH1	91
388.002	388.032	56	L	91
388.032	388.092	68	Y	91
388.092	388.122	44	UW1	91
388.122	388.262	60	P	91
388.262	388.292	56	L	91
388.292	388.392	32	IY1	91
388.392	388.512	69	Z	91
388.512	388.572	54	K	91
388.572	388.602	6	AH0	91
388.602	388.652	58	N	91
388.652	388.782	50	F	91
388.782	388.962	22	ER1	91
388.962	389.092	57	M	91
389.092	389.172	51	G	91
389.172	389.242	7	AH1	91
389.242	389.292	66	V	91
389.292	389.342	21	ER0	91
389.342	389.422	57	M	91
389.422	389.452	6	AH0	91
389.452	389.492	58	N	91
389.492	389.522	64	T	91
389.522	389.642	60	P	91
389.642	389.722	1	AA1	91
389.722	389.802	56	L	91
389.802	389.832	6	AH0	91
389.832	389.902	62	S	91
389.902	390.0	31	IY0	91
390.0	390.102	61	R	91
390.102	390.132	6	AH0	91
390.132	390.172	51	G	91
390.172	390.202	1	AA1	91
390.202	390.282	61	R	91
390.282	390.312	48	D	91
390.312	390.342	27	IH0	91
390.342	390.422	59	NG	91
390.422	390.512	67	W	91
390.512	390.572	25	EY1	91
390.572	390.642	62	S	91
390.642	390.702	64	T	91
390.702	390.742	61	R	91
390.742	390.772	6	AH0	91
390.772	390.852	57	M	91
390.852	390.922	44	UW1	91
390.922	390.992	66	V	91
390.992	391.022	6	AH0	91
391.022	391.092	56	L	91
391.092	391.482	74	sp	91
399.302	399.362	49	DH	92
399.362	399.442	25	EY1	92
399.442	399.472	6	AH0	92
399.472	399.672	62	S	92
399.672	399.812	44	UW1	92
399.812	399.882	57	M	92
399.882	399.952	58	N	92
399.952	400.122	35	OW1	92
400.122	400.212	46	B	92
400.212	400.382	22	ER1	92
400.382	400.452	51	G	92
400.452	400.532	56	L	92
400.532	400.622	21	ER0	92
400.622	400.722	67	W	92
400.722	400.752	6	AH0	92
400.752	400.792	56	L	92
400.792	400.892	19	EH1	92
400.892	400.962	66	V	92
400.962	401.052	21	ER0	92
401.052	401.132	19	EH1	92
401.132	401.172	58	N	92
401.172	401.272	64	T	92
401.272	401.352	21	ER0	92
401.352	401.422	52	HH	92
401.422	401.502	28	IH1	92
401.502	401.582	61	R	92
409.48461256285657	409.56195273080255	52	HH	93
409.56195273080255	409.6083568315702	32	IY1	93
409.6083568315702	409.66636195752966	67	W	93
409.66636195752966	409.75917015906487	6	AH0	93
409.75917015906487	409.8419840111899	56	L	93
409.8419840111899	410.01986639746565	6	AH0	93
410.01986639746565	410.12234211999413	56	L	93
410.12234211999413	410.222	13	AW1	93
410.222	410.38214576073847	6	AH0	93
410.38214576073847	410.442	61	R	93
410.442	410.572	19	EH1	93
410.572	410.6461734489427	61	R	93
410.6461734489427	410.7505826756698	56	L	93
410.7505826756698	410.982	16	AY1	93
417.122	417.212	54	K	94
417.212	417.262	68	Y	94
417.262	417.292	42	UH2	94
417.292	417.362	61	R	94
417.362	417.462	31	IY0	94
417.462	417.572	1	AA1	94
417.572	417.702	62	S	94
417.702	417.732	6	AH0	94
417.732	417.762	64	T	94
417.762	417.872	31	IY0	94
417.872	417.902	6	AH0	94
417.902	417.932	58	N	94
417.932	417.962	48	D	94
417.962	418.012	57	M	94
418.012	418.102	33	IY2	94
418.102	418.132	48	D	94
418.132	418.252	31	IY0	94
418.252	418.362	1	AA1	94
418.362	418.452	54	K	94
418.452	418.482	61	R	94
418.482	418.512	6	AH0	94
418.512	418.552	64	T	94
418.552	418.762	31	IY0	94
418.762	418.902	62	S	94
418.902	418.932	19	EH1	94
418.932	419.012	56	L	94
419.012	419.042	48	D	94
419.042	419.072	6	AH0	94
419.072	419.162	57	M	94
419.162	419.242	54	K	94
419.242	419.352	35	OW1	94
419.352	419.382	27	IH0	94
419.382	419.432	51	G	94
419.432	419.492	69	Z	94
419.492	419.582	28	IH1	94
419.582	419.802	62	S	94
419.802	419.902	64	T	94
427.862	428.002	74	sp	95
428.002	428.072	52	HH	95
428.072	428.112	28	IH1	95
428.112	428.192	69	Z	95
428.192	428.322	62	S	95
428.322	428.402	7	AH1	95
428.402	428.452	48	D	95
428.452	428.482	6	AH0	95
428.482	428.532	58	N	95
428.532	428.582	48	D	95
428.582	428.612	6	AH0	95
428.612	428.762	60	P	95
428.762	428.802	1	AA1	95
428.802	428.892	61	R	95
428.892	429.002	47	CH	95
429.002	429.112	21	ER0	95
429.112	429.262	63	SH	95
429.262	429.392	1	AA1	95
429.392	429.462	54	K	95
429.462	429.582	64	T	95
429.582	429.622	49	DH	95
429.622	429.662	6	AH0	95
429.662	429.762	54	K	95
429.762	429.952	4	AE1	95
429.952	430.192	62	S	95
430.192	430.272	64	T	95
430.272	430.712	74	sp	95
438.022	438.132	63	SH	96
438.132	438.212	32	IY1	96
438.212	438.412	62	S	96
438.412	438.482	56	L	96
438.482	438.542	28	IH1	96
438.542	438.602	60	P	96
438.602	438.662	64	T	96
438.662	438.732	4	AE1	96
438.732	438.762	58	N	96
438.762	438.792	48	D	96
438.792	438.922	62	S	96
438.922	438.952	60	P	96
438.952	439.012	61	R	96
439.012	439.112	25	EY1	96
439.112	439.162	58	N	96
439.162	439.202	48	D	96
439.202	439.232	52	HH	96
439.232	439.362	22	ER1	96
439.362	439.492	4	AE1	96
439.492	439.542	59	NG	96
439.542	439.622	54	K	96
439.622	439.652	6	AH0	96
439.652	439.732	56	L	96
439.732	439.822	1	AA1	96
439.822	439.882	58	N	96
439.882	439.912	49	DH	96
439.912	439.942	6	AH0	96
439.942	440.102	62	S	96
440.102	440.142	64	T	96
440.142	440.262	32	IY1	96
440.262	440.312	60	P	96
440.312	440.452	62	S	96
440.452	440.542	56	L	96
440.542	440.632	35	OW1	96
440.632	440.732	60	P	96
448.512	448.592	6	AH0	97
448.592	448.752	46	B	97
448.752	448.852	28	IH1	97
448.852	449.002	51	G	97
449.002	449.192	74	sp	97
449.192	449.342	51	G	97
449.342	449.522	35	OW1	97
449.522	449.602	64	T	97
449.602	449.812	16	AY1	97
449.812	449.872	48	D	97
449.872	449.972	56	L	97
449.972	450.092	31	IY0	97
450.092	450.192	4	AE1	97
450.192	450.272	57	M	97
450.272	450.302	46	B	97
450.302	450.332	6	AH0	97
450.332	450.412	56	L	97
450.412	450.462	48	D	97
450.462	450.492	65	TH	97
450.492	450.522	61	R	97
450.522	450.592	44	UW1	97
450.592	450.622	49	DH	97
450.622	450.652	6	AH0	97
450.652	450.752	50	F	97
450.752	450.852	1	AA1	97
450.852	450.902	61	R	97
450.902	450.942	57	M	97
450.942	450.982	68	Y	97
450.982	451.012	2	AA2	97
451.012	451.152	61	R	97
451.152	451.182	48	D	97
460.552	460.672	63	SH	98
460.672	460.702	41	UH1	98
460.702	460.742	48	D	98
460.742	460.842	53	JH	98
460.842	460.992	21	ER0	98
460.992	461.122	4	AE1	98
461.122	461.152	50	F	98
461.152	461.262	62	S	98
461.262	461.302	46	B	98
461.302	461.372	31	IY0	98
461.372	461.492	54	K	98
461.492	461.582	4	AE1	98
461.582	461.632	60	P	98
461.632	461.712	64	T	98
461.712	461.742	6	AH0	98
461.742	461.792	58	N	98
461.792	461.912	62	S	98
461.912	461.942	57	M	98
461.942	462.052	10	AO1	98
462.052	462.142	56	L	98
462.142	462.242	69	Z	98
462.242	462.452	44	UW1	98
462.452	462.802	69	Z	98
462.802	463.022	74	sp	98
470.302	470.382	67	W	99
470.382	470.432	32	IY1	99
470.432	470.502	51	G	99
470.502	470.582	1	AA1	99
470.582	470.632	64	T	99
470.632	470.732	48	D	99
470.732	470.832	61	R	99
470.832	470.892	19	EH1	99
470.892	470.952	58	N	99
470.952	471.072	47	CH	99
471.072	471.122	64	T	99
471.122	471.182	50	F	99
471.182	471.232	21	ER0	99
471.232	471.282	57	M	99
471.282	471.312	49	DH	99
471.312	471.422	31	IY0	99
471.422	471.542	8	AH2	99
471.542	471.582	58	N	99
471.582	471.652	29	IH2	99
471.652	471.712	58	N	99
471.712	471.862	21	ER0	99
471.862	471.892	7	AH1	99
471.892	471.962	60	P	99
471.962	472.042	64	T	99
472.042	472.082	6	AH0	99
472.082	472.142	48	D	99
472.142	472.242	61	R	99
472.242	472.402	25	EY1	99
472.402	472.512	58	N	99
