63.032875	63.13341721832981	46	B	81
63.13341721832981	63.23395943665962	16	AY1	81
63.23395943665962	63.359637209571886	32	IY1	81
63.359637209571886	63.39637378934624	64	T	81
63.39637378934624	63.500783016073356	27	IH0	81
63.500783016073356	63.57570199435982	59	NG	81
63.57570199435982	63.66456448499014	68	Y	81
63.66456448499014	63.77456448499014	35	OW1	81
63.77456448499014	63.80456448499014	51	G	81
63.80456448499014	63.95456448499014	21	ER0	81
63.95456448499014	63.98456448499014	64	T	81
63.98456448499014	64.07456448499013	68	Y	81
64.07456448499013	64.10456448499014	44	UW1	81
64.10456448499014	64.19456448499014	57	M	81
64.19456448499014	64.31456448499014	25	EY1	81
64.31456448499014	64.43456448499013	56	L	81
64.43456448499013	64.48456448499013	28	IH1	81
64.48456448499013	64.56456448499014	66	V	81
64.56456448499014	64.64456448499013	56	L	81
64.64456448499013	64.71456448499013	10	AO1	81
64.71456448499013	64.80456448499014	59	NG	81
64.80456448499014	64.85456448499014	51	G	81
64.85456448499014	65.00456448499014	21	ER0	81
73.0351875	73.06709031927774	49	DH	82
73.06709031927774	73.1618320250116	6	AH0	82
73.1618320250116	73.30445280630231	54	K	82
73.30445280630231	73.44445280630231	1	AA1	82
73.44445280630231	73.55445280630231	69	Z	82
73.55445280630231	73.66445280630231	67	W	82
73.66445280630231	73.72445280630231	26	EY2	82
73.72445280630231	73.89445280630231	19	EH1	82
73.89445280630231	73.9644528063023	58	N	82
73.9644528063023	74.01445280630232	48	D	82
74.01445280630232	74.0744528063023	6	AH0	82
74.0744528063023	74.1344528063023	48	D	82
74.1344528063023	74.18445280630232	6	AH0	82
74.18445280630232	74.31445280630231	46	B	82
74.31445280630231	74.3844528063023	61	R	82
74.3844528063023	74.43445280630232	7	AH1	82
74.43445280630232	74.48445280630231	60	P	82
74.48445280630231	74.53445280630231	64	T	82
74.53445280630231	74.6044528063023	56	L	82
74.6044528063023	74.69445280630231	31	IY0	82
74.69445280630231	74.78445280630231	4	AE1	82
74.78445280630231	74.8244528063023	64	T	82
74.8244528063023	74.8844528063023	49	DH	82
74.8844528063023	74.92445280630231	6	AH0	82
74.92445280630231	75.19445280630231	63	SH	82
75.19445280630231	75.33445280630231	10	AO1	82
75.33445280630231	75.43445280630232	61	R	82
83.9785625	84.0885625	67	W	83
84.0885625	84.14856249999998	19	EH1	83
84.14856249999998	84.20856249999999	49	DH	83
84.20856249999999	84.3085625	21	ER0	83
84.3085625	84.39856249999998	60	P	83
84.39856249999998	84.4785625	61	R	83
84.4785625	84.5085625	45	UW2	83
84.5085625	84.6185625	50	F	83
84.6185625	84.67856249999998	51	G	83
84.67856249999998	84.70856249999999	6	AH0	83
84.70856249999999	84.81856249999998	56	L	83
84.81856249999998	84.93856249999999	1	AA1	83
84.93856249999999	85.0885625	63	SH	83
85.0885625	85.1185625	6	AH0	83
85.1185625	85.26856249999999	69	Z	83
85.26856249999999	85.32856249999999	1	AA1	83
85.32856249999999	85.37856249999999	61	R	83
85.37856249999999	85.4485625	66	V	83
85.4485625	85.5585625	19	EH1	83
85.5585625	85.62856249999999	61	R	83
85.62856249999999	85.70856249999999	31	IY0	83
85.70856249999999	85.8385625	68	Y	83
85.8385625	85.8685625	44	UW1	83
85.8685625	85.98856249999999	62	S	83
85.98856249999999	86.03856249999998	50	F	83
86.03856249999998	86.07856249999999	6	AH0	83
86.07856249999999	86.1985625	56	L	83
86.1985625	86.2285625	6	AH0	83
86.2285625	86.27856249999999	58	N	83
86.27856249999999	86.4185625	62	S	83
86.4185625	86.51856249999999	31	IY0	83
86.51856249999999	86.65856249999999	4	AE1	83
86.65856249999999	86.71856249999999	64	T	83
86.71856249999999	86.74856249999999	6	AH0	83
86.74856249999999	86.8085625	56	L	83
96.10575	96.15575	49	DH	84
96.15575	96.19574999999999	6	AH0	84
96.19574999999999	96.39574999999999	62	S	84
96.39574999999999	96.44574999999999	60	P	84
96.44574999999999	96.55574999999999	32	IY1	84
96.55574999999999	96.72574999999999	47	CH	84
96.72574999999999	96.89574999999999	62	S	84
96.89574999999999	96.93575	28	IH1	84
96.93575	97.13575	57	M	84
97.13575	97.49575	74	sp	84
97.49575	97.66574999999999	62	S	84
97.66574999999999	97.69574999999999	29	IH2	84
97.69574999999999	97.77575	57	M	84
97.77575	97.91574999999999	60	P	84
97.91574999999999	98.05574999999999	35	OW1	84
98.05574999999999	98.15575	69	Z	84
98.15575	98.24575	31	IY0	84
98.24575	98.35575	6	AH0	84
98.35575	98.49575	57	M	84
98.49575	98.54575	74	sp	84
98.54575	98.60575	57	M	84
98.60575	98.72574999999999	16	AY1	84
98.72574999999999	98.75574999999999	64	T	84
98.75574999999999	98.81575	46	B	84
98.81575	98.88575	27	IH0	84
98.88575	98.93575	51	G	84
98.93575	99.04575	28	IH1	84
99.04575	99.11574999999999	58	N	84
99.11574999999999	99.25574999999999	1	AA1	84
99.25574999999999	99.28575	58	N	84
99.28575	99.38575	57	M	84
99.38575	99.44574999999999	7	AH1	84
99.44574999999999	99.52575	58	N	84
99.52575	99.57575	48	D	84
99.57575	99.72574999999999	26	EY2	84
108.181875	108.321875	16	AY1	85
108.321875	108.37187500000002	48	D	85
108.37187500000002	108.48187500000002	61	R	85
108.48187500000002	108.601875	4	AE1	85
108.601875	108.64187500000001	49	DH	85
108.64187500000001	108.73187500000002	21	ER0	85
108.73187500000002	108.77187500000001	58	N	85
108.77187500000001	108.931875	1	AA1	85
108.931875	108.961875	64	T	85
108.961875	109.041875	46	B	85
109.041875	109.211875	16	AY1	85
109.211875	109.25187500000001	49	DH	85
109.25187500000001	109.37187500000002	32	IY1	85
109.37187500000002	109.401875	69	Z	85
109.401875	109.55187500000001	63	SH	85
109.55187500000001	109.75187500000001	44	UW1	85
109.75187500000001	109.961875	69	Z	85
109.961875	110.011875	49	DH	85
110.011875	110.14187500000001	4	AE1	85
110.14187500000001	110.27187500000001	58	N	85
110.27187500000001	110.31187500000001	46	B	85
110.31187500000001	110.44187500000001	32	IY1	85
110.44187500000001	110.53187500000001	35	OW1	85
110.53187500000001	110.571875	66	V	85
110.571875	110.651875	21	ER0	85
110.651875	110.761875	47	CH	85
110.761875	110.83187500000001	1	AA1	85
110.83187500000001	110.901875	61	R	85
110.901875	111.14187500000001	53	JH	85
111.14187500000001	111.17187500000001	48	D	85
118.8889375	118.9289375	46	B	86
118.9289375	119.0189375	32	IY1	86
119.0189375	119.1589375	54	K	86
119.1589375	119.2289375	19	EH1	86
119.2289375	119.2789375	61	R	86
119.2789375	119.3689375	50	F	86
119.3689375	119.3989375	6	AH0	86
119.3989375	119.4489375	56	L	86
119.4489375	119.5089375	58	N	86
119.5089375	119.6089375	1	AA1	86
119.6089375	119.6389375	64	T	86
119.6389375	119.6989375	64	T	86
119.6989375	119.7489375	6	AH0	86
119.7489375	119.9189375	60	P	86
119.9189375	119.9489375	56	L	86
119.9489375	120.0989375	13	AW1	86
120.0989375	120.2889375	35	OW1	86
120.2889375	120.3489375	66	V	86
120.3489375	120.3989375	21	ER0	86
120.3989375	120.4689375	49	DH	86
120.4689375	120.4989375	6	AH0	86
120.4989375	120.6089375	50	F	86
120.6089375	120.6689375	56	L	86
120.6689375	120.8089375	13	AW1	86
120.8089375	120.8889375	21	ER0	86
120.8889375	120.9689375	46	B	86
120.9689375	121.1189375	19	EH1	86
121.1189375	121.2189375	48	D	86
121.2189375	121.4989375	69	Z	86
129.7025	129.7425	49	DH	87
129.7425	129.90249999999997	31	IY0	87
129.90249999999997	130.0125	36	OW2	87
130.0125	130.0625	66	V	87
130.0625	130.15249999999997	21	ER0	87
130.15249999999997	130.2425	67	W	87
130.2425	130.3525	25	EY1	87
130.3525	130.3825	64	T	87
130.3825	130.5125	47	CH	87
130.5125	130.58249999999998	1	AA1	87
130.58249999999998	130.64249999999998	61	R	87
130.64249999999998	130.72249999999997	57	M	87
130.72249999999997	130.8525	21	ER0	87
130.8525	130.96249999999998	54	K	87
130.96249999999998	130.9925	41	UH1	87
130.9925	131.05249999999998	48	D	87
131.05249999999998	131.2525	62	S	87
131.2525	131.3225	56	L	87
131.3225	131.36249999999998	28	IH1	87
131.36249999999998	131.42249999999999	60	P	87
131.42249999999999	131.55249999999998	60	P	87
131.55249999999998	131.7025	38	OY1	87
131.7025	131.8125	69	Z	87
131.8125	131.84249999999997	6	AH0	87
131.84249999999997	131.90249999999997	58	N	87
131.90249999999997	131.9425	29	IH2	87
131.9425	132.0025	58	N	87
132.0025	132.03249999999997	64	T	87
132.03249999999997	132.0625	6	AH0	87
132.0625	132.2025	19	EH1	87
132.2025	132.2325	58	N	87
132.2325	132.2925	31	IY0	87
132.2925	132.40249999999997	67	W	87
132.40249999999997	132.4425	8	AH2	87
132.4425	132.5025	58	N	87
132.5025	132.6225	69	Z	87
132.6225	132.6925	64	T	87
132.6925	132.8725	32	IY1	87
140.519125	140.569125	49	DH	88
140.569125	140.70912500000003	31	IY0	88
140.70912500000003	140.80912500000002	4	AE1	88
140.80912500000002	140.949125	59	NG	88
140.949125	140.989125	51	G	88
140.989125	141.05912500000002	61	R	88
141.05912500000002	141.11912500000003	31	IY0	88
141.11912500000003	141.229125	46	B	88
141.229125	141.43912500000002	38	OY1	88
141.43912500000002	141.67912500000003	4	AE1	88
141.67912500000003	141.70912500000003	58	N	88
141.70912500000003	141.829125	62	S	88
141.829125	141.96912500000002	21	ER0	88
141.96912500000002	142.02912500000002	48	D	88
142.02912500000002	142.09912500000002	46	B	88
142.09912500000002	142.12912500000002	7	AH1	88
142.12912500000002	142.15912500000002	64	T	88
142.15912500000002	142.24912500000002	48	D	88
142.24912500000002	142.289125	28	IH1	88
142.289125	142.329125	48	D	88
142.329125	142.389125	6	AH0	88
142.389125	142.479125	58	N	88
142.479125	142.519125	56	L	88
142.519125	142.58912500000002	41	UH1	88
142.58912500000002	142.64912500000003	54	K	88
142.64912500000003	142.799125	7	AH1	88
142.799125	142.859125	60	P	88
151.181	151.211	52	HH	89
151.211	151.29100000000003	67	W	89
151.29100000000003	151.32100000000003	28	IH1	89
151.32100000000003	151.491	47	CH	89
151.491	151.55100000000002	56	L	89
151.55100000000002	151.75100000000003	10	AO1	89
151.75100000000003	151.78100000000003	59	NG	89
151.78100000000003	151.89100000000002	1	AA1	89
151.89100000000002	151.94100000000003	61	R	89
151.94100000000003	151.98100000000002	64	T	89
151.98100000000002	152.03100000000003	6	AH0	89
152.03100000000003	152.121	54	K	89
152.121	152.16100000000003	6	AH0	89
152.16100000000003	152.28100000000003	56	L	89
152.28100000000003	152.36100000000002	67	W	89
152.36100000000002	152.39100000000002	6	AH0	89
152.39100000000002	152.48100000000002	69	Z	89
152.48100000000002	152.61100000000002	34	OW0	89
152.61100000000002	152.76100000000002	60	P	89
152.76100000000002	152.92100000000002	25	EY1	89
152.92100000000002	153.01100000000002	54	K	89
153.01100000000002	153.11100000000002	4	AE1	89
153.11100000000002	153.14100000000002	58	N	89
153.14100000000002	153.17100000000002	48	D	89
153.17100000000002	153.23100000000002	58	N	89
153.23100000000002	153.33100000000002	32	IY1	89
153.33100000000002	153.371	48	D	89
153.371	153.47100000000003	6	AH0	89
153.47100000000003	153.51100000000002	48	D	89
153.51100000000002	153.59100000000004	54	K	89
153.59100000000004	153.621	56	L	89
153.621	153.69100000000003	20	EH2	89
153.69100000000003	153.741	61	R	89
153.741	153.77100000000002	6	AH0	89
153.77100000000002	153.85100000000003	50	F	89
153.85100000000003	153.88100000000003	27	IH0	89
153.88100000000003	153.97100000000003	54	K	89
153.97100000000003	154.09100000000004	25	EY1	89
154.09100000000004	154.25100000000003	63	SH	89
154.25100000000003	154.29100000000003	6	AH0	89
154.29100000000003	154.42100000000002	58	N	89
161.5414375	161.6314375	52	HH	90
161.6314375	161.6614375	19	EH1	90
161.6614375	161.7414375	56	L	90
161.7414375	161.7914375	60	P	90
161.7914375	161.9514375	62	S	90
161.9514375	161.9914375	19	EH1	90
161.9914375	162.0814375	56	L	90
162.0814375	162.1114375	6	AH0	90
162.1114375	162.1814375	46	B	90
162.1814375	162.2414375	61	R	90
162.2414375	162.3314375	26	EY2	90
162.3314375	162.3614375	64	T	90
162.3614375	162.4014375	68	Y	90
162.4014375	162.4414375	41	UH1	90
162.4414375	162.4814375	61	R	90
162.4814375	162.5514375	46	B	90
162.5514375	162.62143749999998	61	R	90
162.62143749999998	162.6814375	7	AH1	90
162.6814375	162.7414375	49	DH	90
162.7414375	162.8214375	21	ER0	90
162.8214375	162.9014375	69	Z	90
162.9014375	162.9614375	62	S	90
162.9614375	163.00143749999998	6	AH0	90
163.00143749999998	163.06143749999998	54	K	90
163.06143749999998	163.1514375	62	S	90
163.1514375	163.28143749999998	19	EH1	90
163.28143749999998	163.6414375	62	S	90
172.8183125	172.9283125	67	W	91
172.9283125	172.9583125	28	IH1	91
172.9583125	172.9883125	56	L	91
172.9883125	173.0583125	68	Y	91
173.0583125	173.0883125	44	UW1	91
173.0883125	173.2383125	60	P	91
173.2383125	173.2683125	56	L	91
173.2683125	173.3983125	32	IY1	91
173.3983125	173.5083125	69	Z	91
173.5083125	173.57831249999998	54	K	91
173.57831249999998	173.60831249999998	6	AH0	91
173.60831249999998	173.66831249999998	58	N	91
173.66831249999998	173.8083125	50	F	91
173.8083125	173.9683125	10	AO1	91
173.9683125	174.0283125	61	R	91
174.0283125	174.0583125	57	M	91
174.0583125	174.1183125	74	sp	91
174.1183125	174.2083125	54	K	91
174.2083125	174.2383125	6	AH0	91
174.2383125	174.3183125	58	N	91
174.3183125	174.4083125	50	F	91
174.4083125	174.6483125	22	ER1	91
174.6483125	174.6783125	57	M	91
174.6783125	174.7183125	51	G	91
174.7183125	174.7783125	7	AH1	91
174.7783125	174.8483125	66	V	91
174.8483125	174.88831249999998	21	ER0	91
174.88831249999998	174.9783125	57	M	91
174.9783125	175.0083125	6	AH0	91
175.0083125	175.0883125	58	N	91
175.0883125	175.1183125	64	T	91
175.1183125	175.1883125	60	P	91
175.1883125	175.2383125	1	AA1	91
175.2383125	175.35831249999998	56	L	91
175.35831249999998	175.38831249999998	6	AH0	91
175.38831249999998	175.4583125	62	S	91
175.4583125	175.5683125	31	IY0	91
175.5683125	175.6783125	61	R	91
175.6783125	175.7083125	6	AH0	91
175.7083125	175.7383125	51	G	91
175.7383125	175.7983125	1	AA1	91
175.7983125	175.8683125	61	R	91
175.8683125	175.8983125	48	D	91
175.8983125	175.9383125	27	IH0	91
175.9383125	176.0083125	59	NG	91
176.0083125	176.10831249999998	67	W	91
176.10831249999998	176.16831249999998	25	EY1	91
176.16831249999998	176.2583125	62	S	91
176.2583125	176.3083125	64	T	91
176.3083125	176.3483125	61	R	91
176.3483125	176.3783125	6	AH0	91
176.3783125	176.4683125	57	M	91
176.4683125	176.5083125	44	UW1	91
176.5083125	176.63831249999998	66	V	91
176.63831249999998	176.66831249999998	6	AH0	91
176.66831249999998	176.7383125	56	L	91
184.6785625	184.7385625	49	DH	92
184.7385625	184.8485625	25	EY1	92
184.8485625	184.87856250000002	6	AH0	92
184.87856250000002	185.0985625	62	S	92
185.0985625	185.2585625	44	UW1	92
185.2585625	185.3285625	57	M	92
185.3285625	185.3885625	58	N	92
185.3885625	185.55856250000002	35	OW1	92
185.55856250000002	185.6485625	46	B	92
185.6485625	185.80856250000002	22	ER1	92
185.80856250000002	185.8685625	51	G	92
185.8685625	185.9485625	56	L	92
185.9485625	186.02856250000002	21	ER0	92
186.02856250000002	186.12856250000002	67	W	92
186.12856250000002	186.1685625	6	AH0	92
186.1685625	186.24856250000002	56	L	92
186.24856250000002	186.3185625	19	EH1	92
186.3185625	186.3985625	66	V	92
186.3985625	186.5085625	21	ER0	92
186.5085625	186.5985625	19	EH1	92
186.5985625	186.6685625	58	N	92
186.6685625	186.74856250000002	64	T	92
186.74856250000002	186.8285625	21	ER0	92
186.8285625	186.8985625	52	HH	92
186.8985625	186.9785625	28	IH1	92
186.9785625	187.0685625	61	R	92
193.974125	194.084125	52	HH	93
194.084125	194.13412499999998	32	IY1	93
194.13412499999998	194.234125	67	W	93
194.234125	194.264125	6	AH0	93
194.264125	194.434125	56	L	93
194.434125	194.464125	6	AH0	93
194.464125	194.544125	56	L	93
194.544125	194.91412499999998	13	AW1	93
194.91412499999998	194.94412499999999	6	AH0	93
194.94412499999999	195.054125	61	R	93
195.054125	195.184125	19	EH1	93
195.184125	195.244125	61	R	93
195.244125	195.394125	56	L	93
195.394125	195.674125	16	AY1	93
204.0721875	204.1421875	54	K	94
204.1421875	204.2021875	68	Y	94
204.2021875	204.2521875	42	UH2	94
204.2521875	204.3121875	61	R	94
204.3121875	204.41218750000002	31	IY0	94
204.41218750000002	204.5121875	1	AA1	94
204.5121875	204.6521875	62	S	94
204.6521875	204.6821875	6	AH0	94
204.6821875	204.7121875	64	T	94
204.7121875	204.8421875	31	IY0	94
204.8421875	204.91218750000002	4	AE1	94
204.91218750000002	204.9721875	58	N	94
204.9721875	205.0021875	48	D	94
205.0021875	205.0421875	57	M	94
205.0421875	205.1221875	33	IY2	94
205.1221875	205.1521875	48	D	94
205.1521875	205.2521875	31	IY0	94
205.2521875	205.3721875	1	AA1	94
205.3721875	205.4521875	54	K	94
205.4521875	205.5021875	61	R	94
205.5021875	205.5321875	6	AH0	94
205.5321875	205.5721875	64	T	94
205.5721875	205.6921875	31	IY0	94
205.6921875	205.8621875	62	S	94
205.8621875	205.8921875	19	EH1	94
205.8921875	205.9921875	56	L	94
205.9921875	206.0221875	48	D	94
206.0221875	206.0621875	6	AH0	94
206.0621875	206.16218750000002	57	M	94
206.16218750000002	206.2421875	54	K	94
206.2421875	206.3621875	35	OW1	94
206.3621875	206.41218750000002	27	IH0	94
206.41218750000002	206.4821875	51	G	94
206.4821875	206.5421875	69	Z	94
206.5421875	206.6421875	28	IH1	94
206.6421875	206.88218750000001	62	S	94
206.88218750000001	206.9921875	64	T	94
214.029875	214.099875	52	HH	95
214.099875	214.129875	28	IH1	95
214.129875	214.199875	69	Z	95
214.199875	214.35987500000002	62	S	95
214.35987500000002	214.439875	7	AH1	95
214.439875	214.487875	48	D	95
214.487875	214.529875	6	AH0	95
214.529875	214.589875	58	N	95
214.589875	214.629875	48	D	95
214.629875	214.669875	6	AH0	95
214.669875	214.819875	60	P	95
214.819875	214.879875	1	AA1	95
214.879875	214.949875	61	R	95
214.949875	215.059875	47	CH	95
215.059875	215.169875	21	ER0	95
215.169875	215.29987500000001	63	SH	95
215.29987500000001	215.429875	1	AA1	95
215.429875	215.489875	54	K	95
215.489875	215.569875	64	T	95
215.569875	215.599875	49	DH	95
215.599875	215.649875	7	AH1	95
215.649875	215.759875	54	K	95
215.759875	215.959875	4	AE1	95
215.959875	216.179875	62	S	95
216.179875	216.279875	64	T	95
224.145375	224.265375	63	SH	96
224.265375	224.325375	32	IY1	96
224.325375	224.53537500000002	62	S	96
224.53537500000002	224.605375	56	L	96
224.605375	224.65537500000002	28	IH1	96
224.65537500000002	224.735375	60	P	96
224.735375	224.805375	64	T	96
224.805375	224.855375	4	AE1	96
224.855375	224.885375	58	N	96
224.885375	224.915375	48	D	96
224.915375	225.09537500000002	62	S	96
225.09537500000002	225.12537500000002	60	P	96
225.12537500000002	225.225375	61	R	96
225.225375	225.325375	25	EY1	96
225.325375	225.365375	58	N	96
225.365375	225.395375	48	D	96
225.395375	225.425375	52	HH	96
225.425375	225.56537500000002	22	ER1	96
225.56537500000002	225.665375	4	AE1	96
225.665375	225.74537500000002	59	NG	96
225.74537500000002	225.825375	54	K	96
225.825375	225.855375	6	AH0	96
225.855375	225.895375	56	L	96
225.895375	225.99537500000002	1	AA1	96
225.99537500000002	226.055375	58	N	96
226.055375	226.085375	49	DH	96
226.085375	226.115375	7	AH1	96
226.115375	226.265375	62	S	96
226.265375	226.31537500000002	64	T	96
226.31537500000002	226.415375	32	IY1	96
226.415375	226.475375	60	P	96
226.475375	226.605375	62	S	96
226.605375	226.675375	56	L	96
226.675375	226.78537500000002	35	OW1	96
226.78537500000002	226.915375	60	P	96
235.537	235.637	6	AH0	97
235.637	235.77700000000002	46	B	97
235.77700000000002	235.877	28	IH1	97
235.877	236.007	51	G	97
236.007	236.08700000000002	46	B	97
236.08700000000002	236.247	35	OW1	97
236.247	236.33700000000002	64	T	97
236.33700000000002	236.547	16	AY1	97
236.547	236.597	48	D	97
236.597	236.687	56	L	97
236.687	236.827	31	IY0	97
236.827	236.967	4	AE1	97
236.967	237.037	57	M	97
237.037	237.067	46	B	97
237.067	237.097	6	AH0	97
237.097	237.187	56	L	97
237.187	237.237	48	D	97
237.237	237.27700000000002	74	sp	97
237.27700000000002	237.36700000000002	65	TH	97
237.36700000000002	237.407	61	R	97
237.407	237.487	44	UW1	97
237.487	237.517	49	DH	97
237.517	237.547	6	AH0	97
237.547	237.64700000000002	50	F	97
237.64700000000002	237.727	1	AA1	97
237.727	237.757	61	R	97
237.757	237.817	57	M	97
237.817	237.89700000000002	68	Y	97
237.89700000000002	237.947	2	AA2	97
237.947	238.047	61	R	97
238.047	238.21287919035012	48	D	97
246.3193125	246.49931249999997	63	SH	98
246.49931249999997	246.55931249999998	41	UH1	98
246.55931249999998	246.61931249999998	48	D	98
246.61931249999998	246.70931249999998	53	JH	98
246.70931249999998	246.8793125	21	ER0	98
246.8793125	247.01931249999998	4	AE1	98
247.01931249999998	247.0993125	50	F	98
247.0993125	247.18931249999997	62	S	98
247.18931249999997	247.2293125	46	B	98
247.2293125	247.3193125	32	IY1	98
247.3193125	247.4193125	54	K	98
247.4193125	247.4793125	19	EH1	98
247.4793125	247.5693125	60	P	98
247.5693125	247.64931249999998	64	T	98
247.64931249999998	247.67931249999998	6	AH0	98
247.67931249999998	247.73931249999998	58	N	98
247.73931249999998	247.8593125	62	S	98
247.8593125	247.8893125	57	M	98
247.8893125	247.98931249999998	10	AO1	98
247.98931249999998	248.08931249999998	56	L	98
248.08931249999998	248.17931249999998	69	Z	98
248.17931249999998	248.39931249999998	44	UW1	98
248.39931249999998	248.7293125	69	Z	98
256.52975	256.60974999999996	67	W	99
256.60974999999996	256.65975	32	IY1	99
256.65975	256.70975	51	G	99
256.70975	256.80975	1	AA1	99
256.80975	256.84975	64	T	99
256.84975	256.93975	48	D	99
256.93975	257.04975	61	R	99
257.04975	257.12974999999994	19	EH1	99
257.12974999999994	257.15975	58	N	99
257.15975	257.29975	47	CH	99
257.29975	257.32975	64	T	99
257.32975	257.36974999999995	74	sp	99
257.36974999999995	257.43975	50	F	99
257.43975	257.48974999999996	61	R	99
257.48974999999996	257.51975	7	AH1	99
257.51975	257.57975	57	M	99
257.57975	257.60974999999996	49	DH	99
257.60974999999996	257.71975	31	IY0	99
257.71975	257.81975	8	AH2	99
257.81975	257.89975	58	N	99
257.89975	257.97974999999997	29	IH2	99
257.97974999999997	258.04975	58	N	99
258.04975	258.18975	21	ER0	99
258.18975	258.22974999999997	7	AH1	99
258.22974999999997	258.29975	60	P	99
258.29975	258.36974999999995	64	T	99
258.36974999999995	258.39975	6	AH0	99
258.39975	258.45975	48	D	99
258.45975	258.57975	61	R	99
258.57975	258.68975	25	EY1	99
258.68975	258.87974999999994	58	N	99
277.02875	277.0606528192777	49	DH	82
277.0606528192777	277.1553945250116	6	AH0	82
277.1553945250116	277.2980153063023	54	K	82
277.2980153063023	277.4380153063023	1	AA1	82
277.4380153063023	277.5480153063023	69	Z	82
277.5480153063023	277.6580153063023	67	W	82
277.6580153063023	277.7180153063023	26	EY2	82
277.7180153063023	277.8880153063023	19	EH1	82
277.8880153063023	277.9580153063023	58	N	82
277.9580153063023	278.0080153063023	48	D	82
278.0080153063023	278.0680153063023	6	AH0	82
278.0680153063023	278.1280153063023	48	D	82
278.1280153063023	278.1780153063023	6	AH0	82
278.1780153063023	278.3080153063023	46	B	82
278.3080153063023	278.3780153063023	61	R	82
278.3780153063023	278.4280153063023	7	AH1	82
278.4280153063023	278.47801530630227	60	P	82
278.47801530630227	278.5280153063023	64	T	82
278.5280153063023	278.5980153063023	56	L	82
278.5980153063023	278.6880153063023	31	IY0	82
278.6880153063023	278.7780153063023	4	AE1	82
278.7780153063023	278.8180153063023	64	T	82
278.8180153063023	278.8780153063023	49	DH	82
278.8780153063023	278.9180153063023	6	AH0	82
278.9180153063023	279.1880153063023	63	SH	82
279.1880153063023	279.3280153063023	10	AO1	82
279.3280153063023	279.4280153063023	61	R	82
287.0243125	287.05431250000004	52	HH	89
287.05431250000004	287.1343125	67	W	89
287.1343125	287.16431250000005	28	IH1	89
287.16431250000005	287.3343125	47	CH	89
287.3343125	287.3943125	56	L	89
287.3943125	287.5943125	10	AO1	89
287.5943125	287.62431250000003	59	NG	89
287.62431250000003	287.7343125	1	AA1	89
287.7343125	287.78431250000006	61	R	89
287.78431250000006	287.8243125	64	T	89
287.8243125	287.87431250000003	6	AH0	89
287.87431250000003	287.9643125	54	K	89
287.9643125	288.0043125	6	AH0	89
288.0043125	288.12431250000003	56	L	89
288.12431250000003	288.2043125	67	W	89
288.2043125	288.2343125	6	AH0	89
288.2343125	288.3243125	69	Z	89
288.3243125	288.4543125	34	OW0	89
288.4543125	288.6043125	60	P	89
288.6043125	288.7643125	25	EY1	89
288.7643125	288.8543125	54	K	89
288.8543125	288.9543125	4	AE1	89
288.9543125	288.9843125	58	N	89
288.9843125	289.0143125	48	D	89
289.0143125	289.0743125	58	N	89
289.0743125	289.17431250000004	32	IY1	89
289.17431250000004	289.2143125	48	D	89
289.2143125	289.3143125	6	AH0	89
289.3143125	289.3543125	48	D	89
289.3543125	289.43431250000003	54	K	89
289.43431250000003	289.4643125	56	L	89
289.4643125	289.53431250000006	20	EH2	89
289.53431250000006	289.5843125	61	R	89
289.5843125	289.6143125	6	AH0	89
289.6143125	289.6943125	50	F	89
289.6943125	289.7243125	27	IH0	89
289.7243125	289.8143125	54	K	89
289.8143125	289.93431250000003	25	EY1	89
289.93431250000003	290.0943125	63	SH	89
290.0943125	290.1343125	6	AH0	89
290.1343125	290.2643125	58	N	89
297.4954375	297.6054375	52	HH	93
297.6054375	297.65543749999995	32	IY1	93
297.65543749999995	297.75543749999997	67	W	93
297.75543749999997	297.7854375	6	AH0	93
297.7854375	297.9554375	56	L	93
297.9554375	297.9854375	6	AH0	93
297.9854375	298.06543750000003	56	L	93
298.06543750000003	298.4354375	13	AW1	93
298.4354375	298.4654375	6	AH0	93
298.4654375	298.5754375	61	R	93
298.5754375	298.7054375	19	EH1	93
298.7054375	298.76543749999996	61	R	93
298.76543749999996	298.9154375	56	L	93
298.9154375	299.1954375	16	AY1	93
307.487625	307.66762499999993	63	SH	98
307.66762499999993	307.727625	41	UH1	98
307.727625	307.78762499999993	48	D	98
307.78762499999993	307.87762499999997	53	JH	98
307.87762499999997	308.047625	21	ER0	98
308.047625	308.18762499999997	4	AE1	98
308.18762499999997	308.26762499999995	50	F	98
308.26762499999995	308.357625	62	S	98
308.357625	308.39762499999995	46	B	98
308.39762499999995	308.487625	32	IY1	98
308.487625	308.587625	54	K	98
308.587625	308.64762499999995	19	EH1	98
308.64762499999995	308.737625	60	P	98
308.737625	308.81762499999996	64	T	98
308.81762499999996	308.847625	6	AH0	98
308.847625	308.90762499999994	58	N	98
308.90762499999994	309.02762499999994	62	S	98
309.02762499999994	309.057625	57	M	98
309.057625	309.15762499999994	10	AO1	98
309.15762499999994	309.25762499999996	56	L	98
309.25762499999996	309.347625	69	Z	98
309.347625	309.56762499999996	44	UW1	98
309.56762499999996	309.89762499999995	69	Z	98
317.697625	317.73762500000004	49	DH	87
317.73762500000004	317.897625	31	IY0	87
317.897625	318.007625	36	OW2	87
318.007625	318.05762500000003	66	V	87
318.05762500000003	318.147625	21	ER0	87
318.147625	318.23762500000004	67	W	87
318.23762500000004	318.347625	25	EY1	87
318.347625	318.377625	64	T	87
318.377625	318.507625	47	CH	87
318.507625	318.577625	1	AA1	87
318.577625	318.637625	61	R	87
318.637625	318.717625	57	M	87
318.717625	318.847625	21	ER0	87
318.847625	318.957625	54	K	87
318.957625	318.98762500000004	41	UH1	87
318.98762500000004	319.04762500000004	48	D	87
319.04762500000004	319.247625	62	S	87
319.247625	319.317625	56	L	87
319.317625	319.357625	28	IH1	87
319.357625	319.41762500000004	60	P	87
319.41762500000004	319.54762500000004	60	P	87
319.54762500000004	319.697625	38	OY1	87
319.697625	319.80762500000003	69	Z	87
319.80762500000003	319.837625	6	AH0	87
319.837625	319.897625	58	N	87
319.897625	319.937625	29	IH2	87
319.937625	319.997625	58	N	87
319.997625	320.027625	64	T	87
320.027625	320.05762500000003	6	AH0	87
320.05762500000003	320.197625	19	EH1	87
320.197625	320.227625	58	N	87
320.227625	320.28762500000005	31	IY0	87
320.28762500000005	320.397625	67	W	87
320.397625	320.437625	8	AH2	87
320.437625	320.497625	58	N	87
320.497625	320.61762500000003	69	Z	87
320.61762500000003	320.687625	64	T	87
320.687625	320.86762500000003	32	IY1	87
328.6155	328.70550000000003	52	HH	90
328.70550000000003	328.7355	19	EH1	90
328.7355	328.8155	56	L	90
328.8155	328.8655	60	P	90
328.8655	329.02549999999997	62	S	90
329.02549999999997	329.0655	19	EH1	90
329.0655	329.15549999999996	56	L	90
329.15549999999996	329.1855	6	AH0	90
329.1855	329.2555	46	B	90
329.2555	329.3155	61	R	90
329.3155	329.40549999999996	26	EY2	90
329.40549999999996	329.4355	64	T	90
329.4355	329.4755	68	Y	90
329.4755	329.5155	41	UH1	90
329.5155	329.5555	61	R	90
329.5555	329.6255	46	B	90
329.6255	329.6955	61	R	90
329.6955	329.7555	7	AH1	90
329.7555	329.8155	49	DH	90
329.8155	329.89549999999997	21	ER0	90
329.89549999999997	329.9755	69	Z	90
329.9755	330.03549999999996	62	S	90
330.03549999999996	330.0755	6	AH0	90
330.0755	330.1355	54	K	90
330.1355	330.2255	62	S	90
330.2255	330.3555	19	EH1	90
330.3555	330.7155	62	S	90
338.52825	338.57825	49	DH	84
338.57825	338.61825	6	AH0	84
338.61825	338.81825000000003	62	S	84
338.81825000000003	338.86825	60	P	84
338.86825	338.97825	32	IY1	84
338.97825	339.14825	47	CH	84
339.14825	339.31825000000003	62	S	84
339.31825000000003	339.35825	28	IH1	84
339.35825	339.55825000000004	57	M	84
339.55825000000004	339.91825	74	sp	84
339.91825	340.08825	62	S	84
340.08825	340.11825	29	IH2	84
340.11825	340.19825000000003	57	M	84
340.19825000000003	340.33825	60	P	84
340.33825	340.47825	35	OW1	84
340.47825	340.57825	69	Z	84
340.57825	340.66825	31	IY0	84
340.66825	340.77825	6	AH0	84
340.77825	340.91825	57	M	84
340.91825	340.96825	74	sp	84
340.96825	341.02825	57	M	84
341.02825	341.14825	16	AY1	84
341.14825	341.17825	64	T	84
341.17825	341.23825	46	B	84
341.23825	341.30825000000004	27	IH0	84
341.30825000000004	341.35825	51	G	84
341.35825	341.46825	28	IH1	84
341.46825	341.53825	58	N	84
341.53825	341.67825	1	AA1	84
341.67825	341.70825	58	N	84
341.70825	341.80825000000004	57	M	84
341.80825000000004	341.86825	7	AH1	84
341.86825	341.94825000000003	58	N	84
341.94825000000003	341.99825	48	D	84
341.99825	342.14825	26	EY2	84
350.9024375	350.98243750000006	67	W	99
350.98243750000006	351.0324375	32	IY1	99
351.0324375	351.0824375	51	G	99
351.0824375	351.1824375	1	AA1	99
351.1824375	351.2224375	64	T	99
351.2224375	351.3124375	48	D	99
351.3124375	351.4224375	61	R	99
351.4224375	351.50243750000004	19	EH1	99
351.50243750000004	351.5324375	58	N	99
351.5324375	351.6724375	47	CH	99
351.6724375	351.70243750000003	64	T	99
351.70243750000003	351.74243750000005	74	sp	99
351.74243750000005	351.8124375	50	F	99
351.8124375	351.86243750000006	61	R	99
351.86243750000006	351.8924375	7	AH1	99
351.8924375	351.95243750000003	57	M	99
351.95243750000003	351.98243750000006	49	DH	99
351.98243750000006	352.0924375	31	IY0	99
352.0924375	352.1924375	8	AH2	99
352.1924375	352.2724375	58	N	99
352.2724375	352.35243750000006	29	IH2	99
352.35243750000006	352.4224375	58	N	99
352.4224375	352.5624375	21	ER0	99
352.5624375	352.60243750000006	7	AH1	99
352.60243750000006	352.6724375	60	P	99
352.6724375	352.74243750000005	64	T	99
352.74243750000005	352.7724375	6	AH0	99
352.7724375	352.8324375	48	D	99
352.8324375	352.95243750000003	61	R	99
352.95243750000003	353.0624375	25	EY1	99
353.0624375	353.25243750000004	58	N	99
360.86749999999995	361.0075	16	AY1	85
361.0075	361.0575	48	D	85
361.0575	361.1675	61	R	85
361.1675	361.28749999999997	4	AE1	85
361.28749999999997	361.3275	49	DH	85
361.3275	361.4175	21	ER0	85
361.4175	361.4575	58	N	85
361.4575	361.61749999999995	1	AA1	85
361.61749999999995	361.6475	64	T	85
361.6475	361.72749999999996	46	B	85
361.72749999999996	361.8975	16	AY1	85
361.8975	361.9375	49	DH	85
361.9375	362.0575	32	IY1	85
362.0575	362.0875	69	Z	85
362.0875	362.23749999999995	63	SH	85
362.23749999999995	362.4375	44	UW1	85
362.4375	362.6475	69	Z	85
362.6475	362.6975	49	DH	85
362.6975	362.8275	4	AE1	85
362.8275	362.9575	58	N	85
362.9575	362.9975	46	B	85
362.9975	363.1275	32	IY1	85
363.1275	363.2175	35	OW1	85
363.2175	363.2575	66	V	85
363.2575	363.3375	21	ER0	85
363.3375	363.4475	47	CH	85
363.4475	363.5175	1	AA1	85
363.5175	363.5875	61	R	85
363.5875	363.8275	53	JH	85
363.8275	363.85749999999996	48	D	85
372.0499375	372.15047971832985	46	B	81
372.15047971832985	372.25102193665964	16	AY1	81
372.25102193665964	372.3766997095719	32	IY1	81
372.3766997095719	372.41343628934624	64	T	81
372.41343628934624	372.51784551607335	27	IH0	81
372.51784551607335	372.5927644943598	59	NG	81
372.5927644943598	372.68162698499015	68	Y	81
372.68162698499015	372.79162698499016	35	OW1	81
372.79162698499016	372.82162698499013	51	G	81
372.82162698499013	372.97162698499017	21	ER0	81
372.97162698499017	373.00162698499014	64	T	81
373.00162698499014	373.09162698499017	68	Y	81
373.09162698499017	373.12162698499014	44	UW1	81
373.12162698499014	373.2116269849902	57	M	81
373.2116269849902	373.3316269849901	25	EY1	81
373.3316269849901	373.4516269849901	56	L	81
373.4516269849901	373.50162698499014	28	IH1	81
373.50162698499014	373.5816269849901	66	V	81
373.5816269849901	373.66162698499016	56	L	81
373.66162698499016	373.73162698499016	10	AO1	81
373.73162698499016	373.82162698499013	59	NG	81
373.82162698499013	373.87162698499014	51	G	81
373.87162698499014	374.0216269849901	21	ER0	81
381.6410625	381.7510625	67	W	83
381.7510625	381.8110625	19	EH1	83
381.8110625	381.8710625	49	DH	83
381.8710625	381.9710625	21	ER0	83
381.9710625	382.0610625	60	P	83
382.0610625	382.1410625	61	R	83
382.1410625	382.1710625	45	UW2	83
382.1710625	382.28106249999996	50	F	83
382.28106249999996	382.34106249999996	51	G	83
382.34106249999996	382.3710625	6	AH0	83
382.3710625	382.4810625	56	L	83
382.4810625	382.6010625	1	AA1	83
382.6010625	382.7510625	63	SH	83
382.7510625	382.78106249999996	6	AH0	83
382.78106249999996	382.9310625	69	Z	83
382.9310625	382.9910625	1	AA1	83
382.9910625	383.04106249999995	61	R	83
383.04106249999995	383.1110625	66	V	83
383.1110625	383.2210625	19	EH1	83
383.2210625	383.29106249999995	61	R	83
383.29106249999995	383.3710625	31	IY0	83
383.3710625	383.5010625	68	Y	83
383.5010625	383.53106249999996	44	UW1	83
383.53106249999996	383.65106249999997	62	S	83
383.65106249999997	383.7010625	50	F	83
383.7010625	383.7410625	6	AH0	83
383.7410625	383.8610625	56	L	83
383.8610625	383.8910625	6	AH0	83
383.8910625	383.9410625	58	N	83
383.9410625	384.0810625	62	S	83
384.0810625	384.1810625	31	IY0	83
384.1810625	384.3210625	4	AE1	83
384.3210625	384.3810625	64	T	83
384.3810625	384.41106249999996	6	AH0	83
384.41106249999996	384.4710625	56	L	83
393.4605	393.5305	54	K	94
393.5305	393.5905	68	Y	94
393.5905	393.6405	42	UH2	94
393.6405	393.70050000000003	61	R	94
393.70050000000003	393.80050000000006	31	IY0	94
393.80050000000006	393.9005	1	AA1	94
393.9005	394.0405	62	S	94
394.0405	394.07050000000004	6	AH0	94
394.07050000000004	394.1005	64	T	94
394.1005	394.2305	31	IY0	94
394.2305	394.30050000000006	4	AE1	94
394.30050000000006	394.3605	58	N	94
394.3605	394.3905	48	D	94
394.3905	394.43050000000005	57	M	94
394.43050000000005	394.5105	33	IY2	94
394.5105	394.5405	48	D	94
394.5405	394.6405	31	IY0	94
394.6405	394.7605	1	AA1	94
394.7605	394.8405	54	K	94
394.8405	394.8905	61	R	94
394.8905	394.9205	6	AH0	94
394.9205	394.9605	64	T	94
394.9605	395.08050000000003	31	IY0	94
395.08050000000003	395.2505	62	S	94
395.2505	395.2805	19	EH1	94
395.2805	395.3805	56	L	94
395.3805	395.4105	48	D	94
395.4105	395.45050000000003	6	AH0	94
395.45050000000003	395.55050000000006	57	M	94
395.55050000000006	395.6305	54	K	94
395.6305	395.7505	35	OW1	94
395.7505	395.80050000000006	27	IH0	94
395.80050000000006	395.8705	51	G	94
395.8705	395.93050000000005	69	Z	94
395.93050000000005	396.0305	28	IH1	94
396.0305	396.2705	62	S	94
396.2705	396.3805	64	T	94
403.9430625	403.98306249999996	46	B	86
403.98306249999996	404.0730625	32	IY1	86
404.0730625	404.2130625	54	K	86
404.2130625	404.28306249999997	19	EH1	86
404.28306249999997	404.3330625	61	R	86
404.3330625	404.42306249999996	50	F	86
404.42306249999996	404.4530625	6	AH0	86
404.4530625	404.50306249999994	56	L	86
404.50306249999994	404.5630625	58	N	86
404.5630625	404.66306249999997	1	AA1	86
404.66306249999997	404.6930625	64	T	86
404.6930625	404.75306249999994	64	T	86
404.75306249999994	404.80306249999995	6	AH0	86
404.80306249999995	404.97306249999997	60	P	86
404.97306249999997	405.00306249999994	56	L	86
405.00306249999994	405.1530625	13	AW1	86
405.1530625	405.3430625	35	OW1	86
405.3430625	405.4030625	66	V	86
405.4030625	405.4530625	21	ER0	86
405.4530625	405.5230625	49	DH	86
405.5230625	405.55306249999995	6	AH0	86
405.55306249999995	405.66306249999997	50	F	86
405.66306249999997	405.72306249999997	56	L	86
405.72306249999997	405.86306249999996	13	AW1	86
405.86306249999996	405.9430625	21	ER0	86
405.9430625	406.0230625	46	B	86
406.0230625	406.17306249999996	19	EH1	86
406.17306249999996	406.2730625	48	D	86
406.2730625	406.55306249999995	69	Z	86
422.4036875	422.5236875	63	SH	96
422.5236875	422.5836875	32	IY1	96
422.5836875	422.79368750000003	62	S	96
422.79368750000003	422.86368749999997	56	L	96
422.86368749999997	422.91368750000004	28	IH1	96
422.91368750000004	422.99368749999996	60	P	96
422.99368749999996	423.0636875	64	T	96
423.0636875	423.11368749999997	4	AE1	96
423.11368749999997	423.1436875	58	N	96
423.1436875	423.1736875	48	D	96
423.1736875	423.3536875	62	S	96
423.3536875	423.3836875	60	P	96
423.3836875	423.4836875	61	R	96
423.4836875	423.5836875	25	EY1	96
423.5836875	423.62368749999996	58	N	96
423.62368749999996	423.6536875	48	D	96
423.6536875	423.6836875	52	HH	96
423.6836875	423.8236875	22	ER1	96
423.8236875	423.9236875	4	AE1	96
423.9236875	424.0036875	59	NG	96
424.0036875	424.0836875	54	K	96
424.0836875	424.11368749999997	6	AH0	96
424.11368749999997	424.1536875	56	L	96
424.1536875	424.2536875	1	AA1	96
424.2536875	424.3136875	58	N	96
424.3136875	424.3436875	49	DH	96
424.3436875	424.37368749999996	7	AH1	96
424.37368749999996	424.5236875	62	S	96
424.5236875	424.5736875	64	T	96
424.5736875	424.6736875	32	IY1	96
424.6736875	424.7336875	60	P	96
424.7336875	424.86368749999997	62	S	96
424.86368749999997	424.9336875	56	L	96
424.9336875	425.04368750000003	35	OW1	96
425.04368750000003	425.1736875	60	P	96
432.4485625	432.5485625	6	AH0	97
432.5485625	432.6885625	46	B	97
432.6885625	432.7885625	28	IH1	97
432.7885625	432.9185625	51	G	97
432.9185625	432.9985625	46	B	97
432.9985625	433.1585625	35	OW1	97
433.1585625	433.2485625	64	T	97
433.2485625	433.45856249999997	16	AY1	97
433.45856249999997	433.5085625	48	D	97
433.5085625	433.59856249999996	56	L	97
433.59856249999996	433.73856249999994	31	IY0	97
433.73856249999994	433.8785625	4	AE1	97
433.8785625	433.9485625	57	M	97
433.9485625	433.97856249999995	46	B	97
433.97856249999995	434.0085625	6	AH0	97
434.0085625	434.09856249999996	56	L	97
434.09856249999996	434.14856249999997	48	D	97
434.14856249999997	434.1885625	74	sp	97
434.1885625	434.2785625	65	TH	97
434.2785625	434.3185625	61	R	97
434.3185625	434.39856249999997	44	UW1	97
434.39856249999997	434.4285625	49	DH	97
434.4285625	434.45856249999997	6	AH0	97
434.45856249999997	434.5585625	50	F	97
434.5585625	434.6385625	1	AA1	97
434.6385625	434.6685625	61	R	97
434.6685625	434.72856249999995	57	M	97
434.72856249999995	434.8085625	68	Y	97
434.8085625	434.85856249999995	2	AA2	97
434.85856249999995	434.95856249999997	61	R	97
434.95856249999997	435.12444169035007	48	D	97
443.147375	443.217375	52	HH	95
443.217375	443.24737500000003	28	IH1	95
443.24737500000003	443.31737499999997	69	Z	95
443.31737499999997	443.47737500000005	62	S	95
443.47737500000005	443.557375	7	AH1	95
443.557375	443.605375	48	D	95
443.605375	443.647375	6	AH0	95
443.647375	443.707375	58	N	95
443.707375	443.74737500000003	48	D	95
443.74737500000003	443.787375	6	AH0	95
443.787375	443.937375	60	P	95
443.937375	443.99737500000003	1	AA1	95
443.99737500000003	444.06737499999997	61	R	95
444.06737499999997	444.177375	47	CH	95
444.177375	444.287375	21	ER0	95
444.287375	444.417375	63	SH	95
444.417375	444.547375	1	AA1	95
444.547375	444.60737500000005	54	K	95
444.60737500000005	444.687375	64	T	95
444.687375	444.717375	49	DH	95
444.717375	444.767375	7	AH1	95
444.767375	444.87737500000003	54	K	95
444.87737500000003	445.077375	4	AE1	95
445.077375	445.297375	62	S	95
445.297375	445.397375	64	T	95
453.878625	453.988625	67	W	91
453.988625	454.01862500000004	28	IH1	91
454.01862500000004	454.048625	56	L	91
454.048625	454.118625	68	Y	91
454.118625	454.14862500000004	44	UW1	91
454.14862500000004	454.298625	60	P	91
454.298625	454.328625	56	L	91
454.328625	454.458625	32	IY1	91
454.458625	454.568625	69	Z	91
454.568625	454.638625	54	K	91
454.638625	454.668625	6	AH0	91
454.668625	454.72862499999997	58	N	91
454.72862499999997	454.868625	50	F	91
454.868625	455.02862500000003	10	AO1	91
455.02862500000003	455.088625	61	R	91
455.088625	455.118625	57	M	91
455.118625	455.178625	74	sp	91
455.178625	455.26862500000004	54	K	91
455.26862500000004	455.298625	6	AH0	91
455.298625	455.378625	58	N	91
455.378625	455.468625	50	F	91
455.468625	455.708625	22	ER1	91
455.708625	455.738625	57	M	91
455.738625	455.77862500000003	51	G	91
455.77862500000003	455.838625	7	AH1	91
455.838625	455.90862500000003	66	V	91
455.90862500000003	455.948625	21	ER0	91
455.948625	456.038625	57	M	91
456.038625	456.068625	6	AH0	91
456.068625	456.14862500000004	58	N	91
456.14862500000004	456.178625	64	T	91
456.178625	456.248625	60	P	91
456.248625	456.298625	1	AA1	91
456.298625	456.418625	56	L	91
456.418625	456.448625	6	AH0	91
456.448625	456.51862500000004	62	S	91
456.51862500000004	456.628625	31	IY0	91
456.628625	456.738625	61	R	91
456.738625	456.76862500000004	6	AH0	91
456.76862500000004	456.798625	51	G	91
456.798625	456.858625	1	AA1	91
456.858625	456.928625	61	R	91
456.928625	456.958625	48	D	91
456.958625	456.998625	27	IH0	91
456.998625	457.068625	59	NG	91
457.068625	457.168625	67	W	91
457.168625	457.22862499999997	25	EY1	91
457.22862499999997	457.318625	62	S	91
457.318625	457.368625	64	T	91
457.368625	457.40862500000003	61	R	91
457.40862500000003	457.438625	6	AH0	91
457.438625	457.52862500000003	57	M	91
457.52862500000003	457.568625	44	UW1	91
457.568625	457.698625	66	V	91
457.698625	457.72862499999997	6	AH0	91
457.72862499999997	457.798625	56	L	91
464.87974999999994	464.93975	49	DH	92
464.93975	465.04975	25	EY1	92
465.04975	465.07975	6	AH0	92
465.07975	465.29975	62	S	92
465.29975	465.45975	44	UW1	92
465.45975	465.52975	57	M	92
465.52975	465.58975	58	N	92
465.58975	465.75975	35	OW1	92
465.75975	465.84975	46	B	92
465.84975	466.00975	22	ER1	92
466.00975	466.06975	51	G	92
466.06975	466.14975	56	L	92
466.14975	466.22974999999997	21	ER0	92
466.22974999999997	466.32975	67	W	92
466.32975	466.36974999999995	6	AH0	92
466.36974999999995	466.44975	56	L	92
466.44975	466.51975	19	EH1	92
466.51975	466.59975	66	V	92
466.59975	466.70975	21	ER0	92
466.70975	466.79975	19	EH1	92
466.79975	466.86974999999995	58	N	92
466.86974999999995	466.94975	64	T	92
466.94975	467.02975	21	ER0	92
467.02975	467.09975	52	HH	92
467.09975	467.17975	28	IH1	92
467.17975	467.26975	61	R	92
475.078	475.12799999999993	49	DH	88
475.12799999999993	475.268	31	IY0	88
475.268	475.36799999999994	4	AE1	88
475.36799999999994	475.5079999999999	59	NG	88
475.5079999999999	475.54799999999994	51	G	88
475.54799999999994	475.61799999999994	61	R	88
475.61799999999994	475.678	31	IY0	88
475.678	475.78799999999995	46	B	88
475.78799999999995	475.99799999999993	38	OY1	88
475.99799999999993	476.23799999999994	4	AE1	88
476.23799999999994	476.268	58	N	88
476.268	476.3879999999999	62	S	88
476.3879999999999	476.52799999999996	21	ER0	88
476.52799999999996	476.58799999999997	48	D	88
476.58799999999997	476.65799999999996	46	B	88
476.65799999999996	476.688	7	AH1	88
476.688	476.71799999999996	64	T	88
476.71799999999996	476.808	48	D	88
476.808	476.84799999999996	28	IH1	88
476.84799999999996	476.8879999999999	48	D	88
476.8879999999999	476.948	6	AH0	88
476.948	477.03799999999995	58	N	88
477.03799999999995	477.078	56	L	88
477.078	477.14799999999997	41	UH1	88
477.14799999999997	477.20799999999997	54	K	88
477.20799999999997	477.35799999999995	7	AH1	88
477.35799999999995	477.41799999999995	60	P	88
