271.922	272.122	5	AE2	80
272.122	272.172	51	G	80
272.172	272.242	61	R	80
272.242	272.272	6	AH0	80
272.272	272.362	54	K	80
272.362	272.392	7	AH1	80
272.392	272.462	56	L	80
272.462	272.562	47	CH	80
272.562	272.602	21	ER0	80
272.602	272.632	6	AH0	80
272.632	272.692	56	L	80
272.692	272.782	60	P	80
272.782	272.842	61	R	80
272.842	272.922	1	AA1	80
272.922	272.952	48	D	80
272.952	273.002	6	AH0	80
273.002	273.082	54	K	80
273.082	273.142	62	S	80
273.142	273.212	1	AA1	80
273.212	273.312	61	R	80
273.312	273.362	6	AH0	80
273.362	273.442	58	N	80
273.442	273.582	32	IY1	80
273.582	273.632	66	V	80
273.632	273.682	6	AH0	80
273.682	273.762	58	N	80
273.762	273.802	56	L	80
273.802	273.872	31	IY0	80
273.872	273.952	48	D	80
273.952	273.992	29	IH2	80
273.992	274.082	62	S	80
274.082	274.132	64	T	80
274.132	274.162	61	R	80
274.162	274.192	28	IH1	80
274.192	274.262	46	B	80
274.262	274.302	68	Y	80
274.302	274.332	6	AH0	80
274.332	274.402	64	T	80
274.402	274.492	6	AH0	80
274.492	274.602	48	D	80
274.602	275.072	74	sp	80
282.592	282.652	46	B	81
282.652	282.762	16	AY1	81
282.762	282.952	32	IY1	81
282.952	282.982	64	T	81
282.982	283.052	27	IH0	81
283.052	283.152	59	NG	81
283.152	283.242	68	Y	81
283.242	283.342	35	OW1	81
283.342	283.412	51	G	81
283.412	283.532	21	ER0	81
283.532	283.562	64	T	81
283.562	283.652	68	Y	81
283.652	283.682	44	UW1	81
283.682	283.752	57	M	81
283.752	283.852	25	EY1	81
283.852	283.98559262637656	56	L	81
283.98559262637656	284.0706668111172	28	IH1	81
284.0706668111172	284.1480069790632	66	V	81
284.1480069790632	284.21968807672295	56	L	81
284.21968807672295	284.3144297824568	10	AO1	81
284.3144297824568	284.4024042234954	59	NG	81
284.4024042234954	284.4178722570846	51	G	81
284.4178722570846	284.532	21	ER0	81
292.492	292.882	74	sp	82
292.882	292.942	49	DH	82
292.942	292.992	6	AH0	82
292.992	293.152	54	K	82
293.152	293.282	1	AA1	82
293.282	293.362	69	Z	82
293.362	293.462	67	W	82
293.462	293.542	26	EY2	82
293.542	293.692	19	EH1	82
293.692	293.752	58	N	82
293.752	293.802	48	D	82
293.802	293.892	6	AH0	82
293.892	293.942	48	D	82
293.942	293.992	6	AH0	82
293.992	294.122	46	B	82
294.122	294.192	61	R	82
294.192	294.222	7	AH1	82
294.222	294.282	60	P	82
294.282	294.332	64	T	82
294.332	294.392	56	L	82
294.392	294.512	31	IY0	82
294.512	294.602	4	AE1	82
294.602	294.642	64	T	82
294.642	294.672	49	DH	82
294.672	294.702	6	AH0	82
294.702	294.852	63	SH	82
294.852	294.992	10	AO1	82
294.992	295.082	61	R	82
301.742	302.052	74	sp	83
302.052	302.182	67	W	83
302.182	302.222	19	EH1	83
302.222	302.282	49	DH	83
302.282	302.352	21	ER0	83
302.352	302.462	60	P	83
302.462	302.662	61	R	83
302.662	302.692	45	UW2	83
302.692	302.722	50	F	83
302.722	302.812	60	P	83
302.812	302.892	61	R	83
302.892	302.922	44	UW1	83
302.922	303.012	50	F	83
303.012	303.072	74	sp	83
303.072	303.142	51	G	83
303.142	303.172	6	AH0	83
303.172	303.282	56	L	83
303.282	303.382	1	AA1	83
303.382	303.522	63	SH	83
303.522	303.572	6	AH0	83
303.572	303.682	69	Z	83
303.682	303.732	1	AA1	83
303.732	303.792	61	R	83
303.792	303.852	66	V	83
303.852	303.942	19	EH1	83
303.942	304.032	61	R	83
304.032	304.072	31	IY0	83
304.072	304.212	68	Y	83
304.212	304.242	44	UW1	83
304.242	304.352	62	S	83
304.352	304.402	50	F	83
304.402	304.432	6	AH0	83
304.432	304.522	56	L	83
304.522	304.552	6	AH0	83
304.552	304.602	58	N	83
304.602	304.722	62	S	83
304.722	304.822	31	IY0	83
304.822	304.962	4	AE1	83
304.962	304.992	64	T	83
304.992	305.032	6	AH0	83
305.032	305.112	56	L	83
312.482	312.692	74	sp	84
312.692	312.762	49	DH	84
312.762	312.792	6	AH0	84
312.792	312.982	62	S	84
312.982	313.032	60	P	84
313.032	313.142	32	IY1	84
313.142	313.252	47	CH	84
313.252	313.412	62	S	84
313.412	313.442	29	IH2	84
313.442	313.522	57	M	84
313.522	313.632	60	P	84
313.632	313.752	35	OW1	84
313.752	313.842	69	Z	84
313.842	313.942	31	IY0	84
313.942	313.972	6	AH0	84
313.972	314.082	57	M	84
314.082	314.142	57	M	84
314.142	314.292	16	AY1	84
314.292	314.322	64	T	84
314.322	314.362	46	B	84
314.362	314.392	27	IH0	84
314.392	314.422	51	G	84
314.422	314.552	28	IH1	84
314.552	314.612	58	N	84
314.612	314.722	1	AA1	84
314.722	314.752	58	N	84
314.752	314.862	57	M	84
314.862	314.912	7	AH1	84
314.912	314.992	58	N	84
314.992	315.042	48	D	84
315.042	315.182	26	EY2	84
323.462	323.642	74	sp	85
323.642	323.772	16	AY1	85
323.772	323.812	48	D	85
323.812	323.952	61	R	85
323.952	324.072	4	AE1	85
324.072	324.112	49	DH	85
324.112	324.202	21	ER0	85
324.202	324.272	58	N	85
324.272	324.462	1	AA1	85
324.462	324.492	64	T	85
324.492	324.532	46	B	85
324.532	324.692	16	AY1	85
324.692	324.732	49	DH	85
324.732	324.852	32	IY1	85
324.852	324.892	69	Z	85
324.892	325.012	63	SH	85
325.012	325.172	44	UW1	85
325.172	325.282	69	Z	85
325.282	325.332	49	DH	85
325.332	325.362	4	AE1	85
325.362	325.442	58	N	85
325.442	325.492	46	B	85
325.492	325.602	32	IY1	85
325.602	325.702	35	OW1	85
325.702	325.752	66	V	85
325.752	325.842	21	ER0	85
325.842	325.972	47	CH	85
325.972	326.052	1	AA1	85
326.052	326.132	61	R	85
326.132	326.422	53	JH	85
326.422	326.452	48	D	85
326.452	326.752	74	sp	85
333.792	333.842	46	B	86
333.842	333.922	32	IY1	86
333.922	334.042	54	K	86
334.042	334.102	19	EH1	86
334.102	334.162	61	R	86
334.162	334.252	50	F	86
334.252	334.282	6	AH0	86
334.282	334.322	56	L	86
334.322	334.372	58	N	86
334.372	334.462	1	AA1	86
334.462	334.502	64	T	86
334.502	334.552	64	T	86
334.552	334.592	6	AH0	86
334.592	334.722	60	P	86
334.722	334.752	56	L	86
334.752	334.982	13	AW1	86
334.982	335.092	35	OW1	86
335.092	335.142	66	V	86
335.142	335.192	21	ER0	86
335.192	335.252	49	DH	86
335.252	335.282	6	AH0	86
335.282	335.382	50	F	86
335.382	335.452	56	L	86
335.452	335.582	13	AW1	86
335.582	335.672	21	ER0	86
335.672	335.732	46	B	86
335.732	335.892	19	EH1	86
335.892	335.972	48	D	86
335.972	336.272	69	Z	86
336.272	336.672	74	sp	86
345.552	345.602	49	DH	87
345.602	345.722	31	IY0	87
345.722	345.862	36	OW2	87
345.862	345.902	66	V	87
345.902	345.982	21	ER0	87
345.982	346.072	67	W	87
346.072	346.162	25	EY1	87
346.162	346.192	64	T	87
346.192	346.322	47	CH	87
346.322	346.402	1	AA1	87
346.402	346.432	61	R	87
346.432	346.502	57	M	87
346.502	346.612	21	ER0	87
346.612	346.682	54	K	87
346.682	346.722	41	UH1	87
346.722	346.762	48	D	87
346.762	346.882	62	S	87
346.882	346.922	56	L	87
346.922	346.962	28	IH1	87
346.962	347.012	60	P	87
347.012	347.152	60	P	87
347.152	347.272	38	OY1	87
347.272	347.402	69	Z	87
347.402	347.442	6	AH0	87
347.442	347.552	58	N	87
347.552	347.602	29	IH2	87
347.602	347.672	58	N	87
347.672	347.722	64	T	87
347.722	347.752	6	AH0	87
347.752	347.892	19	EH1	87
347.892	347.922	58	N	87
347.922	347.982	31	IY0	87
347.982	348.082	67	W	87
348.082	348.112	8	AH2	87
348.112	348.142	58	N	87
348.142	348.272	69	Z	87
348.272	348.372	64	T	87
348.372	348.552	32	IY1	87
348.552	349.022	74	sp	87
356.402	356.462	49	DH	88
356.462	356.532	31	IY0	88
356.532	356.602	4	AE1	88
356.602	356.702	59	NG	88
356.702	356.732	51	G	88
356.732	356.782	61	R	88
356.782	356.832	31	IY0	88
356.832	356.942	46	B	88
356.942	357.092	38	OY1	88
357.092	357.292	4	AE1	88
357.292	357.362	58	N	88
357.362	357.412	62	S	88
357.412	357.532	21	ER0	88
357.532	357.602	48	D	88
357.602	357.642	46	B	88
357.642	357.692	7	AH1	88
357.692	357.722	64	T	88
357.722	357.812	48	D	88
357.812	357.862	28	IH1	88
357.862	357.892	48	D	88
357.892	357.972	6	AH0	88
357.972	358.032	58	N	88
358.032	358.102	56	L	88
358.102	358.172	41	UH1	88
358.172	358.242	54	K	88
358.242	358.402	7	AH1	88
358.402	358.522	60	P	88
366.802	366.912	67	W	89
366.912	366.952	28	IH1	89
366.952	367.102	47	CH	89
367.102	367.172	56	L	89
367.172	367.272	10	AO1	89
367.272	367.312	59	NG	89
367.312	367.432	1	AA1	89
367.432	367.472	61	R	89
367.472	367.502	64	T	89
367.502	367.532	6	AH0	89
367.532	367.632	54	K	89
367.632	367.662	6	AH0	89
367.662	367.752	56	L	89
367.752	367.832	67	W	89
367.832	367.862	6	AH0	89
367.862	367.932	69	Z	89
367.932	368.062	34	OW0	89
368.062	368.112	60	P	89
368.112	368.332	25	EY1	89
368.332	368.422	54	K	89
368.422	368.502	4	AE1	89
368.502	368.532	58	N	89
368.532	368.562	48	D	89
368.562	368.592	58	N	89
368.592	368.672	32	IY1	89
368.672	368.712	48	D	89
368.712	368.812	6	AH0	89
368.812	368.842	48	D	89
368.842	368.932	54	K	89
368.932	368.962	56	L	89
368.962	369.012	20	EH2	89
369.012	369.052	61	R	89
369.052	369.082	6	AH0	89
369.082	369.152	50	F	89
369.152	369.182	27	IH0	89
369.182	369.262	54	K	89
369.262	369.362	25	EY1	89
369.362	369.522	63	SH	89
369.522	369.562	6	AH0	89
369.562	369.672	58	N	89
369.672	370.062	74	sp	89
377.052	377.132	52	HH	90
377.132	377.172	19	EH1	90
377.172	377.232	56	L	90
377.232	377.272	60	P	90
377.272	377.412	62	S	90
377.412	377.452	19	EH1	90
377.452	377.532	56	L	90
377.532	377.572	6	AH0	90
377.572	377.632	46	B	90
377.632	377.712	61	R	90
377.712	377.762	26	EY2	90
377.762	377.792	64	T	90
377.792	377.842	68	Y	90
377.842	377.872	41	UH1	90
377.872	377.902	61	R	90
377.902	377.972	46	B	90
377.972	378.052	61	R	90
378.052	378.092	7	AH1	90
378.092	378.152	49	DH	90
378.152	378.252	21	ER0	90
378.252	378.282	69	Z	90
378.282	378.382	62	S	90
378.382	378.422	6	AH0	90
378.422	378.482	54	K	90
378.482	378.562	62	S	90
378.562	378.692	19	EH1	90
378.692	379.012	62	S	90
387.862	387.972	67	W	91
387.972	388.002	28	IH1	91
388.002	388.032	56	L	91
388.032	388.092	68	Y	91
388.092	388.122	44	UW1	91
388.122	388.262	60	P	91
388.262	388.292	56	L	91
388.292	388.392	32	IY1	91
388.392	388.512	69	Z	91
388.512	388.572	54	K	91
388.572	388.602	6	AH0	91
388.602	388.652	58	N	91
388.652	388.782	50	F	91
388.782	388.962	22	ER1	91
388.962	389.092	57	M	91
389.092	389.172	51	G	91
389.172	389.242	7	AH1	91
389.242	389.292	66	V	91
389.292	389.342	21	ER0	91
389.342	389.422	57	M	91
389.422	389.452	6	AH0	91
389.452	389.492	58	N	91
389.492	389.522	64	T	91
389.522	389.642	60	P	91
389.642	389.722	1	AA1	91
389.722	389.802	56	L	91
389.802	389.832	6	AH0	91
389.832	389.902	62	S	91
389.902	390.0	31	IY0	91
390.0	390.102	61	R	91
390.102	390.132	6	AH0	91
390.132	390.172	51	G	91
390.172	390.202	1	AA1	91
390.202	390.282	61	R	91
390.282	390.312	48	D	91
390.312	390.342	27	IH0	91
390.342	390.422	59	NG	91
390.422	390.512	67	W	91
390.512	390.572	25	EY1	91
390.572	390.642	62	S	91
390.642	390.702	64	T	91
390.702	390.742	61	R	91
390.742	390.772	6	AH0	91
390.772	390.852	57	M	91
390.852	390.922	44	UW1	91
390.922	390.992	66	V	91
390.992	391.022	6	AH0	91
391.022	391.092	56	L	91
391.092	391.482	74	sp	91
399.302	399.362	49	DH	92
399.362	399.442	25	EY1	92
399.442	399.472	6	AH0	92
399.472	399.672	62	S	92
399.672	399.812	44	UW1	92
399.812	399.882	57	M	92
399.882	399.952	58	N	92
399.952	400.122	35	OW1	92
400.122	400.212	46	B	92
400.212	400.382	22	ER1	92
400.382	400.452	51	G	92
400.452	400.532	56	L	92
400.532	400.622	21	ER0	92
400.622	400.722	67	W	92
400.722	400.752	6	AH0	92
400.752	400.792	56	L	92
400.792	400.892	19	EH1	92
400.892	400.962	66	V	92
400.962	401.052	21	ER0	92
401.052	401.132	19	EH1	92
401.132	401.172	58	N	92
401.172	401.272	64	T	92
401.272	401.352	21	ER0	92
401.352	401.422	52	HH	92
401.422	401.502	28	IH1	92
401.502	401.582	61	R	92
409.48461256285657	409.56195273080255	52	HH	93
409.56195273080255	409.6083568315702	32	IY1	93
409.6083568315702	409.66636195752966	67	W	93
409.66636195752966	409.75917015906487	6	AH0	93
409.75917015906487	409.8419840111899	56	L	93
409.8419840111899	410.01986639746565	6	AH0	93
410.01986639746565	410.12234211999413	56	L	93
410.12234211999413	410.222	13	AW1	93
410.222	410.38214576073847	6	AH0	93
410.38214576073847	410.442	61	R	93
410.442	410.572	19	EH1	93
410.572	410.6461734489427	61	R	93
410.6461734489427	410.7505826756698	56	L	93
410.7505826756698	410.982	16	AY1	93
417.122	417.212	54	K	94
417.212	417.262	68	Y	94
417.262	417.292	42	UH2	94
417.292	417.362	61	R	94
417.362	417.462	31	IY0	94
417.462	417.572	1	AA1	94
417.572	417.702	62	S	94
417.702	417.732	6	AH0	94
417.732	417.762	64	T	94
417.762	417.872	31	IY0	94
417.872	417.902	6	AH0	94
417.902	417.932	58	N	94
417.932	417.962	48	D	94
417.962	418.012	57	M	94
418.012	418.102	33	IY2	94
418.102	418.132	48	D	94
418.132	418.252	31	IY0	94
418.252	418.362	1	AA1	94
418.362	418.452	54	K	94
418.452	418.482	61	R	94
418.482	418.512	6	AH0	94
418.512	418.552	64	T	94
418.552	418.762	31	IY0	94
418.762	418.902	62	S	94
418.902	418.932	19	EH1	94
418.932	419.012	56	L	94
419.012	419.042	48	D	94
419.042	419.072	6	AH0	94
419.072	419.162	57	M	94
419.162	419.242	54	K	94
419.242	419.352	35	OW1	94
419.352	419.382	27	IH0	94
419.382	419.432	51	G	94
419.432	419.492	69	Z	94
419.492	419.582	28	IH1	94
419.582	419.802	62	S	94
419.802	419.902	64	T	94
427.862	428.002	74	sp	95
428.002	428.072	52	HH	95
428.072	428.112	28	IH1	95
428.112	428.192	69	Z	95
428.192	428.322	62	S	95
428.322	428.402	7	AH1	95
428.402	428.452	48	D	95
428.452	428.482	6	AH0	95
428.482	428.532	58	N	95
428.532	428.582	48	D	95
428.582	428.612	6	AH0	95
428.612	428.762	60	P	95
428.762	428.802	1	AA1	95
428.802	428.892	61	R	95
428.892	429.002	47	CH	95
429.002	429.112	21	ER0	95
429.112	429.262	63	SH	95
429.262	429.392	1	AA1	95
429.392	429.462	54	K	95
429.462	429.582	64	T	95
429.582	429.622	49	DH	95
429.622	429.662	6	AH0	95
429.662	429.762	54	K	95
429.762	429.952	4	AE1	95
429.952	430.192	62	S	95
430.192	430.272	64	T	95
430.272	430.712	74	sp	95
438.022	438.132	63	SH	96
438.132	438.212	32	IY1	96
438.212	438.412	62	S	96
438.412	438.482	56	L	96
438.482	438.542	28	IH1	96
438.542	438.602	60	P	96
438.602	438.662	64	T	96
438.662	438.732	4	AE1	96
438.732	438.762	58	N	96
438.762	438.792	48	D	96
438.792	438.922	62	S	96
438.922	438.952	60	P	96
438.952	439.012	61	R	96
439.012	439.112	25	EY1	96
439.112	439.162	58	N	96
439.162	439.202	48	D	96
439.202	439.232	52	HH	96
439.232	439.362	22	ER1	96
439.362	439.492	4	AE1	96
439.492	439.542	59	NG	96
439.542	439.622	54	K	96
439.622	439.652	6	AH0	96
439.652	439.732	56	L	96
439.732	439.822	1	AA1	96
439.822	439.882	58	N	96
439.882	439.912	49	DH	96
439.912	439.942	6	AH0	96
439.942	440.102	62	S	96
440.102	440.142	64	T	96
440.142	440.262	32	IY1	96
440.262	440.312	60	P	96
440.312	440.452	62	S	96
440.452	440.542	56	L	96
440.542	440.632	35	OW1	96
440.632	440.732	60	P	96
448.512	448.592	6	AH0	97
448.592	448.752	46	B	97
448.752	448.852	28	IH1	97
448.852	449.002	51	G	97
449.002	449.192	74	sp	97
449.192	449.342	51	G	97
449.342	449.522	35	OW1	97
449.522	449.602	64	T	97
449.602	449.812	16	AY1	97
449.812	449.872	48	D	97
449.872	449.972	56	L	97
449.972	450.092	31	IY0	97
450.092	450.192	4	AE1	97
450.192	450.272	57	M	97
450.272	450.302	46	B	97
450.302	450.332	6	AH0	97
450.332	450.412	56	L	97
450.412	450.462	48	D	97
450.462	450.492	65	TH	97
450.492	450.522	61	R	97
450.522	450.592	44	UW1	97
450.592	450.622	49	DH	97
450.622	450.652	6	AH0	97
450.652	450.752	50	F	97
450.752	450.852	1	AA1	97
450.852	450.902	61	R	97
450.902	450.942	57	M	97
450.942	450.982	68	Y	97
450.982	451.012	2	AA2	97
451.012	451.152	61	R	97
451.152	451.182	48	D	97
460.552	460.672	63	SH	98
460.672	460.702	41	UH1	98
460.702	460.742	48	D	98
460.742	460.842	53	JH	98
460.842	460.992	21	ER0	98
460.992	461.122	4	AE1	98
461.122	461.152	50	F	98
461.152	461.262	62	S	98
461.262	461.302	46	B	98
461.302	461.372	31	IY0	98
461.372	461.492	54	K	98
461.492	461.582	4	AE1	98
461.582	461.632	60	P	98
461.632	461.712	64	T	98
461.712	461.742	6	AH0	98
461.742	461.792	58	N	98
461.792	461.912	62	S	98
461.912	461.942	57	M	98
461.942	462.052	10	AO1	98
462.052	462.142	56	L	98
462.142	462.242	69	Z	98
462.242	462.452	44	UW1	98
462.452	462.802	69	Z	98
462.802	463.022	74	sp	98
470.302	470.382	67	W	99
470.382	470.432	32	IY1	99
470.432	470.502	51	G	99
470.502	470.582	1	AA1	99
470.582	470.632	64	T	99
470.632	470.732	48	D	99
470.732	470.832	61	R	99
470.832	470.892	19	EH1	99
470.892	470.952	58	N	99
470.952	471.072	47	CH	99
471.072	471.122	64	T	99
471.122	471.182	50	F	99
471.182	471.232	21	ER0	99
471.232	471.282	57	M	99
471.282	471.312	49	DH	99
471.312	471.422	31	IY0	99
471.422	471.542	8	AH2	99
471.542	471.582	58	N	99
471.582	471.652	29	IH2	99
471.652	471.712	58	N	99
471.712	471.862	21	ER0	99
471.862	471.892	7	AH1	99
471.892	471.962	60	P	99
471.962	472.042	64	T	99
472.042	472.082	6	AH0	99
472.082	472.142	48	D	99
472.142	472.242	61	R	99
472.242	472.402	25	EY1	99
472.402	472.512	58	N	99
