394.346	394.416	58	N
394.416	394.526	4	AE1
394.526	394.556	58	N
394.556	394.6756725884637	62	S
394.6756725884637	394.9170246943018	31	IY0
394.9170246943018	394.9866933434097	52	HH
394.9866933434097	395.174	4	AE1
395.174	395.244	69	Z
395.244	395.294	49	DH
395.294	395.334	6	AH0
395.334	395.424	46	B
395.424	395.573	19	EH1
395.573	395.653	62	S
395.653	395.683	64	T
395.683	395.713	51	G
395.713	395.833	61	R
395.833	395.993	25	EY1
395.993	396.052	48	D
396.052	396.082	69	Z
396.082	396.142	28	IH1
396.142	396.172	58	N
396.172	396.202	49	DH
396.202	396.34036961555154	7	AH1
396.34036961555154	396.382	54	K
396.382	396.432	56	L
396.432	396.681	4	AE1
396.681	396.811	62	S
409.711	409.831	16	AY1
409.831	409.961	64	T
409.961	410.001	41	UH1
410.001	410.11	54	K
410.11	410.16	52	HH
410.16	410.31	22	ER1
410.31	410.42	67	W
410.42	410.579	22	ER1
410.579	410.609	48	D
410.609	410.689	50	F
410.689	410.809	10	AO1
410.809	410.889	61	R
410.889	411.008	6	AH0
411.008	411.078	64	T
419.469	419.629	10	AO1
419.629	419.689	61	R
419.689	419.729	6	AH0
419.729	419.759	58	N
419.759	419.838	53	JH
419.838	419.918	53	JH
419.918	420.058	44	UW1
420.058	420.168	62	S
420.168	420.267	64	T
420.267	420.417	25	EY1
420.417	420.457	62	S
420.457	420.487	64	T
420.487	420.567	62	S
420.567	420.597	50	F
420.597	420.686	7	AH1
420.686	420.736	58	N
420.736	420.87157727331714	31	IY0
420.87157727331714	421.066	4	AE1
421.066	421.095	50	F
421.095	421.155	64	T
421.155	421.445	21	ER0
421.644	421.774	64	T
421.774	421.864	44	UW1
421.864	421.904	65	TH
421.904	422.013	60	P
422.013	422.143	26	EY2
422.143	422.3550158738849	62	S
422.3550158738849	422.512	64	T
432.988	433.068	61	R
433.068	433.168	1	AA1
433.168	433.228	46	B
433.228	433.288	6	AH0
433.288	433.328	58	N
433.328	433.417	56	L
433.417	433.637	16	AY1
433.637	433.707	54	K
433.707	433.807	62	S
433.886	433.916	49	DH
433.916	434.0024762051253	7	AH1
434.0024762051253	434.136	54	K
434.136	434.166	10	AO1
434.166	434.305	56	L
434.305	434.375	21	ER0
434.375	434.435	68	Y
434.435	434.525	19	EH1
434.525	434.635	56	L
434.635	434.854	34	OW0
446.068375966913	446.17278105911186	28	IH1
446.17278105911186	446.2316173217885	62	S
446.2316173217885	446.3065657542446	63	SH
446.3065657542446	446.40680715462037	32	IY1
446.40680715462037	446.47612927882267	51	G
446.47612927882267	446.62495364734286	35	OW1
446.62495364734286	446.7114174172179	6	AH0
446.7114174172179	446.77984690869215	59	NG
446.77984690869215	446.81221595245927	67	W
446.81221595245927	446.88748297515616	28	IH1
446.88748297515616	446.9911883235141	65	TH
446.9911883235141	447.0502593817005	68	Y
447.0502593817005	447.2790895286617	44	UW1
460.995	461.134	67	W
461.134	461.214	28	IH1
461.214	461.304	47	CH
461.304	461.354	65	TH
461.354	461.573	32	IY1
461.573	461.603	6	AH0
461.603	461.633	64	T
461.633	461.753	21	ER0
461.753	461.903	63	SH
461.903	462.052	35	OW1
462.052	462.162	69	Z
462.162	462.232	57	M
462.232	462.312	7	AH1
462.312	462.362	49	DH
462.362	462.451	21	ER0
462.451	462.561	51	G
462.561	462.721	44	UW1
462.721	462.99	62	S
474.035	474.145	54	K
474.145	474.255	7	AH1
474.255	474.295	64	T
474.295	474.514	25	EY1
474.514	474.634	62	S
474.634	474.664	57	M
474.664	474.873	10	AO1
474.873	474.913	56	L
474.913	474.943	54	K
474.943	475.093	10	AO1
475.093	475.332	61	R
475.332	475.362	58	N
475.362	475.392	21	ER0
475.392	475.522	10	AO1
475.522	475.602	50	F
475.602	475.851	32	IY1
475.851	475.981	47	CH
476.1	476.33	19	EH1
476.33	476.589	53	JH
487.884	487.993	49	DH
487.993	488.163	25	EY1
488.163	488.492	10	AO1
488.492	488.522	56	L
488.522	488.552	6	AH0
488.552	488.582	58	N
488.582	488.672	53	JH
488.672	488.891	38	OY1
488.891	489.121	16	AY1
489.121	489.211	62	S
489.211	489.3	54	K
489.3	489.35	61	R
489.35	489.46	32	IY1
489.46	489.49	57	M
489.49	489.6	62	S
489.6	489.68	7	AH1
489.68	489.749	58	N
489.749	489.809	48	D
489.809	490.009	26	EY2
490.009	490.2782987655471	69	Z
505.673	505.793	64	T
505.793	505.993	1	AA1
505.993	506.022	57	M
506.022	506.162	61	R
506.162	506.262	32	IY1
506.262	506.322	48	D
506.322	506.382	69	Z
506.382	506.412	49	DH
506.412	506.451	6	AH0
506.451	506.581	62	S
506.581	506.731	25	EY1
506.731	506.831	57	M
506.831	506.871	46	B
506.871	507.03	41	UH1
507.03	507.13	54	K
507.13	507.22	19	EH1
507.22	507.3	66	V
507.3	507.359	61	R
507.359	507.399	31	IY0
507.399	507.449	58	N
507.449	507.739	16	AY1
507.739	507.988	64	T
518.7734745856769	518.8431432347847	52	HH
518.8431432347847	518.9563547895851	32	IY1
518.9563547895851	519.212	25	EY1
519.212	519.252	64	T
519.252	519.312	50	F
519.312	519.472	10	AO1
519.472	519.592	61	R
519.592	519.761	19	EH1
519.761	519.861	51	G
519.861	519.951	69	Z
519.951	520.011	50	F
520.011	520.09	21	ER0
520.09	520.14	46	B
520.14	520.2	61	R
520.2	520.24	19	EH1
520.24	520.35	54	K
520.35	520.4	50	F
520.4	520.46	6	AH0
520.46	520.619	62	S
520.619	520.729	64	T
532.412	532.462	49	DH
532.462	532.622	25	EY1
532.622	532.792	10	AO1
532.792	532.822	50	F
532.822	532.911	64	T
532.911	532.971	6	AH0
532.971	533.051	58	N
533.051	533.101	51	G
533.101	533.231	35	OW1
533.231	533.52	13	AW1
533.52	533.59	64	T
533.59	533.72	28	IH1
533.72	533.749	58	N
533.749	533.779	49	DH
533.779	533.919	31	IY0
533.919	533.989	32	IY1
533.989	534.059	66	V
534.059	534.089	58	N
534.089	534.2791174472922	27	IH0
534.2791174472922	534.4259192436266	59	NG
546.6	546.74	62	S
546.74	546.79	60	P
546.79	546.88	61	R
546.88	546.989	28	IH1
546.989	547.019	59	NG
547.019	547.179	62	S
547.179	547.209	64	T
547.209	547.289	61	R
547.289	547.478	32	IY1
547.478	547.508	64	T
547.508	547.578	28	IH1
547.578	547.648	69	Z
547.648	547.708	62	S
547.708	547.768	64	T
547.768	547.857	61	R
547.857	547.967	25	EY1
547.967	548.017	64	T
548.017	548.067	6	AH0
548.067	548.177	52	HH
548.177	548.346	19	EH1
548.346	548.476	48	D
559.541	559.671	28	IH1
559.671	559.76	69	Z
559.76	559.79	49	DH
559.79	559.92	28	IH1
559.92	559.98	62	S
559.98	560.01	62	S
560.01	560.11	32	IY1
560.11	560.239	62	S
560.239	560.359	11	AO2
560.359	560.509	62	S
560.509	560.678	25	EY1
560.678	560.968	50	F
572.362	572.412	49	DH
572.412	572.481	28	IH1
572.481	572.621	62	S
572.621	572.691	67	W
572.691	572.831	7	AH1
572.831	572.96	69	Z
572.96	573.17	32	IY1
573.17	573.2	69	Z
573.2	573.329	31	IY0
573.329	573.409	50	F
573.409	573.509	10	AO1
573.509	573.672129876641	61	R
573.672129876641	573.8239080050546	7	AH1
573.8239080050546	574.068	62	S
585.651	585.811	16	AY1
585.811	585.941	62	S
585.941	586.0394566498854	10	AO1
586.0394566498854	586.08	6	AH0
586.08	586.19	60	P
586.19	586.31	22	ER1
586.31	586.37	60	P
586.37	586.4	6	AH0
586.4	586.51	56	L
586.51	586.599	54	K
586.599	586.709	61	R
586.709	586.939	4	AE1
586.939	587.018	46	B
587.018	587.178	1	AA1
587.178	587.258	58	N
587.258	587.288	49	DH
587.288	587.328	6	AH0
587.328	587.398	46	B
587.398	587.597	32	IY1
587.597	587.886	47	CH
598.432	598.592	48	D
598.592	598.911	35	OW1
598.911	598.951	58	N
598.951	599.081	48	D
599.081	599.201	44	UW1
599.201	599.37	47	CH
599.37	599.42	1	AA1
599.42	599.49	61	R
599.49	599.6	56	L
599.6	599.69	31	IY0
599.69	599.749	69	Z
599.749	599.809	48	D
599.809	599.929	22	ER1
599.929	599.959	64	T
599.959	600.049	31	IY0
600.049	600.129	48	D
600.129	600.198	28	IH1
600.198	600.328	63	SH
600.328	600.448	6	AH0
600.448	600.568	69	Z
612.291	612.5	63	SH
612.5	612.6	41	UH1
612.6	612.66	48	D
612.66	612.72	53	JH
612.72	612.85	21	ER0
612.85	613.089	4	AE1
613.089	613.119	50	F
613.119	613.269	62	S
613.269	613.309	46	B
613.309	613.518	32	IY1
613.518	613.648	54	K
613.648	613.758	19	EH1
613.758	613.788	60	P
613.788	613.897	64	T
613.897	614.087	28	IH1
614.087	614.197	58	N
614.276	614.436	62	S
614.436	614.496	57	M
614.496	614.695	10	AO1
614.695	614.755	56	L
614.755	614.845	69	Z
614.845	615.124	44	UW1
615.124	615.354	69	Z
626.5349879077522	626.6295382172558	32	IY1
626.6295382172558	626.6761913304977	66	V
626.6761913304977	626.7670093909419	6	AH0
626.7670093909419	626.8086861721047	58	N
626.8086861721047	627.017	16	AY1
627.017	627.057	51	G
627.057	627.127	28	IH1
627.127	627.187	64	T
627.187	627.227	49	DH
627.227	627.267	6	AH0
627.267	627.346625045704	57	M
627.346625045704	627.427	7	AH1
627.427	627.5038355319813	58	N
627.5038355319813	627.5266297135471	48	D
627.5266297135471	627.6435410640846	26	EY2
627.6435410640846	627.7503241666697	46	B
627.7503241666697	627.8299454799359	56	L
627.8299454799359	628.0090934347847	44	UW1
628.0090934347847	628.2977206953747	69	Z
642.492	642.542	49	DH
642.542	642.729707202501	25	EY1
642.729707202501	642.851	35	OW1
642.851	642.891	58	N
642.891	642.931	6	AH0
642.931	643.021	46	B
643.021	643.141	28	IH1
643.141	643.171	51	G
643.171	643.261	52	HH
643.261	643.43	13	AW1
643.43	643.56	62	S
643.56	643.68	6	AH0
643.68	643.7667419987903	58	N
643.7667419987903	643.899	10	AO1
643.899	644.009	62	S
644.009	644.069	64	T
644.069	644.109	6	AH0
644.109	644.168	58	N
644.168	644.248	64	T
644.248	644.308	19	EH1
644.308	644.418	54	K
644.418	644.508	62	S
644.508	644.588	6	AH0
644.588	644.847	62	S
655.932	655.982	46	B
655.982	656.061	56	L
656.061	656.211	44	UW1
656.211	656.311	47	CH
656.311	656.52	32	IY1
656.52	656.56	69	Z
656.56	656.67	62	S
656.67	656.71	57	M
656.71	656.8	19	EH1
656.8	656.92	56	L
656.92	657.0074979307078	69	Z
657.0074979307078	657.0920955760531	50	F
657.0920955760531	657.179	7	AH1
657.179	657.2563145346646	58	N
657.2563145346646	657.448	31	IY0
668.852	668.882	49	DH
668.882	668.912	6	AH0
668.912	668.982	46	B
668.982	669.112	28	IH1
669.112	669.182	51	G
669.182	669.241	48	D
669.241	669.521	10	AO1
669.521	669.561	51	G
669.561	669.68	56	L
669.68	669.77	7	AH1
669.77	669.8	66	V
669.8	669.83	48	D
669.83	669.93	64	T
669.93	670.04	6	AH0
670.04	670.179	47	CH
670.179	670.369	44	UW1
670.369	670.568	1	AA1
670.568	670.628	58	N
670.628	670.658	49	DH
670.658	670.738	7	AH1
670.738	670.938	35	OW1
670.938	670.988	56	L
670.988	671.027	48	D
671.027	671.167	61	R
671.167	671.257	4	AE1
671.257	671.357	51	G
671.357	671.407	48	D
671.407	671.616	1	AA1
671.616	671.656	56	L
683.13	683.2	51	G
683.2	683.29	19	EH1
683.29	683.399	62	S
683.399	683.439	49	DH
683.439	683.529	7	AH1
683.529	683.599	54	K
683.599	683.659	67	W
683.659	683.719	19	EH1
683.719	683.888	63	SH
683.888	684.018	6	AH0
684.018	684.058	58	N
684.058	684.098	50	F
684.098	684.128	61	R
684.128	684.168	7	AH1
684.168	684.198	57	M
684.198	684.227	49	DH
684.227	684.3400303587064	6	AH0
684.3400303587064	684.497	4	AE1
684.497	684.547	58	N
684.547	684.627	62	S
684.627	684.766	21	ER0
696.24	696.39	62	S
696.39	696.47	67	W
696.47	696.5	28	IH1
696.5	696.529	59	NG
696.529	696.559	68	Y
696.559	696.669	10	AO1
696.669	696.729	61	R
696.729	696.889	1	AA1
696.889	696.959	61	R
696.959	697.008	57	M
697.008	697.128	19	EH1
697.128	697.1966529426101	69	Z
697.1966529426101	697.258	52	HH
697.258	697.388	16	AY1
697.388	697.427	19	EH1
697.427	697.517	69	Z
697.517	697.587	68	Y
697.587	697.6406579701202	44	UW1
697.6406579701202	697.717	54	K
697.717	697.966	4	AE1
697.966	698.056	58	N
708.542	708.622	60	P
708.622	708.652	56	L
708.652	708.841	32	IY1
708.841	708.871	69	Z
708.871	709.001	62	S
709.001	709.2691009723363	28	IH1
709.2691009723363	709.56	59	NG
709.56	709.64	53	JH
709.64	709.72	7	AH1
709.72	709.839	62	S
709.839	709.869	64	T
709.869	709.909	49	DH
709.909	709.959	7	AH1
709.959	710.119	54	K
710.119	710.159	56	L
710.159	710.268	7	AH1
710.268	710.308	46	B
710.388	710.458	65	TH
710.458	710.637	32	IY1
710.637	710.787	57	M
722.4817100784378	722.5059696973235	49	DH
722.5059696973235	722.6148269615546	6	AH0
722.6148269615546	722.7311487239044	4	AE1
722.7311487239044	722.8	59	NG
722.8	722.84	51	G
722.84	722.92	61	R
722.92	722.969	31	IY0
722.969	723.0496930646592	46	B
723.0496930646592	723.3277828814549	38	OY1
723.3277828814549	723.408	48	D
723.408	723.488	28	IH1
723.488	723.6523775497072	58	N
723.6523775497072	723.917	64	T
724.306	724.366	48	D
724.366	724.416	28	IH1
724.416	724.486	48	D
724.486	724.566	6	AH0
724.566	724.596	58	N
724.596	724.676	64	T
724.895	724.954513029121	56	L
724.954513029121	725.045	41	UH1
725.045	725.144	54	K
725.144	725.324	7	AH1
725.324	725.384	60	P
