0.0	50.595993953136805	74	sp
50.595993953136805	50.775993953136805	16	AY1
50.775993953136805	50.924993953136806	64	T
50.924993953136806	50.994993953136806	41	UH1
50.994993953136806	51.074993953136804	54	K
51.074993953136804	51.1149939531368	74	sp
51.1149939531368	51.1549939531368	52	HH
51.1549939531368	51.3139939531368	22	ER1
51.3139939531368	51.403993953136805	67	W
51.403993953136805	51.5739939531368	22	ER1
51.5739939531368	51.613993953136806	48	D
51.613993953136806	51.6929939531368	50	F
51.6929939531368	51.8529939531368	10	AO1
51.8529939531368	51.9229939531368	61	R
51.9229939531368	52.0729939531368	6	AH0
52.0729939531368	52.2719939531368	64	T
52.2719939531368	65.72397581254725	74	sp
65.72397581254725	65.87397581254726	10	AO1
65.87397581254726	65.95397581254724	61	R
65.95397581254724	65.99397581254725	6	AH0
65.99397581254725	66.03397581254725	58	N
66.03397581254725	66.06297581254725	53	JH
66.06297581254725	66.20297581254725	53	JH
66.20297581254725	66.31297581254725	44	UW1
66.31297581254725	66.43297581254726	62	S
66.43297581254726	66.53197581254724	64	T
66.53197581254724	66.65197581254725	25	EY1
66.65197581254725	66.69197581254724	62	S
66.69197581254724	66.72197581254724	64	T
66.72197581254724	66.80197581254725	62	S
66.80197581254725	66.83197581254726	50	F
66.83197581254726	66.95097581254726	7	AH1
66.95097581254726	67.00097581254725	58	N
67.00097581254725	67.05097581254725	31	IY0
67.05097581254725	67.33097581254725	4	AE1
67.33097581254725	67.35997581254725	50	F
67.35997581254725	67.41997581254725	64	T
67.41997581254725	67.50997581254725	21	ER0
67.50997581254725	67.61997581254725	64	T
67.61997581254725	67.71997581254726	44	UW1
67.71997581254726	67.82897581254724	65	TH
67.82897581254724	67.90897581254725	60	P
67.90897581254725	68.01897581254725	26	EY2
68.01897581254725	68.18897581254726	62	S
68.18897581254726	68.28940031386784	64	T
68.28940031386784	80.81685563114135	74	sp
80.81685563114135	80.92685563114135	61	R
80.92685563114135	81.03685563114135	1	AA1
81.03685563114135	81.09585563114135	46	B
81.09585563114135	81.22585563114136	6	AH0
81.22585563114136	81.25585563114136	58	N
81.25585563114136	81.37585563114135	56	L
81.37585563114135	81.55485563114135	16	AY1
81.55485563114135	81.61485563114135	54	K
81.61485563114135	81.71485563114135	62	S
81.71485563114135	81.76485563114136	49	DH
81.76485563114136	81.80485563114135	6	AH0
81.80485563114135	81.95385563114135	54	K
81.95385563114135	81.98385563114135	7	AH1
81.98385563114135	82.09385563114135	56	L
82.09385563114135	82.21385563114136	21	ER0
82.21385563114136	82.26385563114135	68	Y
82.26385563114135	82.34385563114135	19	EH1
82.34385563114135	82.54285563114135	56	L
82.54285563114135	82.65285563114135	34	OW0
82.65285563114135	95.03272864701437	74	sp
95.03272864701437	95.11172864701437	6	AH0
95.11172864701437	95.19172864701437	69	Z
95.19172864701437	95.22172864701437	63	SH
95.22172864701437	95.31172864701436	32	IY1
95.31172864701436	95.42172864701436	51	G
95.42172864701436	95.54072864701436	35	OW1
95.54072864701436	95.59072864701437	27	IH0
95.59072864701437	95.71072864701436	59	NG
95.71072864701436	95.77072864701437	67	W
95.77072864701437	95.82072864701436	28	IH1
95.82072864701436	95.89072864701437	65	TH
95.89072864701437	96.05972864701437	68	Y
96.05972864701437	96.14972864701437	44	UW1
96.14972864701437	108.12751322751323	74	sp
108.12751322751323	108.26751322751322	67	W
108.26751322751322	108.31751322751323	28	IH1
108.31751322751323	108.49651322751323	47	CH
108.49651322751323	108.53651322751323	65	TH
108.53651322751323	108.66651322751322	32	IY1
108.66651322751322	108.80651322751322	6	AH0
108.80651322751322	108.83651322751322	64	T
108.83651322751322	109.00551322751322	21	ER0
109.00551322751322	109.13551322751323	63	SH
109.13551322751323	109.33451322751323	35	OW1
109.33451322751323	109.45451322751323	69	Z
109.45451322751323	109.54451322751322	57	M
109.54451322751322	109.62451322751323	7	AH1
109.62451322751323	109.67451322751323	49	DH
109.67451322751323	109.77351322751322	21	ER0
109.77351322751322	109.92351322751323	51	G
109.92351322751323	110.07351322751323	44	UW1
110.07351322751323	110.41251322751323	62	S
110.41251322751323	122.20234315948602	74	sp
122.20234315948602	122.32234315948602	54	K
122.32234315948602	122.47234315948603	7	AH1
122.47234315948603	122.51234315948602	64	T
122.51234315948602	122.66134315948602	25	EY1
122.66134315948602	122.82134315948602	62	S
122.82134315948602	122.85134315948602	57	M
122.85134315948602	123.04034315948603	10	AO1
123.04034315948603	123.07034315948603	56	L
123.07034315948603	123.13034315948602	54	K
123.13034315948602	123.33034315948602	10	AO1
123.33034315948602	123.46034315948603	61	R
123.46034315948603	123.48934315948603	58	N
123.48934315948603	123.52934315948602	21	ER0
123.52934315948602	123.82934315948603	74	sp
123.82934315948603	124.02834315948603	10	AO1
124.02834315948603	124.21834315948603	50	F
124.21834315948603	124.35734315948602	32	IY1
124.35734315948602	124.55734315948602	47	CH
124.55734315948602	124.82634315948603	19	EH1
124.82634315948603	125.12634315948603	53	JH
125.12634315948603	137.945291005291	74	sp
137.945291005291	138.07429100529103	49	DH
138.07429100529103	138.45329100529102	25	EY1
138.45329100529102	138.493291005291	74	sp
138.493291005291	139.03229100529103	10	AO1
139.03229100529103	139.142291005291	56	L
139.142291005291	139.22229100529103	18	EH0
139.22229100529103	139.302291005291	58	N
139.302291005291	139.391291005291	53	JH
139.391291005291	139.59129100529103	38	OY1
139.59129100529103	139.790291005291	16	AY1
139.790291005291	139.87029100529102	62	S
139.87029100529102	139.98029100529104	54	K
139.98029100529104	140.010291005291	61	R
140.010291005291	140.14029100529103	32	IY1
140.14029100529103	140.17029100529103	57	M
140.17029100529103	140.26929100529102	62	S
140.26929100529102	140.39929100529102	7	AH1
140.39929100529102	140.42929100529102	58	N
140.42929100529102	140.48929100529102	48	D
140.48929100529102	140.70829100529102	26	EY2
140.70829100529102	140.9216201741931	69	Z
140.9216201741931	152.54846560846562	74	sp
152.54846560846562	152.6484656084656	64	T
152.6484656084656	152.85746560846562	1	AA1
152.85746560846562	152.88746560846562	57	M
152.88746560846562	153.0274656084656	61	R
153.0274656084656	153.22646560846562	32	IY1
153.22646560846562	153.2664656084656	48	D
153.2664656084656	153.3764656084656	69	Z
153.3764656084656	153.4064656084656	49	DH
153.4064656084656	153.44646560846562	6	AH0
153.44646560846562	153.5764656084656	62	S
153.5764656084656	153.7654656084656	25	EY1
153.7654656084656	153.84546560846562	57	M
153.84546560846562	153.8954656084656	46	B
153.8954656084656	154.05446560846562	41	UH1
154.05446560846562	154.1544656084656	54	K
154.1544656084656	154.2644656084656	19	EH1
154.2644656084656	154.3344656084656	66	V
154.3344656084656	154.3944656084656	61	R
154.3944656084656	154.4544656084656	31	IY0
154.4544656084656	154.5034656084656	58	N
154.5034656084656	154.7434656084656	16	AY1
154.7434656084656	154.7734656084656	64	T
154.7734656084656	166.0308238851096	74	sp
166.0308238851096	166.1198238851096	52	HH
166.1198238851096	166.35982388510962	32	IY1
166.35982388510962	166.66882388510962	25	EY1
166.66882388510962	166.69882388510962	64	T
166.69882388510962	166.74882388510963	50	F
166.74882388510963	166.91882388510962	10	AO1
166.91882388510962	167.03782388510962	61	R
167.03782388510962	167.28782388510962	19	EH1
167.28782388510962	167.36782388510963	51	G
167.36782388510963	167.40782388510962	69	Z
167.40782388510962	167.54682388510963	50	F
167.54682388510963	167.62682388510962	21	ER0
167.62682388510962	167.67682388510963	46	B
167.67682388510963	167.8168238851096	61	R
167.8168238851096	167.84682388510961	19	EH1
167.84682388510961	167.89582388510962	54	K
167.89582388510962	167.94582388510963	50	F
167.94582388510963	168.02582388510962	6	AH0
168.02582388510962	168.17582388510962	62	S
168.17582388510962	168.3211378172155	64	T
168.3211378172155	179.09504157218444	74	sp
179.09504157218444	179.1501268502412	49	DH
179.1501268502412	179.32657036847098	25	EY1
179.32657036847098	179.43922975930067	10	AO1
179.43922975930067	179.49900119419246	50	F
179.49900119419246	179.55379167617662	64	T
179.55379167617662	179.6509202578758	6	AH0
179.6509202578758	179.725046601083	58	N
179.725046601083	179.74900786475976	51	G
179.74900786475976	179.9143228115737	35	OW1
179.9143228115737	180.139724841162	13	AW1
180.139724841162	180.2426645345868	64	T
180.2426645345868	180.32235978110918	28	IH1
180.32235978110918	180.38932263446944	58	N
180.38932263446944	180.43207581359343	49	DH
180.43207581359343	180.46196153103932	6	AH0
180.46196153103932	180.61766119926097	32	IY1
180.61766119926097	180.67104157218444	66	V
180.67104157218444	180.71894057504983	58	N
180.71894057504983	180.8501056682846	27	IH0
180.8501056682846	181.12148402159124	59	NG
181.12148402159124	192.4674678760393	74	sp
192.4674678760393	192.6274678760393	62	S
192.6274678760393	192.67746787603932	60	P
192.67746787603932	192.7774678760393	21	ER0
192.7774678760393	192.9664678760393	28	IH1
192.9664678760393	192.9964678760393	59	NG
192.9964678760393	193.1664678760393	62	S
193.1664678760393	193.1964678760393	64	T
193.1964678760393	193.2954678760393	61	R
193.2954678760393	193.47546787603932	32	IY1
193.47546787603932	193.6054678760393	64	T
193.6054678760393	193.7054678760393	28	IH1
193.7054678760393	193.7444678760393	69	Z
193.7444678760393	193.84446787603932	62	S
193.84446787603932	193.8944678760393	64	T
193.8944678760393	193.9644678760393	61	R
193.9644678760393	194.09446787603932	25	EY1
194.09446787603932	194.1444678760393	64	T
194.1444678760393	194.2334678760393	6	AH0
194.2334678760393	194.3334678760393	52	HH
194.3334678760393	194.5034678760393	19	EH1
194.5034678760393	194.6324678760393	48	D
194.6324678760393	205.12497354497356	74	sp
205.12497354497356	205.33397354497356	28	IH1
205.33397354497356	205.44397354497357	69	Z
205.44397354497357	205.49397354497356	49	DH
205.49397354497356	205.63397354497357	28	IH1
205.63397354497357	205.67397354497356	62	S
205.67397354497356	205.76297354497356	62	S
205.76297354497356	205.89297354497356	32	IY1
205.89297354497356	206.01297354497356	62	S
206.01297354497356	206.15297354497358	11	AO2
206.15297354497358	206.33197354497358	62	S
206.33197354497358	206.55197354497358	25	EY1
206.55197354497358	206.74097354497357	50	F
206.74097354497357	217.3571730914588	74	sp
217.3571730914588	217.4171730914588	49	DH
217.4171730914588	217.5471730914588	28	IH1
217.5471730914588	217.7661730914588	62	S
217.7661730914588	217.8561730914588	67	W
217.8561730914588	218.0561730914588	7	AH1
218.0561730914588	218.2851730914588	69	Z
218.2851730914588	218.4851730914588	32	IY1
218.4851730914588	218.5351730914588	69	Z
218.5351730914588	218.6941730914588	31	IY0
218.6941730914588	218.7641730914588	50	F
218.7641730914588	218.8841730914588	61	R
218.8841730914588	218.9241730914588	21	ER0
218.9241730914588	219.0931730914588	7	AH1
219.0931730914588	219.5321730914588	62	S
219.5321730914588	229.7280574452003	74	sp
229.7280574452003	229.9180574452003	16	AY1
229.9180574452003	230.0070574452003	62	S
230.0070574452003	230.16321220735375	10	AO1
230.16321220735375	230.26895926403537	6	AH0
230.26895926403537	230.32705744520032	60	P
230.32705744520032	230.45605744520032	22	ER1
230.45605744520032	230.50605744520033	60	P
230.50605744520033	230.53605744520033	6	AH0
230.53605744520033	230.6460574452003	56	L
230.6460574452003	230.75605744520033	54	K
230.75605744520033	230.84605744520033	61	R
230.84605744520033	231.0150574452003	4	AE1
231.0150574452003	231.07505744520031	46	B
231.07505744520031	231.18505744520033	1	AA1
231.18505744520033	231.2650574452003	58	N
231.2650574452003	231.2950574452003	49	DH
231.2950574452003	231.32505744520031	6	AH0
231.32505744520031	231.40405744520032	46	B
231.40405744520032	231.59405744520032	32	IY1
231.59405744520032	231.8830574452003	47	CH
231.8830574452003	242.85622071050642	74	sp
242.85622071050642	242.9552207105064	48	D
242.9552207105064	243.22522071050642	35	OW1
243.22522071050642	243.28522071050642	58	N
243.28522071050642	243.40422071050642	48	D
243.40422071050642	243.4842207105064	44	UW1
243.4842207105064	243.6342207105064	47	CH
243.6342207105064	243.68422071050642	1	AA1
243.68422071050642	243.7642207105064	61	R
243.7642207105064	243.8832207105064	56	L
243.8832207105064	243.9832207105064	31	IY0
243.9832207105064	244.0632207105064	69	Z
244.0632207105064	244.1132207105064	48	D
244.1132207105064	244.24322071050642	22	ER1
244.24322071050642	244.27222071050642	64	T
244.27222071050642	244.3722207105064	31	IY0
244.3722207105064	244.4422207105064	48	D
244.4422207105064	244.52222071050642	28	IH1
244.52222071050642	244.67222071050642	63	SH
244.67222071050642	244.76122071050642	6	AH0
244.76122071050642	245.0012207105064	69	Z
245.0012207105064	256.87681027966744	74	sp
256.87681027966744	257.0468102796674	63	SH
257.0468102796674	257.15581027966743	41	UH1
257.15581027966743	257.3258102796674	48	D
257.3258102796674	257.37581027966746	74	sp
257.37581027966746	257.4458102796674	53	JH
257.4458102796674	257.62481027966743	21	ER0
257.62481027966743	257.8248102796674	4	AE1
257.8248102796674	257.92481027966744	50	F
257.92481027966744	257.99481027966743	62	S
257.99481027966743	258.0438102796674	46	B
258.0438102796674	258.30381027966746	32	IY1
258.30381027966746	258.46281027966745	54	K
258.46281027966745	258.6428102796674	4	AE1
258.6428102796674	258.67281027966743	60	P
258.67281027966743	258.8028102796674	64	T
258.8028102796674	258.8628102796674	74	sp
258.8628102796674	258.9018102796674	6	AH0
258.9018102796674	258.98181027966746	58	N
258.98181027966746	259.0818102796674	62	S
259.0818102796674	259.12181027966744	57	M
259.12181027966744	259.3318102796674	10	AO1
259.3318102796674	259.38081027966746	56	L
259.38081027966746	259.4908102796674	69	Z
259.4908102796674	259.7108102796674	44	UW1
259.7108102796674	260.02981027966746	69	Z
260.02981027966746	271.91817082388513	74	sp
271.91817082388513	272.0871708238851	32	IY1
272.0871708238851	272.1371708238851	66	V
272.1371708238851	272.2271708238851	6	AH0
272.2271708238851	272.2771708238851	58	N
272.2771708238851	272.5461708238851	16	AY1
272.5461708238851	272.57617082388515	51	G
272.57617082388515	272.7461708238851	28	IH1
272.7461708238851	272.82617082388515	64	T
272.82617082388515	272.86517082388514	49	DH
272.86517082388514	272.8951708238851	6	AH0
272.8951708238851	273.0051708238851	57	M
273.0051708238851	273.10517082388515	7	AH1
273.10517082388515	273.1551708238851	58	N
273.1551708238851	273.18517082388513	48	D
273.18517082388513	273.2941708238851	26	EY2
273.2941708238851	273.3541708238851	46	B
273.3541708238851	273.49417082388516	56	L
273.49417082388516	273.6641708238851	44	UW1
273.6641708238851	273.9431708238851	69	Z
273.9431708238851	284.9892819349962	74	sp
284.9892819349962	285.0382819349962	49	DH
285.0382819349962	285.2507087537854	25	EY1
285.2507087537854	285.3882819349962	35	OW1
285.3882819349962	285.4182819349962	58	N
285.4182819349962	285.4872819349962	6	AH0
285.4872819349962	285.57728193499617	46	B
285.57728193499617	285.7272819349962	28	IH1
285.7272819349962	285.7863535357549	51	G
285.7863535357549	285.8672819349962	52	HH
285.8672819349962	286.1462819349962	13	AW1
286.1462819349962	286.3162819349962	62	S
286.3162819349962	286.37528193499617	74	sp
286.37528193499617	286.4252819349962	6	AH0
286.4252819349962	286.4752819349962	58	N
286.4752819349962	286.6452819349962	10	AO1
286.6452819349962	286.76528193499615	62	S
286.76528193499615	286.7942819349962	64	T
286.7942819349962	286.85428193499615	6	AH0
286.85428193499615	286.9242819349962	58	N
286.9242819349962	286.97428193499616	64	T
286.97428193499616	287.03428193499616	19	EH1
287.03428193499616	287.1342819349962	54	K
287.1342819349962	287.2132819349962	62	S
287.2132819349962	287.31328193499616	6	AH0
287.31328193499616	287.50328193499615	62	S
287.50328193499615	298.0537717309146	74	sp
298.0537717309146	298.10377173091456	46	B
298.10377173091456	298.2027717309146	56	L
298.2027717309146	298.3227717309146	44	UW1
298.3227717309146	298.49277173091457	47	CH
298.49277173091457	298.7617717309146	32	IY1
298.7617717309146	298.8017717309146	69	Z
298.8017717309146	299.0017717309146	74	sp
299.0017717309146	299.1507717309146	62	S
299.1507717309146	299.18077173091456	57	M
299.18077173091456	299.23077173091457	19	EH1
299.23077173091457	299.3807717309146	56	L
299.3807717309146	299.4595903576115	69	Z
299.4595903576115	299.5297717309146	50	F
299.5297717309146	299.6097717309146	7	AH1
299.6097717309146	299.6797717309146	58	N
299.6797717309146	299.91877173091456	31	IY0
299.91877173091456	313.99572184429326	74	sp
313.99572184429326	314.08572184429323	49	DH
314.08572184429323	314.1557218442932	7	AH1
314.1557218442932	314.27472184429325	46	B
314.27472184429325	314.66372184429326	28	IH1
314.66372184429326	314.69372184429324	51	G
314.69372184429324	314.7737218442932	48	D
314.7737218442932	315.13272184429326	10	AO1
315.13272184429326	315.22272184429323	51	G
315.22272184429323	315.79172184429325	74	sp
315.79172184429325	315.97172184429326	56	L
315.97172184429326	316.15072184429323	7	AH1
316.15072184429323	316.2207218442932	66	V
316.2207218442932	316.26072184429324	48	D
316.26072184429324	316.341606463755	64	T
316.341606463755	316.3975238943689	6	AH0
316.3975238943689	316.57365029426205	47	CH
316.57365029426205	316.85001550319464	44	UW1
316.85001550319464	317.14879581712444	74	sp
317.14879581712444	317.31739141362283	1	AA1
317.31739141362283	317.4442878816408	58	N
317.4442878816408	317.48289914988914	49	DH
317.48289914988914	317.6247246141445	6	AH0
317.6247246141445	317.7134105922775	35	OW1
317.7134105922775	317.8465274753944	56	L
317.8465274753944	317.9074875433638	48	D
317.9074875433638	318.0411825100318	61	R
318.0411825100318	318.2325492952556	4	AE1
318.2325492952556	318.3457218442932	51	G
318.3457218442932	318.39572184429323	49	DH
318.39572184429323	318.57427282068556	7	AH1
318.57427282068556	318.73472184429323	56	L
318.73472184429323	329.87889644746787	74	sp
329.87889644746787	329.96789644746787	51	G
329.96789644746787	330.11789644746784	19	EH1
330.11789644746784	330.23789644746785	62	S
330.23789644746785	330.28789644746786	49	DH
330.28789644746786	330.3878964474679	7	AH1
330.3878964474679	330.45689644746784	54	K
330.45689644746784	330.48689644746787	67	W
330.48689644746787	330.57689644746785	19	EH1
330.57689644746785	330.74689644746786	63	SH
330.74689644746786	330.88589644746787	6	AH0
330.88589644746787	330.91589644746784	58	N
330.91589644746784	330.97589644746785	50	F
330.97589644746785	331.03589644746785	61	R
331.03589644746785	331.0658964474679	7	AH1
331.0658964474679	331.09589644746785	57	M
331.09589644746785	331.1258964474679	49	DH
331.1258964474679	331.25756511610444	6	AH0
331.25756511610444	331.4048964474679	4	AE1
331.4048964474679	331.43489644746785	58	N
331.43489644746785	331.5348964474679	62	S
331.5348964474679	331.69489644746784	21	ER0
331.69489644746784	342.65431594860166	74	sp
342.65431594860166	342.8385329356976	62	S
342.8385329356976	342.8885329356976	67	W
342.8885329356976	342.93753293569756	28	IH1
342.93753293569756	343.0520232099219	59	NG
343.0520232099219	343.0868575344759	68	Y
343.0868575344759	343.12753293569756	10	AO1
343.12753293569756	343.2075329356976	61	R
343.2075329356976	343.4265329356976	1	AA1
343.4265329356976	343.5526563621499	61	R
343.5526563621499	343.6065329356976	57	M
343.6065329356976	343.7865329356976	4	AE1
343.7865329356976	343.8155329356976	69	Z
343.8155329356976	343.92553293569756	52	HH
343.92553293569756	344.0655329356976	16	AY1
344.0655329356976	344.1355329356976	19	EH1
344.1355329356976	344.2155329356976	69	Z
344.2155329356976	344.26453293569756	68	Y
344.26453293569756	344.2945329356976	44	UW1
344.2945329356976	344.4145329356976	54	K
344.4145329356976	344.6935329356976	4	AE1
344.6935329356976	344.7735329356976	58	N
344.7735329356976	358.3832955404384	74	sp
358.3832955404384	358.4832955404384	60	P
358.4832955404384	358.5132955404384	56	L
358.5132955404384	358.7222955404384	32	IY1
358.7222955404384	358.75229554043835	69	Z
358.75229554043835	358.87229554043836	62	S
358.87229554043836	358.92229554043837	28	IH1
358.92229554043837	359.43029554043835	59	NG
359.43029554043835	359.5302955404384	74	sp
359.5302955404384	359.67029554043836	53	JH
359.67029554043836	359.79029554043836	7	AH1
359.79029554043836	359.9692955404384	62	S
359.9692955404384	359.99929554043837	64	T
359.99929554043837	360.0392955404384	49	DH
360.0392955404384	360.3082955404384	7	AH1
360.3082955404384	361.2562955404384	74	sp
361.2562955404384	361.38629554043837	54	K
361.38629554043837	361.44629554043837	56	L
361.44629554043837	361.67529554043836	7	AH1
361.67529554043836	361.7052955404384	46	B
361.7052955404384	361.97529554043837	65	TH
361.97529554043837	362.2242955404384	32	IY1
362.2242955404384	362.3442955404384	57	M
362.3442955404384	374.8658352229781	74	sp
374.8658352229781	374.918086709809	49	DH
374.918086709809	375.0375186797083	6	AH0
375.0375186797083	375.1229844850791	4	AE1
375.1229844850791	375.26198448507904	59	NG
375.26198448507904	375.30198448507906	51	G
375.30198448507906	375.36198448507906	61	R
375.36198448507906	375.44198448507905	31	IY0
375.44198448507905	375.5319844850791	46	B
375.5319844850791	375.7409844850791	38	OY1
375.7409844850791	375.82098448507907	48	D
375.82098448507907	375.8709844850791	6	AH0
375.8709844850791	375.90098448507905	48	D
375.90098448507905	375.9309844850791	58	N
375.9309844850791	376.09998448507906	1	AA1
376.09998448507906	376.1299844850791	64	T
376.1299844850791	376.23998448507905	56	L
376.23998448507905	376.27998448507907	41	UH1
376.27998448507907	376.36998448507904	54	K
376.36998448507904	376.56898448507906	7	AH1
376.56898448507906	376.6089844850791	60	P
376.6089844850791	400.6528798185941	74	sp
