31.74	31.8	58	N
31.8	31.94	4	AE1
31.94	32.0	58	N
32.0	32.11	62	S
32.11	32.249	31	IY0
32.249	32.359	52	HH
32.359	32.499	4	AE1
32.499	32.598	69	Z
32.598	32.648	49	DH
32.648	32.698	6	AH0
32.698	32.768	46	B
32.768	32.928	19	EH1
32.928	32.958	62	S
32.958	33.027	64	T
33.027	33.097	51	G
33.097	33.267	61	R
33.267	33.486	25	EY1
33.486	33.566	48	D
33.566	33.636	69	Z
33.636	33.686	6	AH0
33.686	33.716	58	N
33.716	33.746	49	DH
33.746	33.826	7	AH1
33.826	33.945	54	K
33.945	33.985	56	L
33.985	34.205	4	AE1
34.205	34.474	62	S
43.813	43.993	16	AY1
43.993	44.142	64	T
44.142	44.212	41	UH1
44.212	44.292	54	K
44.332	44.372	52	HH
44.372	44.531	22	ER1
44.531	44.621	67	W
44.621	44.791	22	ER1
44.791	44.831	48	D
44.831	44.91	50	F
44.91	45.07	10	AO1
45.07	45.14	61	R
45.14	45.29	6	AH0
45.29	45.489	64	T
59.088	59.238	10	AO1
59.238	59.318	61	R
59.318	59.358	6	AH0
59.358	59.398	58	N
59.398	59.427	53	JH
59.427	59.567	53	JH
59.567	59.677	44	UW1
59.677	59.797	62	S
59.797	59.896	64	T
59.896	60.016	25	EY1
60.016	60.056	62	S
60.056	60.086	64	T
60.086	60.166	62	S
60.166	60.196	50	F
60.196	60.315	7	AH1
60.315	60.365	58	N
60.365	60.415	31	IY0
60.415	60.695	4	AE1
60.695	60.724	50	F
60.724	60.784	64	T
60.784	60.874	21	ER0
60.874	60.984	64	T
60.984	61.084	44	UW1
61.084	61.193	65	TH
61.193	61.273	60	P
61.273	61.383	26	EY2
61.383	61.553	62	S
61.553	61.653424501320586	64	T
74.553	74.663	61	R
74.663	74.773	1	AA1
74.773	74.832	46	B
74.832	74.962	6	AH0
74.962	74.992	58	N
74.992	75.112	56	L
75.112	75.291	16	AY1
75.291	75.351	54	K
75.351	75.451	62	S
75.451	75.501	49	DH
75.501	75.541	6	AH0
75.541	75.69	54	K
75.69	75.72	7	AH1
75.72	75.83	56	L
75.83	75.95	21	ER0
75.95	76.0	68	Y
76.0	76.08	19	EH1
76.08	76.279	56	L
76.279	76.389	34	OW0
89.699	89.778	6	AH0
89.778	89.858	69	Z
89.858	89.888	63	SH
89.888	89.978	32	IY1
89.978	90.088	51	G
90.088	90.207	35	OW1
90.207	90.257	27	IH0
90.257	90.377	59	NG
90.377	90.437	67	W
90.437	90.487	28	IH1
90.487	90.557	65	TH
90.557	90.726	68	Y
90.726	90.816	44	UW1
101.811	101.951	67	W
101.951	102.001	28	IH1
102.001	102.18	47	CH
102.18	102.22	65	TH
102.22	102.35	32	IY1
102.35	102.49	6	AH0
102.49	102.52	64	T
102.52	102.689	21	ER0
102.689	102.819	63	SH
102.819	103.018	35	OW1
103.018	103.138	69	Z
103.138	103.228	57	M
103.228	103.308	7	AH1
103.308	103.358	49	DH
103.358	103.457	21	ER0
103.457	103.607	51	G
103.607	103.757	44	UW1
103.757	104.096	62	S
115.779	115.899	54	K
115.899	116.049	7	AH1
116.049	116.089	64	T
116.089	116.238	25	EY1
116.238	116.398	62	S
116.398	116.428	57	M
116.428	116.617	10	AO1
116.617	116.647	56	L
116.647	116.707	54	K
116.707	116.907	10	AO1
116.907	117.037	61	R
117.037	117.066	58	N
117.066	117.106	21	ER0
117.406	117.605	10	AO1
117.605	117.795	50	F
117.795	117.934	32	IY1
117.934	118.134	47	CH
118.134	118.403	19	EH1
118.403	118.703	53	JH
131.075	131.204	49	DH
131.204	131.583	25	EY1
131.623	132.162	10	AO1
132.162	132.272	56	L
132.272	132.352	18	EH0
132.352	132.432	58	N
132.432	132.521	53	JH
132.521	132.721	38	OY1
132.721	132.92	16	AY1
132.92	133.0	62	S
133.0	133.11	54	K
133.11	133.14	61	R
133.14	133.27	32	IY1
133.27	133.3	57	M
133.3	133.399	62	S
133.399	133.529	7	AH1
133.529	133.559	58	N
133.559	133.619	48	D
133.619	133.838	26	EY2
133.838	134.05132916890207	69	Z
146.36	146.46	64	T
146.46	146.669	1	AA1
146.669	146.699	57	M
146.699	146.839	61	R
146.839	147.038	32	IY1
147.038	147.078	48	D
147.078	147.188	69	Z
147.188	147.218	49	DH
147.218	147.258	6	AH0
147.258	147.388	62	S
147.388	147.577	25	EY1
147.577	147.657	57	M
147.657	147.707	46	B
147.707	147.866	41	UH1
147.866	147.966	54	K
147.966	148.076	19	EH1
148.076	148.146	66	V
148.146	148.206	61	R
148.206	148.266	31	IY0
148.266	148.315	58	N
148.315	148.555	16	AY1
148.555	148.585	64	T
160.099	160.188	52	HH
160.188	160.428	32	IY1
160.428	160.737	25	EY1
160.737	160.767	64	T
160.767	160.817	50	F
160.817	160.987	10	AO1
160.987	161.106	61	R
161.106	161.356	19	EH1
161.356	161.436	51	G
161.436	161.476	69	Z
161.476	161.615	50	F
161.615	161.695	21	ER0
161.695	161.745	46	B
161.745	161.885	61	R
161.885	161.915	19	EH1
161.915	161.964	54	K
161.964	162.014	50	F
162.014	162.094	6	AH0
162.094	162.244	62	S
162.244	162.38931393210586	64	T
173.209	173.26408527805677	49	DH
173.26408527805677	173.44052879628654	25	EY1
173.44052879628654	173.55318818711623	10	AO1
173.55318818711623	173.61295962200802	50	F
173.61295962200802	173.66775010399218	64	T
173.66775010399218	173.76487868569137	6	AH0
173.76487868569137	173.83900502889855	58	N
173.83900502889855	173.86296629257532	51	G
173.86296629257532	174.02828123938926	35	OW1
174.02828123938926	174.25368326897757	13	AW1
174.25368326897757	174.35662296240235	64	T
174.35662296240235	174.43631820892475	28	IH1
174.43631820892475	174.503281062285	58	N
174.503281062285	174.546034241409	49	DH
174.546034241409	174.57591995885488	6	AH0
174.57591995885488	174.73161962707653	32	IY1
174.73161962707653	174.785	66	V
174.785	174.8328990028654	58	N
174.8328990028654	174.96406409610017	27	IH0
174.96406409610017	175.2354424494068	59	NG
186.179	186.339	62	S
186.339	186.389	60	P
186.389	186.489	21	ER0
186.489	186.678	28	IH1
186.678	186.708	59	NG
186.708	186.878	62	S
186.878	186.908	64	T
186.908	187.007	61	R
187.007	187.187	32	IY1
187.187	187.317	64	T
187.317	187.417	28	IH1
187.417	187.456	69	Z
187.456	187.556	62	S
187.556	187.606	64	T
187.606	187.676	61	R
187.676	187.806	25	EY1
187.806	187.856	64	T
187.856	187.945	6	AH0
187.945	188.045	52	HH
188.045	188.215	19	EH1
188.215	188.344	48	D
199.599	199.808	28	IH1
199.808	199.918	69	Z
199.918	199.968	49	DH
199.968	200.108	28	IH1
200.108	200.148	62	S
200.148	200.237	62	S
200.237	200.367	32	IY1
200.367	200.487	62	S
200.487	200.627	11	AO2
200.627	200.806	62	S
200.806	201.026	25	EY1
201.026	201.215	50	F
211.781	211.841	49	DH
211.841	211.971	28	IH1
211.971	212.19	62	S
212.19	212.28	67	W
212.28	212.48	7	AH1
212.48	212.709	69	Z
212.709	212.909	32	IY1
212.909	212.959	69	Z
212.959	213.118	31	IY0
213.118	213.188	50	F
213.188	213.308	61	R
213.308	213.348	21	ER0
213.348	213.517	7	AH1
213.517	213.956	62	S
224.123	224.313	16	AY1
224.313	224.402	62	S
224.402	224.55815476215344	10	AO1
224.55815476215344	224.66390181883506	6	AH0
224.66390181883506	224.722	60	P
224.722	224.851	22	ER1
224.851	224.901	60	P
224.901	224.931	6	AH0
224.931	225.041	56	L
225.041	225.151	54	K
225.151	225.241	61	R
225.241	225.41	4	AE1
225.41	225.47	46	B
225.47	225.58	1	AA1
225.58	225.66	58	N
225.66	225.69	49	DH
225.69	225.72	6	AH0
225.72	225.799	46	B
225.799	225.989	32	IY1
225.989	226.278	47	CH
236.645	236.744	48	D
236.744	237.014	35	OW1
237.014	237.074	58	N
237.074	237.193	48	D
237.193	237.273	44	UW1
237.273	237.423	47	CH
237.423	237.473	1	AA1
237.473	237.553	61	R
237.553	237.672	56	L
237.672	237.772	31	IY0
237.772	237.852	69	Z
237.852	237.902	48	D
237.902	238.032	22	ER1
238.032	238.061	64	T
238.061	238.161	31	IY0
238.161	238.231	48	D
238.231	238.311	28	IH1
238.311	238.461	63	SH
238.461	238.55	6	AH0
238.55	238.79	69	Z
250.104	250.274	63	SH
250.274	250.383	41	UH1
250.383	250.553	48	D
250.603	250.673	53	JH
250.673	250.852	21	ER0
250.852	251.052	4	AE1
251.052	251.152	50	F
251.152	251.222	62	S
251.222	251.271	46	B
251.271	251.531	32	IY1
251.531	251.69	54	K
251.69	251.87	4	AE1
251.87	251.9	60	P
251.9	252.03	64	T
252.09	252.129	6	AH0
252.129	252.209	58	N
252.209	252.309	62	S
252.309	252.349	57	M
252.349	252.559	10	AO1
252.559	252.608	56	L
252.608	252.718	69	Z
252.718	252.938	44	UW1
252.938	253.257	69	Z
266.168	266.337	32	IY1
266.337	266.387	66	V
266.387	266.477	6	AH0
266.477	266.527	58	N
266.527	266.796	16	AY1
266.796	266.826	51	G
266.826	266.996	28	IH1
266.996	267.076	64	T
267.076	267.115	49	DH
267.115	267.145	6	AH0
267.145	267.255	57	M
267.255	267.355	7	AH1
267.355	267.405	58	N
267.405	267.435	48	D
267.435	267.544	26	EY2
267.544	267.604	46	B
267.604	267.744	56	L
267.744	267.914	44	UW1
267.914	268.193	69	Z
278.939	278.988	49	DH
278.988	279.2004268187892	25	EY1
279.2004268187892	279.338	35	OW1
279.338	279.368	58	N
279.368	279.437	6	AH0
279.437	279.527	46	B
279.527	279.677	28	IH1
279.677	279.73607160075875	51	G
279.73607160075875	279.817	52	HH
279.817	280.096	13	AW1
280.096	280.266	62	S
280.325	280.375	6	AH0
280.375	280.425	58	N
280.425	280.595	10	AO1
280.595	280.715	62	S
280.715	280.744	64	T
280.744	280.804	6	AH0
280.804	280.874	58	N
280.874	280.924	64	T
280.924	280.984	19	EH1
280.984	281.084	54	K
281.084	281.163	62	S
281.163	281.263	6	AH0
281.263	281.453	62	S
292.528	292.578	46	B
292.578	292.677	56	L
292.677	292.797	44	UW1
292.797	292.967	47	CH
292.967	293.236	32	IY1
293.236	293.276	69	Z
293.476	293.625	62	S
293.625	293.655	57	M
293.655	293.705	19	EH1
293.705	293.855	56	L
293.855	293.9338186266969	69	Z
293.9338186266969	294.004	50	F
294.004	294.084	7	AH1
294.084	294.154	58	N
294.154	294.393	31	IY0
305.139	305.229	49	DH
305.229	305.299	7	AH1
305.299	305.418	46	B
305.418	305.807	28	IH1
305.807	305.837	51	G
305.837	305.917	48	D
305.917	306.276	10	AO1
306.276	306.366	51	G
306.935	307.115	56	L
307.115	307.294	7	AH1
307.294	307.364	66	V
307.364	307.404	48	D
307.404	307.48488461946175	64	T
307.48488461946175	307.5408020500756	6	AH0
307.5408020500756	307.7169284499688	47	CH
307.7169284499688	307.9932936589014	44	UW1
308.2920739728312	308.4606695693296	1	AA1
308.4606695693296	308.58756603734753	58	N
308.58756603734753	308.6261773055959	49	DH
308.6261773055959	308.76800276985125	6	AH0
308.76800276985125	308.85668874798426	35	OW1
308.85668874798426	308.98980563110115	56	L
308.98980563110115	309.05076569907055	48	D
309.05076569907055	309.1844606657385	61	R
309.1844606657385	309.37582745096233	4	AE1
309.37582745096233	309.489	51	G
309.489	309.539	49	DH
309.539	309.7175509763923	7	AH1
309.7175509763923	309.878	56	L
323.757	323.846	51	G
323.846	323.996	19	EH1
323.996	324.116	62	S
324.116	324.166	49	DH
324.166	324.266	7	AH1
324.266	324.335	54	K
324.335	324.365	67	W
324.365	324.455	19	EH1
324.455	324.625	63	SH
324.625	324.764	6	AH0
324.764	324.794	58	N
324.794	324.854	50	F
324.854	324.914	61	R
324.914	324.944	7	AH1
324.944	324.974	57	M
324.974	325.004	49	DH
325.004	325.1356686686366	6	AH0
325.1356686686366	325.283	4	AE1
325.283	325.313	58	N
325.313	325.413	62	S
325.413	325.573	21	ER0
336.7827830129041	336.967	62	S
336.967	337.017	67	W
337.017	337.066	28	IH1
337.066	337.1804902742243	59	NG
337.1804902742243	337.2153245987783	68	Y
337.2153245987783	337.256	10	AO1
337.256	337.336	61	R
337.336	337.555	1	AA1
337.555	337.6811234264523	61	R
337.6811234264523	337.735	57	M
337.735	337.915	4	AE1
337.915	337.944	69	Z
337.944	338.054	52	HH
338.054	338.194	16	AY1
338.194	338.264	19	EH1
338.264	338.344	69	Z
338.344	338.393	68	Y
338.393	338.423	44	UW1
338.423	338.543	54	K
338.543	338.822	4	AE1
338.822	338.902	58	N
349.209	349.309	60	P
349.309	349.339	56	L
349.339	349.548	32	IY1
349.548	349.578	69	Z
349.578	349.698	62	S
349.698	349.748	28	IH1
349.748	350.256	59	NG
350.356	350.496	53	JH
350.496	350.616	7	AH1
350.616	350.795	62	S
350.795	350.825	64	T
350.825	350.865	49	DH
350.865	351.134	7	AH1
352.082	352.212	54	K
352.212	352.272	56	L
352.272	352.501	7	AH1
352.501	352.531	46	B
352.531	352.801	65	TH
352.801	353.05	32	IY1
353.05	353.17	57	M
368.806850737899	368.85910222472995	49	DH
368.85910222472995	368.9785341946292	6	AH0
368.9785341946292	369.064	4	AE1
369.064	369.203	59	NG
369.203	369.243	51	G
369.243	369.303	61	R
369.303	369.383	31	IY0
369.383	369.473	46	B
369.473	369.682	38	OY1
369.682	369.762	48	D
369.762	369.812	6	AH0
369.812	369.842	48	D
369.842	369.872	58	N
369.872	370.041	1	AA1
370.041	370.071	64	T
370.071	370.181	56	L
370.181	370.221	41	UH1
370.221	370.311	54	K
370.311	370.51	7	AH1
370.51	370.55	60	P
394.346	394.416	58	N
394.416	394.526	4	AE1
394.526	394.556	58	N
394.556	394.6756725884637	62	S
394.6756725884637	394.9170246943018	31	IY0
394.9170246943018	394.9866933434097	52	HH
394.9866933434097	395.174	4	AE1
395.174	395.244	69	Z
395.244	395.294	49	DH
395.294	395.334	6	AH0
395.334	395.424	46	B
395.424	395.573	19	EH1
395.573	395.653	62	S
395.653	395.683	64	T
395.683	395.713	51	G
395.713	395.833	61	R
395.833	395.993	25	EY1
395.993	396.052	48	D
396.052	396.082	69	Z
396.082	396.142	28	IH1
396.142	396.172	58	N
396.172	396.202	49	DH
396.202	396.34036961555154	7	AH1
396.34036961555154	396.382	54	K
396.382	396.432	56	L
396.432	396.681	4	AE1
396.681	396.811	62	S
409.711	409.831	16	AY1
409.831	409.961	64	T
409.961	410.001	41	UH1
410.001	410.11	54	K
410.11	410.16	52	HH
410.16	410.31	22	ER1
410.31	410.42	67	W
410.42	410.579	22	ER1
410.579	410.609	48	D
410.609	410.689	50	F
410.689	410.809	10	AO1
410.809	410.889	61	R
410.889	411.008	6	AH0
411.008	411.078	64	T
419.469	419.629	10	AO1
419.629	419.689	61	R
419.689	419.729	6	AH0
419.729	419.759	58	N
419.759	419.838	53	JH
419.838	419.918	53	JH
419.918	420.058	44	UW1
420.058	420.168	62	S
420.168	420.267	64	T
420.267	420.417	25	EY1
420.417	420.457	62	S
420.457	420.487	64	T
420.487	420.567	62	S
420.567	420.597	50	F
420.597	420.686	7	AH1
420.686	420.736	58	N
420.736	420.87157727331714	31	IY0
420.87157727331714	421.066	4	AE1
421.066	421.095	50	F
421.095	421.155	64	T
421.155	421.445	21	ER0
421.644	421.774	64	T
421.774	421.864	44	UW1
421.864	421.904	65	TH
421.904	422.013	60	P
422.013	422.143	26	EY2
422.143	422.3550158738849	62	S
422.3550158738849	422.512	64	T
432.988	433.068	61	R
433.068	433.168	1	AA1
433.168	433.228	46	B
433.228	433.288	6	AH0
433.288	433.328	58	N
433.328	433.417	56	L
433.417	433.637	16	AY1
433.637	433.707	54	K
433.707	433.807	62	S
433.886	433.916	49	DH
433.916	434.0024762051253	7	AH1
434.0024762051253	434.136	54	K
434.136	434.166	10	AO1
434.166	434.305	56	L
434.305	434.375	21	ER0
434.375	434.435	68	Y
434.435	434.525	19	EH1
434.525	434.635	56	L
434.635	434.854	34	OW0
446.068375966913	446.17278105911186	28	IH1
446.17278105911186	446.2316173217885	62	S
446.2316173217885	446.3065657542446	63	SH
446.3065657542446	446.40680715462037	32	IY1
446.40680715462037	446.47612927882267	51	G
446.47612927882267	446.62495364734286	35	OW1
446.62495364734286	446.7114174172179	6	AH0
446.7114174172179	446.77984690869215	59	NG
446.77984690869215	446.81221595245927	67	W
446.81221595245927	446.88748297515616	28	IH1
446.88748297515616	446.9911883235141	65	TH
446.9911883235141	447.0502593817005	68	Y
447.0502593817005	447.2790895286617	44	UW1
460.995	461.134	67	W
461.134	461.214	28	IH1
461.214	461.304	47	CH
461.304	461.354	65	TH
461.354	461.573	32	IY1
461.573	461.603	6	AH0
461.603	461.633	64	T
461.633	461.753	21	ER0
461.753	461.903	63	SH
461.903	462.052	35	OW1
462.052	462.162	69	Z
462.162	462.232	57	M
462.232	462.312	7	AH1
462.312	462.362	49	DH
462.362	462.451	21	ER0
462.451	462.561	51	G
462.561	462.721	44	UW1
462.721	462.99	62	S
474.035	474.145	54	K
474.145	474.255	7	AH1
474.255	474.295	64	T
474.295	474.514	25	EY1
474.514	474.634	62	S
474.634	474.664	57	M
474.664	474.873	10	AO1
474.873	474.913	56	L
474.913	474.943	54	K
474.943	475.093	10	AO1
475.093	475.332	61	R
475.332	475.362	58	N
475.362	475.392	21	ER0
475.392	475.522	10	AO1
475.522	475.602	50	F
475.602	475.851	32	IY1
475.851	475.981	47	CH
476.1	476.33	19	EH1
476.33	476.589	53	JH
487.884	487.993	49	DH
487.993	488.163	25	EY1
488.163	488.492	10	AO1
488.492	488.522	56	L
488.522	488.552	6	AH0
488.552	488.582	58	N
488.582	488.672	53	JH
488.672	488.891	38	OY1
488.891	489.121	16	AY1
489.121	489.211	62	S
489.211	489.3	54	K
489.3	489.35	61	R
489.35	489.46	32	IY1
489.46	489.49	57	M
489.49	489.6	62	S
489.6	489.68	7	AH1
489.68	489.749	58	N
489.749	489.809	48	D
489.809	490.009	26	EY2
490.009	490.2782987655471	69	Z
505.673	505.793	64	T
505.793	505.993	1	AA1
505.993	506.022	57	M
506.022	506.162	61	R
506.162	506.262	32	IY1
506.262	506.322	48	D
506.322	506.382	69	Z
506.382	506.412	49	DH
506.412	506.451	6	AH0
506.451	506.581	62	S
506.581	506.731	25	EY1
506.731	506.831	57	M
506.831	506.871	46	B
506.871	507.03	41	UH1
507.03	507.13	54	K
507.13	507.22	19	EH1
507.22	507.3	66	V
507.3	507.359	61	R
507.359	507.399	31	IY0
507.399	507.449	58	N
507.449	507.739	16	AY1
507.739	507.988	64	T
518.7734745856769	518.8431432347847	52	HH
518.8431432347847	518.9563547895851	32	IY1
518.9563547895851	519.212	25	EY1
519.212	519.252	64	T
519.252	519.312	50	F
519.312	519.472	10	AO1
519.472	519.592	61	R
519.592	519.761	19	EH1
519.761	519.861	51	G
519.861	519.951	69	Z
519.951	520.011	50	F
520.011	520.09	21	ER0
520.09	520.14	46	B
520.14	520.2	61	R
520.2	520.24	19	EH1
520.24	520.35	54	K
520.35	520.4	50	F
520.4	520.46	6	AH0
520.46	520.619	62	S
520.619	520.729	64	T
532.412	532.462	49	DH
532.462	532.622	25	EY1
532.622	532.792	10	AO1
532.792	532.822	50	F
532.822	532.911	64	T
532.911	532.971	6	AH0
532.971	533.051	58	N
533.051	533.101	51	G
533.101	533.231	35	OW1
533.231	533.52	13	AW1
533.52	533.59	64	T
533.59	533.72	28	IH1
533.72	533.749	58	N
533.749	533.779	49	DH
533.779	533.919	31	IY0
533.919	533.989	32	IY1
533.989	534.059	66	V
534.059	534.089	58	N
534.089	534.2791174472922	27	IH0
534.2791174472922	534.4259192436266	59	NG
546.6	546.74	62	S
546.74	546.79	60	P
546.79	546.88	61	R
546.88	546.989	28	IH1
546.989	547.019	59	NG
547.019	547.179	62	S
547.179	547.209	64	T
547.209	547.289	61	R
547.289	547.478	32	IY1
547.478	547.508	64	T
547.508	547.578	28	IH1
547.578	547.648	69	Z
547.648	547.708	62	S
547.708	547.768	64	T
547.768	547.857	61	R
547.857	547.967	25	EY1
547.967	548.017	64	T
548.017	548.067	6	AH0
548.067	548.177	52	HH
548.177	548.346	19	EH1
548.346	548.476	48	D
559.541	559.671	28	IH1
559.671	559.76	69	Z
559.76	559.79	49	DH
559.79	559.92	28	IH1
559.92	559.98	62	S
559.98	560.01	62	S
560.01	560.11	32	IY1
560.11	560.239	62	S
560.239	560.359	11	AO2
560.359	560.509	62	S
560.509	560.678	25	EY1
560.678	560.968	50	F
572.362	572.412	49	DH
572.412	572.481	28	IH1
572.481	572.621	62	S
572.621	572.691	67	W
572.691	572.831	7	AH1
572.831	572.96	69	Z
572.96	573.17	32	IY1
573.17	573.2	69	Z
573.2	573.329	31	IY0
573.329	573.409	50	F
573.409	573.509	10	AO1
573.509	573.672129876641	61	R
573.672129876641	573.8239080050546	7	AH1
573.8239080050546	574.068	62	S
585.651	585.811	16	AY1
585.811	585.941	62	S
585.941	586.0394566498854	10	AO1
586.0394566498854	586.08	6	AH0
586.08	586.19	60	P
586.19	586.31	22	ER1
586.31	586.37	60	P
586.37	586.4	6	AH0
586.4	586.51	56	L
586.51	586.599	54	K
586.599	586.709	61	R
586.709	586.939	4	AE1
586.939	587.018	46	B
587.018	587.178	1	AA1
587.178	587.258	58	N
587.258	587.288	49	DH
587.288	587.328	6	AH0
587.328	587.398	46	B
587.398	587.597	32	IY1
587.597	587.886	47	CH
598.432	598.592	48	D
598.592	598.911	35	OW1
598.911	598.951	58	N
598.951	599.081	48	D
599.081	599.201	44	UW1
599.201	599.37	47	CH
599.37	599.42	1	AA1
599.42	599.49	61	R
599.49	599.6	56	L
599.6	599.69	31	IY0
599.69	599.749	69	Z
599.749	599.809	48	D
599.809	599.929	22	ER1
599.929	599.959	64	T
599.959	600.049	31	IY0
600.049	600.129	48	D
600.129	600.198	28	IH1
600.198	600.328	63	SH
600.328	600.448	6	AH0
600.448	600.568	69	Z
612.291	612.5	63	SH
612.5	612.6	41	UH1
612.6	612.66	48	D
612.66	612.72	53	JH
612.72	612.85	21	ER0
612.85	613.089	4	AE1
613.089	613.119	50	F
613.119	613.269	62	S
613.269	613.309	46	B
613.309	613.518	32	IY1
613.518	613.648	54	K
613.648	613.758	19	EH1
613.758	613.788	60	P
613.788	613.897	64	T
613.897	614.087	28	IH1
614.087	614.197	58	N
614.276	614.436	62	S
614.436	614.496	57	M
614.496	614.695	10	AO1
614.695	614.755	56	L
614.755	614.845	69	Z
614.845	615.124	44	UW1
615.124	615.354	69	Z
626.5349879077522	626.6295382172558	32	IY1
626.6295382172558	626.6761913304977	66	V
626.6761913304977	626.7670093909419	6	AH0
626.7670093909419	626.8086861721047	58	N
626.8086861721047	627.017	16	AY1
627.017	627.057	51	G
627.057	627.127	28	IH1
627.127	627.187	64	T
627.187	627.227	49	DH
627.227	627.267	6	AH0
627.267	627.346625045704	57	M
627.346625045704	627.427	7	AH1
627.427	627.5038355319813	58	N
627.5038355319813	627.5266297135471	48	D
627.5266297135471	627.6435410640846	26	EY2
627.6435410640846	627.7503241666697	46	B
627.7503241666697	627.8299454799359	56	L
627.8299454799359	628.0090934347847	44	UW1
628.0090934347847	628.2977206953747	69	Z
642.492	642.542	49	DH
642.542	642.729707202501	25	EY1
642.729707202501	642.851	35	OW1
642.851	642.891	58	N
642.891	642.931	6	AH0
642.931	643.021	46	B
643.021	643.141	28	IH1
643.141	643.171	51	G
643.171	643.261	52	HH
643.261	643.43	13	AW1
643.43	643.56	62	S
643.56	643.68	6	AH0
643.68	643.7667419987903	58	N
643.7667419987903	643.899	10	AO1
643.899	644.009	62	S
644.009	644.069	64	T
644.069	644.109	6	AH0
644.109	644.168	58	N
644.168	644.248	64	T
644.248	644.308	19	EH1
644.308	644.418	54	K
644.418	644.508	62	S
644.508	644.588	6	AH0
644.588	644.847	62	S
655.932	655.982	46	B
655.982	656.061	56	L
656.061	656.211	44	UW1
656.211	656.311	47	CH
656.311	656.52	32	IY1
656.52	656.56	69	Z
656.56	656.67	62	S
656.67	656.71	57	M
656.71	656.8	19	EH1
656.8	656.92	56	L
656.92	657.0074979307078	69	Z
657.0074979307078	657.0920955760531	50	F
657.0920955760531	657.179	7	AH1
657.179	657.2563145346646	58	N
657.2563145346646	657.448	31	IY0
668.852	668.882	49	DH
668.882	668.912	6	AH0
668.912	668.982	46	B
668.982	669.112	28	IH1
669.112	669.182	51	G
669.182	669.241	48	D
669.241	669.521	10	AO1
669.521	669.561	51	G
669.561	669.68	56	L
669.68	669.77	7	AH1
669.77	669.8	66	V
669.8	669.83	48	D
669.83	669.93	64	T
669.93	670.04	6	AH0
670.04	670.179	47	CH
670.179	670.369	44	UW1
670.369	670.568	1	AA1
670.568	670.628	58	N
670.628	670.658	49	DH
670.658	670.738	7	AH1
670.738	670.938	35	OW1
670.938	670.988	56	L
670.988	671.027	48	D
671.027	671.167	61	R
671.167	671.257	4	AE1
671.257	671.357	51	G
671.357	671.407	48	D
671.407	671.616	1	AA1
671.616	671.656	56	L
683.13	683.2	51	G
683.2	683.29	19	EH1
683.29	683.399	62	S
683.399	683.439	49	DH
683.439	683.529	7	AH1
683.529	683.599	54	K
683.599	683.659	67	W
683.659	683.719	19	EH1
683.719	683.888	63	SH
683.888	684.018	6	AH0
684.018	684.058	58	N
684.058	684.098	50	F
684.098	684.128	61	R
684.128	684.168	7	AH1
684.168	684.198	57	M
684.198	684.227	49	DH
684.227	684.3400303587064	6	AH0
684.3400303587064	684.497	4	AE1
684.497	684.547	58	N
684.547	684.627	62	S
684.627	684.766	21	ER0
696.24	696.39	62	S
696.39	696.47	67	W
696.47	696.5	28	IH1
696.5	696.529	59	NG
696.529	696.559	68	Y
696.559	696.669	10	AO1
696.669	696.729	61	R
696.729	696.889	1	AA1
696.889	696.959	61	R
696.959	697.008	57	M
697.008	697.128	19	EH1
697.128	697.1966529426101	69	Z
697.1966529426101	697.258	52	HH
697.258	697.388	16	AY1
697.388	697.427	19	EH1
697.427	697.517	69	Z
697.517	697.587	68	Y
697.587	697.6406579701202	44	UW1
697.6406579701202	697.717	54	K
697.717	697.966	4	AE1
697.966	698.056	58	N
708.542	708.622	60	P
708.622	708.652	56	L
708.652	708.841	32	IY1
708.841	708.871	69	Z
708.871	709.001	62	S
709.001	709.2691009723363	28	IH1
709.2691009723363	709.56	59	NG
709.56	709.64	53	JH
709.64	709.72	7	AH1
709.72	709.839	62	S
709.839	709.869	64	T
709.869	709.909	49	DH
709.909	709.959	7	AH1
709.959	710.119	54	K
710.119	710.159	56	L
710.159	710.268	7	AH1
710.268	710.308	46	B
710.388	710.458	65	TH
710.458	710.637	32	IY1
710.637	710.787	57	M
722.4817100784378	722.5059696973235	49	DH
722.5059696973235	722.6148269615546	6	AH0
722.6148269615546	722.7311487239044	4	AE1
722.7311487239044	722.8	59	NG
722.8	722.84	51	G
722.84	722.92	61	R
722.92	722.969	31	IY0
722.969	723.0496930646592	46	B
723.0496930646592	723.3277828814549	38	OY1
723.3277828814549	723.408	48	D
723.408	723.488	28	IH1
723.488	723.6523775497072	58	N
723.6523775497072	723.917	64	T
724.306	724.366	48	D
724.366	724.416	28	IH1
724.416	724.486	48	D
724.486	724.566	6	AH0
724.566	724.596	58	N
724.596	724.676	64	T
724.895	724.954513029121	56	L
724.954513029121	725.045	41	UH1
725.045	725.144	54	K
725.144	725.324	7	AH1
725.324	725.384	60	P
