21.195555555555554	21.384555555555558	16	AY1
21.384555555555558	21.564555555555557	64	T
21.564555555555557	21.624555555555553	41	UH1
21.624555555555553	21.773555555555554	54	K
21.773555555555554	21.863555555555557	52	HH
21.863555555555557	21.953555555555553	22	ER1
21.953555555555553	22.14355555555555	67	W
22.14355555555555	22.352555555555554	22	ER1
22.352555555555554	22.47255555555555	48	D
22.47255555555555	22.631555555555558	69	Z
22.631555555555558	22.921555555555557	74	sp
22.921555555555557	22.951555555555558	50	F
22.951555555555558	23.061555555555557	10	AO1
23.061555555555557	23.160555555555554	61	R
23.160555555555554	23.380555555555553	28	IH1
23.380555555555553	23.440555555555555	64	T
23.440555555555555	35.303219954648526	74	sp
35.303219954648526	35.453219954648524	10	AO1
35.453219954648524	35.51321995464852	61	R
35.51321995464852	35.54321995464852	6	AH0
35.54321995464852	35.60321995464852	58	N
35.60321995464852	35.76221995464853	53	JH
35.76221995464853	35.87221995464853	53	JH
35.87221995464853	36.01221995464853	44	UW1
36.01221995464853	36.151219954648525	62	S
36.151219954648525	36.191219954648524	74	sp
36.191219954648524	36.30121995464852	64	T
36.30121995464852	36.441219954648524	25	EY1
36.441219954648524	36.67021995464852	62	S
36.67021995464852	36.999219954648524	64	T
36.999219954648524	37.608219954648526	74	sp
37.608219954648526	37.66821995464852	50	F
37.66821995464852	37.74821995464852	7	AH1
37.74821995464852	37.828219954648524	58	N
37.828219954648524	38.017219954648525	31	IY0
38.017219954648525	38.06721995464852	74	sp
38.06721995464852	38.227219954648525	4	AE1
38.227219954648525	38.346219954648525	50	F
38.346219954648525	38.40621995464852	64	T
38.40621995464852	38.60621995464852	21	ER0
38.60621995464852	38.755219954648524	74	sp
38.755219954648524	38.86521995464852	64	T
38.86521995464852	38.95521995464853	44	UW1
38.95521995464853	39.01521995464853	65	TH
39.01521995464853	39.065219954648526	60	P
39.065219954648526	39.23421995464852	26	EY2
39.23421995464852	39.42421995464852	62	S
39.42421995464852	39.474219954648525	64	T
39.474219954648525	49.1715873015873	74	sp
49.1715873015873	49.261587301587305	74	sp
49.261587301587305	49.331587301587305	61	R
49.331587301587305	49.420587301587304	44	UW1
49.420587301587304	49.5105873015873	46	B
49.5105873015873	49.6105873015873	6	AH0
49.6105873015873	49.8095873015873	58	N
49.8095873015873	50.029587301587306	74	sp
50.029587301587306	50.1195873015873	56	L
50.1195873015873	50.3385873015873	16	AY1
50.3385873015873	50.4585873015873	54	K
50.4585873015873	50.4985873015873	62	S
50.4985873015873	50.8875873015873	74	sp
50.8875873015873	50.9375873015873	49	DH
50.9375873015873	50.9975873015873	6	AH0
50.9975873015873	51.0675873015873	74	sp
51.0675873015873	51.236587301587306	54	K
51.236587301587306	51.2665873015873	7	AH1
51.2665873015873	51.3965873015873	56	L
51.3965873015873	51.426587301587304	21	ER0
51.426587301587304	51.605587301587306	68	Y
51.605587301587306	51.6955873015873	19	EH1
51.6955873015873	51.7655873015873	56	L
51.7655873015873	51.855587301587306	34	OW0
51.855587301587306	59.95655328798186	74	sp
59.95655328798186	60.07655328798186	28	IH1
60.07655328798186	60.10655328798186	69	Z
60.10655328798186	60.28555328798186	63	SH
60.28555328798186	60.39555328798186	32	IY1
60.39555328798186	60.52555328798186	51	G
60.52555328798186	60.69455328798186	35	OW1
60.69455328798186	60.74455328798186	27	IH0
60.74455328798186	60.88455328798186	59	NG
60.88455328798186	60.92455328798186	67	W
60.92455328798186	60.96455328798186	28	IH1
60.96455328798186	61.06455328798186	65	TH
61.06455328798186	61.20355328798186	68	Y
61.20355328798186	61.28355328798186	44	UW1
61.28355328798186	75.32674133801109	74	sp
75.32674133801109	75.47574133801108	67	W
75.47574133801108	75.71574133801109	28	IH1
75.71574133801109	75.92474133801109	47	CH
75.92474133801109	77.25174133801109	74	sp
77.25174133801109	77.29174133801108	65	TH
77.29174133801108	77.47174133801109	32	IY1
77.47174133801109	77.50174133801109	6	AH0
77.50174133801109	77.54174133801108	64	T
77.54174133801108	77.85074133801108	21	ER0
77.85074133801108	77.97074133801108	74	sp
77.97074133801108	78.21974133801108	63	SH
78.21974133801108	78.55874133801109	35	OW1
78.55874133801109	78.73874133801108	69	Z
78.73874133801108	79.85574133801109	74	sp
79.85574133801109	80.00574133801108	57	M
80.00574133801108	80.12574133801108	7	AH1
80.12574133801108	80.18574133801108	49	DH
80.18574133801108	80.36474133801109	21	ER0
80.36474133801109	80.74374133801108	74	sp
80.74374133801108	80.81374133801108	51	G
80.81374133801108	80.97374133801108	44	UW1
80.97374133801108	81.24274133801109	62	S
81.24274133801109	92.94204081632653	74	sp
92.94204081632653	93.08204081632653	54	K
93.08204081632653	93.21204081632654	7	AH1
93.21204081632654	93.30104081632653	64	T
93.30104081632653	93.42104081632654	25	EY1
93.42104081632654	93.66104081632653	62	S
93.66104081632653	93.73004081632654	57	M
93.73004081632654	93.92004081632653	10	AO1
93.92004081632653	93.99004081632653	56	L
93.99004081632653	94.04004081632654	74	sp
94.04004081632654	94.16904081632653	54	K
94.16904081632653	94.24904081632653	10	AO1
94.24904081632653	94.27904081632653	61	R
94.27904081632653	94.33904081632653	58	N
94.33904081632653	94.48904081632654	21	ER0
94.48904081632654	94.56904081632653	74	sp
94.56904081632653	94.81804081632653	10	AO1
94.81804081632653	94.95804081632653	50	F
94.95804081632653	95.12704081632653	74	sp
95.12704081632653	95.32704081632653	32	IY1
95.32704081632653	95.54604081632654	47	CH
95.54604081632654	96.15504081632653	74	sp
96.15504081632653	96.32504081632653	19	EH1
96.32504081632653	96.59404081632653	53	JH
96.59404081632653	107.85578231292517	74	sp
107.85578231292517	107.89578231292516	49	DH
107.89578231292516	108.12578231292517	25	EY1
108.12578231292517	108.40478231292516	10	AO1
108.40478231292516	108.43478231292517	56	L
108.43478231292517	108.55478231292517	18	EH0
108.55478231292517	108.67478231292516	58	N
108.67478231292516	108.80378231292516	53	JH
108.80378231292516	109.12378231292517	38	OY1
109.12378231292517	109.28278231292516	74	sp
109.28278231292516	109.47278231292516	16	AY1
109.47278231292516	109.72178231292517	62	S
109.72178231292517	109.79178231292516	54	K
109.79178231292516	109.83178231292517	61	R
109.83178231292517	109.89178231292516	32	IY1
109.89178231292516	110.11078231292517	57	M
110.11078231292517	110.36078231292517	62	S
110.36078231292517	110.45078231292517	7	AH1
110.45078231292517	110.81884057091162	58	N
110.81884057091162	110.93229418487829	48	D
110.93229418487829	111.64778231292516	26	EY2
111.64778231292516	111.80778231292517	69	Z
111.80778231292517	122.24734693877551	74	sp
122.24734693877551	122.39634693877551	64	T
122.39634693877551	122.61634693877551	1	AA1
122.61634693877551	122.82534693877551	57	M
122.82534693877551	123.1153469387755	74	sp
123.1153469387755	123.16434693877551	61	R
123.16434693877551	123.39434693877551	32	IY1
123.39434693877551	123.5143469387755	48	D
123.5143469387755	123.7233469387755	69	Z
123.7233469387755	123.8833469387755	74	sp
123.8833469387755	123.96334693877552	49	DH
123.96334693877552	124.12234693877551	6	AH0
124.12234693877551	124.18234693877551	62	S
124.18234693877551	124.21234693877551	25	EY1
124.21234693877551	124.5913469387755	57	M
124.5913469387755	124.70134693877552	74	sp
124.70134693877552	124.74134693877551	46	B
124.74134693877551	124.92034693877551	41	UH1
124.92034693877551	125.06034693877551	54	K
125.06034693877551	125.1603469387755	74	sp
125.1603469387755	125.2703469387755	19	EH1
125.2703469387755	125.3893469387755	66	V
125.3893469387755	125.42934693877551	61	R
125.42934693877551	125.4793469387755	31	IY0
125.4793469387755	125.8483469387755	58	N
125.8483469387755	125.87834693877551	16	AY1
125.87834693877551	126.2283469387755	64	T
126.2283469387755	135.73197278911564	74	sp
135.73197278911564	135.85097278911564	52	HH
135.85097278911564	136.03097278911565	32	IY1
136.03097278911565	136.13097278911565	74	sp
136.13097278911565	136.33997278911565	25	EY1
136.33997278911565	136.38997278911566	64	T
136.38997278911566	136.56997278911564	50	F
136.56997278911564	136.73897278911565	10	AO1
136.73897278911565	136.83897278911564	61	R
136.83897278911564	136.94897278911566	74	sp
136.94897278911566	137.21797278911566	19	EH1
137.21797278911566	137.26797278911565	51	G
137.26797278911565	137.29797278911565	69	Z
137.29797278911565	137.60697278911564	50	F
137.60697278911564	137.90697278911566	21	ER0
137.90697278911566	137.94697278911565	46	B
137.94697278911565	138.02597278911566	61	R
138.02597278911566	138.05597278911566	19	EH1
138.05597278911566	138.17597278911566	54	K
138.17597278911566	138.26597278911566	50	F
138.26597278911566	138.39497278911566	6	AH0
138.39497278911566	138.42497278911566	62	S
138.42497278911566	138.5783685278704	64	T
138.5783685278704	148.747	74	sp
148.747	148.79700000000003	49	DH
148.79700000000003	148.966	25	EY1
148.966	149.10600000000002	10	AO1
149.10600000000002	149.23600000000002	50	F
149.23600000000002	149.29600000000002	64	T
149.29600000000002	149.365	6	AH0
149.365	149.485	58	N
149.485	149.53500000000003	51	G
149.53500000000003	149.72500000000002	35	OW1
149.72500000000002	149.75400000000002	74	sp
149.75400000000002	150.08400000000003	13	AW1
150.08400000000003	150.31300000000002	64	T
150.31300000000002	150.48300000000003	28	IH1
150.48300000000003	150.68200000000002	58	N
150.68200000000002	151.181	74	sp
151.181	151.26100000000002	49	DH
151.26100000000002	151.36100000000002	31	IY0
151.36100000000002	151.53000000000003	32	IY1
151.53000000000003	151.62000000000003	66	V
151.62000000000003	151.68	58	N
151.68	151.72000000000003	27	IH0
151.72000000000003	152.09900000000002	59	NG
152.09900000000002	166.92416068979125	74	sp
166.92416068979125	167.17043083900228	62	S
167.17043083900228	167.20043083900228	60	P
167.20043083900228	167.38943083900227	21	ER0
167.38943083900227	167.41943083900227	28	IH1
167.41943083900227	167.7684308390023	59	NG
167.7684308390023	167.91843083900227	62	S
167.91843083900227	168.02843083900228	64	T
168.02843083900228	168.05843083900228	61	R
168.05843083900228	168.30743083900228	32	IY1
168.30743083900228	168.36743083900228	64	T
168.36743083900228	169.22543083900229	74	sp
169.22543083900229	169.6244308390023	28	IH1
169.6244308390023	169.9534308390023	69	Z
169.9534308390023	170.97143083900227	74	sp
170.97143083900227	171.1914308390023	62	S
171.1914308390023	171.24043083900227	64	T
171.24043083900227	171.32043083900228	61	R
171.32043083900228	171.45043083900228	25	EY1
171.45043083900228	171.48043083900228	64	T
171.48043083900228	171.51043083900228	6	AH0
171.51043083900228	171.54043083900228	52	HH
171.54043083900228	171.8094308390023	19	EH1
171.8094308390023	171.85943083900227	48	D
171.85943083900227	182.25659863945577	74	sp
182.25659863945577	182.3855986394558	28	IH1
182.3855986394558	182.4755986394558	69	Z
182.4755986394558	182.5055986394558	49	DH
182.5055986394558	182.86459863945578	28	IH1
182.86459863945578	182.89459863945578	62	S
182.89459863945578	183.0045986394558	62	S
183.0045986394558	183.3435986394558	32	IY1
183.3435986394558	183.7725986394558	62	S
183.7725986394558	184.00259863945578	11	AO2
184.00259863945578	184.37159863945578	74	sp
184.37159863945578	184.5405986394558	62	S
184.5405986394558	184.9405986394558	25	EY1
184.9405986394558	184.9795986394558	50	F
184.9795986394558	193.1720634920635	74	sp
193.1720634920635	193.2020634920635	49	DH
193.2020634920635	193.2620634920635	6	AH0
193.2620634920635	193.4320634920635	62	S
193.4320634920635	193.4810634920635	67	W
193.4810634920635	193.5110634920635	6	AH0
193.5110634920635	193.6210634920635	69	Z
193.6210634920635	193.8710634920635	32	IY1
193.8710634920635	193.90106349206349	69	Z
193.90106349206349	194.0100634920635	31	IY0
194.0100634920635	194.0800634920635	50	F
194.0800634920635	194.1100634920635	10	AO1
194.1100634920635	194.2300634920635	61	R
194.2300634920635	194.3400634920635	7	AH1
194.3400634920635	194.5748244359917	62	S
194.5748244359917	204.30639455782313	74	sp
204.30639455782313	204.49539455782312	16	AY1
204.49539455782312	204.63539455782313	62	S
204.63539455782313	204.80539455782312	10	AO1
204.80539455782312	205.02439455782311	25	EY1
205.02439455782311	205.12439455782314	60	P
205.12439455782314	205.15439455782314	22	ER1
205.15439455782314	205.30439455782312	60	P
205.30439455782312	205.33339455782314	6	AH0
205.33339455782314	205.41339455782312	56	L
205.41339455782312	205.44339455782313	74	sp
205.44339455782313	205.54339455782312	54	K
205.54339455782312	205.60339455782312	61	R
205.60339455782312	205.76239455782314	4	AE1
205.76239455782314	205.83239455782314	46	B
205.83239455782314	205.88239455782312	74	sp
205.88239455782312	206.01239455782314	1	AA1
206.01239455782314	206.10239455782312	58	N
206.10239455782312	206.13239455782312	49	DH
206.13239455782312	206.16239455782312	6	AH0
206.16239455782312	206.32139455782314	46	B
206.32139455782314	206.48139455782314	32	IY1
206.48139455782314	206.73039455782313	47	CH
206.73039455782313	220.92045351473922	74	sp
220.92045351473922	220.99945351473923	48	D
220.99945351473923	221.15945351473923	35	OW1
221.15945351473923	221.22945351473922	58	N
221.22945351473922	221.32945351473924	74	sp
221.32945351473924	221.47845351473924	48	D
221.47845351473924	221.75845351473924	44	UW1
221.75845351473924	221.86745351473922	74	sp
221.86745351473922	222.03745351473924	47	CH
222.03745351473924	222.13745351473924	1	AA1
222.13745351473924	222.27745351473922	61	R
222.27745351473922	222.38645351473923	56	L
222.38645351473923	222.61645351473922	31	IY0
222.61645351473922	222.66645351473923	69	Z
222.66645351473923	223.48445351473924	74	sp
223.48445351473924	223.53445351473923	48	D
223.53445351473923	223.68345351473923	22	ER1
223.68345351473923	223.71345351473923	64	T
223.71345351473923	223.83345351473923	31	IY0
223.83345351473923	223.92345351473924	48	D
223.92345351473924	223.98345351473924	28	IH1
223.98345351473924	224.17245351473923	63	SH
224.17245351473923	224.20245351473923	6	AH0
224.20245351473923	224.42245351473923	69	Z
224.42245351473923	235.56761904761905	74	sp
235.56761904761905	235.86761904761906	63	SH
235.86761904761906	235.92761904761906	41	UH1
235.92761904761906	236.04661904761906	48	D
236.04661904761906	236.15661904761905	53	JH
236.15661904761905	236.31661904761904	21	ER0
236.31661904761904	236.46561904761904	4	AE1
236.46561904761904	236.51561904761905	50	F
236.51561904761905	236.68561904761904	62	S
236.68561904761904	236.76561904761905	74	sp
236.76561904761905	236.81561904761907	46	B
236.81561904761907	236.97461904761906	32	IY1
236.97461904761906	237.14461904761905	74	sp
237.14461904761905	237.28361904761906	54	K
237.28361904761906	237.44361904761905	4	AE1
237.44361904761905	237.47361904761905	60	P
237.47361904761905	237.51361904761904	64	T
237.51361904761904	237.77261904761906	74	sp
237.77261904761906	237.90261904761905	28	IH1
237.90261904761905	238.03261904761905	58	N
238.03261904761905	238.19161904761904	25	EY1
238.19161904761904	238.34161904761905	74	sp
238.34161904761905	238.42161904761906	62	S
238.42161904761906	238.50161904761904	57	M
238.50161904761904	238.71061904761905	10	AO1
238.71061904761905	238.78061904761904	56	L
238.78061904761904	238.80061904761905	74	sp
238.80061904761905	238.93061904761905	69	Z
238.93061904761905	239.06961904761906	44	UW1
239.06961904761906	250.44380952380953	74	sp
250.44380952380953	250.54380952380956	32	IY1
250.54380952380956	250.64380952380955	66	V
250.64380952380955	250.67380952380955	6	AH0
250.67380952380955	250.75280952380953	58	N
250.75280952380953	250.84280952380954	74	sp
250.84280952380954	251.09280952380954	16	AY1
251.09280952380954	251.25180952380956	51	G
251.25180952380956	251.39180952380954	19	EH1
251.39180952380954	251.47180952380955	64	T
251.47180952380955	251.59080952380955	74	sp
251.59080952380955	251.66080952380955	49	DH
251.66080952380955	251.79080952380954	7	AH1
251.79080952380954	252.30980952380955	57	M
252.30980952380955	252.39980952380955	7	AH1
252.39980952380955	252.52880952380954	58	N
252.52880952380954	252.57880952380955	48	D
252.57880952380955	252.77880952380954	31	IY0
252.77880952380954	252.85880952380955	74	sp
252.85880952380955	252.88880952380956	46	B
252.88880952380956	252.96780952380954	56	L
252.96780952380954	253.10780952380955	44	UW1
253.10780952380955	253.36680952380954	69	Z
253.36680952380954	266.8967800453515	74	sp
266.8967800453515	266.93678004535144	49	DH
266.93678004535144	267.5147800453515	25	EY1
267.5147800453515	267.7647800453515	35	OW1
267.7647800453515	267.99378004535146	58	N
267.99378004535146	268.1537800453515	25	EY1
268.1537800453515	268.33378004535143	46	B
268.33378004535143	268.45278004535146	28	IH1
268.45278004535146	268.50278004535147	51	G
268.50278004535147	268.70278004535146	52	HH
268.70278004535146	268.85178004535146	13	AW1
268.85178004535146	269.00178004535144	62	S
269.00178004535144	269.07178004535143	74	sp
269.07178004535143	269.11178004535145	6	AH0
269.11178004535145	269.22078004535143	58	N
269.22078004535143	269.39078004535145	10	AO1
269.39078004535145	269.45078004535145	62	S
269.45078004535145	269.53078004535143	64	T
269.53078004535143	269.56078004535146	6	AH0
269.56078004535146	269.65978004535145	58	N
269.65978004535145	269.72978004535145	64	T
269.72978004535145	269.78978004535145	19	EH1
269.78978004535145	269.92978004535144	54	K
269.92978004535144	270.01978004535147	62	S
270.01978004535147	270.10878004535147	6	AH0
270.10878004535147	270.18878004535145	62	S
270.18878004535145	279.43927437641725	74	sp
279.43927437641725	279.54927437641726	46	B
279.54927437641726	279.5792743764173	56	L
279.5792743764173	279.77827437641724	44	UW1
279.77827437641724	279.93827437641727	47	CH
279.93827437641727	280.0772743764173	32	IY1
280.0772743764173	280.2072743764173	69	Z
280.2072743764173	280.28727437641726	62	S
280.28727437641726	280.3172743764173	57	M
280.3172743764173	280.34727437641726	19	EH1
280.34727437641726	280.4472743764173	56	L
280.4472743764173	280.51627437641724	69	Z
280.51627437641724	280.5962743764173	74	sp
280.5962743764173	280.67627437641727	50	F
280.67627437641727	280.74627437641726	7	AH1
280.74627437641726	280.9252743764173	58	N
280.9252743764173	280.95527437641726	31	IY0
280.95527437641726	293.8876870748299	74	sp
293.8876870748299	293.9376870748299	74	sp
293.9376870748299	293.96768707482994	49	DH
293.96768707482994	294.1776870748299	7	AH1
294.1776870748299	294.2366870748299	46	B
294.2366870748299	294.37668707482993	28	IH1
294.37668707482993	294.4466870748299	51	G
294.4466870748299	294.5166870748299	74	sp
294.5166870748299	294.56668707482993	48	D
294.56668707482993	294.7856870748299	10	AO1
294.7856870748299	294.83568707482993	51	G
294.83568707482993	294.8756870748299	74	sp
294.8756870748299	295.02568707482993	56	L
295.02568707482993	295.2046870748299	7	AH1
295.2046870748299	295.3446870748299	66	V
295.3446870748299	295.3746870748299	48	D
295.3746870748299	295.8036870748299	74	sp
295.8036870748299	295.9136870748299	64	T
295.9136870748299	296.2726870748299	44	UW1
296.2726870748299	296.7016870748299	74	sp
296.7016870748299	296.8806870748299	47	CH
296.8806870748299	297.1306870748299	44	UW1
297.1306870748299	297.6296870748299	74	sp
297.6296870748299	297.8386870748299	1	AA1
297.8386870748299	298.00868707482994	58	N
298.00868707482994	298.0386870748299	49	DH
298.0386870748299	298.06868707482994	6	AH0
298.06868707482994	298.6066870748299	35	OW1
298.6066870748299	298.6566870748299	56	L
298.6566870748299	298.6966870748299	48	D
298.6966870748299	298.7366870748299	74	sp
298.7366870748299	298.8366870748299	61	R
298.8366870748299	299.0166870748299	4	AE1
299.0166870748299	299.0556870748299	51	G
299.0556870748299	299.1856870748299	48	D
299.1856870748299	299.4156870748299	1	AA1
299.4156870748299	299.4746870748299	56	L
299.4746870748299	309.02539682539685	74	sp
309.02539682539685	309.07539682539687	51	G
309.07539682539687	309.15539682539685	19	EH1
309.15539682539685	309.24439682539685	62	S
309.24439682539685	309.34439682539687	74	sp
309.34439682539687	309.37439682539684	49	DH
309.37439682539684	309.4043968253969	6	AH0
309.4043968253969	309.56439682539684	54	K
309.56439682539684	309.6033968253969	67	W
309.6033968253969	309.66339682539683	19	EH1
309.66339682539683	309.9233968253969	63	SH
309.9233968253969	309.95339682539685	6	AH0
309.95339682539685	310.17239682539685	58	N
310.17239682539685	310.2523968253969	74	sp
310.2523968253969	310.28239682539686	50	F
310.28239682539686	310.3223968253969	61	R
310.3223968253969	310.36239682539684	7	AH1
310.36239682539684	310.48239682539685	57	M
310.48239682539685	310.51139682539684	49	DH
310.51139682539684	310.56139682539686	6	AH0
310.56139682539686	310.62139682539686	74	sp
310.62139682539686	310.7813968253969	4	AE1
310.7813968253969	310.8513968253969	58	N
310.8513968253969	310.9903968253969	62	S
310.9903968253969	311.1203968253969	21	ER0
311.1203968253969	322.36526077097506	74	sp
322.36526077097506	322.62426077097507	62	S
322.62426077097507	322.71426077097505	67	W
322.71426077097505	322.744260770975	28	IH1
322.744260770975	322.91326077097506	59	NG
322.91326077097506	323.05326077097504	68	Y
323.05326077097504	323.083260770975	41	UH1
323.083260770975	323.18326077097504	61	R
323.18326077097504	323.31226077097506	1	AA1
323.31226077097506	323.472260770975	61	R
323.472260770975	323.57226077097505	57	M
323.57226077097505	323.64226077097504	69	Z
323.64226077097504	323.79126077097504	4	AE1
323.79126077097504	323.85126077097505	69	Z
323.85126077097505	324.04126077097504	52	HH
324.04126077097504	324.26026077097504	16	AY1
324.26026077097504	324.56026077097505	4	AE1
324.56026077097505	324.66926077097503	69	Z
324.66926077097503	324.74926077097507	68	Y
324.74926077097507	324.77926077097504	44	UW1
324.77926077097504	324.94926077097506	54	K
324.94926077097506	325.11826077097504	4	AE1
325.11826077097504	325.198260770975	58	N
325.198260770975	336.64208616780047	74	sp
336.64208616780047	336.7610861678005	60	P
336.7610861678005	336.7910861678005	56	L
336.7910861678005	336.98108616780047	32	IY1
336.98108616780047	337.0110861678005	69	Z
337.0110861678005	337.26008616780047	62	S
337.26008616780047	337.33008616780046	28	IH1
337.33008616780046	337.78908616780046	59	NG
337.78908616780046	337.8390861678005	74	sp
337.8390861678005	337.9490861678005	53	JH
337.9490861678005	338.0780861678005	7	AH1
338.0780861678005	338.4180861678005	62	S
338.4180861678005	338.44808616780045	64	T
338.44808616780045	338.9760861678005	74	sp
338.9760861678005	339.0360861678005	49	DH
339.0360861678005	339.2760861678005	7	AH1
339.2760861678005	339.3260861678005	54	K
339.3260861678005	339.46508616780045	56	L
339.46508616780045	339.6150861678005	7	AH1
339.6150861678005	339.6850861678005	46	B
339.6850861678005	339.7850861678005	74	sp
339.7850861678005	339.8240861678005	65	TH
339.8240861678005	340.0040861678005	32	IY1
340.0040861678005	340.1540861678005	57	M
340.1540861678005	354.5195464852608	74	sp
354.5195464852608	354.55954648526074	49	DH
354.55954648526074	354.86954648526074	7	AH1
354.86954648526074	355.3485464852608	74	sp
355.3485464852608	355.4275464852608	4	AE1
355.4275464852608	355.60754648526074	59	NG
355.60754648526074	355.65754648526075	51	G
355.65754648526075	355.7375464852608	61	R
355.7375464852608	355.9065464852608	31	IY0
355.9065464852608	356.00654648526074	74	sp
356.00654648526074	356.03654648526077	46	B
356.03654648526077	356.3655464852608	38	OY1
356.3655464852608	356.65554648526074	48	D
356.65554648526074	356.8145464852608	28	IH1
356.8145464852608	356.85454648526076	48	D
356.85454648526076	356.90454648526077	6	AH0
356.90454648526077	357.1535464852608	58	N
357.1535464852608	357.19354648526075	56	L
357.19354648526075	357.2235464852608	41	UH1
357.2235464852608	357.37354648526076	54	K
357.37354648526076	357.52354648526074	7	AH1
357.52354648526074	357.55354648526077	60	P
357.55354648526077	396.6652154195011	74	sp
