7.086	7.156	58	N
7.156	7.285	4	AE1
7.285	7.335	58	N
7.335	7.445	62	S
7.445	7.525	31	IY0
7.525	7.605	52	HH
7.605	7.695	4	AE1
7.695	7.774	69	Z
7.774	7.884	74	sp
7.884	7.934	49	DH
7.934	7.994	6	AH0
7.994	8.153	46	B
8.153	8.333	19	EH1
8.333	8.483	62	S
8.483	8.652	64	T
8.652	8.682	51	G
8.682	8.792	61	R
8.792	9.002	25	EY1
9.002	9.061	48	D
9.061	9.131	69	Z
9.131	9.181	74	sp
9.181	9.261	28	IH1
9.261	9.57	58	N
9.57	9.75	74	sp
9.75	9.78	49	DH
9.78	9.81	6	AH0
9.81	9.939	54	K
9.939	9.979	56	L
9.979	10.159	4	AE1
10.159	10.368	62	S
10.368	13.441	73	ns
13.441	15.946	73	ns
15.946	16.135	16	AY1
16.135	16.315	64	T
16.315	16.375	41	UH1
16.375	16.524	54	K
16.524	16.614	52	HH
16.614	16.704	22	ER1
16.704	16.894	67	W
16.894	17.103	22	ER1
17.103	17.223	48	D
17.223	17.382	69	Z
17.382	17.672	74	sp
17.672	17.702	50	F
17.702	17.812	10	AO1
17.812	17.911	61	R
17.911	18.131	28	IH1
18.131	18.191	64	T
18.191	18.59	74	sp
18.59	24.526	73	ns
24.526	27.609	73	ns
27.609	27.759	10	AO1
27.759	27.819	61	R
27.819	27.849	6	AH0
27.849	27.909	58	N
27.909	28.068	53	JH
28.068	28.178	53	JH
28.178	28.318	44	UW1
28.318	28.457	62	S
28.457	28.497	74	sp
28.497	28.607	64	T
28.607	28.747	25	EY1
28.747	28.976	62	S
28.976	29.305	64	T
29.305	29.914	74	sp
29.914	29.974	50	F
29.974	30.054	7	AH1
30.054	30.134	58	N
30.134	30.323	31	IY0
30.323	30.373	74	sp
30.373	30.533	4	AE1
30.533	30.652	50	F
30.652	30.712	64	T
30.712	30.912	21	ER0
30.912	31.061	74	sp
31.061	31.171	64	T
31.171	31.261	44	UW1
31.261	31.321	65	TH
31.321	31.371	60	P
31.371	31.54	26	EY2
31.54	31.73	62	S
31.73	31.78	64	T
31.78	35.282	73	ns
35.282	43.144	73	ns
43.144	43.234	74	sp
43.234	43.304	61	R
43.304	43.393	44	UW1
43.393	43.483	46	B
43.483	43.583	6	AH0
43.583	43.782	58	N
43.782	44.002	74	sp
44.002	44.092	56	L
44.092	44.311	16	AY1
44.311	44.431	54	K
44.431	44.471	62	S
44.471	44.86	74	sp
44.86	44.91	49	DH
44.91	44.97	6	AH0
44.97	45.04	74	sp
45.04	45.209	54	K
45.209	45.239	7	AH1
45.239	45.369	56	L
45.369	45.399	21	ER0
45.399	45.578	68	Y
45.578	45.668	19	EH1
45.668	45.738	56	L
45.738	45.828	34	OW0
45.828	52.842	73	ns
52.842	55.426	73	ns
55.426	55.546	28	IH1
55.546	55.576	69	Z
55.576	55.755	63	SH
55.755	55.865	32	IY1
55.865	55.995	51	G
55.995	56.164	35	OW1
56.164	56.214	27	IH0
56.214	56.354	59	NG
56.354	56.394	67	W
56.394	56.434	28	IH1
56.434	56.534	65	TH
56.534	56.673	68	Y
56.673	56.753	44	UW1
56.753	62.36	73	ns
62.36	65.683	73	ns
65.683	65.832	67	W
65.832	66.072	28	IH1
66.072	66.281	47	CH
66.281	67.608	74	sp
67.608	67.648	65	TH
67.648	67.828	32	IY1
67.828	67.858	6	AH0
67.858	67.898	64	T
67.898	68.207	21	ER0
68.207	68.327	74	sp
68.327	68.576	63	SH
68.576	68.915	35	OW1
68.915	69.095	69	Z
69.095	70.212	74	sp
70.212	70.362	57	M
70.362	70.482	7	AH1
70.482	70.542	49	DH
70.542	70.721	21	ER0
70.721	71.1	74	sp
71.1	71.17	51	G
71.17	71.33	44	UW1
71.33	71.599	62	S
71.599	82.973	73	ns
82.973	85.707	73	ns
85.707	85.847	54	K
85.847	85.977	7	AH1
85.977	86.066	64	T
86.066	86.186	25	EY1
86.186	86.426	62	S
86.426	86.495	57	M
86.495	86.685	10	AO1
86.685	86.755	56	L
86.755	86.805	74	sp
86.805	86.934	54	K
86.934	87.014	10	AO1
87.014	87.044	61	R
87.044	87.104	58	N
87.104	87.254	21	ER0
87.254	87.334	74	sp
87.334	87.583	10	AO1
87.583	87.723	50	F
87.723	87.892	74	sp
87.892	88.092	32	IY1
88.092	88.311	47	CH
88.311	88.92	74	sp
88.92	89.09	19	EH1
89.09	89.359	53	JH
89.359	97.78	73	ns
97.78	100.543	73	ns
100.543	100.583	49	DH
100.583	100.813	25	EY1
100.813	101.092	10	AO1
101.092	101.122	56	L
101.122	101.242	18	EH0
101.242	101.362	58	N
101.362	101.491	53	JH
101.491	101.811	38	OY1
101.811	101.97	74	sp
101.97	102.16	16	AY1
102.16	102.409	62	S
102.409	102.479	54	K
102.479	102.519	61	R
102.519	102.579	32	IY1
102.579	102.798	57	M
102.798	103.048	62	S
103.048	103.138	7	AH1
103.138	103.50605825798645	58	N
103.50605825798645	103.61951187195312	48	D
103.61951187195312	104.335	26	EY2
104.335	104.495	69	Z
104.495	112.836	73	ns
112.836	115.47	73	ns
115.47	115.619	64	T
115.619	115.839	1	AA1
115.839	116.048	57	M
116.048	116.338	74	sp
116.338	116.387	61	R
116.387	116.617	32	IY1
116.617	116.737	48	D
116.737	116.946	69	Z
116.946	117.106	74	sp
117.106	117.186	49	DH
117.186	117.345	6	AH0
117.345	117.405	62	S
117.405	117.435	25	EY1
117.435	117.814	57	M
117.814	117.924	74	sp
117.924	117.964	46	B
117.964	118.143	41	UH1
118.143	118.283	54	K
118.283	118.383	74	sp
118.383	118.493	19	EH1
118.493	118.612	66	V
118.612	118.652	61	R
118.652	118.702	31	IY0
118.702	119.071	58	N
119.071	119.101	16	AY1
119.101	119.451	64	T
119.451	127.053	73	ns
127.053	129.558	73	ns
129.558	129.677	52	HH
129.677	129.857	32	IY1
129.857	129.957	74	sp
129.957	130.166	25	EY1
130.166	130.216	64	T
130.216	130.396	50	F
130.396	130.565	10	AO1
130.565	130.665	61	R
130.665	130.775	74	sp
130.775	131.044	19	EH1
131.044	131.094	51	G
131.094	131.124	69	Z
131.124	131.433	50	F
131.433	131.733	21	ER0
131.733	131.773	46	B
131.773	131.852	61	R
131.852	131.882	19	EH1
131.882	132.002	54	K
132.002	132.092	50	F
132.092	132.221	6	AH0
132.221	132.251	62	S
132.251	132.40439573875474	64	T
132.40439573875474	139.585	73	ns
139.585	142.219	73	ns
142.219	142.269	49	DH
142.269	142.438	25	EY1
142.438	142.578	10	AO1
142.578	142.708	50	F
142.708	142.768	64	T
142.768	142.837	6	AH0
142.837	142.957	58	N
142.957	143.007	51	G
143.007	143.197	35	OW1
143.197	143.226	74	sp
143.226	143.556	13	AW1
143.556	143.785	64	T
143.785	143.955	28	IH1
143.955	144.154	58	N
144.154	144.653	74	sp
144.653	144.733	49	DH
144.733	144.833	31	IY0
144.833	145.002	32	IY1
145.002	145.092	66	V
145.092	145.152	58	N
145.152	145.192	27	IH0
145.192	145.571	59	NG
145.571	148.764	73	ns
148.764	148.804	74	sp
148.804	157.843	73	ns
157.843	158.083	62	S
158.083	158.113	60	P
158.113	158.302	21	ER0
158.302	158.332	28	IH1
158.332	158.681	59	NG
158.681	158.831	62	S
158.831	158.941	64	T
158.941	158.971	61	R
158.971	159.22	32	IY1
159.22	159.28	64	T
159.28	160.138	74	sp
160.138	160.537	28	IH1
160.537	160.866	69	Z
160.866	161.884	74	sp
161.884	162.104	62	S
162.104	162.153	64	T
162.153	162.233	61	R
162.233	162.363	25	EY1
162.363	162.393	64	T
162.393	162.423	6	AH0
162.423	162.453	52	HH
162.453	162.722	19	EH1
162.722	162.772	48	D
162.772	173.408	73	ns
173.408	176.152	73	ns
176.152	176.281	28	IH1
176.281	176.371	69	Z
176.371	176.401	49	DH
176.401	176.76	28	IH1
176.76	176.79	62	S
176.79	176.9	62	S
176.9	177.239	32	IY1
177.239	177.668	62	S
177.668	177.898	11	AO2
177.898	178.267	74	sp
178.267	178.436	62	S
178.436	178.836	25	EY1
178.836	178.875	50	F
178.875	186.069	73	ns
186.069	188.673	73	ns
188.673	188.703	49	DH
188.703	188.763	6	AH0
188.763	188.933	62	S
188.933	188.982	67	W
188.982	189.012	6	AH0
189.012	189.122	69	Z
189.122	189.372	32	IY1
189.372	189.402	69	Z
189.402	189.511	31	IY0
189.511	189.581	50	F
189.581	189.611	10	AO1
189.611	189.731	61	R
189.731	189.841	7	AH1
189.841	190.0757609439282	62	S
190.0757609439282	195.607	73	ns
195.607	198.541	73	ns
198.541	198.73	16	AY1
198.73	198.87	62	S
198.87	199.04	10	AO1
199.04	199.259	25	EY1
199.259	199.359	60	P
199.359	199.389	22	ER1
199.389	199.539	60	P
199.539	199.568	6	AH0
199.568	199.648	56	L
199.648	199.678	74	sp
199.678	199.778	54	K
199.778	199.838	61	R
199.838	199.997	4	AE1
199.997	200.067	46	B
200.067	200.117	74	sp
200.117	200.247	1	AA1
200.247	200.337	58	N
200.337	200.367	49	DH
200.367	200.397	6	AH0
200.397	200.556	46	B
200.556	200.716	32	IY1
200.716	200.965	47	CH
200.965	207.6	73	ns
207.6	210.992	73	ns
210.992	211.072	48	D
211.072	211.272	35	OW1
211.272	211.342	58	N
211.342	211.7307249493476	64	T
211.7307249493476	211.88485061360421	51	G
211.88485061360421	212.26	74	sp
212.26	212.339	48	D
212.339	212.499	35	OW1
212.499	212.569	58	N
212.569	212.669	74	sp
212.669	212.818	48	D
212.818	213.098	44	UW1
213.098	213.207	74	sp
213.207	213.377	47	CH
213.377	213.477	1	AA1
213.477	213.617	61	R
213.617	213.726	56	L
213.726	213.956	31	IY0
213.956	214.006	69	Z
214.006	214.824	74	sp
214.824	214.874	48	D
214.874	215.023	22	ER1
215.023	215.053	64	T
215.053	215.173	31	IY0
215.173	215.263	48	D
215.263	215.323	28	IH1
215.323	215.512	63	SH
215.512	215.542	6	AH0
215.542	215.762	69	Z
215.762	225.41	73	ns
225.41	228.183	73	ns
228.183	228.483	63	SH
228.483	228.543	41	UH1
228.543	228.662	48	D
228.662	228.772	53	JH
228.772	228.932	21	ER0
228.932	229.081	4	AE1
229.081	229.131	50	F
229.131	229.301	62	S
229.301	229.381	74	sp
229.381	229.431	46	B
229.431	229.59	32	IY1
229.59	229.76	74	sp
229.76	229.899	54	K
229.899	230.059	4	AE1
230.059	230.089	60	P
230.089	230.129	64	T
230.129	230.388	74	sp
230.388	230.518	28	IH1
230.518	230.648	58	N
230.648	230.807	25	EY1
230.807	230.957	74	sp
230.957	231.037	62	S
231.037	231.117	57	M
231.117	231.326	10	AO1
231.326	231.396	56	L
231.396	231.416	74	sp
231.416	231.546	69	Z
231.546	231.685	44	UW1
231.685	240.605	73	ns
240.605	240.655	74	sp
240.655	243.718	73	ns
243.718	243.818	32	IY1
243.818	243.918	66	V
243.918	243.948	6	AH0
243.948	244.027	58	N
244.027	244.117	74	sp
244.117	244.367	16	AY1
244.367	244.526	51	G
244.526	244.666	19	EH1
244.666	244.746	64	T
244.746	244.865	74	sp
244.865	244.935	49	DH
244.935	245.065	7	AH1
245.065	245.584	57	M
245.584	245.674	7	AH1
245.674	245.803	58	N
245.803	245.853	48	D
245.853	246.053	31	IY0
246.053	246.133	74	sp
246.133	246.163	46	B
246.163	246.242	56	L
246.242	246.382	44	UW1
246.382	246.641	69	Z
260.141	260.181	49	DH
260.181	260.759	25	EY1
260.759	261.009	35	OW1
261.009	261.238	58	N
261.238	261.398	25	EY1
261.398	261.578	46	B
261.578	261.697	28	IH1
261.697	261.747	51	G
261.747	261.947	52	HH
261.947	262.096	13	AW1
262.096	262.246	62	S
262.246	262.316	74	sp
262.316	262.356	6	AH0
262.356	262.465	58	N
262.465	262.635	10	AO1
262.635	262.695	62	S
262.695	262.775	64	T
262.775	262.805	6	AH0
262.805	262.904	58	N
262.904	262.974	64	T
262.974	263.034	19	EH1
263.034	263.174	54	K
263.174	263.264	62	S
263.264	263.353	6	AH0
263.353	263.433	62	S
263.433	271.365	73	ns
271.365	274.179	73	ns
274.179	274.289	46	B
274.289	274.319	56	L
274.319	274.518	44	UW1
274.518	274.678	47	CH
274.678	274.817	32	IY1
274.817	274.947	69	Z
274.947	275.027	62	S
275.027	275.057	57	M
275.057	275.087	19	EH1
275.087	275.187	56	L
275.187	275.256	69	Z
275.256	275.336	74	sp
275.336	275.416	50	F
275.416	275.486	7	AH1
275.486	275.665	58	N
275.665	275.695	31	IY0
275.695	279.537	73	ns
279.537	285.044	73	ns
285.044	285.094	74	sp
285.094	285.124	49	DH
285.124	285.334	7	AH1
285.334	285.393	46	B
285.393	285.533	28	IH1
285.533	285.603	51	G
285.603	285.673	74	sp
285.673	285.723	48	D
285.723	285.942	10	AO1
285.942	285.992	51	G
285.992	286.032	74	sp
286.032	286.182	56	L
286.182	286.361	7	AH1
286.361	286.501	66	V
286.501	286.531	48	D
286.531	286.96	74	sp
286.96	287.07	64	T
287.07	287.429	44	UW1
287.429	287.858	74	sp
287.858	288.037	47	CH
288.037	288.287	44	UW1
288.287	288.786	74	sp
288.786	288.995	1	AA1
288.995	289.165	58	N
289.165	289.195	49	DH
289.195	289.225	6	AH0
289.225	289.763	35	OW1
289.763	289.813	56	L
289.813	289.853	48	D
289.853	289.893	74	sp
289.893	289.993	61	R
289.993	290.173	4	AE1
290.173	290.212	51	G
290.212	290.342	48	D
290.342	290.572	1	AA1
290.572	290.631	56	L
290.631	291.2	74	sp
291.2	297.775	73	ns
297.775	303.243	73	ns
303.243	303.293	51	G
303.293	303.373	19	EH1
303.373	303.462	62	S
303.462	303.562	74	sp
303.562	303.592	49	DH
303.592	303.622	6	AH0
303.622	303.782	54	K
303.782	303.821	67	W
303.821	303.881	19	EH1
303.881	304.141	63	SH
304.141	304.171	6	AH0
304.171	304.39	58	N
304.39	304.47	74	sp
304.47	304.5	50	F
304.5	304.54	61	R
304.54	304.58	7	AH1
304.58	304.7	57	M
304.7	304.729	49	DH
304.729	304.779	6	AH0
304.779	304.839	74	sp
304.839	304.999	4	AE1
304.999	305.069	58	N
305.069	305.208	62	S
305.208	305.338	21	ER0
305.338	305.508	74	sp
305.508	306.475	73	ns
306.475	315.675	73	ns
315.675	315.934	62	S
315.934	316.024	67	W
316.024	316.054	28	IH1
316.054	316.223	59	NG
316.223	316.363	68	Y
316.363	316.393	41	UH1
316.393	316.493	61	R
316.493	316.622	1	AA1
316.622	316.782	61	R
316.782	316.882	57	M
316.882	316.952	69	Z
316.952	317.101	4	AE1
317.101	317.161	69	Z
317.161	317.351	52	HH
317.351	317.57	16	AY1
317.57	317.87	4	AE1
317.87	317.979	69	Z
317.979	318.059	68	Y
318.059	318.089	44	UW1
318.089	318.259	54	K
318.259	318.428	4	AE1
318.428	318.508	58	N
318.508	319.476	73	ns
319.476	329.683	73	ns
329.683	329.802	60	P
329.802	329.832	56	L
329.832	330.022	32	IY1
330.022	330.052	69	Z
330.052	330.301	62	S
330.301	330.371	28	IH1
330.371	330.83	59	NG
330.83	330.88	74	sp
330.88	330.99	53	JH
330.99	331.119	7	AH1
331.119	331.459	62	S
331.459	331.489	64	T
331.489	332.017	74	sp
332.017	332.077	49	DH
332.077	332.317	7	AH1
332.317	332.367	54	K
332.367	332.506	56	L
332.506	332.656	7	AH1
332.656	332.726	46	B
332.726	332.826	74	sp
332.826	332.865	65	TH
332.865	333.045	32	IY1
333.045	333.195	57	M
333.195	333.763	74	sp
333.763	336.787	73	ns
336.787	346.514	73	ns
346.514	346.554	49	DH
346.554	346.864	7	AH1
346.864	347.343	74	sp
347.343	347.422	4	AE1
347.422	347.602	59	NG
347.602	347.652	51	G
347.652	347.732	61	R
347.732	347.901	31	IY0
347.901	348.001	74	sp
348.001	348.031	46	B
348.031	348.36	38	OY1
348.36	348.65	48	D
348.65	348.809	28	IH1
348.809	348.849	48	D
348.849	348.899	6	AH0
348.899	349.148	58	N
349.148	349.188	56	L
349.188	349.218	41	UH1
349.218	349.368	54	K
349.368	349.518	7	AH1
349.518	349.548	60	P
388.968	389.068	58	N
389.068	389.197	4	AE1
389.197	389.277	58	N
389.277	389.367	62	S
389.367	389.477	31	IY0
389.477	389.547	52	HH
389.547	389.656	4	AE1
389.656	389.736	69	Z
389.736	389.766	49	DH
389.766	389.906	7	AH1
389.906	390.085	46	B
390.085	390.285	19	EH1
390.285	390.485	62	S
390.485	390.514	64	T
390.514	390.564	74	sp
390.564	390.614	51	G
390.614	390.704	61	R
390.704	390.854	25	EY1
390.854	390.914	48	D
390.914	390.943	69	Z
390.943	391.313	74	sp
391.313	391.343	6	AH0
391.343	391.652	58	N
391.652	391.682	49	DH
391.682	391.961	7	AH1
391.961	392.63	74	sp
392.63	392.729	54	K
392.729	392.759	56	L
392.759	392.899	4	AE1
392.899	393.152407280787	62	S
393.152407280787	402.298	73	ns
402.298	405.431	73	ns
405.431	405.59	16	AY1
405.59	405.77	64	T
405.77	405.84	41	UH1
405.84	405.939	54	K
405.939	405.969	52	HH
405.969	406.219	21	ER0
406.219	406.339	67	W
406.339	406.468	22	ER1
406.468	406.568	48	D
406.568	406.618	69	Z
406.618	406.728	50	F
406.728	406.837	10	AO1
406.837	406.917	61	R
406.917	407.037	28	IH1
407.037	407.067	64	T
407.067	415.927	73	ns
415.927	418.401	73	ns
418.401	418.421	74	sp
418.421	418.531	10	AO1
418.531	418.561	61	R
418.561	418.591	6	AH0
418.591	418.67	58	N
418.67	418.73	53	JH
418.73	418.81	74	sp
418.81	418.9	53	JH
418.9	419.05	44	UW1
419.05	419.239	62	S
419.239	419.339	64	T
419.339	419.459	25	EY1
419.459	419.608	62	S
419.608	419.728	64	T
419.728	419.778	62	S
419.778	420.037	74	sp
420.037	420.097	50	F
420.097	420.177	7	AH1
420.177	420.247	58	N
420.247	420.377	31	IY0
420.377	420.417	74	sp
420.417	420.576	4	AE1
420.576	420.626	50	F
420.626	420.706	64	T
420.706	420.756	21	ER0
420.756	420.875	64	T
420.875	420.995	44	UW1
420.995	421.025	65	TH
421.025	421.105	60	P
421.105	421.265	26	EY2
421.265	421.444	62	S
421.444	421.494	64	T
421.494	425.206	73	ns
425.206	432.06	73	ns
432.06	432.14	61	R
432.14	432.24	44	UW1
432.24	432.319	46	B
432.319	432.359	6	AH0
432.359	432.649	58	N
432.649	432.758	19	EH1
432.758	432.868	56	L
432.868	433.457	74	sp
433.457	433.597	61	R
433.597	433.656	44	UW1
433.656	433.736	46	B
433.736	433.766	6	AH0
433.766	433.956	58	N
433.956	433.986	56	L
433.986	434.155	16	AY1
434.155	434.285	54	K
434.285	434.315	62	S
434.315	434.485	74	sp
434.485	434.524	49	DH
434.524	434.564	6	AH0
434.564	434.734	54	K
434.734	434.824	7	AH1
434.824	434.914	56	L
434.914	435.023	21	ER0
435.023	435.173	68	Y
435.173	435.2797594498845	19	EH1
435.2797594498845	435.34342659439676	56	L
435.34342659439676	435.4815978441893	34	OW0
435.4815978441893	446.936	73	ns
446.936	446.996	74	sp
446.996	450.867	73	ns
450.867	450.927	28	IH1
450.927	450.967	69	Z
450.967	451.097	63	SH
451.097	451.207	32	IY1
451.207	451.326	51	G
451.326	451.386	35	OW1
451.386	451.446	27	IH0
451.446	451.486	59	NG
451.486	451.596	67	W
451.596	451.646	28	IH1
451.646	451.715	65	TH
451.715	451.845	68	Y
451.845	451.915	44	UW1
451.915	451.985	74	sp
451.985	459.597	73	ns
459.597	462.251	73	ns
462.251	462.301	67	W
462.301	462.351	28	IH1
462.351	462.551	47	CH
462.551	462.631	65	TH
462.631	462.72	32	IY1
462.72	462.75	6	AH0
462.75	462.79	64	T
462.79	462.87	21	ER0
462.87	463.04	63	SH
463.04	463.139	35	OW1
463.139	463.239	69	Z
463.239	463.339	57	M
463.339	463.409	7	AH1
463.409	463.449	49	DH
463.449	463.479	21	ER0
463.479	463.648	51	G
463.648	463.798	44	UW1
463.798	463.978	62	S
463.978	464.327	74	sp
464.327	469.375	73	ns
469.375	471.93722893332944	73	ns
471.93722893332944	471.9968322175537	54	K
471.9968322175537	472.11332954581013	7	AH1
472.11332954581013	472.16751434965033	64	T
472.16751434965033	472.269	25	EY1
472.269	472.428	62	S
472.428	472.518	57	M
472.518	472.578	10	AO1
472.578	472.658	56	L
472.658	472.778	54	K
472.778	472.837	10	AO1
472.837	472.867	61	R
472.867	472.937	58	N
472.937	473.067	21	ER0
473.067	473.246	10	AO1
473.246	473.336	50	F
473.336	473.476	74	sp
473.476	473.576	32	IY1
473.576	473.675	47	CH
473.675	473.925	19	EH1
473.925	474.194	53	JH
474.194	480.999	73	ns
480.999	483.792	73	ns
483.792	483.872	49	DH
483.872	484.102	25	EY1
484.102	484.371	10	AO1
484.371	484.401	56	L
484.401	484.551	18	EH0
484.551	484.651	58	N
484.651	484.73	53	JH
484.73	484.92	38	OY1
484.92	485.139	16	AY1
485.139	485.349	62	S
485.349	485.439	54	K
485.439	485.469	61	R
485.469	485.529	32	IY1
485.529	485.628	57	M
485.628	485.758	62	S
485.758	485.828	7	AH1
485.828	485.928	58	N
485.928	485.958	48	D
485.958	486.127	26	EY2
486.127	486.34963537567256	69	Z
486.34963537567256	486.726	74	sp
486.726	494.039	73	ns
494.039	497.002	73	ns
497.002	497.092	64	T
497.092	497.272	1	AA1
497.272	497.511	57	M
497.511	497.541	61	R
497.541	497.751	32	IY1
497.751	497.851	48	D
497.851	497.93	69	Z
497.93	498.0	74	sp
498.0	498.04	49	DH
498.04	498.1	6	AH0
498.1	498.23	62	S
498.23	498.459	25	EY1
498.459	498.589	57	M
498.589	498.669	46	B
498.669	498.758	41	UH1
498.758	498.888	54	K
498.888	498.978	19	EH1
498.978	499.098	66	V
499.098	499.128	21	ER0
499.128	499.178	31	IY0
499.178	499.277	58	N
499.277	499.457	16	AY1
499.457	499.507	64	T
499.507	505.164	73	ns
505.164	505.194	74	sp
505.194	507.558	73	ns
507.558	507.618	52	HH
507.618	507.808	32	IY1
507.808	507.987	25	EY1
507.987	508.047	64	T
508.047	508.097	74	sp
508.097	508.157	50	F
508.157	508.287	10	AO1
508.287	508.436	61	R
508.436	508.756	19	EH1
508.756	508.945	51	G
508.945	509.035	69	Z
509.035	509.085	74	sp
509.085	509.135	50	F
509.135	509.185	21	ER0
509.185	509.324	46	B
509.324	509.394	61	R
509.394	509.424	19	EH1
509.424	509.514	54	K
509.514	509.634	50	F
509.634	509.734	6	AH0
509.734	509.783	62	S
509.783	509.813	64	T
509.813	517.975	73	ns
517.975	520.29	73	ns
520.29	520.329	49	DH
520.329	520.519	25	EY1
520.519	520.559	74	sp
520.559	520.748	10	AO1
520.748	520.828	50	F
520.828	520.878	64	T
520.878	520.938	6	AH0
520.938	521.078	58	N
521.078	521.128	51	G
521.128	521.347	35	OW1
521.347	521.387	74	sp
521.387	521.686	13	AW1
521.686	521.716	64	T
521.716	521.836	74	sp
521.836	521.996	28	IH1
521.996	522.185	58	N
522.185	522.624	74	sp
522.624	522.664	49	DH
522.664	522.764	31	IY0
522.764	522.814	74	sp
522.814	523.013	32	IY1
523.013	523.093	66	V
523.093	523.163	58	N
523.163	523.193	27	IH0
523.193	523.373	59	NG
523.373	524.191	73	ns
524.191	535.395	73	ns
535.395	535.495	62	S
535.495	535.605	60	P
535.605	535.675	61	R
535.675	535.704	28	IH1
535.704	535.894	59	NG
535.894	536.074	62	S
536.074	536.114	64	T
536.114	536.173	61	R
536.173	536.393	32	IY1
536.393	536.423	64	T
536.423	537.151	74	sp
537.151	537.331	28	IH1
537.331	537.411	69	Z
537.411	537.73	62	S
537.73	537.78	64	T
537.78	537.85	61	R
537.85	537.979	25	EY1
537.979	538.019	64	T
538.019	538.089	6	AH0
538.089	538.219	67	W
538.219	538.418	25	EY1
538.418	538.837	74	sp
538.837	539.007	35	OW1
539.007	539.127	74	sp
539.127	539.167	6	AH0
539.167	539.246	52	HH
539.246	539.306	19	EH1
539.306	539.376	48	D
550.83	551.02	28	IH1
551.02	551.139	69	Z
551.139	551.399	74	sp
551.399	551.459	49	DH
551.459	551.738	28	IH1
551.738	551.768	62	S
551.768	551.838	62	S
551.838	551.978	32	IY1
551.978	552.177	62	S
552.177	552.297	11	AO2
552.297	552.466	62	S
552.466	552.656	25	EY1
552.656	552.796	50	F
552.796	553.185	74	sp
553.185	560.648	73	ns
560.648	563.322	73	ns
563.322	563.362	49	DH
563.362	563.441	28	IH1
563.441	563.621	62	S
563.621	563.671	67	W
563.671	563.99	7	AH1
563.99	564.02	69	Z
564.02	564.14	32	IY1
564.14	564.17	69	Z
564.17	564.339	31	IY0
564.339	564.389	50	F
564.389	564.469	10	AO1
564.469	564.569	61	R
564.569	564.679	7	AH1
564.679	564.838	62	S
564.838	571.693	73	ns
571.693	573.928	73	ns
573.928	574.087	16	AY1
574.087	574.217	62	S
574.217	574.327	10	AO1
574.327	574.417	6	AH0
574.417	574.536	60	P
574.536	574.596	22	ER1
574.596	574.706	60	P
574.706	574.736	6	AH0
574.736	574.796	56	L
574.796	574.895	54	K
574.895	574.965	61	R
574.965	575.075	4	AE1
575.075	575.135	46	B
575.135	575.265	1	AA1
575.265	575.334	58	N
575.334	575.364	49	DH
575.364	575.394	6	AH0
575.394	575.504	46	B
575.504	575.674	32	IY1
575.674	576.123	47	CH
576.123	583.007	73	ns
583.007	585.551	73	ns
585.551	585.601	48	D
585.601	585.741	35	OW1
585.741	585.851	58	N
585.851	585.95	74	sp
585.95	586.07	48	D
586.07	586.25	44	UW1
586.25	586.28	74	sp
586.28	586.429	47	CH
586.429	586.509	1	AA1
586.509	586.639	61	R
586.639	586.669	56	L
586.669	586.868	31	IY0
586.868	586.998	69	Z
586.998	587.038	48	D
587.038	587.138	22	ER1
587.138	587.168	64	T
587.168	587.297	31	IY0
587.297	587.407	48	D
587.407	587.477	28	IH1
587.477	587.656	63	SH
587.656	587.686	6	AH0
587.686	587.926	69	Z
587.926	598.182	73	ns
598.182	598.522	74	sp
598.522	600.767	73	ns
600.767	600.797	74	sp
600.797	600.936	63	SH
600.936	601.006	41	UH1
601.006	601.086	48	D
601.086	601.146	74	sp
601.146	601.265	53	JH
601.265	601.475	21	ER0
601.475	601.704	4	AE1
601.704	601.804	50	F
601.804	601.854	62	S
601.854	602.323	74	sp
602.323	602.353	46	B
602.353	602.483	32	IY1
602.483	602.652	54	K
602.652	602.882	19	EH1
602.882	602.912	60	P
602.912	603.041	64	T
603.041	603.071	6	AH0
603.071	603.391	58	N
603.391	603.61	62	S
603.61	603.68	57	M
603.68	603.83	10	AO1
603.83	603.89	56	L
603.89	603.929	74	sp
603.929	604.039	69	Z
604.039	604.199	44	UW1
604.199	604.4636237530958	69	Z
604.4636237530958	608.439	73	ns
608.439	615.603	73	ns
615.603	615.703	32	IY1
615.703	615.792	66	V
615.792	615.842	6	AH0
615.842	615.922	58	N
615.922	616.112	16	AY1
616.112	616.231	51	G
616.231	616.291	28	IH1
616.291	616.381	64	T
616.381	616.431	49	DH
616.431	616.571	7	AH1
616.571	616.96	74	sp
616.96	617.06	57	M
617.06	617.1	7	AH1
617.1	617.179	58	N
617.179	617.209	48	D
617.209	617.339	31	IY0
617.339	617.459	46	B
617.459	617.539	56	L
617.539	617.668	44	UW1
617.668	617.878	69	Z
617.878	623.126	73	ns
623.126	626.408	73	ns
626.408	626.558	49	DH
626.558	626.758	25	EY1
626.758	626.867	74	sp
626.867	627.027	35	OW1
627.027	627.236	58	N
627.236	627.576	25	EY1
627.576	627.626	46	B
627.626	627.815	28	IH1
627.815	627.845	51	G
627.845	628.104	52	HH
628.104	628.284	13	AW1
628.284	628.424	62	S
628.424	628.474	74	sp
628.474	628.543	28	IH1
628.543	628.653	58	N
628.653	628.673	74	sp
628.673	628.823	10	AO1
628.823	628.943	62	S
628.943	629.012	64	T
629.012	629.052	6	AH0
629.052	629.252	58	N
629.252	629.322	64	T
629.322	629.421	19	EH1
629.421	629.471	54	K
629.471	629.501	62	S
629.501	629.551	6	AH0
629.551	629.8640736763115	62	S
629.8640736763115	636.346	73	ns
636.346	642.621	73	ns
642.621	642.661	46	B
642.661	642.761	56	L
642.761	642.811	44	UW1
642.811	643.011	47	CH
643.011	643.19	32	IY1
643.19	643.29	69	Z
643.29	643.36	74	sp
643.36	643.42	62	S
643.42	643.47	57	M
643.47	643.509	19	EH1
643.509	643.599	56	L
643.599	643.7312990147944	69	Z
643.7312990147944	643.8274770416108	50	F
643.8274770416108	643.899	7	AH1
643.899	644.028	58	N
644.028	644.118	31	IY0
644.118	644.248	74	sp
644.248	650.863	73	ns
650.863	653.537	73	ns
653.537	653.577	49	DH
653.577	653.626	6	AH0
653.626	653.826	46	B
653.826	654.155	28	IH1
654.155	654.185	51	G
654.185	654.215	48	D
654.215	654.465	10	AO1
654.465	654.664	51	G
654.664	654.704	56	L
654.704	654.854	7	AH1
654.854	654.924	66	V
654.924	654.963	48	D
654.963	655.023	74	sp
655.023	655.093	64	T
655.093	655.223	44	UW1
655.223	655.392	47	CH
655.392	655.632	44	UW1
655.632	655.662	74	sp
655.662	655.812	1	AA1
655.812	655.991	58	N
655.991	656.021	49	DH
656.021	656.051	6	AH0
656.051	656.42	35	OW1
656.42	656.48	56	L
656.48	656.58	48	D
656.58	656.67	74	sp
656.67	656.749	61	R
656.749	656.889	4	AE1
656.889	656.939	51	G
656.939	656.999	74	sp
656.999	657.059	48	D
657.059	657.228	1	AA1
657.228	657.288	56	L
657.288	657.508	74	sp
657.508	664.312	73	ns
664.312	669.53	73	ns
669.53	669.58	51	G
669.58	669.65	19	EH1
669.65	669.8	62	S
669.8	669.85	49	DH
669.85	669.89	6	AH0
669.89	669.989	54	K
669.989	670.019	67	W
670.019	670.089	19	EH1
670.089	670.169	62	S
670.169	670.259	47	CH
670.259	670.289	6	AH0
670.289	670.398	58	N
670.398	670.458	69	Z
670.458	670.548	50	F
670.548	670.588	61	R
670.588	670.618	7	AH1
670.618	670.738	57	M
670.738	670.768	49	DH
670.768	670.797	7	AH1
670.797	670.967	4	AE1
670.967	671.057	58	N
671.057	671.177	62	S
671.177	671.336	21	ER0
671.336	671.845	74	sp
671.845	675.058	73	ns
675.058	682.351	73	ns
682.351	682.451	74	sp
682.451	682.66	62	S
682.66	682.72	67	W
682.72	682.75	28	IH1
682.75	682.89	59	NG
682.89	682.97	68	Y
682.97	683.0	41	UH1
683.0	683.08	61	R
683.08	683.179	74	sp
683.179	683.319	1	AA1
683.319	683.359	61	R
683.359	683.459	57	M
683.459	683.519	69	Z
683.519	683.578	19	EH1
683.578	683.678	69	Z
683.678	683.788	52	HH
683.788	683.838	16	AY1
683.838	683.868	4	AE1
683.868	683.908	69	Z
683.908	684.017	68	Y
684.017	684.097	44	UW1
684.097	684.237	74	sp
684.237	684.407	54	K
684.407	684.436	6	AH0
684.436	684.606	58	N
684.606	691.919	73	ns
691.919	694.114	73	ns
694.114	694.204	60	P
694.204	694.234	56	L
694.234	694.374	32	IY1
694.374	694.484	69	Z
694.484	694.613	62	S
694.613	694.653	28	IH1
694.653	695.002	59	NG
695.002	695.072	53	JH
695.072	695.202	7	AH1
695.202	695.382	62	S
695.382	695.421	64	T
695.421	695.481	49	DH
695.481	695.541	6	AH0
695.541	695.681	54	K
695.681	695.721	56	L
695.721	695.841	7	AH1
695.841	695.89	46	B
695.89	696.01	74	sp
696.01	696.05	65	TH
696.05	696.23	32	IY1
696.23	696.379	57	M
696.379	704.67	73	ns
704.67	705.119	74	sp
705.119	706.955	73	ns
706.955	707.005	49	DH
707.005	707.155	7	AH1
707.155	707.295	4	AE1
707.295	707.414	59	NG
707.414	707.444	51	G
707.444	707.504	61	R
707.504	707.554	31	IY0
707.554	707.714	46	B
707.714	707.883	38	OY1
707.883	708.003	48	D
708.003	708.093	28	IH1
708.093	708.123	48	D
708.123	708.192	6	AH0
708.192	708.312	58	N
708.312	708.352	56	L
708.352	708.392	41	UH1
708.392	708.532	54	K
708.532	708.671	7	AH1
708.671	708.701	60	P
