396.6652154195011	396.7052154195011	49	DH
396.7052154195011	397.0152154195011	7	AH1
397.0152154195011	397.49421541950113	74	sp
397.49421541950113	397.57321541950114	4	AE1
397.57321541950114	397.7532154195011	59	NG
397.7532154195011	397.8032154195011	51	G
397.8032154195011	397.88321541950114	61	R
397.88321541950114	398.0522154195011	31	IY0
398.0522154195011	398.1522154195011	74	sp
398.1522154195011	398.1822154195011	46	B
398.1822154195011	398.5112154195011	38	OY1
398.5112154195011	398.8012154195011	48	D
398.8012154195011	398.96021541950114	28	IH1
398.96021541950114	399.0002154195011	48	D
399.0002154195011	399.0502154195011	6	AH0
399.0502154195011	399.29921541950114	58	N
399.29921541950114	399.3392154195011	56	L
399.3392154195011	399.36921541950113	41	UH1
399.36921541950113	399.5192154195011	54	K
399.5192154195011	399.6692154195011	7	AH1
399.6692154195011	399.6992154195011	60	P
399.6992154195011	410.8495238095238	74	sp
410.8495238095238	411.1495238095238	63	SH
411.1495238095238	411.20952380952383	41	UH1
411.20952380952383	411.32852380952386	48	D
411.32852380952386	411.4385238095238	53	JH
411.4385238095238	411.59852380952384	21	ER0
411.59852380952384	411.74752380952384	4	AE1
411.74752380952384	411.7975238095238	50	F
411.7975238095238	411.9675238095238	62	S
411.9675238095238	412.0475238095238	74	sp
412.0475238095238	412.09752380952386	46	B
412.09752380952386	412.25652380952386	32	IY1
412.25652380952386	412.4265238095238	74	sp
412.4265238095238	412.5655238095238	54	K
412.5655238095238	412.7255238095238	4	AE1
412.7255238095238	412.7555238095238	60	P
412.7555238095238	412.79552380952384	64	T
412.79552380952384	413.05452380952386	74	sp
413.05452380952386	413.18452380952385	28	IH1
413.18452380952385	413.31452380952385	58	N
413.31452380952385	413.47352380952384	25	EY1
413.47352380952384	413.6235238095238	74	sp
413.6235238095238	413.70352380952386	62	S
413.70352380952386	413.7835238095238	57	M
413.7835238095238	413.99252380952385	10	AO1
413.99252380952385	414.0625238095238	56	L
414.0625238095238	414.0825238095238	74	sp
414.0825238095238	414.2125238095238	69	Z
414.2125238095238	414.3515238095238	44	UW1
414.3515238095238	425.19165532879816	74	sp
425.19165532879816	425.2916553287982	32	IY1
425.2916553287982	425.39165532879815	66	V
425.39165532879815	425.4216553287982	6	AH0
425.4216553287982	425.5006553287982	58	N
425.5006553287982	425.59065532879816	74	sp
425.59065532879816	425.84065532879816	16	AY1
425.84065532879816	425.9996553287982	51	G
425.9996553287982	426.1396553287982	19	EH1
426.1396553287982	426.2196553287982	64	T
426.2196553287982	426.33865532879815	74	sp
426.33865532879815	426.4086553287982	49	DH
426.4086553287982	426.5386553287982	7	AH1
426.5386553287982	427.0576553287982	57	M
427.0576553287982	427.1476553287982	7	AH1
427.1476553287982	427.27665532879814	58	N
427.27665532879814	427.3266553287982	48	D
427.3266553287982	427.52665532879814	31	IY0
427.52665532879814	427.6066553287982	74	sp
427.6066553287982	427.63665532879816	46	B
427.63665532879816	427.71565532879816	56	L
427.71565532879816	427.8556553287982	44	UW1
427.8556553287982	428.11465532879816	69	Z
428.11465532879816	439.8736801135213	74	sp
439.8736801135213	440.0226801135213	67	W
440.0226801135213	440.2626801135213	28	IH1
440.2626801135213	440.4716801135213	47	CH
440.4716801135213	441.7986801135213	74	sp
441.7986801135213	441.83868011352126	65	TH
441.83868011352126	442.0186801135213	32	IY1
442.0186801135213	442.0486801135213	6	AH0
442.0486801135213	442.08868011352126	64	T
442.08868011352126	442.3976801135213	21	ER0
442.3976801135213	442.5176801135213	74	sp
442.5176801135213	442.76668011352126	63	SH
442.76668011352126	443.1056801135213	35	OW1
443.1056801135213	443.28568011352127	69	Z
443.28568011352127	444.4026801135213	74	sp
444.4026801135213	444.5526801135213	57	M
444.5526801135213	444.6726801135213	7	AH1
444.6726801135213	444.73268011352127	49	DH
444.73268011352127	444.9116801135213	21	ER0
444.9116801135213	445.29068011352126	74	sp
445.29068011352126	445.3606801135213	51	G
445.3606801135213	445.5206801135213	44	UW1
445.5206801135213	445.7896801135213	62	S
445.7896801135213	455.3517233560091	74	sp
455.3517233560091	455.44172335600905	74	sp
455.44172335600905	455.51172335600904	61	R
455.51172335600904	455.6007233560091	44	UW1
455.6007233560091	455.6907233560091	46	B
455.6907233560091	455.79072335600904	6	AH0
455.79072335600904	455.98972335600905	58	N
455.98972335600905	456.2097233560091	74	sp
456.2097233560091	456.29972335600905	56	L
456.29972335600905	456.51872335600905	16	AY1
456.51872335600905	456.63872335600905	54	K
456.63872335600905	456.6787233560091	62	S
456.6787233560091	457.0677233560091	74	sp
457.0677233560091	457.11772335600904	49	DH
457.11772335600904	457.1777233560091	6	AH0
457.1777233560091	457.2477233560091	74	sp
457.2477233560091	457.4167233560091	54	K
457.4167233560091	457.44672335600904	7	AH1
457.44672335600904	457.5767233560091	56	L
457.5767233560091	457.60672335600907	21	ER0
457.60672335600907	457.78572335600904	68	Y
457.78572335600904	457.8757233560091	19	EH1
457.8757233560091	457.94572335600907	56	L
457.94572335600907	458.03572335600904	34	OW0
458.03572335600904	477.6517006802721	74	sp
477.6517006802721	477.8407006802721	16	AY1
477.8407006802721	477.9807006802721	62	S
477.9807006802721	478.15070068027205	10	AO1
478.15070068027205	478.3697006802721	25	EY1
478.3697006802721	478.4697006802721	60	P
478.4697006802721	478.4997006802721	22	ER1
478.4997006802721	478.6497006802721	60	P
478.6497006802721	478.6787006802721	6	AH0
478.6787006802721	478.7587006802721	56	L
478.7587006802721	478.7887006802721	74	sp
478.7887006802721	478.8887006802721	54	K
478.8887006802721	478.94870068027205	61	R
478.94870068027205	479.1077006802721	4	AE1
479.1077006802721	479.1777006802721	46	B
479.1777006802721	479.22770068027205	74	sp
479.22770068027205	479.3577006802721	1	AA1
479.3577006802721	479.4477006802721	58	N
479.4477006802721	479.47770068027205	49	DH
479.47770068027205	479.5077006802721	6	AH0
479.5077006802721	479.66670068027213	46	B
479.66670068027213	479.8267006802721	32	IY1
479.8267006802721	480.0757006802721	47	CH
480.0757006802721	489.60961451247164	74	sp
489.60961451247164	489.6496145124716	49	DH
489.6496145124716	490.22761451247163	25	EY1
490.22761451247163	490.47761451247163	35	OW1
490.47761451247163	490.7066145124716	58	N
490.7066145124716	490.86661451247164	25	EY1
490.86661451247164	491.0466145124716	46	B
491.0466145124716	491.1656145124716	28	IH1
491.1656145124716	491.21561451247163	51	G
491.21561451247163	491.4156145124716	52	HH
491.4156145124716	491.5646145124716	13	AW1
491.5646145124716	491.7146145124716	62	S
491.7146145124716	491.7846145124716	74	sp
491.7846145124716	491.8246145124716	6	AH0
491.8246145124716	491.9336145124716	58	N
491.9336145124716	492.1036145124716	10	AO1
492.1036145124716	492.1636145124716	62	S
492.1636145124716	492.2436145124716	64	T
492.2436145124716	492.2736145124716	6	AH0
492.2736145124716	492.3726145124716	58	N
492.3726145124716	492.4426145124716	64	T
492.4426145124716	492.5026145124716	19	EH1
492.5026145124716	492.6426145124716	54	K
492.6426145124716	492.7326145124716	62	S
492.7326145124716	492.8216145124716	6	AH0
492.8216145124716	492.9016145124716	62	S
492.9016145124716	502.834	74	sp
502.834	502.86400000000003	49	DH
502.86400000000003	502.924	6	AH0
502.924	503.094	62	S
503.094	503.14300000000003	67	W
503.14300000000003	503.173	6	AH0
503.173	503.283	69	Z
503.283	503.533	32	IY1
503.533	503.563	69	Z
503.563	503.672	31	IY0
503.672	503.74199999999996	50	F
503.74199999999996	503.772	10	AO1
503.772	503.892	61	R
503.892	504.002	7	AH1
504.002	504.2367609439282	62	S
504.2367609439282	513.4831118461503	74	sp
513.4831118461503	513.5682517006803	60	P
513.5682517006803	513.5982517006803	56	L
513.5982517006803	513.7882517006803	32	IY1
513.7882517006803	513.8182517006803	69	Z
513.8182517006803	514.0672517006803	62	S
514.0672517006803	514.1372517006803	28	IH1
514.1372517006803	514.5962517006803	59	NG
514.5962517006803	514.6462517006803	74	sp
514.6462517006803	514.7562517006803	53	JH
514.7562517006803	514.8852517006803	7	AH1
514.8852517006803	515.2252517006802	62	S
515.2252517006802	515.2552517006802	64	T
515.2552517006802	515.7832517006802	74	sp
515.7832517006802	515.8432517006803	49	DH
515.8432517006803	516.0832517006803	7	AH1
516.0832517006803	516.1332517006804	54	K
516.1332517006804	516.2722517006803	56	L
516.2722517006803	516.4222517006804	7	AH1
516.4222517006804	516.4922517006803	46	B
516.4922517006803	516.5922517006803	74	sp
516.5922517006803	516.6312517006803	65	TH
516.6312517006803	516.8112517006803	32	IY1
516.8112517006803	516.9612517006804	57	M
516.9612517006804	526.8544217687075	74	sp
526.8544217687075	527.0034217687075	64	T
527.0034217687075	527.2234217687076	1	AA1
527.2234217687076	527.4324217687075	57	M
527.4324217687075	527.7224217687075	74	sp
527.7224217687075	527.7714217687076	61	R
527.7714217687076	528.0014217687075	32	IY1
528.0014217687075	528.1214217687075	48	D
528.1214217687075	528.3304217687075	69	Z
528.3304217687075	528.4904217687075	74	sp
528.4904217687075	528.5704217687075	49	DH
528.5704217687075	528.7294217687075	6	AH0
528.7294217687075	528.7894217687075	62	S
528.7894217687075	528.8194217687076	25	EY1
528.8194217687076	529.1984217687075	57	M
529.1984217687075	529.3084217687075	74	sp
529.3084217687075	529.3484217687076	46	B
529.3484217687076	529.5274217687075	41	UH1
529.5274217687075	529.6674217687075	54	K
529.6674217687075	529.7674217687075	74	sp
529.7674217687075	529.8774217687076	19	EH1
529.8774217687076	529.9964217687075	66	V
529.9964217687075	530.0364217687076	61	R
530.0364217687076	530.0864217687075	31	IY0
530.0864217687075	530.4554217687075	58	N
530.4554217687075	530.4854217687075	16	AY1
530.4854217687075	530.8354217687075	64	T
530.8354217687075	542.9208163265306	74	sp
542.9208163265306	543.0608163265306	54	K
543.0608163265306	543.1908163265306	7	AH1
543.1908163265306	543.2798163265306	64	T
543.2798163265306	543.3998163265306	25	EY1
543.3998163265306	543.6398163265306	62	S
543.6398163265306	543.7088163265306	57	M
543.7088163265306	543.8988163265306	10	AO1
543.8988163265306	543.9688163265306	56	L
543.9688163265306	544.0188163265307	74	sp
544.0188163265307	544.1478163265306	54	K
544.1478163265306	544.2278163265306	10	AO1
544.2278163265306	544.2578163265306	61	R
544.2578163265306	544.3178163265306	58	N
544.3178163265306	544.4678163265306	21	ER0
544.4678163265306	544.5478163265307	74	sp
544.5478163265307	544.7968163265306	10	AO1
544.7968163265306	544.9368163265306	50	F
544.9368163265306	545.1058163265307	74	sp
545.1058163265307	545.3058163265306	32	IY1
545.3058163265306	545.5248163265306	47	CH
545.5248163265306	546.1338163265306	74	sp
546.1338163265306	546.3038163265306	19	EH1
546.3038163265306	546.5728163265306	53	JH
546.5728163265306	556.4433560090703	74	sp
556.4433560090703	556.5723560090703	28	IH1
556.5723560090703	556.6623560090703	69	Z
556.6623560090703	556.6923560090703	49	DH
556.6923560090703	557.0513560090703	28	IH1
557.0513560090703	557.0813560090703	62	S
557.0813560090703	557.1913560090703	62	S
557.1913560090703	557.5303560090703	32	IY1
557.5303560090703	557.9593560090702	62	S
557.9593560090702	558.1893560090703	11	AO2
558.1893560090703	558.5583560090703	74	sp
558.5583560090703	558.7273560090703	62	S
558.7273560090703	559.1273560090704	25	EY1
559.1273560090704	559.1663560090703	50	F
559.1663560090703	568.2796371882087	74	sp
568.2796371882087	568.4686371882086	16	AY1
568.4686371882086	568.6486371882087	64	T
568.6486371882087	568.7086371882086	41	UH1
568.7086371882086	568.8576371882086	54	K
568.8576371882086	568.9476371882087	52	HH
568.9476371882087	569.0376371882086	22	ER1
569.0376371882086	569.2276371882086	67	W
569.2276371882086	569.4366371882086	22	ER1
569.4366371882086	569.5566371882086	48	D
569.5566371882086	569.7156371882086	69	Z
569.7156371882086	570.0056371882087	74	sp
570.0056371882087	570.0356371882086	50	F
570.0356371882086	570.1456371882086	10	AO1
570.1456371882086	570.2446371882086	61	R
570.2446371882086	570.4646371882086	28	IH1
570.4646371882086	570.5246371882087	64	T
570.5246371882087	579.2459863945578	74	sp
579.2459863945578	579.2959863945578	51	G
579.2959863945578	579.3759863945578	19	EH1
579.3759863945578	579.4649863945579	62	S
579.4649863945579	579.5649863945578	74	sp
579.5649863945578	579.5949863945577	49	DH
579.5949863945577	579.6249863945578	6	AH0
579.6249863945578	579.7849863945578	54	K
579.7849863945578	579.8239863945578	67	W
579.8239863945578	579.8839863945577	19	EH1
579.8839863945577	580.1439863945578	63	SH
580.1439863945578	580.1739863945578	6	AH0
580.1739863945578	580.3929863945577	58	N
580.3929863945577	580.4729863945579	74	sp
580.4729863945579	580.5029863945579	50	F
580.5029863945579	580.5429863945578	61	R
580.5429863945578	580.5829863945578	7	AH1
580.5829863945578	580.7029863945578	57	M
580.7029863945578	580.7319863945578	49	DH
580.7319863945578	580.7819863945579	6	AH0
580.7819863945579	580.8419863945578	74	sp
580.8419863945578	581.0019863945579	4	AE1
581.0019863945579	581.0719863945578	58	N
581.0719863945578	581.2109863945578	62	S
581.2109863945578	581.3409863945578	21	ER0
581.3409863945578	593.5073922902494	74	sp
593.5073922902494	593.5863922902495	48	D
593.5863922902495	593.7463922902494	35	OW1
593.7463922902494	593.8163922902494	58	N
593.8163922902494	593.9163922902494	74	sp
593.9163922902494	594.0653922902494	48	D
594.0653922902494	594.3453922902495	44	UW1
594.3453922902495	594.4543922902494	74	sp
594.4543922902494	594.6243922902495	47	CH
594.6243922902495	594.7243922902494	1	AA1
594.7243922902494	594.8643922902494	61	R
594.8643922902494	594.9733922902494	56	L
594.9733922902494	595.2033922902494	31	IY0
595.2033922902494	595.2533922902494	69	Z
595.2533922902494	596.0713922902494	74	sp
596.0713922902494	596.1213922902494	48	D
596.1213922902494	596.2703922902494	22	ER1
596.2703922902494	596.3003922902494	64	T
596.3003922902494	596.4203922902494	31	IY0
596.4203922902494	596.5103922902495	48	D
596.5103922902495	596.5703922902494	28	IH1
596.5703922902494	596.7593922902495	63	SH
596.7593922902495	596.7893922902495	6	AH0
596.7893922902495	597.0093922902495	69	Z
597.0093922902495	607.989387755102	74	sp
607.989387755102	608.029387755102	49	DH
608.029387755102	608.259387755102	25	EY1
608.259387755102	608.538387755102	10	AO1
608.538387755102	608.568387755102	56	L
608.568387755102	608.688387755102	18	EH0
608.688387755102	608.808387755102	58	N
608.808387755102	608.937387755102	53	JH
608.937387755102	609.2573877551021	38	OY1
609.2573877551021	609.416387755102	74	sp
609.416387755102	609.606387755102	16	AY1
609.606387755102	609.855387755102	62	S
609.855387755102	609.9253877551021	54	K
609.9253877551021	609.965387755102	61	R
609.965387755102	610.025387755102	32	IY1
610.025387755102	610.244387755102	57	M
610.244387755102	610.494387755102	62	S
610.494387755102	610.5843877551021	7	AH1
610.5843877551021	610.9524460130884	58	N
610.9524460130884	611.0658996270552	48	D
611.0658996270552	611.7813877551021	26	EY2
611.7813877551021	611.941387755102	69	Z
611.941387755102	620.8100680272108	74	sp
620.8100680272108	620.9300680272108	28	IH1
620.9300680272108	620.9600680272108	69	Z
620.9600680272108	621.1390680272108	63	SH
621.1390680272108	621.2490680272108	32	IY1
621.2490680272108	621.3790680272108	51	G
621.3790680272108	621.5480680272108	35	OW1
621.5480680272108	621.5980680272107	27	IH0
621.5980680272107	621.7380680272108	59	NG
621.7380680272108	621.7780680272108	67	W
621.7780680272108	621.8180680272108	28	IH1
621.8180680272108	621.9180680272108	65	TH
621.9180680272108	622.0570680272108	68	Y
622.0570680272108	622.1370680272108	44	UW1
622.1370680272108	633.836462585034	74	sp
633.836462585034	634.076462585034	62	S
634.076462585034	634.106462585034	60	P
634.106462585034	634.2954625850341	21	ER0
634.2954625850341	634.3254625850341	28	IH1
634.3254625850341	634.6744625850341	59	NG
634.6744625850341	634.8244625850341	62	S
634.8244625850341	634.9344625850341	64	T
634.9344625850341	634.9644625850341	61	R
634.9644625850341	635.2134625850341	32	IY1
635.2134625850341	635.273462585034	64	T
635.273462585034	636.1314625850341	74	sp
636.1314625850341	636.5304625850341	28	IH1
636.5304625850341	636.8594625850341	69	Z
636.8594625850341	637.8774625850341	74	sp
637.8774625850341	638.0974625850341	62	S
638.0974625850341	638.1464625850341	64	T
638.1464625850341	638.2264625850341	61	R
638.2264625850341	638.356462585034	25	EY1
638.356462585034	638.3864625850341	64	T
638.3864625850341	638.4164625850341	6	AH0
638.4164625850341	638.446462585034	52	HH
638.446462585034	638.7154625850341	19	EH1
638.7154625850341	638.7654625850341	48	D
638.7654625850341	647.7869387755102	74	sp
647.7869387755102	647.8969387755102	46	B
647.8969387755102	647.9269387755103	56	L
647.9269387755103	648.1259387755101	44	UW1
648.1259387755101	648.2859387755102	47	CH
648.2859387755102	648.4249387755102	32	IY1
648.4249387755102	648.5549387755102	69	Z
648.5549387755102	648.6349387755101	62	S
648.6349387755101	648.6649387755102	57	M
648.6649387755102	648.6949387755102	19	EH1
648.6949387755102	648.7949387755102	56	L
648.7949387755102	648.8639387755102	69	Z
648.8639387755102	648.9439387755102	74	sp
648.9439387755102	649.0239387755103	50	F
649.0239387755103	649.0939387755102	7	AH1
649.0939387755102	649.2729387755103	58	N
649.2729387755103	649.3029387755103	31	IY0
649.3029387755103	660.5636054421768	74	sp
660.5636054421768	660.6136054421769	74	sp
660.6136054421769	660.643605442177	49	DH
660.643605442177	660.8536054421769	7	AH1
660.8536054421769	660.9126054421769	46	B
660.9126054421769	661.0526054421769	28	IH1
661.0526054421769	661.1226054421769	51	G
661.1226054421769	661.192605442177	74	sp
661.192605442177	661.2426054421769	48	D
661.2426054421769	661.461605442177	10	AO1
661.461605442177	661.5116054421769	51	G
661.5116054421769	661.5516054421769	74	sp
661.5516054421769	661.701605442177	56	L
661.701605442177	661.8806054421768	7	AH1
661.8806054421768	662.0206054421769	66	V
662.0206054421769	662.0506054421769	48	D
662.0506054421769	662.4796054421769	74	sp
662.4796054421769	662.5896054421769	64	T
662.5896054421769	662.9486054421768	44	UW1
662.9486054421768	663.3776054421769	74	sp
663.3776054421769	663.5566054421769	47	CH
663.5566054421769	663.8066054421769	44	UW1
663.8066054421769	664.3056054421769	74	sp
664.3056054421769	664.5146054421768	1	AA1
664.5146054421768	664.6846054421769	58	N
664.6846054421769	664.7146054421769	49	DH
664.7146054421769	664.7446054421769	6	AH0
664.7446054421769	665.2826054421769	35	OW1
665.2826054421769	665.3326054421768	56	L
665.3326054421768	665.3726054421769	48	D
665.3726054421769	665.4126054421769	74	sp
665.4126054421769	665.5126054421769	61	R
665.5126054421769	665.692605442177	4	AE1
665.692605442177	665.7316054421769	51	G
665.7316054421769	665.8616054421768	48	D
665.8616054421768	666.0916054421768	1	AA1
666.0916054421768	666.1506054421768	56	L
666.1506054421768	674.9698866213151	74	sp
674.9698866213151	675.2288866213152	62	S
675.2288866213152	675.3188866213152	67	W
675.3188866213152	675.3488866213152	28	IH1
675.3488866213152	675.5178866213151	59	NG
675.5178866213151	675.6578866213151	68	Y
675.6578866213151	675.6878866213151	41	UH1
675.6878866213151	675.7878866213151	61	R
675.7878866213151	675.9168866213151	1	AA1
675.9168866213151	676.0768866213151	61	R
676.0768866213151	676.1768866213151	57	M
676.1768866213151	676.2468866213151	69	Z
676.2468866213151	676.3958866213152	4	AE1
676.3958866213152	676.4558866213151	69	Z
676.4558866213151	676.6458866213152	52	HH
676.6458866213152	676.8648866213151	16	AY1
676.8648866213151	677.1648866213152	4	AE1
677.1648866213152	677.2738866213151	69	Z
677.2738866213151	677.3538866213152	68	Y
677.3538866213152	677.3838866213151	44	UW1
677.3838866213151	677.5538866213151	54	K
677.5538866213151	677.7228866213152	4	AE1
677.7228866213152	677.8028866213151	58	N
677.8028866213151	687.7851247165532	74	sp
687.7851247165532	687.9041247165533	52	HH
687.9041247165533	688.0841247165532	32	IY1
688.0841247165532	688.1841247165532	74	sp
688.1841247165532	688.3931247165533	25	EY1
688.3931247165533	688.4431247165533	64	T
688.4431247165533	688.6231247165532	50	F
688.6231247165532	688.7921247165532	10	AO1
688.7921247165532	688.8921247165532	61	R
688.8921247165532	689.0021247165532	74	sp
689.0021247165532	689.2711247165532	19	EH1
689.2711247165532	689.3211247165532	51	G
689.3211247165532	689.3511247165533	69	Z
689.3511247165533	689.6601247165532	50	F
689.6601247165532	689.9601247165533	21	ER0
689.9601247165533	690.0001247165533	46	B
690.0001247165533	690.0791247165532	61	R
690.0791247165532	690.1091247165532	19	EH1
690.1091247165532	690.2291247165533	54	K
690.2291247165533	690.3191247165532	50	F
690.3191247165532	690.4481247165533	6	AH0
690.4481247165533	690.4781247165532	62	S
690.4781247165532	690.631520455308	64	T
690.631520455308	699.9317006802721	74	sp
699.9317006802721	699.9817006802721	49	DH
699.9817006802721	700.150700680272	25	EY1
700.150700680272	700.290700680272	10	AO1
700.290700680272	700.420700680272	50	F
700.420700680272	700.4807006802721	64	T
700.4807006802721	700.549700680272	6	AH0
700.549700680272	700.6697006802721	58	N
700.6697006802721	700.7197006802721	51	G
700.7197006802721	700.9097006802721	35	OW1
700.9097006802721	700.9387006802721	74	sp
700.9387006802721	701.2687006802721	13	AW1
701.2687006802721	701.497700680272	64	T
701.497700680272	701.6677006802721	28	IH1
701.6677006802721	701.8667006802721	58	N
701.8667006802721	702.3657006802721	74	sp
702.3657006802721	702.445700680272	49	DH
702.445700680272	702.545700680272	31	IY0
702.545700680272	702.714700680272	32	IY1
702.714700680272	702.804700680272	66	V
702.804700680272	702.8647006802721	58	N
702.8647006802721	702.9047006802721	27	IH0
702.9047006802721	703.2837006802721	59	NG
703.2837006802721	713.231201814059	74	sp
713.231201814059	713.381201814059	10	AO1
713.381201814059	713.4412018140589	61	R
713.4412018140589	713.471201814059	6	AH0
713.471201814059	713.5312018140589	58	N
713.5312018140589	713.6902018140589	53	JH
713.6902018140589	713.8002018140589	53	JH
713.8002018140589	713.9402018140589	44	UW1
713.9402018140589	714.0792018140589	62	S
714.0792018140589	714.1192018140589	74	sp
714.1192018140589	714.2292018140589	64	T
714.2292018140589	714.3692018140589	25	EY1
714.3692018140589	714.5982018140589	62	S
714.5982018140589	714.9272018140589	64	T
714.9272018140589	715.5362018140589	74	sp
715.5362018140589	715.596201814059	50	F
715.596201814059	715.6762018140589	7	AH1
715.6762018140589	715.756201814059	58	N
715.756201814059	715.9452018140589	31	IY0
715.9452018140589	715.995201814059	74	sp
715.995201814059	716.155201814059	4	AE1
716.155201814059	716.274201814059	50	F
716.274201814059	716.3342018140589	64	T
716.3342018140589	716.534201814059	21	ER0
716.534201814059	716.683201814059	74	sp
716.683201814059	716.793201814059	64	T
716.793201814059	716.8832018140589	44	UW1
716.8832018140589	716.943201814059	65	TH
716.943201814059	716.9932018140589	60	P
716.9932018140589	717.1622018140589	26	EY2
717.1622018140589	717.352201814059	62	S
717.352201814059	717.4022018140589	64	T
717.4022018140589	754.8927891156462	74	sp
