55.391	55.482363139074586	49	DH
55.482363139074586	55.61077267103376	6	AH0
55.61077267103376	55.65923839808826	67	W
55.65923839808826	55.71752683571777	1	AA1
55.71752683571777	55.75772575822088	64	T
55.75772575822088	55.88613529018005	21	ER0
55.88613529018005	55.902130980640344	54	K
55.902130980640344	55.93228017251767	6	AH0
55.93228017251767	55.9986083946478	58	N
55.9986083946478	56.100110673968146	64	T
56.100110673968146	56.251861606417386	25	EY1
56.251861606417386	56.31316496323462	58	N
56.31316496323462	56.37254225246766	48	D
56.37254225246766	56.49992037182403	64	T
56.49992037182403	56.57933968330789	44	UW1
56.57933968330789	56.67560694497092	57	M
56.67560694497092	56.752989870789406	7	AH1
56.752989870789406	56.844652571828405	47	CH
56.844652571828405	57.00423313643383	54	K
57.00423313643383	57.070561358563964	56	L
57.070561358563964	57.206063140961895	10	AO1
57.206063140961895	57.26133665940367	61	R
57.26133665940367	57.38796326528846	31	IY0
57.38796326528846	57.4572604774056	58	N
57.4572604774056	57.567761587087766	4	AE1
57.567761587087766	57.63995274349712	58	N
57.63995274349712	58.074955019220695	62	S
58.074955019220695	58.114148968661226	64	T
58.114148968661226	58.25183027823437	7	AH1
58.25183027823437	58.3512750292577	59	NG
58.3512750292577	58.4174600548784	52	HH
58.4174600548784	58.48579822313368	28	IH1
58.48579822313368	58.60050834877697	69	Z
58.60050834877697	58.914730942173065	16	AY1
58.914730942173065	59.15572607268942	69	Z
59.15572607268942	70.62076309822174	74	sp
70.62076309822174	70.77076309822175	53	JH
70.77076309822175	70.90976309822175	1	AA1
70.90976309822175	70.96976309822175	58	N
70.96976309822175	71.10976309822175	69	Z
71.10976309822175	71.15976309822175	46	B
71.15976309822175	71.20976309822174	61	R
71.20976309822174	71.26976309822174	7	AH1
71.26976309822174	71.36876309822175	49	DH
71.36876309822175	71.43876309822174	21	ER0
71.43876309822174	71.54876309822174	61	R
71.54876309822174	71.64876309822175	31	IY0
71.64876309822175	71.77776309822174	60	P
71.77776309822174	71.85776309822175	25	EY1
71.85776309822175	71.92776309822175	58	N
71.92776309822175	71.99776309822175	64	T
71.99776309822175	72.07776309822175	6	AH0
72.07776309822175	72.12776309822175	48	D
72.12776309822175	72.19676309822175	49	DH
72.19676309822175	72.26676309822174	6	AH0
72.26676309822174	72.34676309822174	51	G
72.34676309822174	72.37676309822174	21	ER0
72.37676309822174	72.58676309822175	1	AA1
72.58676309822175	72.74576309822174	70	ZH
72.74576309822174	72.84576309822175	48	D
72.84576309822175	73.02576309822174	10	AO1
73.02576309822174	73.12476309822175	61	R
73.12476309822175	84.62676309822174	74	sp
84.62676309822174	84.77576309822174	47	CH
84.77576309822174	84.84576309822175	4	AE1
84.84576309822175	84.97576309822175	56	L
84.97576309822175	85.02576309822174	6	AH0
85.02576309822174	85.07576309822174	58	N
85.07576309822174	85.20476309822175	53	JH
85.20476309822175	85.38476309822175	74	sp
85.38476309822175	85.57376309822175	32	IY1
85.57376309822175	85.78376309822174	47	CH
85.78376309822174	85.94376309822175	53	JH
85.94376309822175	86.07276309822174	19	EH1
86.07276309822174	86.11276309822175	58	N
86.11276309822175	86.17276309822175	21	ER0
86.17276309822175	86.20276309822175	6	AH0
86.20276309822175	86.37276309822175	56	L
86.37276309822175	86.41276309822175	69	Z
86.41276309822175	86.49176309822175	29	IH2
86.49176309822175	86.57176309822175	58	N
86.57176309822175	86.67176309822175	64	T
86.67176309822175	86.70176309822175	19	EH1
86.70176309822175	86.86176309822174	56	L
86.86176309822174	86.91076309822175	6	AH0
86.91076309822175	86.99076309822175	53	JH
86.99076309822175	87.04076309822175	6	AH0
87.04076309822175	87.24076309822175	58	N
87.24076309822175	87.29076309822175	62	S
87.29076309822175	104.18603199731058	74	sp
104.18603199731058	104.28705334462364	4	AE1
104.28705334462364	104.36062294397689	57	M
104.36062294397689	104.45172064958045	46	B
104.45172064958045	104.54618811746276	6	AH0
104.54618811746276	104.65472520822115	48	D
104.65472520822115	104.74517278385315	18	EH0
104.74517278385315	104.85169992848638	54	K
104.85169992848638	104.94400137395864	62	S
104.94400137395864	105.000279865463	64	T
105.000279865463	105.08670754884467	61	R
105.08670754884467	105.17715512447667	32	IY1
105.17715512447667	105.2475032388571	6	AH0
105.2475032388571	105.46028794181328	62	S
105.46028794181328	105.52058632556795	60	P
105.52058632556795	105.5808847093226	28	IH1
105.5808847093226	105.6244658588533	54	K
105.6244658588533	105.7934658588533	60	P
105.7934658588533	105.9634658588533	2	AA2
105.9634658588533	106.0134658588533	54	K
106.0134658588533	106.14346585885329	6	AH0
106.14346585885329	106.3824658588533	64	T
106.3824658588533	106.4824658588533	62	S
106.4824658588533	106.5624658588533	6	AH0
106.5624658588533	106.66146585885329	54	K
106.66146585885329	106.7914658588533	1	AA1
106.7914658588533	106.8514658588533	57	M
106.8514658588533	106.9614658588533	60	P
106.9614658588533	107.0114658588533	56	L
107.0114658588533	107.3304658588533	27	IH0
107.3304658588533	107.5294658588533	63	SH
107.5294658588533	107.64946585885329	57	M
107.64946585885329	107.8094658588533	10	AO1
107.8094658588533	107.90846585885329	61	R
107.90846585885329	107.9584658588533	72	lg
107.9584658588533	129.86015992361857	74	sp
129.86015992361857	129.94015992361858	57	M
129.94015992361858	130.05562588252457	7	AH1
130.05562588252457	130.53600300643672	62	S
130.53600300643672	130.56213230606375	54	K
130.56213230606375	130.6081599236186	68	Y
130.6081599236186	130.63815992361856	6	AH0
130.63815992361856	130.79815992361858	56	L
130.79815992361858	131.0721052604796	21	ER0
131.0721052604796	131.3474678796259	28	IH1
131.3474678796259	131.46615992361856	69	Z
131.46615992361856	131.57615992361855	51	G
131.57615992361855	131.62615992361856	41	UH1
131.62615992361856	131.75615992361855	48	D
131.75615992361855	131.78515992361855	50	F
131.78515992361855	131.86515992361856	61	R
131.86515992361856	131.89515992361856	21	ER0
131.89515992361856	132.00515992361858	68	Y
132.00515992361858	132.04515992361857	41	UH1
132.04515992361857	132.14515992361856	61	R
132.14515992361856	132.19515992361858	46	B
132.19515992361858	132.54415992361857	4	AE1
132.54415992361857	132.61415992361856	54	K
132.61415992361856	132.64415992361856	72	lg
132.64415992361856	132.67315992361858	62	S
132.67315992361858	148.49076309822172	74	sp
148.49076309822172	148.57976309822172	49	DH
148.57976309822172	148.82976309822172	25	EY1
148.82976309822172	149.18876309822173	35	OW1
149.18876309822173	149.21876309822173	58	N
149.21876309822173	149.2687630982217	6	AH0
149.2687630982217	149.31876309822172	46	B
149.31876309822172	149.47776309822171	28	IH1
149.47776309822171	149.50776309822172	51	G
149.50776309822172	149.6977630982217	52	HH
149.6977630982217	149.89676309822173	13	AW1
149.89676309822173	149.99676309822172	62	S
149.99676309822172	150.4057630982217	6	AH0
150.4057630982217	150.57576309822173	58	N
150.57576309822173	150.86476309822172	74	sp
150.86476309822172	150.89476309822172	49	DH
150.89476309822172	151.0247630982217	31	IY0
151.0247630982217	151.17476309822172	61	R
151.17476309822172	151.20476309822172	6	AH0
151.20476309822172	151.26376309822172	57	M
151.26376309822172	151.47376309822172	35	OW1
151.47376309822172	151.50376309822173	64	T
151.50376309822173	151.60376309822172	54	K
151.60376309822172	151.65276309822173	7	AH1
151.65276309822173	151.69276309822172	58	N
151.69276309822172	151.78276309822172	64	T
151.78276309822172	151.83276309822173	61	R
151.83276309822173	151.90276309822173	31	IY0
151.90276309822173	152.02276309822173	62	S
152.02276309822173	152.25176309822172	17	AY2
152.25176309822172	152.3217630982217	48	D
152.3217630982217	165.94576309822173	74	sp
165.94576309822173	166.01576309822173	49	DH
166.01576309822173	166.18476309822174	7	AH1
166.18476309822174	166.26476309822172	61	R
166.26476309822172	166.51376309822174	35	OW1
166.51376309822174	166.57376309822172	69	Z
166.57376309822172	166.74376309822173	62	S
166.74376309822173	166.79376309822172	57	M
166.79376309822172	166.84376309822173	19	EH1
166.84376309822173	167.10276309822174	56	L
167.10276309822174	167.13276309822174	48	D
167.13276309822174	167.28276309822172	62	S
167.28276309822172	167.38176309822174	67	W
167.38176309822174	167.65176309822172	32	IY1
167.65176309822172	167.68176309822172	64	T
167.68176309822172	180.63876309822174	74	sp
180.63876309822174	180.78876309822172	49	DH
180.78876309822172	180.99776309822172	4	AE1
180.99776309822172	181.05776309822173	64	T
181.05776309822173	181.11776309822173	60	P
181.11776309822173	181.32676309822173	28	IH1
181.32676309822173	181.35676309822173	54	K
181.35676309822173	181.38676309822173	60	P
181.38676309822173	181.56676309822174	2	AA2
181.56676309822174	181.62676309822174	54	K
181.62676309822174	181.74576309822174	6	AH0
181.74576309822174	181.77576309822174	64	T
181.77576309822174	181.85576309822173	67	W
181.85576309822173	181.88576309822173	7	AH1
181.88576309822173	182.00576309822173	69	Z
182.00576309822173	182.14576309822172	54	K
182.14576309822172	182.36476309822174	1	AA1
182.36476309822174	182.39476309822174	64	T
182.39476309822174	182.46476309822174	61	R
182.46476309822174	182.58476309822174	19	EH1
182.58476309822174	182.61376309822174	48	D
182.61376309822174	182.70376309822174	52	HH
182.70376309822174	182.85376309822175	4	AE1
182.85376309822175	182.88376309822175	58	N
182.88376309822175	182.91376309822172	48	D
182.91376309822172	183.15276309822173	6	AH0
183.15276309822173	183.23276309822174	48	D
183.23276309822174	200.42656253586372	74	sp
200.42656253586372	200.63577982258857	6	AH0
200.63577982258857	200.71278414530457	6	AH0
200.71278414530457	200.82178414530458	48	D
200.82178414530458	200.85178414530458	6	AH0
200.85178414530458	201.08178414530457	56	L
201.08178414530457	201.16178414530458	64	T
201.16178414530458	201.26078414530457	57	M
201.26078414530457	201.41078414530458	25	EY1
201.41078414530458	201.87978414530457	56	L
201.87978414530457	202.0990570343127	74	sp
202.0990570343127	202.11878414530457	46	B
202.11878414530457	202.24878414530457	3	AE0
202.24878414530457	202.38878414530458	46	B
202.38878414530458	202.64778414530457	44	UW1
202.64778414530457	202.67778414530457	58	N
202.67778414530457	202.76778414530457	69	Z
202.76778414530457	202.83778414530457	74	sp
202.83778414530457	202.9077841453046	64	T
202.9077841453046	203.12678414530458	32	IY1
203.12678414530458	203.17678414530457	65	TH
203.17678414530457	203.25678414530458	1	AA1
203.25678414530458	203.29678414530457	61	R
203.29678414530457	203.35678414530457	58	N
203.35678414530457	203.52578414530458	1	AA1
203.52578414530458	203.56578414530458	64	T
203.56578414530458	203.59578414530458	74	sp
203.59578414530458	203.66578414530457	62	S
203.66578414530457	203.75578414530457	44	UW1
203.75578414530457	203.79578414530457	64	T
203.79578414530457	203.82578414530457	6	AH0
203.82578414530457	203.90478414530457	46	B
203.90478414530457	203.94478414530457	6	AH0
203.94478414530457	204.11478414530458	56	L
204.11478414530458	204.22478414530457	50	F
204.22478414530457	204.25478414530457	61	R
204.25478414530457	204.55378414530458	21	ER0
204.55378414530458	204.88278414530458	74	sp
204.88278414530458	205.1527841453046	32	IY1
205.1527841453046	205.1817841453046	64	T
205.1817841453046	205.2117841453046	27	IH0
205.2117841453046	205.47178414530458	59	NG
205.47178414530458	205.70078414530457	63	SH
205.70078414530457	205.75078414530458	19	EH1
205.75078414530458	205.92078414530457	56	L
205.92078414530457	206.0207841453046	50	F
206.0207841453046	206.1697841453046	29	IH2
206.1697841453046	206.48978414530458	63	SH
206.48978414530458	223.93181525241675	74	sp
223.93181525241675	224.12081525241675	52	HH
224.12081525241675	224.18081525241675	21	ER0
224.18081525241675	224.39081525241676	67	W
224.39081525241676	224.62981525241676	10	AO1
224.62981525241676	224.70981525241675	61	R
224.70981525241675	224.78981525241676	48	D
224.78981525241676	224.93881525241676	61	R
224.93881525241676	225.07881525241675	36	OW2
225.07881525241675	225.11881525241677	46	B
225.11881525241677	225.29881525241674	54	K
225.29881525241674	225.32781525241677	6	AH0
225.32781525241677	225.41781525241674	58	N
225.41781525241674	225.57781525241677	62	S
225.57781525241677	225.81681525241675	28	IH1
225.81681525241675	225.93681525241675	62	S
225.93681525241675	226.02681525241675	64	T
226.02681525241675	226.18681525241675	7	AH1
226.18681525241675	226.25581525241677	66	V
226.25581525241677	226.40581525241674	35	OW1
226.40581525241674	226.43581525241675	58	N
226.43581525241675	226.46581525241675	56	L
226.46581525241675	226.59581525241677	31	IY0
226.59581525241677	226.75481525241676	62	S
226.75481525241676	226.81481525241676	54	K
226.81481525241676	226.94481525241676	22	ER1
226.94481525241676	227.01481525241675	64	T
227.01481525241675	227.08481525241675	62	S
227.08481525241675	227.18381525241676	4	AE1
227.18381525241676	227.29251661640285	58	N
227.29251661640285	227.36487467690844	48	D
227.36487467690844	227.67281525241677	74	sp
227.67281525241677	227.74281525241676	46	B
227.74281525241676	227.78281525241675	56	L
227.78281525241675	227.93281525241676	13	AW1
227.93281525241676	228.09181525241675	62	S
228.09181525241675	228.30181525241676	6	AH0
228.30181525241676	228.35181525241677	69	Z
228.35181525241677	240.21176309822172	74	sp
240.21176309822172	240.27176309822173	49	DH
240.27176309822173	240.31176309822172	6	AH0
240.31176309822172	240.5607630982217	64	T
240.5607630982217	240.9097630982217	44	UW1
240.9097630982217	241.03976309822173	74	sp
241.03976309822173	241.1597630982217	1	AA1
241.1597630982217	241.2197630982217	61	R
241.2197630982217	241.2797630982217	64	T
241.2797630982217	241.3987630982217	6	AH0
241.3987630982217	241.60876309822171	62	S
241.60876309822171	241.7087630982217	27	IH0
241.7087630982217	241.77776309822173	54	K
241.77776309822173	242.05776309822173	62	S
242.05776309822173	242.1077630982217	47	CH
242.1077630982217	242.37676309822172	25	EY1
242.37676309822172	242.4767630982217	58	N
242.4767630982217	242.6957630982217	53	JH
242.6957630982217	242.7857630982217	48	D
242.7857630982217	242.9357630982217	10	AO1
242.9357630982217	242.9757630982217	64	T
242.9757630982217	243.02576309822172	6	AH0
243.02576309822172	243.0847630982217	51	G
243.0847630982217	243.11476309822172	61	R
243.11476309822172	243.35476309822172	5	AE2
243.35476309822172	243.38476309822173	50	F
243.38476309822173	243.63376309822172	62	S
243.63376309822172	254.83976309822174	74	sp
254.83976309822174	254.87023980405186	46	B
254.87023980405186	254.92923980405186	7	AH1
254.92923980405186	254.97923980405187	64	T
254.97923980405187	255.02923980405188	21	ER0
255.02923980405188	255.14923980405186	62	S
255.14923980405186	255.20923980405186	54	K
255.20923980405186	255.38823980405186	2	AA2
255.38823980405186	255.56823980405187	47	CH
255.56823980405187	255.79723980405186	50	F
255.79723980405186	256.0572398040519	7	AH1
256.0572398040519	256.28623980405183	53	JH
256.28623980405183	256.44623980405186	51	G
256.44623980405186	256.65623980405184	35	OW1
256.65623980405184	256.80523980405184	69	Z
256.80523980405184	256.8852398040519	67	W
256.8852398040519	256.92523980405184	19	EH1
256.92523980405184	257.02523980405186	56	L
257.02523980405186	257.08523980405187	67	W
257.08523980405187	257.1242398040519	6	AH0
257.1242398040519	257.19423980405185	49	DH
257.19423980405185	257.2542398040519	66	V
257.2542398040519	257.29423980405187	6	AH0
257.29423980405187	257.36423980405186	58	N
257.36423980405186	257.3942398040519	28	IH1
257.3942398040519	257.4742398040519	56	L
257.4742398040519	257.5042398040519	6	AH0
257.5042398040519	257.7532398040519	16	AY1
257.7532398040519	257.9032398040519	62	S
257.9032398040519	257.95323980405186	54	K
257.95323980405186	258.03223980405187	61	R
258.03223980405187	258.12223980405184	32	IY1
258.12223980405184	258.28223980405187	57	M
258.28223980405187	269.8267630982217	74	sp
269.8267630982217	269.92676309822167	61	R
269.92676309822167	270.0167630982217	28	IH1
270.0167630982217	270.2257630982217	47	CH
270.2257630982217	270.32576309822167	60	P
270.32576309822167	270.5847630982217	22	ER1
270.5847630982217	270.7447630982217	47	CH
270.7447630982217	270.8647630982217	6	AH0
270.8647630982217	271.1037630982217	62	S
271.1037630982217	271.1337630982217	64	T
271.1337630982217	271.1837630982217	62	S
271.1837630982217	271.2637630982217	19	EH1
271.2637630982217	271.3927630982217	66	V
271.3927630982217	271.4427630982217	61	R
271.4427630982217	271.4927630982217	6	AH0
271.4927630982217	271.6127630982217	56	L
271.6127630982217	271.7527630982217	62	S
271.7527630982217	271.9617630982217	16	AY1
271.9617630982217	272.0817630982217	58	N
272.0817630982217	272.4707630982217	48	D
272.4707630982217	272.5507630982217	56	L
272.5507630982217	272.5907630982217	28	IH1
272.5907630982217	272.6997630982217	65	TH
272.6997630982217	272.8297630982217	6	AH0
272.8297630982217	272.8897630982217	51	G
272.8897630982217	272.9697630982217	61	R
272.9697630982217	273.1787630982217	5	AE2
273.1787630982217	273.2087630982217	50	F
273.2087630982217	273.3987630982217	62	S
273.3987630982217	294.4030087419488	74	sp
294.4030087419488	294.531846501806	19	EH1
294.531846501806	294.5776554830886	58	N
294.5776554830886	294.64892333946983	31	IY0
294.64892333946983	294.8637179885512	54	K
294.8637179885512	294.9682351870593	1	AA1
294.9682351870593	295.016473894063	58	N
295.016473894063	295.08682200844345	64	T
295.08682200844345	295.1129513080705	61	R
295.1129513080705	295.1792795302006	27	IH0
295.1792795302006	295.2837967287087	46	B
295.2837967287087	295.35615478921426	68	Y
295.35615478921426	295.4928311257248	45	UW2
295.4928311257248	295.6053881087335	63	SH
295.6053881087335	295.77422358324657	6	AH0
295.77422358324657	295.87070099725406	58	N
295.87070099725406	296.00536738763947	62	S
296.00536738763947	296.33665377946073	74	sp
296.33665377946073	296.3866781484909	67	W
296.3866781484909	296.4319019363069	28	IH1
296.4319019363069	296.4744900485487	56	L
296.4744900485487	296.50449004854875	46	B
296.50449004854875	296.68449004854875	32	IY1
296.68449004854875	296.7344900485487	51	G
296.7344900485487	296.7844900485487	61	R
296.7844900485487	296.9434900485487	25	EY1
296.9434900485487	296.97349004854874	64	T
296.97349004854874	297.03349004854874	56	L
297.03349004854874	297.2434900485487	31	IY0
297.2434900485487	297.31249004854874	6	AH0
297.31249004854874	297.42249004854875	60	P
297.42249004854875	297.4724900485487	61	R
297.4724900485487	297.5779939213372	32	IY1
297.5779939213372	297.71969512316065	63	SH
297.71969512316065	297.83024216004424	31	IY0
297.83024216004424	297.8704410825473	26	EY2
297.8704410825473	297.88652065154855	64	T
297.88652065154855	298.2991830229055	74	sp
298.2991830229055	298.3444068107215	6	AH0
298.3444068107215	298.5062074737965	60	P
298.5062074737965	298.5493294590853	61	R
298.5493294590853	298.67949004854876	32	IY1
298.67949004854876	298.7994900485487	63	SH
298.7994900485487	298.8594900485487	31	IY0
298.8594900485487	299.02650795100567	26	EY2
299.02650795100567	299.06469692738364	64	T
299.06469692738364	299.23853606957834	6	AH0
299.23853606957834	299.3137394682217	48	D
299.3137394682217	311.68610096670244	74	sp
311.68610096670244	311.74610096670244	49	DH
311.74610096670244	311.84510096670243	31	IY0
311.84510096670243	311.95510096670245	54	K
311.95510096670245	312.02510096670244	61	R
312.02510096670244	312.1651009667024	4	AE1
312.1651009667024	312.19510096670246	58	N
312.19510096670246	312.22410096670245	46	B
312.22410096670245	312.2741009667024	20	EH2
312.2741009667024	312.35410096670245	61	R
312.35410096670245	312.54410096670244	31	IY0
312.54410096670244	312.60410096670245	46	B
312.60410096670245	313.01310096670244	1	AA1
313.01310096670244	313.0531009667024	51	G
313.0531009667024	313.08310096670243	74	sp
313.08310096670243	313.1121009667024	51	G
313.1121009667024	313.29210096670244	28	IH1
313.29210096670244	313.3221009667024	64	T
313.3221009667024	313.47210096670244	62	S
313.47210096670244	313.5121009667024	74	sp
313.5121009667024	313.8911009667024	66	V
313.8911009667024	314.01010096670245	19	EH1
314.01010096670245	314.0401009667024	61	R
314.0401009667024	314.21010096670244	31	IY0
314.21010096670244	314.3001009667024	60	P
314.3001009667024	314.3501009667024	61	R
314.3501009667024	314.39010096670245	28	IH1
314.39010096670245	314.41910096670244	64	T
314.41910096670244	314.5191009667024	31	IY0
314.5191009667024	314.6891009667024	28	IH1
314.6891009667024	314.7191009667024	58	N
314.7191009667024	314.87810096670245	10	AO1
314.87810096670245	314.9081009667024	64	T
314.9081009667024	315.0881009667024	6	AH0
315.0881009667024	315.14810096670243	57	M
315.14810096670243	325.82569917477934	74	sp
325.82569917477934	325.85505056329833	52	HH
325.85505056329833	326.0160097906603	13	AW1
326.0160097906603	326.0387334462879	48	D
326.0387334462879	326.2205226913085	44	UW1
326.2205226913085	326.3760139637534	38	OY1
326.3760139637534	326.55590957080506	62	S
326.55590957080506	326.60893143393605	64	T
326.60893143393605	326.76515656637565	21	ER0
326.76515656637565	326.82838047934615	69	Z
326.82838047934615	326.9114303936173	57	M
326.9114303936173	327.0562936982431	25	EY1
327.0562936982431	327.1502989340701	54	K
327.1502989340701	327.2276679344344	60	P
327.2276679344344	327.36068629589323	22	ER1
327.36068629589323	327.49702822965867	56	L
327.49702822965867	327.6966134881163	69	Z
327.6966134881163	340.2899500424236	74	sp
340.2899500424236	340.3852347206144	57	M
340.3852347206144	340.53328183743474	25	EY1
340.53328183743474	340.6487937535416	16	AY1
340.6487937535416	340.8188778155073	10	AO1
340.8188778155073	340.890836058328	61	R
340.890836058328	340.94764519739687	48	D
340.94764519739687	341.0653941067138	21	ER0
341.0653941067138	341.1846932987586	6	AH0
341.1846932987586	341.31879823931394	60	P
341.31879823931394	341.3831819302588	1	AA1
341.3831819302588	341.4191610516691	61	R
341.4191610516691	341.55923821964126	50	F
341.55923821964126	341.87392547773067	24	EY0
341.87392547773067	341.95214726147833	4	AE1
341.95214726147833	342.0165309524231	50	F
342.0165309524231	342.09227647118166	64	T
342.09227647118166	342.16836534518137	21	ER0
342.16836534518137	342.26872815753654	16	AY1
342.26872815753654	342.39336490824707	32	IY1
342.39336490824707	342.4497370770509	64	T
342.4497370770509	342.51077046232285	48	D
342.51077046232285	342.5789414292056	28	IH1
342.5789414292056	342.6319632923366	58	N
342.6319632923366	342.7489318761473	21	ER0
342.7489318761473	351.4973628079574	74	sp
351.4973628079574	351.6038354687414	28	IH1
351.6038354687414	351.64948406427635	69	Z
351.64948406427635	351.73060318234053	63	SH
351.73060318234053	351.7995074348585	32	IY1
351.7995074348585	351.8921414688125	51	G
351.8921414688125	352.0123896999979	35	OW1
352.0123896999979	352.07686013719973	6	AH0
352.07686013719973	352.1305522640859	59	NG
352.1305522640859	352.2028404074354	67	W
352.2028404074354	352.24268168885226	28	IH1
352.24268168885226	352.2816673427737	65	TH
352.2816673427737	352.37748584286663	68	Y
352.37748584286663	352.5491726373624	44	UW1
352.5491726373624	363.8487043352088	74	sp
363.8487043352088	363.9235539297769	54	K
363.9235539297769	364.0336607438744	4	AE1
364.0336607438744	364.07761060662204	58	N
364.07761060662204	364.1220359499263	49	DH
364.1220359499263	364.2471171493774	6	AH0
364.2471171493774	364.4224178570464	25	EY1
364.4224178570464	364.48761268118307	53	JH
364.48761268118307	364.61800232945643	6	AH0
364.61800232945643	364.6962361184204	58	N
364.6962361184204	364.77736745512385	62	S
364.77736745512385	364.93252270301014	31	IY0
364.93252270301014	365.088201394009	35	OW1
365.088201394009	365.1606400874942	66	V
365.1606400874942	365.244668971937	21	ER0
365.244668971937	365.35042946442536	65	TH
365.35042946442536	365.45908750465316	61	R
365.45908750465316	365.57626401725	34	OW0
365.57626401725	365.75653227588253	25	EY1
365.75653227588253	365.89996088898323	56	L
365.89996088898323	365.9825409995563	31	IY0
365.9825409995563	366.08105762269616	6	AH0
366.08105762269616	366.1716788639514	58	N
366.1716788639514	366.26913557363633	50	F
366.26913557363633	366.3039061465092	10	AO1
366.3039061465092	366.39807644803994	61	R
366.39807644803994	366.4980418450495	62	S
366.4980418450495	366.6371241365411	6	AH0
366.6371241365411	366.79320285405436	69	Z
366.79320285405436	400.0004535147392	74	sp
