59.866015283740204	60.002254014915124	48	D	60
60.002254014915124	60.21397272466733	15	AY0	60
60.21397272466733	60.24267861349981	4	AE1	60
60.24267861349981	60.28908271426742	58	N	60
60.28908271426742	60.38382442000128	57	M	60
60.38382442000128	60.502	25	EY1	60
60.502	60.692	62	S	60
60.692	60.732	60	P	60
60.732	60.842	56	L	60
60.842	61.022	22	ER1	60
61.022	61.152	53	JH	60
61.152	61.182	4	AE1	60
61.182	61.272	58	N	60
61.272	61.302	48	D	60
61.302	61.332	46	B	60
61.332	61.512	16	AY1	60
61.512	61.552	6	AH0	60
61.552	61.732	64	T	60
61.732	61.842	22	ER1	60
61.842	61.932	54	K	60
61.932	62.105497901520664	39	OY2	60
62.105497901520664	62.17416594353919	69	Z	60
62.17416594353919	62.24296340152722	58	N	60
62.24296340152722	62.334321474913445	19	EH1	60
62.334321474913445	62.386526088277	54	K	60
62.386526088277	62.459616328883314	56	L	60
62.459616328883314	62.53347240737442	6	AH0	60
62.53347240737442	62.838802716471164	62	S	60
68.522	68.602	51	G	61
68.602	68.682	61	R	61
68.682	68.802	4	AE1	61
68.802	68.852	58	N	61
68.852	68.912	57	M	61
68.912	68.982	8	AH2	61
68.982	69.052	49	DH	61
69.052	69.172	21	ER0	61
69.172	69.342	14	AW2	61
69.342	69.392	64	T	61
69.392	69.482	51	G	61
69.482	69.582	61	R	61
69.582	69.692	44	UW1	61
69.692	69.772	52	HH	61
69.772	69.912	22	ER1	61
69.912	70.042	7	AH1	61
70.042	70.152	60	P	61
70.152	70.202	46	B	61
70.202	70.272	61	R	61
70.272	70.302	29	IH2	61
70.302	70.332	59	NG	61
70.332	70.372	27	IH0	61
70.372	70.612	59	NG	61
70.612	70.652	28	IH1	61
70.652	70.782	58	N	61
70.782	70.872	60	P	61
70.872	70.912	19	EH1	61
70.912	70.942	64	T	61
70.942	71.032	31	IY0	61
71.032	71.142	54	K	61
71.142	71.202	36	OW2	61
71.202	71.322	64	T	61
71.322	71.632	62	S	61
71.632	72.132	74	sp	61
80.092	80.18882279382913	74	sp	62
80.18882279382913	80.342	1	AA1	62
80.342	80.392	46	B	62
80.392	80.522	53	JH	62
80.522	80.572	18	EH0	62
80.572	80.632	54	K	62
80.632	80.722	62	S	62
80.722	80.822	57	M	62
80.822	81.012	25	EY1	62
81.012	81.152	48	D	62
81.152	81.192	74	sp	62
81.192	81.332	7	AH1	62
81.332	81.442	66	V	62
81.442	81.552	60	P	62
81.552	81.622	68	Y	62
81.622	81.702	44	UW1	62
81.702	81.742	64	T	62
81.742	81.932	21	ER0	62
81.932	81.962	1	AA1	62
81.962	82.012	61	R	62
82.012	82.092	46	B	62
82.092	82.182	68	Y	62
82.182	82.212	44	UW1	62
82.212	82.242	64	T	62
82.242	82.272	6	AH0	62
82.272	82.372	50	F	62
82.372	82.402	6	AH0	62
82.402	82.502	56	L	62
90.242	90.322	2	AA2	63
90.322	90.382	61	R	63
90.382	90.412	64	T	63
90.412	90.452	6	AH0	63
90.452	90.542	50	F	63
90.542	90.592	28	IH1	63
90.592	90.722	63	SH	63
90.722	90.752	6	AH0	63
90.752	90.842	56	L	63
90.842	90.872	29	IH2	63
90.872	90.952	58	N	63
90.952	91.042	64	T	63
91.042	91.082	19	EH1	63
91.082	91.182	56	L	63
91.182	91.212	6	AH0	63
91.212	91.302	53	JH	63
91.302	91.342	6	AH0	63
91.342	91.382	58	N	63
91.382	91.512	62	S	63
91.512	91.592	28	IH1	63
91.592	91.662	69	Z	63
91.662	91.742	50	F	63
91.742	91.782	61	R	63
91.782	91.882	21	ER0	63
91.882	91.962	61	R	63
91.962	92.052	32	IY1	63
92.052	92.182	56	L	63
99.262	99.342	64	T	64
99.342	99.532	1	AA1	64
99.532	99.592	48	D	64
99.592	99.722	60	P	64
99.722	99.752	56	L	64
99.752	99.842	25	EY1	64
99.842	100.022	62	S	64
100.022	100.082	64	T	64
100.082	100.122	64	T	64
100.122	100.232	1	AA1	64
100.232	100.272	60	P	64
100.272	100.292	74	sp	64
100.292	100.382	60	P	64
100.382	100.452	61	R	64
100.452	100.562	15	AY0	64
100.562	100.642	10	AO1	64
100.642	100.712	61	R	64
100.712	100.742	6	AH0	64
100.742	100.772	64	T	64
100.772	100.892	31	IY0	64
100.892	101.072	1	AA1	64
101.072	101.172	58	N	64
101.172	101.272	51	G	64
101.272	101.322	19	EH1	64
101.322	101.352	64	T	64
101.352	101.382	27	IH0	64
101.382	101.452	59	NG	64
101.452	101.482	52	HH	64
101.482	101.562	28	IH1	64
101.562	101.662	69	Z	64
101.662	101.732	46	B	64
101.732	101.842	16	AY1	64
101.842	101.892	54	K	64
101.892	101.912	74	sp	64
101.912	102.012	50	F	64
102.012	102.112	28	IH1	64
102.112	102.202	54	K	64
102.202	102.392	62	S	64
102.392	102.472	64	T	64
102.472	102.902	74	sp	64
110.542	111.042	74	sp	65
111.042	111.072	52	HH	65
111.072	111.182	67	W	65
111.182	111.212	19	EH1	65
111.212	111.332	58	N	65
111.332	111.472	60	P	65
111.472	111.542	32	IY1	65
111.542	111.632	56	L	65
111.632	111.662	27	IH0	65
111.662	111.742	59	NG	65
111.742	111.772	4	AE1	65
111.772	111.812	58	N	65
111.812	112.022	10	AO1	65
112.022	112.102	61	R	65
112.102	112.152	6	AH0	65
112.152	112.232	58	N	65
112.232	112.322	53	JH	65
112.322	112.392	28	IH1	65
112.392	112.442	64	T	65
112.442	112.492	28	IH1	65
112.492	112.592	69	Z	65
112.592	112.682	52	HH	65
112.682	112.772	1	AA1	65
112.772	112.862	61	R	65
112.862	112.892	48	D	65
112.892	112.932	58	N	65
112.932	113.072	1	AA1	65
113.072	113.112	64	T	65
113.112	113.202	64	T	65
113.202	113.242	6	AH0	65
113.242	113.332	62	S	65
113.332	113.362	60	P	65
113.362	113.452	61	R	65
113.452	113.532	25	EY1	65
113.532	113.692	53	JH	65
113.692	113.812	44	UW1	65
113.812	114.242	62	S	65
122.762	122.792	49	DH	66
122.792	122.822	6	AH0	66
122.822	122.982	57	M	66
122.982	123.092	10	AO1	66
123.092	123.132	61	R	66
123.132	123.172	58	N	66
123.172	123.202	27	IH0	66
123.202	123.322	59	NG	66
123.322	123.402	48	D	66
123.402	123.612	44	UW1	66
123.612	123.762	1	AA1	66
123.762	123.832	58	N	66
123.832	123.862	49	DH	66
123.862	123.892	7	AH1	66
123.892	124.012	62	S	66
124.012	124.042	60	P	66
124.042	124.182	16	AY1	66
124.182	124.212	48	D	66
124.212	124.262	21	ER0	66
124.262	124.362	67	W	66
124.362	124.452	19	EH1	66
124.452	124.612	46	B	66
124.612	124.642	51	G	66
124.642	124.722	56	L	66
124.722	124.752	28	IH1	66
124.752	124.892	62	S	66
124.892	124.932	6	AH0	66
124.932	125.002	58	N	66
125.002	125.042	48	D	66
125.042	125.102	6	AH0	66
125.102	125.172	58	N	66
125.172	125.222	49	DH	66
125.222	125.252	6	AH0	66
125.252	125.402	62	S	66
125.402	125.532	7	AH1	66
125.532	125.692	58	N	66
125.692	126.122	74	sp	66
133.662	133.792	64	T	67
133.792	133.852	9	AO0	67
133.852	133.902	61	R	67
133.902	133.942	58	N	67
133.942	134.062	25	EY1	67
134.062	134.142	48	D	67
134.142	134.192	36	OW2	67
134.192	134.302	69	Z	67
134.302	134.472	10	AO1	67
134.472	134.542	50	F	67
134.542	134.622	64	T	67
134.622	134.662	6	AH0	67
134.662	134.732	58	N	67
134.732	134.772	48	D	67
134.772	134.802	6	AH0	67
134.802	134.922	62	S	67
134.922	134.972	64	T	67
134.972	135.062	61	R	67
135.062	135.192	38	OY1	67
135.192	135.412	25	EY1	67
135.412	135.472	66	V	67
135.472	135.602	31	IY0	67
135.602	135.682	20	EH2	67
135.682	135.762	61	R	67
135.762	135.852	31	IY0	67
135.852	136.172	69	Z	67
136.172	136.532	74	sp	67
143.43508658585043	143.472	49	DH	68
143.472	143.572	25	EY1	68
143.572	143.682	61	R	68
143.682	143.712	6	AH0	68
143.712	143.792	57	M	68
143.792	143.962	25	EY1	68
143.962	144.032	58	N	68
144.032	144.092	48	D	68
144.092	144.242	56	L	68
144.242	144.332	16	AY1	68
144.332	144.472	50	F	68
144.472	144.502	56	L	68
144.502	144.562	10	AO1	68
144.562	144.642	59	NG	68
144.642	144.782	50	F	68
144.782	144.832	61	R	68
144.832	144.912	19	EH1	68
144.912	144.982	58	N	68
144.982	145.102	69	Z	68
145.102	145.132	6	AH0	68
145.132	145.202	58	N	68
145.202	145.242	48	D	68
145.242	145.292	54	K	68
145.292	145.322	6	AH0	68
145.322	145.382	57	M	68
145.382	145.412	60	P	68
145.412	145.562	4	AE1	68
145.562	145.642	58	N	68
145.642	145.672	68	Y	68
145.672	145.712	6	AH0	68
145.712	145.832	58	N	68
145.832	146.162	69	Z	68
154.192	154.252	49	DH	69
154.252	154.282	6	AH0	69
154.282	154.442	50	F	69
154.442	154.512	41	UH1	69
154.512	154.542	64	T	69
154.542	154.602	46	B	69
154.602	154.692	11	AO2	69
154.692	154.762	56	L	69
154.762	154.862	64	T	69
154.862	154.922	32	IY1	69
154.922	155.022	57	M	69
155.022	155.152	54	K	69
155.152	155.282	35	OW1	69
155.282	155.402	47	CH	69
155.402	155.492	52	HH	69
155.492	155.542	4	AE1	69
155.542	155.872	69	Z	69
155.872	156.082	74	sp	69
156.082	156.152	6	AH0	69
156.152	156.382	67	W	69
156.382	156.512	1	AA1	69
156.512	156.722	47	CH	69
156.722	156.952	4	AE1	69
156.952	157.142	69	Z	69
157.142	157.212	65	TH	69
157.212	157.302	28	IH1	69
157.302	157.392	58	N	69
157.392	157.462	19	EH1	69
157.462	157.552	69	Z	69
157.552	157.602	6	AH0	69
157.602	157.682	48	D	69
157.682	157.872	16	AY1	69
157.872	157.962	57	M	69
167.382	167.672	74	sp	70
167.672	167.732	49	DH	70
167.732	167.832	25	EY1	70
167.832	168.012	10	AO1	70
168.012	168.082	50	F	70
168.082	168.162	64	T	70
168.162	168.192	6	AH0	70
168.192	168.312	58	N	70
168.312	168.392	51	G	70
168.392	168.512	35	OW1	70
168.512	168.702	13	AW1	70
168.702	168.742	64	T	70
168.742	168.812	28	IH1	70
168.812	168.882	58	N	70
168.882	168.912	49	DH	70
168.912	168.982	31	IY0	70
168.982	169.122	32	IY1	70
169.122	169.192	66	V	70
169.192	169.232	58	N	70
169.232	169.292	27	IH0	70
169.292	169.422	59	NG	70
176.742	177.102038669731	74	sp	71
177.102038669731	177.212	1	AA1	71
177.212	177.272	61	R	71
177.272	177.302	27	IH0	71
177.302	177.332	54	K	71
177.332	177.492	62	S	71
177.492	177.542	60	P	71
177.542	177.652	19	EH1	71
177.652	177.702	61	R	71
177.702	177.732	6	AH0	71
177.732	177.762	57	M	71
177.762	177.792	6	AH0	71
177.792	177.842	58	N	71
177.842	177.922	64	T	71
177.922	178.092	60	P	71
178.092	178.212	1	AA1	71
178.212	178.282	69	Z	71
178.282	178.312	6	AH0	71
178.312	178.352	64	T	71
178.352	178.412	27	IH0	71
178.412	178.462	66	V	71
178.462	178.642	13	AW1	71
178.642	178.672	64	T	71
178.672	178.772	54	K	71
178.772	178.832	8	AH2	71
178.832	178.942	57	M	71
178.942	178.992	67	W	71
178.992	179.022	6	AH0	71
179.022	179.112	69	Z	71
179.112	179.192	8	AH2	71
179.192	179.252	58	N	71
179.252	179.302	27	IH0	71
179.302	179.352	54	K	71
179.352	179.432	62	S	71
179.432	179.472	60	P	71
179.472	179.542	19	EH1	71
179.542	179.622	54	K	71
179.622	179.692	64	T	71
179.692	179.762	6	AH0	71
179.762	179.912	48	D	71
188.152	188.312	32	IY1	72
188.312	188.372	47	CH	72
188.372	188.572	62	S	72
188.572	188.612	64	T	72
188.612	188.822	4	AE1	72
188.822	188.872	51	G	72
188.872	189.042	63	SH	72
189.042	189.082	41	UH1	72
189.082	189.132	61	R	72
189.132	189.222	56	L	72
189.222	189.292	31	IY0	72
189.292	189.382	50	F	72
189.382	189.522	16	AY1	72
189.522	189.562	58	N	72
189.562	189.592	48	D	72
189.592	189.652	69	Z	72
189.652	189.682	6	AH0	72
189.682	189.762	46	B	72
189.762	189.862	28	IH1	72
189.862	189.952	51	G	72
189.952	190.072	50	F	72
190.072	190.292	10	AO1	72
190.292	190.452	58	N	72
190.452	190.862	74	sp	72
197.952	198.002	49	DH	73
198.002	198.042	6	AH0	73
198.042	198.242	62	S	73
198.242	198.282	29	IH2	73
198.282	198.342	51	G	73
198.342	198.452	21	ER0	73
198.452	198.522	19	EH1	73
198.522	198.592	64	T	73
198.592	198.682	62	S	73
198.682	198.852	6	AH0	73
198.852	198.972	58	N	73
198.972	199.022	49	DH	73
199.022	199.062	6	AH0	73
199.062	199.232	54	K	73
199.232	199.312	56	L	73
199.312	199.662	25	EY1	73
199.662	199.882	4	AE1	73
199.882	200.022	63	SH	73
200.022	200.082	64	T	73
200.082	200.192	61	R	73
200.192	200.352	26	EY2	73
200.352	200.462	36	OW2	73
200.462	200.502	66	V	73
200.502	200.572	21	ER0	73
200.572	200.702	50	F	73
200.702	200.782	56	L	73
200.782	200.912	35	OW1	73
200.912	200.942	48	D	73
200.942	201.072	1	AA1	73
201.072	201.142	58	N	73
201.142	201.232	64	T	73
201.232	201.262	43	UW0	73
201.262	201.292	49	DH	73
201.292	201.442	31	IY0	73
201.442	201.552	35	OW1	73
201.552	201.592	54	K	73
201.592	201.702	64	T	73
201.702	201.802	25	EY1	73
201.802	201.862	46	B	73
201.862	201.892	6	AH0	73
201.892	201.982	56	L	73
211.45119102715609	211.542	60	P	74
211.542	211.592	61	R	74
211.592	211.662	1	AA1	74
211.662	211.772	53	JH	74
211.772	211.822	18	EH0	74
211.822	211.872	54	K	74
211.872	211.902	64	T	74
211.902	211.952	48	D	74
211.952	211.992	27	IH0	74
211.992	212.052	66	V	74
212.052	212.112	19	EH1	74
212.112	212.202	56	L	74
212.202	212.232	6	AH0	74
212.232	212.262	60	P	74
212.262	212.332	57	M	74
212.332	212.392	6	AH0	74
212.392	212.422	58	N	74
212.422	212.452	64	T	74
212.452	212.512	67	W	74
212.512	212.542	6	AH0	74
212.542	212.622	69	Z	74
212.622	212.702	60	P	74
212.702	212.732	61	R	74
212.732	212.762	6	AH0	74
212.762	212.882	62	S	74
212.882	213.002	32	IY1	74
213.002	213.032	48	D	74
213.032	213.092	27	IH0	74
213.092	213.202	59	NG	74
213.202	213.292	64	T	74
213.292	213.382	44	UW1	74
213.382	213.542	62	S	74
213.542	213.602	56	L	74
213.602	213.702	35	OW1	74
213.702	213.812	56	L	74
213.812	213.962	31	IY0	74
213.962	214.432	74	sp	74
221.902	222.042	67	W	75
222.042	222.072	28	IH1	75
222.072	222.202	56	L	75
222.202	222.322	61	R	75
222.322	222.442	1	AA1	75
222.442	222.522	46	B	75
222.522	222.592	6	AH0	75
222.592	222.722	58	N	75
222.722	222.912	67	W	75
222.912	223.132	22	ER1	75
223.132	223.262	67	W	75
223.262	223.372	19	EH1	75
223.372	223.542	61	R	75
223.542	223.592	6	AH0	75
223.592	223.702	68	Y	75
223.702	223.772	19	EH1	75
223.772	223.87694194093353	56	L	75
223.87694194093353	224.00068620964714	34	OW0	75
224.00068620964714	224.04562892106244	56	L	75
224.04562892106244	224.2061097695504	27	IH0	75
224.2061097695504	224.25444737451664	56	L	75
224.25444737451664	224.36418499899338	32	IY1	75
232.272	232.592	74	sp	76
232.592	232.712	64	T	76
232.712	232.812	1	AA1	76
232.812	232.922	57	M	76
232.922	232.952	6	AH0	76
232.952	233.102	62	S	76
233.102	233.162	65	TH	76
233.162	233.192	28	IH1	76
233.192	233.272	59	NG	76
233.272	233.302	54	K	76
233.302	233.402	62	S	76
233.402	233.432	6	AH0	76
233.432	233.582	56	L	76
233.582	233.662	1	AA1	76
233.662	233.712	61	R	76
233.712	233.802	53	JH	76
233.802	233.892	21	ER0	76
233.892	234.022	54	K	76
234.022	234.052	56	L	76
234.052	234.172	4	AE1	76
234.172	234.212	57	M	76
234.212	234.252	60	P	76
234.252	234.422	62	S	76
234.422	234.532	1	AA1	76
234.532	234.562	56	L	76
234.562	234.592	66	V	76
234.592	234.662	69	Z	76
234.662	234.692	49	DH	76
234.692	234.762	6	AH0	76
234.762	234.872	60	P	76
234.872	234.952	61	R	76
234.952	235.012	1	AA1	76
235.012	235.082	46	B	76
235.082	235.152	56	L	76
235.152	235.192	6	AH0	76
235.192	235.232	57	M	76
243.632	243.682	49	DH	77
243.682	243.732	28	IH1	77
243.732	243.832	62	S	77
243.832	243.902	67	W	77
243.902	243.932	6	AH0	77
243.932	244.012	69	Z	77
244.012	244.202	32	IY1	77
244.202	244.292	69	Z	77
244.292	244.372	31	IY0	77
244.372	244.472	50	F	77
244.472	244.612	21	ER0	77
244.612	244.702	7	AH1	77
244.702	245.082	62	S	77
252.182	252.242	48	D	78
252.242	252.272	6	AH0	78
252.272	252.452	62	S	78
252.452	252.522	19	EH1	78
252.522	252.612	57	M	78
252.612	252.652	46	B	78
252.652	252.792	21	ER0	78
252.792	252.842	4	AE1	78
252.842	252.872	58	N	78
252.872	252.902	48	D	78
252.902	253.042	53	JH	78
253.042	253.142	4	AE1	78
253.142	253.192	58	N	78
253.192	253.272	68	Y	78
253.272	253.362	43	UW0	78
253.362	253.392	20	EH2	78
253.392	253.462	61	R	78
253.462	253.512	31	IY0	78
253.512	253.622	1	AA1	78
253.622	253.702	61	R	78
253.702	253.812	58	N	78
253.812	253.932	16	AY1	78
253.932	254.072	62	S	78
254.072	254.162	57	M	78
254.162	254.222	7	AH1	78
254.222	254.272	58	N	78
254.272	254.302	65	TH	78
254.302	254.442	62	S	78
254.442	254.502	64	T	78
254.502	254.532	6	AH0	78
254.532	254.642	62	S	78
254.642	254.692	60	P	78
254.692	254.802	19	EH1	78
254.802	254.852	58	N	78
254.852	254.892	48	D	78
254.892	254.942	28	IH1	78
254.942	254.982	58	N	78
254.982	255.052	57	M	78
255.052	255.162	15	AY0	78
255.162	255.302	4	AE1	78
255.302	255.402	57	M	78
255.402	255.572	31	IY0	78
264.432	264.682	74	sp	79
264.682	264.712	56	L	79
264.712	264.862	4	AE1	79
264.862	265.012	62	S	79
265.012	265.112	68	Y	79
265.112	265.162	28	IH1	79
265.162	265.192	61	R	79
265.192	265.322	69	Z	79
265.322	265.432	51	G	79
265.432	265.582	4	AE1	79
265.582	265.652	62	S	79
265.652	265.862	63	SH	79
265.862	265.942	10	AO1	79
265.942	265.982	61	R	79
265.982	266.022	64	T	79
266.022	266.102	6	AH0	79
266.102	266.242	53	JH	79
266.242	266.352	54	K	79
266.352	266.462	1	AA1	79
266.462	266.532	69	Z	79
266.532	266.562	48	D	79
266.562	266.682	62	S	79
266.682	266.712	64	T	79
266.712	266.832	32	IY1	79
266.832	266.862	60	P	79
266.862	266.952	60	P	79
266.952	267.012	61	R	79
267.012	267.082	16	AY1	79
267.082	267.222	62	S	79
267.222	267.262	6	AH0	79
267.262	267.452	69	Z	79
267.452	267.492	74	sp	79
267.492	267.572	60	P	79
267.572	267.622	61	R	79
267.622	267.682	16	AY1	79
267.682	267.802	62	S	79
267.802	267.862	28	IH1	79
267.862	267.952	58	N	79
267.952	268.002	54	K	79
268.002	268.042	61	R	79
268.042	268.112	31	IY0	79
268.112	268.232	62	S	79
268.232	268.282	6	AH0	79
268.282	268.512	69	Z	79
293.672	293.752	48	D	60
293.752	293.892	15	AY0	60
293.892	294.082	4	AE1	60
294.082	294.162	58	N	60
294.162	294.222	57	M	60
294.222	294.302	25	EY1	60
294.302	294.472	62	S	60
294.472	294.512	60	P	60
294.512	294.602	56	L	60
294.602	294.772	22	ER1	60
294.772	294.882	53	JH	60
294.882	294.912	4	AE1	60
294.912	294.982	58	N	60
294.982	295.012	48	D	60
295.012	295.042	46	B	60
295.042	295.132	16	AY1	60
295.132	295.222	25	EY1	60
295.222	295.342	64	T	60
295.342	295.492	22	ER1	60
295.492	295.562	54	K	60
295.562	295.672	67	W	60
295.672	295.702	37	OY0	60
295.702	295.802	69	Z	60
295.802	295.842	58	N	60
295.842	295.922	19	EH1	60
295.922	296.042	54	K	60
296.042	296.112	56	L	60
296.112	296.162	6	AH0	60
296.162	296.452	62	S	60
296.452	296.862	74	sp	60
304.682	304.802	74	sp	61
304.802	304.912	51	G	61
304.912	304.982	61	R	61
304.982	305.092	4	AE1	61
305.092	305.132	58	N	61
305.132	305.192	57	M	61
305.192	305.272	8	AH2	61
305.272	305.322	49	DH	61
305.322	305.492	21	ER0	61
305.492	305.612	14	AW2	61
305.612	305.652	64	T	61
305.652	305.762	51	G	61
305.762	305.852	61	R	61
305.852	305.962	44	UW1	61
305.962	306.032	52	HH	61
306.032	306.172	22	ER1	61
306.172	306.302	7	AH1	61
306.302	306.372	60	P	61
306.372	306.452	46	B	61
306.452	306.512	61	R	61
306.512	306.542	29	IH2	61
306.542	306.572	59	NG	61
306.572	306.702	27	IH0	61
306.702	306.792	59	NG	61
306.792	306.822	28	IH1	61
306.822	306.912	58	N	61
306.912	307.012	60	P	61
307.012	307.072	19	EH1	61
307.072	307.102	64	T	61
307.102	307.202	31	IY0	61
307.202	307.302	54	K	61
307.302	307.382	36	OW2	61
307.382	307.512	64	T	61
307.512	307.842	62	S	61
307.842	308.262	74	sp	61
314.762	314.992	74	sp	62
314.992	315.162	1	AA1	62
315.162	315.242	46	B	62
315.242	315.332	53	JH	62
315.332	315.382	18	EH0	62
315.382	315.452	54	K	62
315.452	315.562	62	S	62
315.562	315.652	57	M	62
315.652	315.802	25	EY1	62
315.802	315.852	48	D	62
315.852	315.882	6	AH0	62
315.882	315.972	66	V	62
315.972	316.102	60	P	62
316.102	316.172	68	Y	62
316.172	316.232	44	UW1	62
316.232	316.262	64	T	62
316.262	316.432	21	ER0	62
316.432	316.492	1	AA1	62
316.492	316.542	61	R	62
316.542	316.632	46	B	62
316.632	316.742	68	Y	62
316.742	316.782	44	UW1	62
316.782	316.822	64	T	62
316.822	316.852	6	AH0	62
316.852	316.972	50	F	62
316.972	317.002	6	AH0	62
317.002	317.082	56	L	62
326.402	326.492	2	AA2	63
326.492	326.552	61	R	63
326.552	326.582	64	T	63
326.582	326.612	6	AH0	63
326.612	326.712	50	F	63
326.712	326.762	28	IH1	63
326.762	326.892	63	SH	63
326.892	326.922	6	AH0	63
326.922	327.032	56	L	63
327.032	327.062	29	IH2	63
327.062	327.142	58	N	63
327.142	327.222	64	T	63
327.222	327.272	19	EH1	63
327.272	327.382	56	L	63
327.382	327.412	6	AH0	63
327.412	327.502	53	JH	63
327.502	327.542	6	AH0	63
327.542	327.602	58	N	63
327.602	327.722	62	S	63
327.722	327.792	28	IH1	63
327.792	327.892	69	Z	63
327.892	327.952	50	F	63
327.952	327.982	61	R	63
327.982	328.072	21	ER0	63
328.072	328.152	61	R	63
328.152	328.262	32	IY1	63
328.262	328.382	56	L	63
336.82945761334435	336.932	64	T	64
336.932	337.092	19	EH1	64
337.092	337.152	48	D	64
337.152	337.192	74	sp	64
337.192	337.282	64	T	64
337.282	337.452	1	AA1	64
337.452	337.522	48	D	64
337.522	337.632	60	P	64
337.632	337.662	56	L	64
337.662	337.742	25	EY1	64
337.742	337.882	62	S	64
337.882	337.942	64	T	64
337.942	337.972	64	T	64
337.972	338.132	1	AA1	64
338.132	338.162	60	P	64
338.162	338.202	60	P	64
338.202	338.252	61	R	64
338.252	338.342	15	AY0	64
338.342	338.462	10	AO1	64
338.462	338.492	61	R	64
338.492	338.522	6	AH0	64
338.522	338.552	64	T	64
338.552	338.662	31	IY0	64
338.662	338.752	1	AA1	64
338.752	338.852	58	N	64
338.852	338.912	51	G	64
338.912	338.962	19	EH1	64
338.962	338.992	64	T	64
338.992	339.022	27	IH0	64
339.022	339.082	59	NG	64
339.082	339.172	52	HH	64
339.172	339.202	28	IH1	64
339.202	339.302	69	Z	64
339.302	339.372	46	B	64
339.372	339.472	16	AY1	64
339.472	339.542	54	K	64
339.542	339.632	50	F	64
339.632	339.742	28	IH1	64
339.742	339.832	54	K	64
339.832	340.0	62	S	64
340.0	340.082	64	T	64
340.082	340.452	74	sp	64
347.962	348.082	67	W	65
348.082	348.112	19	EH1	65
348.112	348.232	58	N	65
348.232	348.332	60	P	65
348.332	348.412	32	IY1	65
348.412	348.512	56	L	65
348.512	348.542	27	IH0	65
348.542	348.622	59	NG	65
348.622	348.652	4	AE1	65
348.652	348.692	58	N	65
348.692	348.882	10	AO1	65
348.882	348.952	61	R	65
348.952	348.982	6	AH0	65
348.982	349.062	58	N	65
349.062	349.142	53	JH	65
349.142	349.212	28	IH1	65
349.212	349.242	64	T	65
349.242	349.302	28	IH1	65
349.302	349.392	69	Z	65
349.392	349.462	52	HH	65
349.462	349.552	1	AA1	65
349.552	349.622	61	R	65
349.622	349.652	48	D	65
349.652	349.692	58	N	65
349.692	349.842	1	AA1	65
349.842	349.872	64	T	65
349.872	349.972	64	T	65
349.972	350.002	6	AH0	65
350.002	350.092	62	S	65
350.092	350.132	60	P	65
350.132	350.212	61	R	65
350.212	350.292	25	EY1	65
350.292	350.432	53	JH	65
350.432	350.552	44	UW1	65
350.552	350.922	62	S	65
359.462	359.522	49	DH	66
359.522	359.552	6	AH0	66
359.552	359.682	57	M	66
359.682	359.792	10	AO1	66
359.792	359.822	61	R	66
359.822	359.852	58	N	66
359.852	359.882	27	IH0	66
359.882	359.992	59	NG	66
359.992	360.042	48	D	66
360.042	360.252	44	UW1	66
360.252	360.342	1	AA1	66
360.342	360.412	58	N	66
360.412	360.442	49	DH	66
360.442	360.472	6	AH0	66
360.472	360.612	62	S	66
360.612	360.642	60	P	66
360.642	360.772	16	AY1	66
360.772	360.812	48	D	66
360.812	360.862	21	ER0	66
360.862	360.952	67	W	66
360.952	361.042	19	EH1	66
361.042	361.182	46	B	66
361.182	361.222	51	G	66
361.222	361.302	56	L	66
361.302	361.332	28	IH1	66
361.332	361.472	62	S	66
361.472	361.512	6	AH0	66
361.512	361.572	58	N	66
361.572	361.612	48	D	66
361.612	361.682	28	IH1	66
361.682	361.742	58	N	66
361.742	361.772	49	DH	66
361.772	361.822	7	AH1	66
361.822	361.962	62	S	66
361.962	362.102	7	AH1	66
362.102	362.172	58	N	66
371.372	371.492	64	T	67
371.492	371.552	9	AO0	67
371.552	371.602	61	R	67
371.602	371.682	58	N	67
371.682	371.822	25	EY1	67
371.822	371.892	48	D	67
371.892	372.002	36	OW2	67
372.002	372.102	69	Z	67
372.102	372.242	10	AO1	67
372.242	372.312	50	F	67
372.312	372.392	64	T	67
372.392	372.422	6	AH0	67
372.422	372.492	58	N	67
372.492	372.532	48	D	67
372.532	372.562	6	AH0	67
372.562	372.662	62	S	67
372.662	372.702	64	T	67
372.702	372.782	61	R	67
372.782	372.822	38	OY1	67
372.822	373.082	25	EY1	67
373.082	373.152	66	V	67
373.152	373.262	31	IY0	67
373.262	373.322	20	EH2	67
373.322	373.402	61	R	67
373.402	373.512	31	IY0	67
373.512	373.802	69	Z	67
383.222	383.272	49	DH	68
383.272	383.322	25	EY1	68
383.322	383.412	61	R	68
383.412	383.442	6	AH0	68
383.442	383.522	57	M	68
383.522	383.642	25	EY1	68
383.642	383.692	58	N	68
383.692	383.742	48	D	68
383.742	383.892	56	L	68
383.892	383.982	16	AY1	68
383.982	384.092	50	F	68
384.092	384.142	56	L	68
384.142	384.212	10	AO1	68
384.212	384.312	59	NG	68
384.312	384.442	50	F	68
384.442	384.492	61	R	68
384.492	384.572	19	EH1	68
384.572	384.652	58	N	68
384.652	384.772	69	Z	68
384.772	384.812	6	AH0	68
384.812	384.882	58	N	68
384.882	384.912	48	D	68
384.912	384.982	54	K	68
384.982	385.012	6	AH0	68
385.012	385.082	57	M	68
385.082	385.112	60	P	68
385.112	385.232	4	AE1	68
385.232	385.322	58	N	68
385.322	385.372	68	Y	68
385.372	385.402	6	AH0	68
385.402	385.502	58	N	68
385.502	385.822	69	Z	68
385.822	386.172	74	sp	68
394.602	394.822	74	sp	69
394.822	394.872	49	DH	69
394.872	394.912	6	AH0	69
394.912	395.032	50	F	69
395.032	395.132	41	UH1	69
395.132	395.162	64	T	69
395.162	395.192	46	B	69
395.192	395.262	11	AO2	69
395.262	395.312	56	L	69
395.312	395.422	64	T	69
395.422	395.472	32	IY1	69
395.472	395.562	57	M	69
395.562	395.682	54	K	69
395.682	395.822	35	OW1	69
395.822	395.932	47	CH	69
395.932	396.002	52	HH	69
396.002	396.062	4	AE1	69
396.062	396.142	69	Z	69
396.142	396.182	6	AH0	69
396.182	396.342	67	W	69
396.342	396.462	1	AA1	69
396.462	396.592	47	CH	69
396.592	396.652	19	EH1	69
396.652	396.852	69	Z	69
396.852	396.892	65	TH	69
396.892	397.002	28	IH1	69
397.002	397.102	58	N	69
397.102	397.192	4	AE1	69
397.192	397.302	69	Z	69
397.302	397.342	6	AH0	69
397.342	397.432	48	D	69
397.432	397.622	16	AY1	69
397.622	397.752	57	M	69
406.0443953720234	406.082	49	DH	70
406.082	406.172	25	EY1	70
406.172	406.352	10	AO1	70
406.352	406.412	50	F	70
406.412	406.482	64	T	70
406.482	406.522	6	AH0	70
406.522	406.632	58	N	70
406.632	406.692	51	G	70
406.692	406.802	35	OW1	70
406.802	406.972	13	AW1	70
406.972	407.032	64	T	70
407.032	407.082	28	IH1	70
407.082	407.172	58	N	70
407.172	407.202	49	DH	70
407.202	407.272	31	IY0	70
407.272	407.392	32	IY1	70
407.392	407.432	66	V	70
407.432	407.512	58	N	70
407.512	407.562	27	IH0	70
407.562	407.702	59	NG	70
415.272	415.39738907043403	74	sp	71
415.39738907043403	415.452	1	AA1	71
415.452	415.532	61	R	71
415.532	415.562	27	IH0	71
415.562	415.602	54	K	71
415.602	415.732	62	S	71
415.732	415.782	60	P	71
415.782	415.872	19	EH1	71
415.872	415.902	61	R	71
415.902	415.932	6	AH0	71
415.932	415.982	57	M	71
415.982	416.022	6	AH0	71
416.022	416.052	58	N	71
416.052	416.082	64	T	71
416.082	416.152	62	S	71
416.152	416.292	60	P	71
416.292	416.402	1	AA1	71
416.402	416.472	69	Z	71
416.472	416.502	6	AH0	71
416.502	416.542	64	T	71
416.542	416.592	27	IH0	71
416.592	416.662	66	V	71
416.662	416.862	13	AW1	71
416.862	416.892	64	T	71
416.892	416.972	54	K	71
416.972	417.032	8	AH2	71
417.032	417.132	57	M	71
417.132	417.182	67	W	71
417.182	417.212	6	AH0	71
417.212	417.302	69	Z	71
417.302	417.372	8	AH2	71
417.372	417.412	58	N	71
417.412	417.462	27	IH0	71
417.462	417.532	54	K	71
417.532	417.602	62	S	71
417.602	417.642	60	P	71
417.642	417.712	19	EH1	71
417.712	417.802	54	K	71
417.802	417.842	64	T	71
417.842	417.952	6	AH0	71
417.952	418.032	48	D	71
425.102	425.242	32	IY1	72
425.242	425.302	47	CH	72
425.302	425.492	62	S	72
425.492	425.532	64	T	72
425.532	425.752	4	AE1	72
425.752	425.812	51	G	72
425.812	425.952	63	SH	72
425.952	425.992	41	UH1	72
425.992	426.022	61	R	72
426.022	426.142	56	L	72
426.142	426.202	31	IY0	72
426.202	426.292	50	F	72
426.292	426.452	16	AY1	72
426.452	426.492	58	N	72
426.492	426.522	48	D	72
426.522	426.592	69	Z	72
426.592	426.622	6	AH0	72
426.622	426.722	46	B	72
426.722	426.802	28	IH1	72
426.802	426.902	51	G	72
426.902	427.032	50	F	72
427.032	427.252	10	AO1	72
427.252	427.372	58	N	72
435.312	435.702	74	sp	73
435.702	435.762	49	DH	73
435.762	435.802	6	AH0	73
435.802	436.012	62	S	73
436.012	436.042	29	IH2	73
436.042	436.092	51	G	73
436.092	436.212	21	ER0	73
436.212	436.302	19	EH1	73
436.302	436.372	64	T	73
436.372	436.442	62	S	73
436.442	436.472	28	IH1	73
436.472	436.542	58	N	73
436.542	436.572	49	DH	73
436.572	436.632	7	AH1	73
436.632	436.782	54	K	73
436.782	436.822	56	L	73
436.822	436.952	25	EY1	73
436.952	437.142	4	AE1	73
437.142	437.272	63	SH	73
437.272	437.362	64	T	73
437.362	437.412	61	R	73
437.412	437.592	26	EY2	73
437.592	437.722	36	OW2	73
437.722	437.762	66	V	73
437.762	437.842	21	ER0	73
437.842	437.952	50	F	73
437.952	438.022	56	L	73
438.022	438.142	35	OW1	73
438.142	438.182	48	D	73
438.182	438.312	1	AA1	73
438.312	438.382	58	N	73
438.382	438.442	64	T	73
438.442	438.502	43	UW0	73
438.502	438.582	49	DH	73
438.582	438.642	31	IY0	73
438.642	438.822	35	OW1	73
438.822	438.922	54	K	73
438.922	439.012	64	T	73
439.012	439.122	25	EY1	73
439.122	439.202	46	B	73
439.202	439.232	6	AH0	73
439.232	439.412	56	L	73
439.412	439.882	74	sp	73
447.26115297274765	447.322	60	P	74
447.322	447.372	61	R	74
447.372	447.452	1	AA1	74
447.452	447.552	53	JH	74
447.552	447.602	18	EH0	74
447.602	447.642	54	K	74
447.642	447.672	64	T	74
447.672	447.722	48	D	74
447.722	447.752	27	IH0	74
447.752	447.812	66	V	74
447.812	447.852	19	EH1	74
447.852	447.942	56	L	74
447.942	447.972	6	AH0	74
447.972	448.002	60	P	74
448.002	448.052	57	M	74
448.052	448.102	6	AH0	74
448.102	448.142	58	N	74
448.142	448.172	64	T	74
448.172	448.242	67	W	74
448.242	448.282	6	AH0	74
448.282	448.362	69	Z	74
448.362	448.432	60	P	74
448.432	448.462	61	R	74
448.462	448.492	6	AH0	74
448.492	448.592	62	S	74
448.592	448.702	32	IY1	74
448.702	448.732	48	D	74
448.732	448.792	27	IH0	74
448.792	448.892	59	NG	74
448.892	448.992	64	T	74
448.992	449.112	44	UW1	74
449.112	449.272	62	S	74
449.272	449.352	56	L	74
449.352	449.462	35	OW1	74
449.462	449.552	56	L	74
449.552	449.732	31	IY0	74
457.542	457.9363975486805	74	sp	75
457.9363975486805	457.992	67	W	75
457.992	458.022	6	AH0	75
458.022	458.132	56	L	75
458.132	458.272	61	R	75
458.272	458.372	1	AA1	75
458.372	458.452	46	B	75
458.452	458.492	6	AH0	75
458.492	458.592	58	N	75
458.592	458.702	67	W	75
458.702	458.752	19	EH1	75
458.752	458.882	61	R	75
458.882	458.992	25	EY1	75
458.992	459.072	68	Y	75
459.072	459.102	19	EH1	75
459.102	459.202	56	L	75
459.202	459.332	34	OW0	75
459.332	459.462	56	L	75
459.462	459.502	28	IH1	75
459.502	459.592	56	L	75
459.592	459.782	31	IY0	75
468.082	468.422	74	sp	76
468.422	468.532	64	T	76
468.532	468.622	1	AA1	76
468.622	468.702	57	M	76
468.702	468.732	6	AH0	76
468.732	468.892	62	S	76
468.892	468.932	65	TH	76
468.932	468.972	28	IH1	76
468.972	469.052	59	NG	76
469.052	469.082	54	K	76
469.082	469.172	62	S	76
469.172	469.212	6	AH0	76
469.212	469.362	56	L	76
469.362	469.432	1	AA1	76
469.432	469.482	61	R	76
469.482	469.552	53	JH	76
469.552	469.642	21	ER0	76
469.642	469.762	54	K	76
469.762	469.812	56	L	76
469.812	469.922	4	AE1	76
469.922	469.962	57	M	76
469.962	470.0	60	P	76
470.0	470.172	62	S	76
470.172	470.262	1	AA1	76
470.262	470.322	56	L	76
470.322	470.352	66	V	76
470.352	470.432	69	Z	76
470.432	470.462	49	DH	76
470.462	470.502	6	AH0	76
470.502	470.602	60	P	76
470.602	470.672	61	R	76
470.672	470.752	1	AA1	76
470.752	470.822	46	B	76
470.822	470.872	56	L	76
470.872	470.902	6	AH0	76
470.902	470.932	57	M	76
479.622	479.672	49	DH	77
479.672	479.722	28	IH1	77
479.722	479.832	62	S	77
479.832	479.902	67	W	77
479.902	479.932	6	AH0	77
479.932	480.002	69	Z	77
480.002	480.202	32	IY1	77
480.202	480.282	69	Z	77
480.282	480.362	31	IY0	77
480.362	480.472	50	F	77
480.472	480.602	21	ER0	77
480.602	480.692	7	AH1	77
480.692	481.082	62	S	77
481.082	481.502	74	sp	77
489.782	489.812	74	sp	78
489.812	489.882	48	D	78
489.882	489.912	6	AH0	78
489.912	490.062	62	S	78
490.062	490.142	19	EH1	78
490.142	490.232	57	M	78
490.232	490.272	46	B	78
490.272	490.402	21	ER0	78
490.402	490.442	4	AE1	78
490.442	490.502	58	N	78
490.502	490.532	48	D	78
490.532	490.632	53	JH	78
490.632	490.712	4	AE1	78
490.712	490.762	58	N	78
490.762	490.832	68	Y	78
490.832	490.912	43	UW0	78
490.912	490.962	20	EH2	78
490.962	491.002	61	R	78
491.002	491.032	31	IY0	78
491.032	491.182	21	ER0	78
491.182	491.262	58	N	78
491.262	491.362	16	AY1	78
491.362	491.562	62	S	78
491.562	491.612	57	M	78
491.612	491.642	7	AH1	78
491.642	491.672	58	N	78
491.672	491.772	65	TH	78
491.772	492.022	62	S	78
492.022	492.182	64	T	78
492.182	492.212	6	AH0	78
492.212	492.482	62	S	78
492.482	492.552	60	P	78
492.552	492.672	19	EH1	78
492.672	492.812	58	N	78
492.812	492.842	48	D	78
492.842	492.932	28	IH1	78
492.932	493.002	58	N	78
493.002	493.072	57	M	78
493.072	493.202	15	AY0	78
493.202	493.392	4	AE1	78
493.392	493.502	57	M	78
493.502	493.662	31	IY0	78
493.662	494.112	74	sp	78
499.212	499.472	74	sp	79
499.472	499.552	56	L	79
499.552	499.692	4	AE1	79
499.692	499.782	62	S	79
499.782	499.822	64	T	79
499.822	499.882	68	Y	79
499.882	499.972	28	IH1	79
499.972	500.0	61	R	79
500.0	500.162	69	Z	79
500.162	500.242	51	G	79
500.242	500.372	4	AE1	79
500.372	500.422	62	S	79
500.422	500.552	63	SH	79
500.552	500.632	10	AO1	79
500.632	500.672	61	R	79
500.672	500.712	64	T	79
500.712	500.782	6	AH0	79
500.782	500.912	53	JH	79
500.912	500.972	54	K	79
500.972	501.052	1	AA1	79
501.052	501.112	69	Z	79
501.112	501.142	48	D	79
501.142	501.272	62	S	79
501.272	501.312	64	T	79
501.312	501.442	32	IY1	79
501.442	501.542	60	P	79
501.542	501.572	60	P	79
501.572	501.632	61	R	79
501.632	501.712	16	AY1	79
501.712	501.842	62	S	79
501.842	501.872	29	IH2	79
501.872	501.972	58	N	79
501.972	502.022	54	K	79
502.022	502.052	61	R	79
502.052	502.132	32	IY1	79
502.132	502.252	62	S	79
502.252	502.352	6	AH0	79
502.352	502.642	69	Z	79
