70.49646490882901	70.68546490882902	73	BY
70.68546490882902	70.95546490882901	135	EATING
70.95546490882901	71.63346490882901	494	YOGURT
71.63346490882901	71.84346490882902	495	YOU
71.84346490882902	72.06246490882901	257	MAY
72.06246490882901	72.48146490882903	246	LIVE
72.48146490882903	72.90046490882902	248	LONGER
72.90046490882902	72.93046490882901	99999	sp
72.93046490882901	72.97046490882903	99999	{CG}
72.97046490882903	89.14113378684807	99999	sp
89.14113378684807	89.34013378684807	434	THE
89.34013378684807	90.02913378684808	82	CAUSEWAY
90.02913378684808	91.08613378684808	137	ENDED
91.08613378684808	91.80513378684807	99999	sp
91.80513378684807	92.48313378684807	5	ABRUPTLY
92.48313378684807	92.72313378684808	37	AT
92.72313378684808	92.78213378684808	434	THE
92.78213378684808	93.25113378684807	88888	STORE
93.25113378684807	106.37233560090704	99999	sp
106.37233560090704	107.17033560090704	478	WEATHERPROOF
107.17033560090704	107.51933560090704	99999	sp
107.51933560090704	108.69633560090703	172	GALOSHES
108.69633560090703	108.88633560090705	99999	sp
108.88633560090705	109.26533560090704	30	ARE
109.26533560090704	109.66433560090704	465	VERY
109.66433560090704	110.25333560090704	461	USEFUL
110.25333560090704	110.48233560090704	217	IN
110.48233560090704	111.10133560090703	372	SEATTLE
111.10133560090703	126.02435374149661	99999	sp
126.02435374149661	126.1243537414966	433	THAT
126.1243537414966	126.18435374149661	434	THE
126.18435374149661	126.79335374149662	396	SPEECH
126.79335374149662	128.5993537414966	99999	sp
128.5993537414966	128.97835374149662	88888	SIM
128.97835374149662	130.17535374149662	99999	sp
130.17535374149662	131.01335374149662	423	SYMPOSIUM
131.01335374149662	131.31235374149662	262	MIGHT
131.31235374149662	131.69235374149662	50	BEGIN
131.69235374149662	131.9413537414966	297	ON
131.9413537414966	132.2703537414966	265	MONDAY
132.2703537414966	142.82630385487528	99999	sp
142.82630385487528	143.03530385487528	213	I'D
143.03530385487528	143.3943038548753	353	RATHER
143.3943038548753	143.66430385487527	285	NOT
143.66430385487527	143.91330385487527	72	BUY
143.91330385487527	144.14330385487528	437	THESE
144.14330385487528	144.80130385487527	378	SHOES
144.80130385487527	145.1203038548753	432	THAN
145.1203038548753	145.29030385487528	47	BE
145.29030385487528	146.11830385487528	313	OVERCHARGED
146.11830385487528	155.26844256851473	99999	sp
155.26844256851473	155.38210963170715	47	BE
155.38210963170715	155.81596787949206	77	CAREFUL
155.81596787949206	156.01793637635137	285	NOT
156.01793637635137	156.086843274529	446	TO
156.086843274529	156.62023370857045	332	PLOW
156.62023370857045	156.84226704714274	310	OVER
156.84226704714274	157.02346666827643	434	THE
157.02346666827643	157.49772745239605	88888	FOW
157.49772745239605	158.3935171287049	88888	FLOWERBEDS
158.3935171287049	158.93837292330716	99999	sp
158.93837292330716	170.77877551020407	99999	sp
170.77877551020407	170.8777755102041	434	THE
170.8777755102041	171.63677551020407	316	OVERWEIGHT
171.63677551020407	171.73677551020407	99999	sp
171.73677551020407	172.42477551020409	86	CHARMER
172.42477551020409	172.7537755102041	99999	sp
172.7537755102041	173.02377551020408	107	COULD
173.02377551020408	173.38277551020408	387	SLIP
173.38277551020408	173.5517755102041	99999	sp
173.5517755102041	174.1707755102041	333	POISON
174.1707755102041	174.42977551020408	223	INTO
174.42977551020408	174.8197755102041	25	ANYONE'S
174.8197755102041	174.9387755102041	99999	sp
174.9387755102041	175.2287755102041	426	TEA
175.2287755102041	184.88480725623583	99999	sp
184.88480725623583	184.9748072562358	434	THE
184.9748072562358	185.4338072562358	21	ANGRY
185.4338072562358	185.90280725623583	62	BOY
185.90280725623583	186.86080725623583	23	ANSWERED
186.86080725623583	186.93080725623582	99999	sp
186.93080725623582	187.3498072562358	70	BUT
187.3498072562358	187.7188072562358	122	DIDN'T
187.7188072562358	187.96780725623583	249	LOOK
187.96780725623583	188.10780725623582	458	UP
188.10780725623582	202.10639455782314	99999	sp
202.10639455782314	202.40539455782314	483	WHICH
202.40539455782314	202.74439455782314	247	LONG
202.74439455782314	203.73239455782314	31	ARTICLE
203.73239455782314	203.91139455782314	99999	sp
203.91139455782314	204.41039455782314	472	WAS
204.41039455782314	205.29839455782314	99999	sp
205.29839455782314	205.56839455782315	88888	OH
205.56839455782315	206.09639455782315	99999	sp
206.09639455782315	206.65539455782314	300	OPAQUE
206.65539455782314	207.30439455782314	99999	sp
207.30439455782314	207.71339455782314	20	AND
207.71339455782314	208.20239455782314	279	NEEDED
208.20239455782314	209.30939455782314	93	CLARIFICATION
209.30939455782314	220.7180045351474	99999	sp
220.7180045351474	220.9570045351474	203	HELP
220.9570045351474	221.5460045351474	83	CELEBRATE
221.5460045351474	221.6560045351474	496	YOUR
221.6560045351474	222.4440045351474	67	BROTHER'S
222.4440045351474	223.9910045351474	99999	sp
223.9910045351474	224.7490045351474	412	SUCCESS
224.7490045351474	224.8390045351474	99999	{CG}
224.8390045351474	235.63945578231292	99999	sp
235.63945578231292	235.7494557823129	485	WILL
235.7494557823129	235.88845578231292	495	YOU
235.88845578231292	236.28745578231292	331	PLEASE
236.28745578231292	237.06645578231291	101	CONFIRM
237.06645578231291	237.55545578231292	191	GOVERNMENT
237.55545578231292	238.1534557823129	334	POLICY
238.1534557823129	238.7324557823129	359	REGARDING
238.7324557823129	239.0568253356966	473	WASTE
239.0568253356966	239.615284614134	362	REMOVAL
239.615284614134	250.92662131519273	99999	sp
250.92662131519273	251.41562131519274	438	THEY
251.41562131519274	252.03462131519274	36	ASSUME
252.03462131519274	252.42362131519275	284	NO
252.42362131519275	253.09162131519273	68	BURGLAR
253.09162131519273	253.17162131519274	99999	sp
253.17162131519274	253.48062131519274	485	WILL
253.48062131519274	253.80062131519273	144	EVER
253.80062131519273	254.1639344387125	140	ENTER
254.1639344387125	254.93270603193764	205	HERE
254.93270603193764	269.1491156462585	99999	sp
269.1491156462585	269.2791156462585	202	HE
269.2791156462585	269.4691156462585	485	WILL
269.4691156462585	270.1971156462585	15	ALLOW
270.1971156462585	270.2971156462585	99999	sp
270.2971156462585	270.5361156462585	1	A
270.5361156462585	270.8851156462585	352	RARE
270.8851156462585	271.1951156462585	238	LIE
271.1951156462585	284.2946031746032	99999	sp
284.2946031746032	285.46260317460315	114	CURIOSITY
285.46260317460315	285.9806031746032	99999	sp
285.9806031746032	286.4896031746032	20	AND
286.4896031746032	286.8386031746032	99999	sp
286.8386031746032	287.63760317460316	259	MEDIOCRITY
287.63760317460316	288.4556031746032	99999	sp
288.4556031746032	289.1536031746032	373	SELDOM
289.1536031746032	289.37360317460315	88888	CO
289.37360317460315	290.0816031746032	88888	EXIST
290.0816031746032	298.6784580498866	99999	sp
298.6784580498866	298.80745804988663	208	HIS
298.80745804988663	299.24645804988666	413	SUDDEN
299.24645804988666	299.9454580498866	117	DEPARTURE
299.9454580498866	300.42445804988665	377	SHOCKED
300.42445804988665	300.4744580498866	99999	sp
300.4744580498866	300.57345804988665	434	THE
300.57345804988665	301.3224580498866	79	CAST
301.3224580498866	312.0328344671202	99999	sp
312.0328344671202	312.0728344671202	99999	sp
312.0728344671202	312.2418344671202	375	SHE
312.2418344671202	312.7808344671202	388	SLIPPED
312.7808344671202	313.1298344671202	99999	sp
313.1298344671202	313.40983446712016	20	AND
313.40983446712016	314.0978344671202	400	SPRAINED
314.0978344671202	314.35683446712017	204	HER
314.35683446712017	314.9858344671202	22	ANKLE
314.9858344671202	315.1558344671202	99999	sp
315.1558344671202	315.3548344671202	297	ON
315.3548344671202	315.4248344671202	434	THE
315.4248344671202	315.86383446712017	404	STEEP
315.86383446712017	316.4228344671202	389	SLOPE
316.4228344671202	326.7371882086168	99999	sp
326.7371882086168	326.7971882086168	99999	sp
326.7971882086168	326.8761882086168	1	A
326.8761882086168	327.08618820861676	52	BIG
327.08618820861676	327.66518820861677	185	GOAT
327.66518820861677	328.00418820861677	99999	sp
328.00418820861677	328.6121882086168	214	IDLY
328.6121882086168	328.9121882086168	99999	sp
328.9121882086168	329.5801882086168	18	AMBLED
329.5801882086168	329.82018820861674	99999	sp
329.82018820861674	330.0991882086168	444	THROUGH
330.0991882086168	330.20918820861675	434	THE
330.20918820861675	330.93718820861676	152	FARMYARD
330.93718820861676	339.6428117913832	99999	sp
339.6428117913832	339.85181179138317	381	SHOULD
339.85181179138317	340.4308117913832	180	GIRAFFES
340.4308117913832	340.5908117913832	47	BE
340.5908117913832	341.0298117913832	234	KEPT
341.0298117913832	341.1788117913832	217	IN
341.1788117913832	341.5278117913832	392	SMALL
341.5278117913832	342.2468117913832	498	ZOOS
342.2468117913832	352.4034401649534	99999	sp
352.4034401649534	352.5225400518185	476	WE
352.5225400518185	352.8223934171018	190	GOT
352.8223934171018	353.67339247669855	131	DRENCHED
353.67339247669855	354.0128867823887	166	FROM
354.0128867823887	354.3523810880789	434	THE
354.3523810880789	355.2124333291607	457	UNINTERRUPTED
355.2124333291607	355.7914885265209	351	RAIN