47.165	47.694	73	ns	80
47.694	47.833	5	AE2	80
47.833	47.903	51	G	80
47.903	47.933	61	R	80
47.933	47.973	6	AH0	80
47.973	48.063	54	K	80
48.063	48.093	7	AH1	80
48.093	48.252	56	L	80
48.252	48.382	47	CH	80
48.382	48.412	21	ER0	80
48.412	48.442	6	AH0	80
48.442	48.711	56	L	80
48.711	48.841	60	P	80
48.841	48.901	61	R	80
48.901	48.971	1	AA1	80
48.971	49.011	48	D	80
49.011	49.13	6	AH0	80
49.13	49.19	54	K	80
49.19	49.23	64	T	80
49.23	49.36	62	S	80
49.36	49.499	1	AA1	80
49.499	49.629	61	R	80
49.629	49.739	6	AH0	80
49.739	49.819	58	N	80
49.819	49.958	32	IY1	80
49.958	49.988	66	V	80
49.988	50.018	6	AH0	80
50.018	50.138	58	N	80
50.138	50.168	56	L	80
50.168	50.447	31	IY0	80
50.447	50.487	48	D	80
50.487	50.537	29	IH2	80
50.537	50.707	62	S	80
50.707	50.737	64	T	80
50.737	50.767	61	R	80
50.767	50.906	28	IH1	80
50.906	50.966	46	B	80
50.966	50.996	68	Y	80
50.996	51.026	6	AH0	80
51.026	51.056	64	T	80
51.056	51.086	6	AH0	80
51.086	51.116	48	D	80
58.619	58.649	46	B	81
58.649	58.808	16	AY1	81
58.808	58.958	32	IY1	81
58.958	58.988	64	T	81
58.988	59.018	27	IH0	81
59.018	59.078	59	NG	81
59.078	59.207	68	Y	81
59.207	59.377	35	OW1	81
59.377	59.407	51	G	81
59.407	59.676	21	ER0	81
59.676	59.756	64	T	81
59.756	59.936	68	Y	81
59.936	59.966	44	UW1	81
59.966	60.046	57	M	81
60.046	60.185	25	EY1	81
60.185	60.445	56	L	81
60.445	60.504	28	IH1	81
60.504	60.604	66	V	81
60.604	60.644	56	L	81
60.644	60.794	10	AO1	81
60.794	60.854	59	NG	81
60.854	60.904	51	G	81
60.904	61.023	21	ER0	81
61.023	61.053	74	sp	81
61.053	61.093	71	cg	81
81.517	81.656	49	DH	82
81.656	81.716	6	AH0	82
81.716	81.846	54	K	82
81.846	82.006	1	AA1	82
82.006	82.145	69	Z	82
82.145	82.265	67	W	82
82.265	82.405	26	EY2	82
82.405	82.774	19	EH1	82
82.774	82.904	58	N	82
82.904	82.963	48	D	82
82.963	83.422	6	AH0	82
83.422	83.462	48	D	82
83.462	84.181	74	sp	82
84.181	84.26	6	AH0	82
84.26	84.39	46	B	82
84.39	84.48	61	R	82
84.48	84.58	7	AH1	82
84.58	84.64	60	P	82
84.64	84.67	64	T	82
84.67	84.729	56	L	82
84.729	84.859	31	IY0	82
84.859	85.009	4	AE1	82
85.009	85.099	64	T	82
85.099	85.129	49	DH	82
85.129	85.158	6	AH0	82
85.158	85.398	62	S	82
85.398	85.438	64	T	82
85.438	85.597	10	AO1	82
85.597	85.627	61	R	82
98.249	98.348	67	W	83
98.348	98.388	19	EH1	83
98.388	98.478	49	DH	83
98.478	98.568	21	ER0	83
98.568	98.658	60	P	83
98.658	98.708	61	R	83
98.708	98.857	45	UW2	83
98.857	99.047	50	F	83
99.047	99.396	74	sp	83
99.396	99.636	51	G	83
99.636	99.665	6	AH0	83
99.665	99.765	56	L	83
99.765	99.855	1	AA1	83
99.855	100.035	63	SH	83
100.035	100.334	6	AH0	83
100.334	100.573	69	Z	83
100.573	100.763	74	sp	83
100.763	100.982	1	AA1	83
100.982	101.142	61	R	83
101.142	101.232	66	V	83
101.232	101.292	19	EH1	83
101.292	101.402	61	R	83
101.402	101.541	31	IY0	83
101.541	101.691	68	Y	83
101.691	101.721	44	UW1	83
101.721	101.87	62	S	83
101.87	101.91	50	F	83
101.91	101.95	6	AH0	83
101.95	102.13	56	L	83
102.13	102.24	28	IH1	83
102.24	102.359	58	N	83
102.359	102.519	62	S	83
102.519	102.609	31	IY0	83
102.609	102.729	4	AE1	83
102.729	102.768	64	T	83
102.768	102.808	6	AH0	83
102.808	102.978	56	L	83
102.978	103.197	74	sp	83
115.34	115.37	67	W	84
115.37	115.4	7	AH1	84
115.4	115.43	64	T	84
115.43	115.46	62	S	84
115.46	115.509	74	sp	84
115.509	115.549	49	DH	84
115.549	115.579	6	AH0	84
115.579	115.609	64	T	84
115.609	115.639	49	DH	84
115.639	115.669	6	AH0	84
115.669	115.819	62	S	84
115.819	115.859	60	P	84
115.859	116.108	32	IY1	84
116.108	116.278	47	CH	84
116.278	118.084	74	sp	84
118.084	118.193	62	S	84
118.193	118.233	28	IH1	84
118.233	118.463	57	M	84
118.463	119.66	74	sp	84
119.66	119.74	62	S	84
119.74	119.77	29	IH2	84
119.77	119.81	57	M	84
119.81	119.87	60	P	84
119.87	119.999	35	OW1	84
119.999	120.049	69	Z	84
120.049	120.159	31	IY0	84
120.159	120.239	6	AH0	84
120.239	120.498	57	M	84
120.498	120.598	57	M	84
120.598	120.738	16	AY1	84
120.738	120.797	64	T	84
120.797	120.827	46	B	84
120.827	120.867	27	IH0	84
120.867	120.927	51	G	84
120.927	121.067	28	IH1	84
121.067	121.177	58	N	84
121.177	121.356	1	AA1	84
121.356	121.426	58	N	84
121.426	121.476	57	M	84
121.476	121.506	7	AH1	84
121.506	121.596	58	N	84
121.596	121.636	48	D	84
121.636	121.755	26	EY2	84
136.173	136.242	16	AY1	85
136.242	136.382	48	D	85
136.382	136.502	61	R	85
136.502	136.631	7	AH1	85
136.631	136.701	49	DH	85
136.701	136.741	21	ER0	85
136.741	136.821	58	N	85
136.821	136.981	1	AA1	85
136.981	137.011	64	T	85
137.011	137.06	46	B	85
137.06	137.26	16	AY1	85
137.26	137.31	49	DH	85
137.31	137.46	32	IY1	85
137.46	137.49	69	Z	85
137.49	137.659	63	SH	85
137.659	137.948	44	UW1	85
137.948	138.148	69	Z	85
138.148	138.308	49	DH	85
138.308	138.387	4	AE1	85
138.387	138.467	58	N	85
138.467	138.517	46	B	85
138.517	138.637	31	IY0	85
138.637	138.717	35	OW1	85
138.717	138.747	66	V	85
138.747	138.876	21	ER0	85
138.876	138.966	47	CH	85
138.966	139.096	1	AA1	85
139.096	139.196	61	R	85
139.196	139.425	53	JH	85
139.425	139.465	48	D	85
149.183	149.213	46	B	86
149.213	149.313	32	IY1	86
149.313	149.432	54	K	86
149.432	149.482	19	EH1	86
149.482	149.532	61	R	86
149.532	149.642	50	F	86
149.642	149.672	6	AH0	86
149.672	149.702	56	L	86
149.702	149.782	58	N	86
149.782	149.901	1	AA1	86
149.901	149.931	64	T	86
149.931	149.961	64	T	86
149.961	149.991	6	AH0	86
149.991	150.101	74	sp	86
150.101	150.161	60	P	86
150.161	150.201	56	L	86
150.201	150.4	13	AW1	86
150.4	150.63	35	OW1	86
150.63	150.68	66	V	86
150.68	150.759	21	ER0	86
150.759	150.859	49	DH	86
150.859	150.889	6	AH0	86
150.889	151.009	50	F	86
151.009	151.288	13	AW1	86
151.288	151.388	74	sp	86
151.388	151.458	50	F	86
151.458	151.558	56	L	86
151.558	151.647	13	AW1	86
151.647	151.767	21	ER0	86
151.767	151.817	46	B	86
151.817	151.947	19	EH1	86
151.947	151.987	48	D	86
151.987	152.017	69	Z	86
162.932	162.992	49	DH	87
162.992	163.031	7	AH1	87
163.031	163.101	36	OW2	87
163.101	163.151	66	V	87
163.151	163.271	21	ER0	87
163.271	163.401	67	W	87
163.401	163.76	25	EY1	87
163.76	163.79	64	T	87
163.79	163.89	74	sp	87
163.89	164.019	47	CH	87
164.019	164.189	1	AA1	87
164.189	164.219	61	R	87
164.219	164.309	57	M	87
164.309	164.578	21	ER0	87
164.578	164.907	74	sp	87
164.907	164.997	54	K	87
164.997	165.057	41	UH1	87
165.057	165.177	48	D	87
165.177	165.296	62	S	87
165.296	165.376	56	L	87
165.376	165.446	28	IH1	87
165.446	165.536	60	P	87
165.536	165.705	74	sp	87
165.705	165.745	60	P	87
165.745	165.865	38	OY1	87
165.865	166.005	69	Z	87
166.005	166.035	6	AH0	87
166.035	166.324	58	N	87
166.324	166.424	29	IH2	87
166.424	166.474	58	N	87
166.474	166.553	64	T	87
166.553	166.583	6	AH0	87
166.583	166.683	19	EH1	87
166.683	166.733	58	N	87
166.733	166.803	31	IY0	87
166.803	166.833	67	W	87
166.833	166.883	8	AH2	87
166.883	166.933	58	N	87
166.933	166.973	69	Z	87
166.973	167.092	74	sp	87
167.092	167.162	64	T	87
167.162	167.382	32	IY1	87
167.382	167.831	74	sp	87
178.556	178.596	49	DH	88
178.596	178.646	6	AH0	88
178.646	178.786	4	AE1	88
178.786	178.895	59	NG	88
178.895	178.925	51	G	88
178.925	178.995	61	R	88
178.995	179.105	31	IY0	88
179.105	179.205	46	B	88
179.205	179.574	38	OY1	88
179.574	179.833	4	AE1	88
179.833	179.913	58	N	88
179.913	180.113	62	S	88
180.113	180.482	21	ER0	88
180.482	180.532	48	D	88
180.532	180.602	74	sp	88
180.602	180.761	46	B	88
180.761	180.921	7	AH1	88
180.921	181.021	64	T	88
181.021	181.051	48	D	88
181.051	181.13	28	IH1	88
181.13	181.19	48	D	88
181.19	181.24	6	AH0	88
181.24	181.39	58	N	88
181.39	181.42	56	L	88
181.42	181.509	41	UH1	88
181.509	181.639	54	K	88
181.639	181.739	7	AH1	88
181.739	181.779	60	P	88
191.617	191.686	67	W	89
191.686	191.716	28	IH1	89
191.716	191.916	47	CH	89
191.916	191.956	56	L	89
191.956	192.125	10	AO1	89
192.125	192.255	59	NG	89
192.255	192.405	1	AA1	89
192.405	192.465	61	R	89
192.465	192.495	64	T	89
192.495	192.524	6	AH0	89
192.524	192.634	54	K	89
192.634	192.674	6	AH0	89
192.674	193.243	56	L	89
193.243	193.422	74	sp	89
193.422	193.582	67	W	89
193.582	193.682	7	AH1	89
193.682	193.921	69	Z	89
193.921	194.809	74	sp	89
194.809	195.079	35	OW1	89
195.079	195.607	74	sp	89
195.607	195.767	34	OW0	89
195.767	195.857	60	P	89
195.857	196.136	25	EY1	89
196.136	196.166	54	K	89
196.166	196.815	74	sp	89
196.815	197.044	4	AE1	89
197.044	197.194	58	N	89
197.194	197.224	48	D	89
197.224	197.254	58	N	89
197.254	197.383	32	IY1	89
197.383	197.443	48	D	89
197.443	197.563	6	AH0	89
197.563	197.713	48	D	89
197.713	197.862	54	K	89
197.862	197.892	56	L	89
197.892	197.992	20	EH2	89
197.992	198.022	61	R	89
198.022	198.052	6	AH0	89
198.052	198.162	50	F	89
198.162	198.192	27	IH0	89
198.192	198.321	54	K	89
198.321	198.441	25	EY1	89
198.441	198.591	63	SH	89
198.591	198.631	6	AH0	89
198.631	198.82	58	N	89
198.82	198.94	74	sp	89
213.417	213.457	52	HH	90
213.457	213.487	19	EH1	90
213.487	213.587	56	L	90
213.587	213.656	60	P	90
213.656	213.776	62	S	90
213.776	213.806	19	EH1	90
213.806	213.906	56	L	90
213.906	213.936	6	AH0	90
213.936	214.016	46	B	90
214.016	214.095	61	R	90
214.095	214.215	26	EY2	90
214.215	214.245	64	T	90
214.245	214.285	68	Y	90
214.285	214.325	41	UH1	90
214.325	214.355	61	R	90
214.355	214.455	46	B	90
214.455	214.485	61	R	90
214.485	214.564	7	AH1	90
214.564	214.654	49	DH	90
214.654	214.764	21	ER0	90
214.764	215.143	69	Z	90
215.143	216.69	74	sp	90
216.69	216.829	62	S	90
216.829	216.869	6	AH0	90
216.869	216.949	54	K	90
216.949	217.039	62	S	90
217.039	217.178	19	EH1	90
217.178	217.448	62	S	90
217.448	217.538	71	cg	90
228.842	228.892	67	W	91
228.892	228.922	28	IH1	91
228.922	228.952	56	L	91
228.952	229.002	68	Y	91
229.002	229.091	44	UW1	91
229.091	229.181	60	P	91
229.181	229.211	56	L	91
229.211	229.341	32	IY1	91
229.341	229.49	69	Z	91
229.49	229.52	54	K	91
229.52	229.55	6	AH0	91
229.55	229.67	58	N	91
229.67	229.75	50	F	91
229.75	229.989	22	ER1	91
229.989	230.269	57	M	91
230.269	230.348	51	G	91
230.348	230.388	7	AH1	91
230.388	230.438	66	V	91
230.438	230.518	21	ER0	91
230.518	230.598	57	M	91
230.598	230.648	6	AH0	91
230.648	230.728	58	N	91
230.728	230.758	64	T	91
230.758	230.837	60	P	91
230.837	230.927	1	AA1	91
230.927	230.967	56	L	91
230.967	230.997	6	AH0	91
230.997	231.147	62	S	91
231.147	231.356	31	IY0	91
231.356	231.426	61	R	91
231.426	231.456	6	AH0	91
231.456	231.566	51	G	91
231.566	231.596	1	AA1	91
231.596	231.665	61	R	91
231.665	231.715	48	D	91
231.715	231.785	27	IH0	91
231.785	231.935	59	NG	91
231.935	232.035	67	W	91
232.035	232.114	25	EY1	91
232.114	232.214	62	S	91
232.214	232.2593695533837	64	T	91
232.2593695533837	232.31403537073027	61	R	91
232.31403537073027	232.34784534857434	6	AH0	91
232.34784534857434	232.40595624799383	57	M	91
232.40595624799383	232.4704065182591	44	UW1	91
232.4704065182591	232.5517617774464	66	V	91
232.5517617774464	232.63417359844132	6	AH0	91
232.63417359844132	232.8178288318211	56	L	91
243.648	243.938	49	DH	92
243.938	244.137	25	EY1	92
244.137	244.167	6	AH0	92
244.167	244.377	62	S	92
244.377	244.606	44	UW1	92
244.606	244.756	57	M	92
244.756	244.955	58	N	92
244.955	245.145	35	OW1	92
245.145	245.175	46	B	92
245.175	245.344	22	ER1	92
245.344	245.414	51	G	92
245.414	245.524	56	L	92
245.524	245.813	21	ER0	92
245.813	245.893	74	sp	92
245.893	245.983	67	W	92
245.983	246.013	6	AH0	92
246.013	246.202	56	L	92
246.202	246.302	19	EH1	92
246.302	246.352	66	V	92
246.352	246.522	21	ER0	92
246.522	246.602	19	EH1	92
246.602	246.691	58	N	92
246.691	246.74254125620652	64	T	92
246.74254125620652	246.88531312351975	21	ER0	92
246.88531312351975	247.03632182933183	52	HH	92
247.03632182933183	247.16536563248033	28	IH1	92
247.16536563248033	247.6540847167449	61	R	92
263.882	263.922	52	HH	93
263.922	264.012	32	IY1	93
264.012	264.102	67	W	93
264.102	264.132	6	AH0	93
264.132	264.202	56	L	93
264.202	264.231	6	AH0	93
264.231	264.411	56	L	93
264.411	264.93	13	AW1	93
264.93	265.03	74	sp	93
265.03	265.269	25	EY1	93
265.269	265.339	61	R	93
265.339	265.379	19	EH1	93
265.379	265.618	61	R	93
265.618	265.678	56	L	93
265.678	265.928	16	AY1	93
275.785	275.865	54	K	94
275.865	275.915	68	Y	94
275.915	275.945	42	UH2	94
275.945	276.045	61	R	94
276.045	276.184	31	IY0	94
276.184	276.334	1	AA1	94
276.334	276.494	62	S	94
276.494	276.543	6	AH0	94
276.543	276.583	64	T	94
276.583	276.953	31	IY0	94
276.953	277.471	74	sp	94
277.471	277.571	4	AE1	94
277.571	277.95	58	N	94
277.95	277.98	48	D	94
277.98	278.329	74	sp	94
278.329	278.399	57	M	94
278.399	278.479	33	IY2	94
278.479	278.509	48	D	94
278.509	278.639	31	IY0	94
278.639	278.739	1	AA1	94
278.739	278.818	54	K	94
278.818	278.848	61	R	94
278.848	278.878	6	AH0	94
278.878	278.908	64	T	94
278.908	279.128	31	IY0	94
279.128	279.946	74	sp	94
279.946	280.155	62	S	94
280.155	280.195	19	EH1	94
280.195	280.365	56	L	94
280.365	280.395	48	D	94
280.395	280.475	6	AH0	94
280.475	280.644	57	M	94
280.644	280.744	54	K	94
280.744	280.864	35	OW1	94
280.864	280.914	27	IH0	94
280.914	280.993	51	G	94
280.993	281.103	69	Z	94
281.103	281.273	28	IH1	94
281.273	281.542	62	S	94
281.542	281.572	64	T	94
281.572	281.821	74	sp	94
293.176	293.206	52	HH	95
293.206	293.256	28	IH1	95
293.256	293.305	69	Z	95
293.305	293.435	62	S	95
293.435	293.545	7	AH1	95
293.545	293.575	48	D	95
293.575	293.645	6	AH0	95
293.645	293.744	58	N	95
293.744	293.784	48	D	95
293.784	293.824	6	AH0	95
293.824	293.964	60	P	95
293.964	294.034	1	AA1	95
294.034	294.104	61	R	95
294.104	294.273	47	CH	95
294.273	294.443	21	ER0	95
294.443	294.652	63	SH	95
294.652	294.812	1	AA1	95
294.812	294.842	54	K	95
294.842	294.922	64	T	95
294.922	294.972	74	sp	95
294.972	295.031	49	DH	95
295.031	295.071	6	AH0	95
295.071	295.221	54	K	95
295.221	295.51	4	AE1	95
295.51	295.79	62	S	95
295.79	295.82	64	T	95
295.82	296.049	74	sp	95
304.6	304.64	74	sp	96
304.64	304.739	63	SH	96
304.739	304.809	32	IY1	96
304.809	304.979	62	S	96
304.979	305.099	56	L	96
305.099	305.168	28	IH1	96
305.168	305.308	60	P	96
305.308	305.348	64	T	96
305.348	305.697	74	sp	96
305.697	305.867	4	AE1	96
305.867	305.937	58	N	96
305.937	305.977	48	D	96
305.977	306.156	62	S	96
306.156	306.226	60	P	96
306.226	306.336	61	R	96
306.336	306.555	25	EY1	96
306.555	306.625	58	N	96
306.625	306.665	48	D	96
306.665	306.715	52	HH	96
306.715	306.924	21	ER0	96
306.924	307.034	4	AE1	96
307.034	307.164	59	NG	96
307.164	307.244	54	K	96
307.244	307.274	6	AH0	96
307.274	307.553	56	L	96
307.553	307.723	74	sp	96
307.723	307.842	1	AA1	96
307.842	307.922	58	N	96
307.922	307.962	49	DH	96
307.962	307.992	6	AH0	96
307.992	308.182	62	S	96
308.182	308.212	64	T	96
308.212	308.391	32	IY1	96
308.391	308.431	60	P	96
308.431	308.601	62	S	96
308.601	308.69	56	L	96
308.69	308.85	35	OW1	96
308.85	308.99	60	P	96
308.99	309.109	74	sp	96
319.596	319.656	74	sp	97
319.656	319.735	6	AH0	97
319.735	319.845	46	B	97
319.845	319.895	28	IH1	97
319.895	319.945	51	G	97
319.945	320.144	51	G	97
320.144	320.494	35	OW1	97
320.494	320.524	64	T	97
320.524	320.863	74	sp	97
320.863	321.082	16	AY1	97
321.082	321.132	48	D	97
321.132	321.272	56	L	97
321.272	321.471	31	IY0	97
321.471	321.771	74	sp	97
321.771	321.91	4	AE1	97
321.91	322.01	57	M	97
322.01	322.05	46	B	97
322.05	322.08	6	AH0	97
322.08	322.399	56	L	97
322.399	322.439	48	D	97
322.439	322.679	74	sp	97
322.679	322.729	65	TH	97
322.729	322.878	61	R	97
322.878	322.958	44	UW1	97
322.958	322.988	49	DH	97
322.988	323.068	31	IY0	97
323.068	323.197	50	F	97
323.197	323.307	1	AA1	97
323.307	323.357	61	R	97
323.357	323.457	57	M	97
323.457	323.507	68	Y	97
323.507	323.636	2	AA2	97
323.636	323.716	61	R	97
323.716	323.796	48	D	97
334.083	334.173	63	SH	98
334.173	334.212	41	UH1	98
334.212	334.292	48	D	98
334.292	334.412	53	JH	98
334.412	334.502	21	ER0	98
334.502	334.671	4	AE1	98
334.671	334.701	50	F	98
334.701	334.871	62	S	98
334.871	334.911	46	B	98
334.911	335.031	31	IY0	98
335.031	335.13	54	K	98
335.13	335.32	19	EH1	98
335.32	335.35	60	P	98
335.35	335.47	64	T	98
335.47	335.519	6	AH0	98
335.519	335.619	58	N	98
335.619	335.719	62	S	98
335.719	335.759	57	M	98
335.759	335.879	10	AO1	98
335.879	335.968	56	L	98
335.968	336.068	69	Z	98
336.068	336.358	44	UW1	98
336.358	336.687	69	Z	98
336.687	337.126	74	sp	98
345.856	345.886	67	W	99
345.886	345.946	32	IY1	99
345.946	346.036	51	G	99
346.036	346.105	1	AA1	99
346.105	346.155	64	T	99
346.155	346.365	48	D	99
346.365	346.405	61	R	99
346.405	346.554	19	EH1	99
346.554	346.654	58	N	99
346.654	346.963	47	CH	99
346.963	346.993	64	T	99
346.993	347.103	74	sp	99
347.103	347.143	50	F	99
347.143	347.213	61	R	99
347.213	347.333	7	AH1	99
347.333	347.502	57	M	99
347.502	347.532	49	DH	99
347.532	347.782	31	IY0	99
347.782	347.921	8	AH2	99
347.921	348.051	58	N	99
348.051	348.121	29	IH2	99
348.121	348.161	58	N	99
348.161	348.26	64	T	99
348.26	348.36	21	ER0	99
348.36	348.43	7	AH1	99
348.43	348.46	60	P	99
348.46	348.55	64	T	99
348.55	348.58	6	AH0	99
348.58	348.759	48	D	99
348.759	348.829	61	R	99
348.829	348.939	25	EY1	99
348.939	349.178	58	N	99
