47.165	47.694	99999	{NS}
47.694	48.711	12	AGRICULTURAL
48.711	49.36	345	PRODUCTS
49.36	49.629	30	ARE
49.629	50.447	455	UNEVENLY
50.447	51.116	127	DISTRIBUTED
51.116	54.169	99999	{NS}
54.169	54.458	99999	sp
54.458	58.619	99999	{NS}
58.619	58.808	73	BY
58.808	59.078	135	EATING
59.078	59.756	494	YOGURT
59.756	59.966	495	YOU
59.966	60.185	257	MAY
60.185	60.604	246	LIVE
60.604	61.023	248	LONGER
61.023	61.053	99999	sp
61.053	61.093	99999	{CG}
81.517	81.716	434	THE
81.716	82.405	82	CAUSEWAY
82.405	83.462	137	ENDED
83.462	84.181	99999	sp
84.181	84.859	5	ABRUPTLY
84.859	85.099	37	AT
85.099	85.158	434	THE
85.158	85.627	88888	STORE
85.627	86.316	99999	sp
86.316	89.289	99999	{NS}
89.289	98.249	99999	{NS}
98.249	99.047	478	WEATHERPROOF
99.047	99.396	99999	sp
99.396	100.573	172	GALOSHES
100.573	100.763	99999	sp
100.763	101.142	30	ARE
101.142	101.541	465	VERY
101.541	102.13	461	USEFUL
102.13	102.359	217	IN
102.359	102.978	372	SEATTLE
102.978	103.197	99999	sp
103.197	106.47	99999	{NS}
106.47	115.34	99999	{NS}
115.34	115.46	88888	WHAT'S
115.46	115.509	99999	sp
115.509	115.609	433	THAT
115.609	115.669	434	THE
115.669	116.278	396	SPEECH
116.278	118.084	99999	sp
118.084	118.463	88888	SIM
118.463	119.66	99999	sp
119.66	120.498	423	SYMPOSIUM
120.498	120.797	262	MIGHT
120.797	121.177	50	BEGIN
121.177	121.426	297	ON
121.426	121.755	265	MONDAY
121.755	122.264	99999	sp
122.264	130.226	99999	{NS}
130.226	130.256	99999	sp
130.256	136.173	99999	{NS}
136.173	136.382	213	I'D
136.382	136.741	353	RATHER
136.741	137.011	285	NOT
137.011	137.26	72	BUY
137.26	137.49	437	THESE
137.49	138.148	378	SHOES
138.148	138.467	432	THAN
138.467	138.637	47	BE
138.637	139.465	313	OVERCHARGED
139.465	140.273	99999	sp
140.273	142.967	99999	{NS}
142.967	149.183	99999	{NS}
149.183	149.313	47	BE
149.313	149.702	77	CAREFUL
149.702	149.931	285	NOT
149.931	149.991	446	TO
149.991	150.101	99999	sp
150.101	150.4	332	PLOW
150.4	150.759	310	OVER
150.759	150.889	434	THE
150.889	151.288	88888	FOW
151.288	151.388	99999	sp
151.388	151.767	159	FLOWER
151.767	152.017	49	BEDS
152.017	155.349	99999	{NS}
155.349	162.932	99999	{NS}
162.932	163.031	434	THE
163.031	163.79	316	OVERWEIGHT
163.79	163.89	99999	sp
163.89	164.578	86	CHARMER
164.578	164.907	99999	sp
164.907	165.177	107	COULD
165.177	165.536	387	SLIP
165.536	165.705	99999	sp
165.705	166.324	333	POISON
166.324	166.583	223	INTO
166.583	166.973	25	ANYONE'S
166.973	167.092	99999	sp
167.092	167.382	426	TEA
167.382	167.831	99999	sp
167.831	171.023	99999	{NS}
171.023	178.556	99999	{NS}
178.556	178.646	434	THE
178.646	179.105	21	ANGRY
179.105	179.574	62	BOY
179.574	180.532	23	ANSWERED
180.532	180.602	99999	sp
180.602	181.021	70	BUT
181.021	181.39	122	DIDN'T
181.39	181.639	249	LOOK
181.639	181.779	458	UP
191.617	191.916	483	WHICH
191.916	192.255	247	LONG
192.255	193.243	31	ARTICLE
193.243	193.422	99999	sp
193.422	193.921	472	WAS
193.921	194.809	99999	sp
194.809	195.079	88888	OH
195.079	195.607	99999	sp
195.607	196.166	300	OPAQUE
196.166	196.815	99999	sp
196.815	197.224	20	AND
197.224	197.713	279	NEEDED
197.713	198.82	93	CLARIFICATION
198.82	198.94	99999	sp
198.94	202.143	99999	{NS}
202.143	213.417	99999	{NS}
213.417	213.656	203	HELP
213.656	214.245	83	CELEBRATE
214.245	214.355	496	YOUR
214.355	215.143	67	BROTHER'S
215.143	216.69	99999	sp
216.69	217.448	412	SUCCESS
217.448	217.538	99999	{CG}
217.538	226.717	99999	{NS}
226.717	227.096	99999	sp
227.096	228.842	99999	{NS}
228.842	228.952	485	WILL
228.952	229.091	495	YOU
229.091	229.49	331	PLEASE
229.49	230.269	101	CONFIRM
230.269	230.758	191	GOVERNMENT
230.758	231.356	334	POLICY
231.356	231.935	359	REGARDING
231.935	232.2593695533837	473	WASTE
232.2593695533837	232.8178288318211	362	REMOVAL
232.8178288318211	240.865	99999	sp
240.865	243.648	99999	{NS}
243.648	244.137	438	THEY
244.137	244.756	36	ASSUME
244.756	245.145	284	NO
245.145	245.813	68	BURGLAR
245.813	245.893	99999	sp
245.893	246.202	485	WILL
246.202	246.522	144	EVER
246.522	246.88531312351975	140	ENTER
246.88531312351975	247.6540847167449	205	HERE
247.6540847167449	248.826	99999	sp
248.826	250.463	99999	{NS}
250.463	263.882	99999	{NS}
263.882	264.012	202	HE
264.012	264.202	485	WILL
264.202	264.93	15	ALLOW
264.93	265.03	99999	sp
265.03	265.269	1	A
265.269	265.618	352	RARE
265.618	265.928	238	LIE
265.928	269.13	99999	{NS}
269.13	275.785	99999	{NS}
275.785	276.953	114	CURIOSITY
276.953	277.471	99999	sp
277.471	277.98	20	AND
277.98	278.329	99999	sp
278.329	279.128	259	MEDIOCRITY
279.128	279.946	99999	sp
279.946	280.644	373	SELDOM
280.644	280.864	88888	CO
280.864	281.572	88888	EXIST
281.572	281.821	99999	sp
281.821	284.296	99999	{NS}
284.296	284.396	99999	sp
284.396	293.176	99999	{NS}
293.176	293.305	208	HIS
293.305	293.744	413	SUDDEN
293.744	294.443	117	DEPARTURE
294.443	294.922	377	SHOCKED
294.922	294.972	99999	sp
294.972	295.071	434	THE
295.071	295.82	79	CAST
295.82	296.049	99999	sp
296.049	298.713	99999	{NS}
298.713	304.6	99999	{NS}
304.6	304.64	99999	sp
304.64	304.809	375	SHE
304.809	305.348	388	SLIPPED
305.348	305.697	99999	sp
305.697	305.977	20	AND
305.977	306.665	400	SPRAINED
306.665	306.924	204	HER
306.924	307.553	22	ANKLE
307.553	307.723	99999	sp
307.723	307.922	297	ON
307.922	307.992	434	THE
307.992	308.431	404	STEEP
308.431	308.99	389	SLOPE
308.99	309.109	99999	sp
309.109	313.41	99999	{NS}
313.41	313.659	99999	sp
313.659	319.596	99999	{NS}
319.596	319.656	99999	sp
319.656	319.735	1	A
319.735	319.945	52	BIG
319.945	320.524	185	GOAT
320.524	320.863	99999	sp
320.863	321.471	214	IDLY
321.471	321.771	99999	sp
321.771	322.439	18	AMBLED
322.439	322.679	99999	sp
322.679	322.958	444	THROUGH
322.958	323.068	434	THE
323.068	323.796	152	FARMYARD
323.796	326.839	99999	{NS}
326.839	334.083	99999	{NS}
334.083	334.292	381	SHOULD
334.292	334.871	180	GIRAFFES
334.871	335.031	47	BE
335.031	335.47	234	KEPT
335.47	335.619	217	IN
335.619	335.968	392	SMALL
335.968	336.687	498	ZOOS
336.687	337.126	99999	sp
337.126	339.67	99999	{NS}
339.67	339.76	99999	sp
339.76	345.856	99999	{NS}
345.856	345.946	476	WE
345.946	346.155	190	GOT
346.155	346.993	131	DRENCHED
346.993	347.103	99999	sp
347.103	347.502	166	FROM
347.502	347.782	434	THE
347.782	348.759	457	UNINTERRUPTED
348.759	349.178	351	RAIN
371.887	372.715	12	AGRICULTURAL
372.715	373.483	345	PRODUCTS
373.483	373.723	99999	sp
373.723	374.012	30	ARE
374.012	374.551	142	EVEN
374.551	375.289	455	UNEVENLY
375.289	375.429	99999	sp
375.429	376.217	127	DISTRIBUTED
376.217	376.666	99999	sp
376.666	379.609	99999	{NS}
379.609	387.312	99999	{NS}
387.312	387.451	73	BY
387.451	387.721	135	EATING
387.721	388.3	494	YOGURT
388.3	388.499	495	YOU
388.499	388.669	257	MAY
388.669	388.948	246	LIVE
388.948	389.656	248	LONGER
389.656	392.34	99999	{NS}
392.34	392.41	99999	sp
392.41	398.806	99999	{NS}
398.806	398.905	434	THE
398.905	399.574	82	CAUSEWAY
399.574	400.013	137	ENDED
400.013	400.941	5	ABRUPTLY
400.941	401.24	37	AT
401.24	401.29	99999	sp
401.29	401.41	434	THE
401.41	402.038	88888	STORE
402.038	402.238	99999	sp
402.238	402.487	37	AT
402.487	402.667	434	THE
402.667	403.315	88888	OOH
403.315	404.403	99999	sp
404.403	404.762	379	SHORE
415.458	416.136	478	WEATHERPROOF
416.136	417.124	172	GALOSHES
417.124	417.663	99999	sp
417.663	417.962	30	ARE
417.962	418.401	465	VERY
418.401	419.858	461	USEFUL
419.858	420.087	99999	sp
420.087	420.257	217	IN
420.257	420.337	99999	sp
420.337	420.875	372	SEATTLE
477.966	478.046	434	THE
478.046	478.784	396	SPEECH
478.784	479.373	88888	UH
479.373	479.402	99999	sp
479.402	481.248	423	SYMPOSIUM
481.248	482.575	99999	sp
482.575	482.845	262	MIGHT
482.845	483.274	50	BEGIN
483.274	483.343	297	ON
483.343	483.832	265	MONDAY
494.069	494.199	213	I'D
494.199	494.458	353	RATHER
494.458	494.768	285	NOT
494.768	495.217	72	BUY
495.217	495.586	437	THESE
495.586	496.214	378	SHOES
496.214	496.324	99999	sp
496.324	496.573	432	THAN
496.573	496.743	47	BE
496.743	497.611	313	OVERCHARGED
497.611	501.143	99999	{NS}
501.143	515.171	99999	{NS}
515.171	515.301	47	BE
515.301	515.65	77	CAREFUL
515.65	515.78	285	NOT
515.78	515.84	446	TO
515.84	515.919	99999	sp
515.919	516.1398297909673	332	PLOW
516.1398297909673	516.5918633092389	310	OVER
516.5918633092389	516.669775641406	434	THE
516.669775641406	517.5895559404431	88888	FLOWERBEDS
517.5895559404431	526.904	99999	sp
526.904	527.334	88888	MHM
527.334	529.539	99999	{NS}
529.539	529.618	434	THE
529.618	530.187	88888	OVERNIGHT
530.187	530.826	86	CHARMER
530.826	530.985	107	COULD
530.985	531.324	387	SLIP
531.324	531.923	333	POISON
531.923	532.083	223	INTO
532.083	532.941	25	ANYONE'S
532.941	533.28	426	TEA
533.28	533.859	99999	sp
533.859	536.852	99999	{NS}
536.852	545.971	99999	{NS}
545.971	546.051	434	THE
546.051	546.49	21	ANGRY
546.49	546.829	62	BOY
546.829	547.777	23	ANSWERED
547.777	548.036	99999	sp
548.036	548.426	70	BUT
548.426	548.914	122	DIDN'T
548.914	549.184	249	LOOK
549.184	549.363	458	UP
549.363	549.493	99999	sp
549.493	552.337	99999	{NS}
552.337	552.446	99999	sp
552.446	558.473	99999	{NS}
558.473	558.772	483	WHICH
558.772	559.161	247	LONG
559.161	559.939	31	ARTICLE
559.939	560.418	99999	sp
560.418	561.037	472	WAS
561.037	561.925	99999	sp
561.925	562.134	88888	OH
562.134	562.913	99999	sp
562.913	563.192	88888	PA
563.192	563.821	99999	sp
563.821	564.429	300	OPAQUE
564.429	565.607	99999	sp
565.607	565.786	20	AND
565.786	566.385	279	NEEDED
566.385	567.422	93	CLARIFICATION
567.422	570.396	99999	{NS}
570.396	570.426	99999	sp
570.426	577.919	99999	{NS}
577.919	578.178	203	HELP
578.178	578.817	83	CELEBRATE
578.817	578.946	496	YOUR
578.946	579.345	67	BROTHER'S
579.345	580.413	412	SUCCESS
580.413	583.755	99999	{NS}
583.755	592.785	99999	{NS}
592.785	592.924	485	WILL
592.924	593.004	495	YOU
593.004	593.463	331	PLEASE
593.463	594.421	101	CONFIRM
594.421	594.96	191	GOVERNMENT
594.96	595.608	334	POLICY
595.608	596.167	359	REGARDING
596.167	596.546	473	WASTE
596.546	597.285	362	REMOVAL
597.285	597.843	99999	sp
597.843	600.0	99999	{NS}
600.0	609.371	99999	{NS}
609.371	609.55	438	THEY
609.55	610.029	36	ASSUME
610.029	610.239	284	NO
610.239	611.416	68	BURGLAR
611.416	612.324	99999	sp
612.324	612.693	485	WILL
612.693	612.953	144	EVER
612.953	613.302	140	ENTER
613.302	613.631	205	HERE
613.631	614.559	99999	sp
614.559	621.972	99999	{NS}
621.972	627.47	99999	{NS}
627.47	627.709	202	HE
627.709	627.919	485	WILL
627.919	628.437	15	ALLOW
628.437	628.467	1	A
628.467	628.856	352	RARE
628.856	629.156	238	LIE
629.156	632.768	99999	{NS}
632.768	638.993	99999	{NS}
638.993	639.981	114	CURIOSITY
639.981	640.46	20	AND
640.46	641.168	99999	sp
641.168	642.176	259	MEDIOCRITY
642.176	643.403	99999	sp
643.403	644.192	373	SELDOM
644.192	644.481	88888	CO
644.481	644.84	88888	EXIST
644.84	648.133	99999	{NS}
648.133	659.118	99999	{NS}
659.118	659.307	208	HIS
659.307	659.726	413	SUDDEN
659.726	660.634	117	DEPARTURE
660.634	660.804	99999	sp
660.804	661.363	377	SHOCKED
661.363	661.472	434	THE
661.472	662.34	79	CAST
662.34	665.663	99999	{NS}
665.663	674.642	99999	{NS}
674.642	674.912	375	SHE
674.912	675.56	388	SLIPPED
675.56	675.9	20	AND
675.9	676.698	400	SPRAINED
676.698	676.997	204	HER
676.997	677.5360000000001	22	ANKLE
677.5360000000001	677.735	297	ON
677.735	677.795	434	THE
677.795	678.224	404	STEEP
678.224	678.653	389	SLOPE
678.653	681.587	99999	{NS}
681.587	690.696	99999	{NS}
690.696	690.826	1	A
690.826	691.1949999999999	52	BIG
691.1949999999999	691.324	99999	sp
691.324	691.7429999999999	185	GOAT
691.7429999999999	692.562	214	IDLY
692.562	692.781	99999	sp
692.781	693.45	18	AMBLED
693.45	693.919	99999	sp
693.919	694.248	444	THROUGH
694.248	694.467	434	THE
694.467	695.006	152	FARMYARD
695.006	697.6	99999	{NS}
697.6	703.926	99999	{NS}
703.926	704.155	381	SHOULD
704.155	704.774	180	GIRAFFES
704.774	704.934	47	BE
704.934	705.313	234	KEPT
705.313	705.462	217	IN
705.462	705.891	392	SMALL
705.891	706.46	498	ZOOS
706.46	709.932	99999	{NS}
709.932	717.864	99999	{NS}
717.864	717.974	476	WE
717.974	718.213	190	GOT
718.213	718.862	131	DRENCHED
718.862	719.151	166	FROM
719.151	719.371	434	THE
719.371	719.451	99999	sp
719.451	720.668	457	UNINTERRUPTED
720.668	721.127	351	RAIN
