44.61960022675737	44.80960022675737	63	SH
44.80960022675737	44.898600226757374	32	IY1
44.898600226757374	44.97860022675737	67	W
44.97860022675737	45.148600226757374	10	AO1
45.148600226757374	45.18860022675737	61	R
45.18860022675737	45.30860022675737	67	W
45.30860022675737	45.53760022675737	10	AO1
45.53760022675737	45.56760022675737	61	R
45.56760022675737	45.72760022675737	57	M
45.72760022675737	45.84660022675737	50	F
45.84660022675737	45.87660022675737	56	L
45.87660022675737	45.96660022675737	32	IY1
45.96660022675737	46.11660022675737	62	S
46.11660022675737	46.215600226757374	31	IY0
46.215600226757374	46.37560022675737	67	W
46.37560022675737	46.40560022675737	41	UH1
46.40560022675737	46.51560022675737	56	L
46.51560022675737	46.55560022675737	6	AH0
46.55560022675737	46.65460022675737	58	N
46.65460022675737	46.81460022675737	35	OW1
46.81460022675737	46.88460022675737	66	V
46.88460022675737	46.99460022675737	21	ER0
46.99460022675737	47.02460022675737	11	AO2
47.02460022675737	47.26360022675737	56	L
47.26360022675737	47.50360022675737	69	Z
47.50360022675737	58.27073401360544	74	sp
58.27073401360544	58.360734013605445	74	sp
58.360734013605445	58.41073401360544	61	R
58.41073401360544	58.66973401360544	32	IY1
58.66973401360544	58.73973401360544	48	D
58.73973401360544	58.769734013605444	27	IH0
58.769734013605444	58.81973401360544	59	NG
58.81973401360544	58.85973401360545	6	AH0
58.85973401360545	59.019734013605444	58	N
59.019734013605444	59.088734013605446	74	sp
59.088734013605446	59.13873401360544	60	P
59.13873401360544	59.238734013605445	41	UH1
59.238734013605445	59.29873401360545	61	R
59.29873401360545	59.42873401360544	56	L
59.42873401360544	59.607734013605445	16	AY1
59.607734013605445	59.65773401360544	64	T
59.65773401360544	59.777734013605446	74	sp
59.777734013605446	59.817734013605445	51	G
59.817734013605445	59.976734013605444	28	IH1
59.976734013605444	60.006734013605445	66	V
60.006734013605445	60.09673401360544	69	Z
60.09673401360544	60.216734013605446	68	Y
60.216734013605446	60.35673401360545	44	UW1
60.35673401360545	60.525734013605444	16	AY1
60.525734013605444	60.67573401360544	62	S
60.67573401360544	60.71573401360544	64	T
60.71573401360544	60.775734013605444	61	R
60.775734013605444	60.90473401360544	26	EY2
60.90473401360544	60.93473401360544	58	N
60.93473401360544	72.42504240362813	74	sp
72.42504240362813	72.56404240362812	32	IY1
72.56404240362812	72.65404240362813	66	V
72.65404240362813	72.69404240362813	6	AH0
72.69404240362813	72.86404240362813	58	N
72.86404240362813	73.24304240362812	16	AY1
73.24304240362812	73.36204240362812	6	AH0
73.36204240362812	73.54204240362813	54	K
73.54204240362813	73.65204240362813	25	EY1
73.65204240362813	73.75204240362812	70	ZH
73.75204240362812	73.78204240362813	6	AH0
73.78204240362813	73.87104240362812	58	N
73.87104240362812	73.92104240362814	56	L
73.92104240362814	74.08104240362813	31	IY0
74.08104240362813	74.17104240362814	51	G
74.17104240362814	74.23104240362812	28	IH1
74.23104240362812	74.35004240362812	64	T
74.35004240362812	74.42004240362813	74	sp
74.42004240362813	74.46004240362812	49	DH
74.46004240362812	74.52004240362812	6	AH0
74.52004240362812	74.67904240362813	57	M
74.67904240362813	74.71904240362812	7	AH1
74.71904240362812	74.82904240362812	58	N
74.82904240362812	74.89904240362813	48	D
74.89904240362813	75.16804240362814	31	IY0
75.16804240362814	75.20804240362813	46	B
75.20804240362813	75.25804240362812	56	L
75.25804240362812	75.48804240362813	44	UW1
75.48804240362813	75.65704240362813	69	Z
75.65704240362813	89.4515276643991	74	sp
89.4515276643991	89.65052766439909	67	W
89.65052766439909	89.7405276643991	32	IY1
89.7405276643991	89.9705276643991	21	ER0
89.9705276643991	90.12952766439909	35	OW1
90.12952766439909	90.2095276643991	60	P
90.2095276643991	90.2495276643991	6	AH0
90.2495276643991	90.3195276643991	58	N
90.3195276643991	90.4785276643991	19	EH1
90.4785276643991	90.5485276643991	66	V
90.5485276643991	90.6785276643991	61	R
90.6785276643991	91.0375276643991	31	IY0
91.0375276643991	91.3478476127322	57	M
91.3478476127322	91.51728591587388	74	sp
91.51728591587388	91.63267799156777	19	EH1
91.63267799156777	91.73561768499255	66	V
91.73561768499255	91.75637165544109	61	R
91.75637165544109	91.92185233696982	31	IY0
91.92185233696982	91.97221294810592	57	M
91.97221294810592	92.07077994050874	6	AH0
92.07077994050874	92.12141962840319	58	N
92.12141962840319	92.13221169303642	48	D
92.13221169303642	92.30086993572924	25	EY1
92.30086993572924	92.42390509980535	32	IY1
92.42390509980535	92.56420194003749	66	V
92.56420194003749	132.13388594104308	74	sp
132.13388594104308	132.19041395506832	6	AH0
132.19041395506832	132.21574809147205	64	T
132.21574809147205	132.29519284614918	62	S
132.29519284614918	132.34752143659244	58	N
132.34752143659244	132.48326669578245	1	AA1
132.48326669578245	132.51759718574857	64	T
132.51759718574857	132.66923656345787	32	IY1
132.66923656345787	132.7495891448755	69	Z
132.7495891448755	132.87245264993086	31	IY0
132.87245264993086	132.92055710834816	64	T
132.92055710834816	133.01569247651358	44	UW1
133.01569247651358	133.06146866270726	54	K
133.06146866270726	133.1444845445014	61	R
133.1444845445014	133.19097343830614	31	IY0
133.19097343830614	133.35700520189448	25	EY1
133.35700520189448	133.40271068456408	64	T
133.40271068456408	133.67168214157718	74	sp
133.67168214157718	133.73606848497053	29	IH2
133.73606848497053	133.85561135475413	56	L
133.85561135475413	134.04488756524484	44	UW1
134.04488756524484	134.12458281176725	57	M
134.12458281176725	134.16946612089933	6	AH0
134.16946612089933	134.21927564997583	58	N
134.21927564997583	134.3581402371378	26	EY2
134.3581402371378	134.39798786039898	64	T
134.39798786039898	134.4862401261481	27	IH0
134.4862401261481	134.6339730439797	59	NG
134.6339730439797	134.72881069987673	27	IH0
134.72881069987673	134.76496840737664	51	G
134.76496840737664	134.82473984226843	69	Z
134.82473984226843	134.9492636649597	4	AE1
134.9492636649597	135.0372604996615	57	M
135.0372604996615	135.07046685237918	60	P
135.07046685237918	135.1587928622084	6	AH0
135.1587928622084	135.29078811426112	56	L
135.29078811426112	135.5499757506615	69	Z
135.5499757506615	147.3659947845805	74	sp
147.3659947845805	147.54590874664535	57	M
147.54590874664535	147.70529923969016	7	AH1
147.70529923969016	147.81099397332886	57	M
147.81099397332886	147.918939752352	62	S
147.918939752352	147.96044769324908	64	T
147.96044769324908	148.01025722232558	61	R
148.01025722232558	148.15968580955507	10	AO1
148.15968580955507	148.29412678503837	59	NG
148.29412678503837	148.37382203156076	56	L
148.37382203156076	148.4385744193602	31	IY0
148.4385744193602	148.51826966588263	48	D
148.51826966588263	148.5883594466628	29	IH2
148.5883594466628	148.7079023164464	62	S
148.7079023164464	148.77099438660997	56	L
148.77099438660997	148.89607524592236	16	AY1
148.89607524592236	148.97411017480889	54	K
148.97411017480889	149.08746851239607	62	S
149.08746851239607	149.24831872652862	4	AE1
149.24831872652862	149.32801397305101	60	P
149.32801397305101	149.43327131900685	6	AH0
149.43327131900685	149.49470307153453	64	T
149.49470307153453	149.63336736675623	17	AY2
149.63336736675623	149.69811975455568	69	Z
149.69811975455568	149.87064773739021	21	ER0
149.87064773739021	150.0914699829627	69	Z
150.0914699829627	162.961006122449	74	sp
162.961006122449	163.041006122449	49	DH
163.041006122449	163.211006122449	35	OW1
163.211006122449	163.390006122449	69	Z
163.390006122449	163.430006122449	52	HH
163.430006122449	163.510006122449	44	UW1
163.510006122449	163.630006122449	64	T
163.630006122449	163.76900612244899	32	IY1
163.76900612244899	163.86900612244898	47	CH
163.86900612244898	163.89900612244898	74	sp
163.89900612244898	163.949006122449	66	V
163.949006122449	164.08900612244898	4	AE1
164.08900612244898	164.139006122449	56	L
164.139006122449	164.398006122449	68	Y
164.398006122449	164.438006122449	43	UW0
164.438006122449	164.60800612244898	69	Z
164.60800612244898	164.737006122449	50	F
164.737006122449	164.877006122449	22	ER1
164.877006122449	165.07700612244898	62	S
165.07700612244898	165.106006122449	64	T
165.106006122449	165.176006122449	6	AH0
165.176006122449	165.28600612244898	46	B
165.28600612244898	165.40600612244899	1	AA1
165.40600612244899	165.545006122449	56	L
165.545006122449	165.575006122449	29	IH2
165.575006122449	165.765006122449	63	SH
165.765006122449	165.93500612244898	47	CH
165.93500612244898	166.104006122449	32	IY1
166.104006122449	166.194006122449	74	sp
166.194006122449	182.40995297178316	74	sp
182.40995297178316	182.50279707459902	49	DH
182.50279707459902	182.5741327028218	6	AH0
182.5741327028218	182.73352319586658	50	F
182.73352319586658	182.8190295541146	61	R
182.8190295541146	182.9796580643868	16	AY1
182.9796580643868	183.16640298783275	64	T
183.16640298783275	183.2029299758222	6	AH0
183.2029299758222	183.2328156932681	58	N
183.2328156932681	183.25436332334016	48	D
183.25436332334016	183.3624299347934	47	CH
183.3624299347934	183.58823313327355	16	AY1
183.58823313327355	183.73102044995952	56	L
183.73102044995952	183.80407442593838	48	D
183.80407442593838	183.90037284881961	67	W
183.90037284881961	184.03974829807618	1	AA1
184.03974829807618	184.14308938766914	69	Z
184.14308938766914	184.18445136344536	53	JH
184.18445136344536	184.2209783514348	19	EH1
184.2209783514348	184.26414660996775	58	N
184.26414660996775	184.31727677431604	64	T
184.31727677431604	184.39365138556667	56	L
184.39365138556667	184.47666726736082	31	IY0
184.47666726736082	184.6094926782315	62	S
184.6094926782315	184.6991498305692	6	AH0
184.6991498305692	184.76556253600452	46	B
184.76556253600452	184.81147352700214	48	D
184.81147352700214	185.02147352700212	44	UW1
185.02147352700212	185.08147352700212	48	D
185.08147352700212	185.17147352700212	74	sp
185.17147352700212	185.23147352700212	46	B
185.23147352700212	185.40047352700213	16	AY1
185.40047352700213	185.51047352700212	52	HH
185.51047352700212	185.55047352700214	6	AH0
185.55047352700214	185.66047352700213	69	Z
185.66047352700213	185.73947352700213	74	sp
185.73947352700213	185.76947352700213	46	B
185.76947352700213	185.84947352700212	28	IH1
185.84947352700212	185.87947352700212	51	G
185.87947352700212	186.00947352700211	46	B
186.00947352700211	186.08947352700213	61	R
186.08947352700213	186.15847352700212	7	AH1
186.15847352700212	186.20847352700213	49	DH
186.20847352700213	186.39847352700212	21	ER0
186.39847352700212	198.86712857142857	74	sp
198.86712857142857	199.02612857142856	32	IY1
199.02612857142856	199.09612857142858	66	V
199.09612857142858	199.14612857142856	6	AH0
199.14612857142856	199.25612857142858	58	N
199.25612857142858	199.43512857142858	25	EY1
199.43512857142858	199.59512857142857	62	S
199.59512857142857	199.62512857142858	28	IH1
199.62512857142858	199.69512857142857	57	M
199.69512857142857	199.75512857142857	60	P
199.75512857142857	199.78512857142857	6	AH0
199.78512857142857	199.94412857142856	56	L
199.94412857142856	200.01412857142856	66	V
200.01412857142856	200.08412857142858	34	OW0
200.08412857142858	200.23312857142858	54	K
200.23312857142858	200.34312857142857	4	AE1
200.34312857142857	200.42312857142858	46	B
200.42312857142858	200.46312857142857	68	Y
200.46312857142857	200.51312857142858	6	AH0
200.51312857142858	200.59312857142857	56	L
200.59312857142857	200.67212857142857	20	EH2
200.67212857142857	200.75212857142856	61	R
200.75212857142856	200.91212857142858	31	IY0
200.91212857142858	201.02212857142857	54	K
201.02212857142857	201.05212857142857	6	AH0
201.05212857142857	201.12112857142856	58	N
201.12112857142856	201.24112857142856	64	T
201.24112857142856	201.34112857142856	25	EY1
201.34112857142856	201.41512387170707	58	N
201.41512387170707	201.58779690583893	69	Z
201.58779690583893	201.75714930469903	62	S
201.75714930469903	201.8622859197607	28	IH1
201.8622859197607	201.928698625196	57	M
201.928698625196	201.98847006008782	46	B
201.98847006008782	202.0299780009849	6	AH0
202.0299780009849	202.14786055313263	56	L
202.14786055313263	202.43509550414043	69	Z
202.43509550414043	215.68354580498865	74	sp
215.68354580498865	215.89354580498866	25	EY1
215.89354580498866	216.03254580498864	54	K
216.03254580498864	216.10254580498867	61	R
216.10254580498867	216.36254580498866	4	AE1
216.36254580498866	216.40154580498864	46	B
216.40154580498864	216.61154580498865	47	CH
216.61154580498865	216.75154580498867	4	AE1
216.75154580498867	216.81154580498867	56	L
216.81154580498867	216.84054580498866	6	AH0
216.84054580498866	216.89054580498865	58	N
216.89054580498865	217.01054580498865	53	JH
217.01054580498865	217.08054580498865	48	D
217.08054580498865	217.11054580498865	57	M
217.11054580498865	217.37954580498865	32	IY1
217.37954580498865	217.56954580498865	74	sp
217.56954580498865	217.60954580498867	46	B
217.60954580498867	217.69854580498867	7	AH1
217.69854580498867	217.73854580498866	64	T
217.73854580498866	217.83854580498866	6	AH0
217.83854580498866	218.07854580498866	74	sp
218.07854580498866	218.16754580498866	54	K
218.16754580498866	218.19754580498866	67	W
218.19754580498866	218.27754580498865	28	IH1
218.27754580498865	218.41754580498866	54	K
218.41754580498866	218.57654580498865	62	S
218.57654580498865	218.62654580498867	64	T
218.62654580498867	218.88654580498866	4	AE1
218.88654580498866	218.91654580498866	46	B
218.91654580498866	219.05554580498867	66	V
219.05554580498867	219.09554580498866	4	AE1
219.09554580498866	219.21554580498866	59	NG
219.21554580498866	219.28554580498866	54	K
219.28554580498866	219.32554580498865	67	W
219.32554580498865	219.36554580498867	27	IH0
219.36554580498867	219.51454580498864	63	SH
219.51454580498864	219.60454580498865	64	T
219.60454580498865	219.69454580498865	29	IH2
219.69454580498865	219.72454580498865	57	M
219.72454580498865	233.11202653061224	74	sp
233.11202653061224	233.17202653061224	51	G
233.17202653061224	233.20202653061224	56	L
233.20202653061224	233.35102653061224	44	UW1
233.35102653061224	233.47102653061222	54	K
233.47102653061222	233.58102653061223	36	OW2
233.58102653061223	233.81002653061222	62	S
233.81002653061222	233.89002653061223	4	AE1
233.89002653061223	233.96002653061223	58	N
233.96002653061223	233.99002653061223	48	D
233.99002653061223	234.13002653061224	50	F
234.13002653061224	234.16002653061224	61	R
234.16002653061224	234.29902653061222	44	UW1
234.29902653061222	234.32902653061223	54	K
234.32902653061223	234.48902653061222	64	T
234.48902653061222	234.52902653061224	36	OW2
234.52902653061224	234.73802653061222	62	S
234.73802653061222	234.77802653061224	74	sp
234.77802653061224	234.94802653061222	1	AA1
234.94802653061222	235.02802653061224	61	R
235.02802653061224	235.17702653061224	58	N
235.17702653061224	235.30702653061223	4	AE1
235.30702653061223	235.45702653061224	47	CH
235.45702653061224	235.50702653061222	21	ER0
235.50702653061222	235.53602653061222	6	AH0
235.53602653061222	235.60602653061224	56	L
235.60602653061224	235.78602653061222	63	SH
235.78602653061222	235.82602653061224	41	UH1
235.82602653061224	235.91602653061224	51	G
235.91602653061224	236.06502653061224	21	ER0
236.06502653061224	236.19502653061224	69	Z
236.19502653061224	236.26502653061223	50	F
236.26502653061223	236.43402653061224	13	AW1
236.43402653061224	236.51402653061223	58	N
236.51402653061223	236.57402653061223	48	D
236.57402653061223	236.58402653061222	74	sp
236.58402653061222	236.67402653061222	28	IH1
236.67402653061222	236.75402653061224	58	N
236.75402653061224	236.93302653061224	50	F
236.93302653061224	236.99302653061224	61	R
236.99302653061224	237.02302653061224	44	UW1
237.02302653061224	237.17302653061222	64	T
237.17302653061222	248.6406433106576	74	sp
248.6406433106576	248.6906433106576	1	AA1
248.6906433106576	248.7796433106576	61	R
248.7796433106576	248.9996433106576	68	Y
248.9996433106576	249.1686433106576	44	UW1
249.1686433106576	249.2186433106576	56	L
249.2186433106576	249.2486433106576	41	UH1
249.2486433106576	249.35864331065758	54	K
249.35864331065758	249.4086433106576	27	IH0
249.4086433106576	249.5976433106576	59	NG
249.5976433106576	249.7076433106576	50	F
249.7076433106576	249.8076433106576	10	AO1
249.8076433106576	249.8676433106576	61	R
249.8676433106576	249.9176433106576	6	AH0
249.9176433106576	250.00764331065758	57	M
250.00764331065758	250.1366433106576	60	P
250.1366433106576	250.1766433106576	56	L
250.1766433106576	250.2266433106576	38	OY1
250.2266433106576	250.3266433106576	57	M
250.3266433106576	250.3666433106576	6	AH0
250.3666433106576	250.4166433106576	58	N
250.4166433106576	250.5156433106576	64	T
250.5156433106576	265.6531603174603	74	sp
265.6531603174603	265.80316031746025	54	K
265.80316031746025	265.97316031746027	1	AA1
265.97316031746027	266.06216031746027	50	F
266.06216031746027	266.2821603174603	31	IY0
266.2821603174603	266.38216031746026	28	IH1
266.38216031746026	266.52116031746027	69	Z
266.52116031746027	266.60116031746026	51	G
266.60116031746026	266.71116031746027	61	R
266.71116031746027	266.8611603174603	35	OW1
266.8611603174603	266.9411603174603	58	N
266.9411603174603	267.13016031746025	1	AA1
267.13016031746025	267.2201603174603	58	N
267.2201603174603	267.4191603174603	62	S
267.4191603174603	267.4891603174603	64	T
267.4891603174603	267.63916031746027	32	IY1
267.63916031746027	267.75916031746027	60	P
267.75916031746027	267.9681603174603	74	sp
267.9681603174603	268.0781603174603	53	JH
268.0781603174603	268.1281603174603	7	AH1
268.1281603174603	268.2181603174603	59	NG
268.2181603174603	268.2771603174603	51	G
268.2771603174603	268.3071603174603	6	AH0
268.3071603174603	268.4771603174603	56	L
268.4771603174603	268.5971603174603	56	L
268.5971603174603	268.7561603174603	16	AY1
268.7561603174603	268.84616031746026	54	K
268.84616031746026	268.9261603174603	74	sp
268.9261603174603	269.1161603174603	62	S
269.1161603174603	269.1651603174603	56	L
269.1651603174603	269.3251603174603	35	OW1
269.3251603174603	269.3851603174603	60	P
269.3851603174603	269.58416031746026	62	S
269.58416031746026	269.64416031746026	74	sp
269.64416031746026	269.71416031746026	28	IH1
269.71416031746026	269.83416031746026	58	N
269.83416031746026	269.9741603174603	64	T
269.9741603174603	270.0041603174603	19	EH1
270.0041603174603	270.05316031746025	57	M
270.05316031746025	270.1431603174603	60	P
270.1431603174603	270.1931603174603	61	R
270.1931603174603	270.22316031746027	6	AH0
270.22316031746027	270.2831603174603	64	T
270.2831603174603	270.3331603174603	74	sp
270.3331603174603	270.4721603174603	69	Z
270.4721603174603	270.7721603174603	35	OW1
270.7721603174603	270.83216031746025	58	N
270.83216031746025	271.0011603174603	69	Z
271.0011603174603	282.9243621315193	74	sp
282.9243621315193	283.0143621315193	67	W
283.0143621315193	283.1243621315193	32	IY1
283.1243621315193	283.2433621315193	67	W
283.2433621315193	283.2833621315193	19	EH1
283.2833621315193	283.39336213151927	56	L
283.39336213151927	283.4633621315193	54	K
283.4633621315193	283.5333621315193	6	AH0
283.5333621315193	283.6223621315193	57	M
283.6223621315193	283.7523621315193	57	M
283.7523621315193	283.8123621315193	19	EH1
283.8123621315193	283.8723621315193	58	N
283.8723621315193	284.0613621315193	31	IY0
284.0613621315193	284.2013621315193	58	N
284.2013621315193	284.3113621315193	68	Y
284.3113621315193	284.4903621315193	44	UW1
284.4903621315193	284.6103621315193	62	S
284.6103621315193	284.66036213151926	64	T
284.66036213151926	284.7403621315193	44	UW1
284.7403621315193	284.7703621315193	48	D
284.7703621315193	284.8003621315193	6	AH0
284.8003621315193	284.9193621315193	58	N
284.9193621315193	284.9493621315193	64	T
284.9493621315193	285.0993621315193	62	S
285.0993621315193	285.1993621315193	32	IY1
285.1993621315193	285.30936213151926	47	CH
285.30936213151926	285.4683621315193	68	Y
285.4683621315193	285.51836213151927	28	IH1
285.51836213151927	285.5883621315193	61	R
285.5883621315193	297.7175594104308	74	sp
297.7175594104308	297.7675594104308	35	OW1
297.7675594104308	297.79755941043084	58	N
297.79755941043084	297.9575594104308	56	L
297.9575594104308	298.1265594104308	31	IY0
298.1265594104308	298.1697392216731	49	DH
298.1697392216731	298.28928209145676	6	AH0
298.28928209145676	298.34905352634854	46	B
298.34905352634854	298.47689798431156	19	EH1
298.47689798431156	298.5919166395346	62	S
298.5919166395346	298.68746822147426	64	T
298.68746822147426	298.7830501438547	60	P
298.7830501438547	298.86938666092067	56	L
298.86938666092067	298.96236444853014	25	EY1
298.96236444853014	299.0420596950525	21	ER0
299.0420596950525	299.3075645167335	69	Z
299.3075645167335	299.3974763227704	6	AH0
299.3974763227704	299.48072929478406	58	N
299.48072929478406	299.5272181885888	53	JH
299.5272181885888	299.83258972005	38	OY1
299.83258972005	299.86763884919566	60	P
299.86763884919566	299.9606166368051	2	AA2
299.9606166368051	300.0502737891428	60	P
300.0502737891428	300.06763459867096	68	Y
300.06763459867096	300.12242508065515	6	AH0
300.12242508065515	300.19713937426985	56	L
300.19713937426985	300.2586266720484	19	EH1
300.2586266720484	300.3134171540326	61	R
300.3134171540326	300.39643303582676	6	AH0
300.39643303582676	300.43794097672384	64	T
300.43794097672384	300.6521219517528	31	IY0
300.6521219517528	313.402729478458	74	sp
313.402729478458	313.57272947845803	54	K
313.57272947845803	313.60272947845806	4	AE1
313.60272947845806	313.69172947845806	56	L
313.69172947845806	313.84172947845803	62	S
313.84172947845803	313.89172947845805	31	IY0
313.89172947845805	313.95172947845805	6	AH0
313.95172947845805	314.101729478458	57	M
314.101729478458	314.16072947845805	57	M
314.16072947845805	314.29072947845805	25	EY1
314.29072947845805	314.320729478458	54	K
314.320729478458	314.440729478458	62	S
314.440729478458	314.49072947845804	74	sp
314.49072947845804	314.53072947845806	46	B
314.53072947845806	314.859729478458	35	OW1
314.859729478458	314.88972947845804	58	N
314.88972947845804	315.01872947845806	69	Z
315.01872947845806	315.07872947845806	4	AE1
315.07872947845806	315.178729478458	58	N
315.178729478458	315.20872947845805	48	D
315.20872947845805	315.32872947845806	64	T
315.32872947845806	315.44772947845803	32	IY1
315.44772947845803	315.48772947845805	65	TH
315.48772947845805	315.597729478458	74	sp
315.597729478458	315.72772947845806	62	S
315.72772947845806	315.777729478458	64	T
315.777729478458	315.85772947845805	61	R
315.85772947845805	315.96672947845803	10	AO1
315.96672947845803	315.996729478458	59	NG
315.996729478458	328.83665238095233	74	sp
328.83665238095233	328.91565238095234	58	N
328.91565238095234	328.98565238095233	7	AH1
328.98565238095233	329.09565238095234	65	TH
329.09565238095234	329.15565238095235	27	IH0
329.15565238095235	329.41465238095236	59	NG
329.41465238095236	329.56465238095234	28	IH1
329.56465238095234	329.70371962121794	69	Z
329.70371962121794	329.77345296192505	19	EH1
329.77345296192505	329.8896751964369	69	Z
329.8896751964369	329.9280004513658	6	AH0
329.9280004513658	330.0691274504159	50	F
330.0691274504159	330.1853496849277	19	EH1
330.1853496849277	330.25342270799894	58	N
330.25342270799894	330.3696449425108	62	S
330.3696449425108	330.5306957531915	27	IH0
330.5306957531915	330.6283705792841	66	V
330.6283705792841	330.82005858734965	19	EH1
330.82005858734965	330.99996588522134	69	Z
330.99996588522134	331.2705976598703	74	sp
331.2705976598703	331.345367498736	28	IH1
331.345367498736	331.39019607490485	58	N
331.39019607490485	331.4632500508837	6	AH0
331.4632500508837	331.587773873575	62	S
331.587773873575	331.6907135669997	6	AH0
331.6907135669997	331.7936532604245	58	N
331.7936532604245	332.03309544006476	62	S
332.03309544006476	344.90785419501134	74	sp
344.90785419501134	345.0578541950114	62	S
345.0578541950114	345.09785419501134	64	T
345.09785419501134	345.40685419501136	32	IY1
345.40685419501136	345.52685419501137	66	V
345.52685419501137	345.60685419501135	67	W
345.60685419501135	345.7568541950114	10	AO1
345.7568541950114	345.81585419501135	61	R
345.81585419501135	345.96585419501133	25	EY1
345.96585419501133	346.02585419501133	46	B
346.02585419501133	346.13585419501135	61	R
346.13585419501135	346.26485419501137	16	AY1
346.26485419501137	346.42485419501133	64	T
346.42485419501133	346.58485419501136	61	R
346.58485419501136	346.68385419501135	19	EH1
346.68385419501135	346.8438541950114	48	D
346.8438541950114	347.00385419501134	54	K
347.00385419501134	347.12285419501137	4	AE1
347.12285419501137	347.25285419501137	70	ZH
347.25285419501137	347.33285419501135	57	M
347.33285419501135	347.41285419501133	27	IH0
347.41285419501133	347.4828541950114	61	R
347.4828541950114	347.65185419501137	62	S
347.65185419501137	347.72185419501136	67	W
347.72185419501136	347.75185419501133	19	EH1
347.75185419501133	347.79185419501135	64	T
347.79185419501135	347.93185419501134	21	ER0
347.93185419501134	360.8022759637188	74	sp
360.8022759637188	360.84227596371875	46	B
360.84227596371875	361.05127596371875	1	AA1
361.05127596371875	361.16127596371877	61	R
361.16127596371877	361.19127596371874	46	B
361.19127596371874	361.3312759637188	69	Z
361.3312759637188	361.41027596371873	51	G
361.41027596371873	361.5402759637188	35	OW1
361.5402759637188	361.69027596371876	56	L
361.69027596371876	361.72027596371873	48	D
361.72027596371873	361.80927596371873	46	B
361.80927596371873	361.90927596371876	61	R
361.90927596371876	361.9492759637188	25	EY1
361.9492759637188	362.1292759637188	62	S
362.1292759637188	362.16927596371875	56	L
362.16927596371875	362.26827596371874	6	AH0
362.26827596371874	362.3382759637188	64	T
362.3382759637188	362.4682759637188	74	sp
362.4682759637188	362.5882759637188	67	W
362.5882759637188	362.61827596371876	6	AH0
362.61827596371876	362.7472759637188	69	Z
362.7472759637188	362.8072759637188	25	EY1
362.8072759637188	362.9272759637188	74	sp
362.9272759637188	362.95727596371876	51	G
362.95727596371876	362.98727596371873	61	R
362.98727596371873	363.10627596371876	5	AE2
363.10627596371876	363.25627596371874	53	JH
363.25627596371874	363.35627596371876	43	UW0
363.35627596371876	363.43627596371874	25	EY1
363.43627596371874	363.58527596371874	63	SH
363.58527596371874	363.62527596371876	6	AH0
363.62527596371876	363.7352759637188	58	N
363.7352759637188	363.80527596371877	60	P
363.80527596371877	363.8552759637188	21	ER0
363.8552759637188	363.98427596371874	69	Z
363.98427596371874	364.0142759637188	19	EH1
364.0142759637188	364.05427596371874	58	N
364.05427596371874	364.08427596371877	64	T
364.08427596371877	392.4658587301587	74	sp
