25.4937	25.633699999999997	30	ARE
25.633699999999997	25.8627	496	YOUR
25.8627	26.4117	192	GRADES
26.4117	26.9407	206	HIGHER
26.9407	27.049699999999998	302	OR
27.049699999999998	27.4397	251	LOWER
27.4397	27.616549936338526	432	THAN
27.616549936338526	28.371447099376432	275	NANCYS
28.371447099376432	29.2347	99999	sp
39.0827	39.361700000000006	375	SHE
39.361700000000006	39.651700000000005	490	WORE
39.651700000000005	40.1907	471	WARM
40.1907	40.678700000000006	158	FLEECY
40.678700000000006	41.1177	489	WOOLEN
41.1177	41.9667	311	OVERALLS
41.9667	43.502700000000004	99999	sp
43.502700000000004	52.2027	99999	{NS}
52.2027	52.2927	99999	sp
52.2927	52.7517	354	READING
52.7517	52.9517	217	IN
52.9517	53.020700000000005	99999	sp
53.020700000000005	53.230700000000006	335	POOR
53.230700000000006	53.5897	240	LIGHT
53.5897	53.709700000000005	99999	sp
53.709700000000005	54.0287	181	GIVES
54.0287	54.288700000000006	495	YOU
54.288700000000006	54.8667	150	EYESTRAIN
54.8667	56.932700000000004	99999	sp
56.932700000000004	63.6867	99999	{NS}
63.6867	66.1417	99999	sp
66.1417	66.58070000000001	142	EVEN
66.58070000000001	66.9597	211	I
66.9597	67.7977	293	OCCASIONALLY
67.7977	68.0667	177	GET
68.0667	68.1367	99999	sp
68.1367	68.2367	434	THE
68.2367	68.88470000000001	265	MONDAY
68.88470000000001	69.3737	56	BLUES
82.3647	82.6537	476	WE
82.6537	82.8837	30	ARE
82.8837	83.23270000000001	301	OPEN
83.23270000000001	83.9507	145	EVERY
83.9507	84.2610199483331	88888	M
84.2610199483331	84.43045825147479	99999	sp
84.43045825147479	84.83502467257073	145	EVERY
84.83502467257073	85.21404227133014	265	MONDAY
85.21404227133014	85.4773742756384	88888	EVE
125.97569999999999	126.1369286814971	226	IT'S
126.1369286814971	126.35941124470548	285	NOT
126.35941124470548	126.71471921878452	133	EASY
126.71471921878452	126.85750653547049	446	TO
126.85750653547049	127.244524743521	113	CREATE
127.244524743521	127.51349620053409	99999	sp
127.51349620053409	128.4757871029366	215	ILLUMINATING
128.4757871029366	129.39178980961842	146	EXAMPLES
129.39178980961842	140.9422252077911	99999	sp
140.9422252077911	141.38722439653947	270	MUM
141.38722439653947	142.01372974032532	407	STRONGLY
142.01372974032532	142.6645742535916	126	DISLIKES
142.6645742535916	143.66740610566515	27	APPETIZERS
143.66740610566515	155.5977	99999	{NS}
155.5977	156.0267	443	THOSE
156.0267	156.1467	484	WHO
156.1467	156.5057	427	TEACH
156.5057	156.5357	99999	sp
156.5357	157.2447	462	VALUES
157.2447	157.7427	156	FIRST
157.7427	158.4017	4	ABOLISH
158.4017	158.7407	88888	CHEE
158.7407	158.8307	99999	sp
158.8307	159.3097	87	CHEATING
159.3097	175.12521445485729	99999	sp
175.12521445485729	175.2899507977835	434	THE
175.2899507977835	175.97058979633803	165	FRIGHTENED
175.97058979633803	176.5206110629468	89	CHILD
176.5206110629468	176.859315860667	472	WAS
176.859315860667	177.1915983196966	176	GENTLY
177.1915983196966	177.7977	410	SUBDUED
177.7977	177.8877	99999	sp
177.8877	178.1167	73	BY
178.1167	178.3767	208	HIS
178.3767	178.4557	99999	sp
178.4557	178.5957	52	BIG
178.5957	179.1147	66	BROTHER
179.1147	180.82070000000002	99999	sp
180.82070000000002	189.2817	99999	{NS}
189.2817	191.9957	99999	sp
191.9957	192.3847	142	EVEN
192.3847	192.5637	1	A
192.5637	193.0727	383	SIMPLE
193.0727	194.04070000000002	468	VOCABULARY
194.04070000000002	194.71636833441036	104	CONTAINS
194.71636833441036	195.56475414715237	422	SYMBOLS
195.56475414715237	208.5077	99999	sp
208.5077	208.7177	1	A
208.7177	209.2257	110	CRAB
209.2257	209.9047	85	CHALLENGED
209.9047	210.2037	258	ME
210.2037	210.3937	99999	sp
210.3937	210.5627	70	BUT
210.5627	210.6627	1	A
210.6627	210.9027	99999	sp
210.9027	211.2417	350	QUICK
211.2417	211.7407	402	STAB
211.7407	212.4287	464	VANQUISHED
212.4287	212.5487	207	HIM
212.5487	214.4247	99999	sp
214.4247	223.2747	99999	{NS}
223.2747	225.7187	99999	sp
225.7187	226.4167	183	GLUCOSE
226.4167	226.5967	20	AND
226.5967	227.3447	167	FRUCTOSE
227.3447	227.3847	99999	sp
227.3847	227.6347	30	ARE
227.6347	228.2127	276	NATURAL
228.2127	228.8017	414	SUGARS
228.8017	229.1807	163	FOUND
229.1807	229.1907	99999	sp
229.1907	229.3607	217	IN
229.3607	229.7797	168	FRUIT
229.7797	231.7147	99999	sp
231.7147	243.0197	99999	{NS}
243.0197	243.1587	30	ARE
243.1587	243.5477	495	YOU
243.5477	243.9767	250	LOOKING
243.9767	244.2467	161	FOR
244.2467	244.8947	136	EMPLOYMENT
244.8947	247.2797	99999	sp
247.2797	252.39770000000001	99999	{NS}
252.39770000000001	257.1867	99999	sp
257.1867	257.8157	98	COFFEE
257.8157	258.05469999999997	224	IS
258.05469999999997	258.4747	198	GROWN
258.4747	258.7537	297	ON
258.7537	259.29269999999997	404	STEEP
259.29269999999997	259.50169999999997	99999	sp
259.50169999999997	260.0107	231	JUNGLE
260.0107	260.37969999999996	241	LIKE
260.37969999999996	260.4597	99999	sp
260.4597	261.11769999999996	390	SLOPES
261.11769999999996	261.17769999999996	99999	sp
261.17769999999996	261.36769999999996	217	IN
261.36769999999996	261.81669999999997	431	TEMPERATE
261.81669999999997	261.8667	99999	sp
261.8667	262.5347	497	ZONES
262.5347	264.1217	99999	sp
264.1217	271.9437	99999	{NS}
271.9437	276.74269999999996	99999	sp
276.74269999999996	276.9427	476	WE
276.9427	277.4407	480	WELCOME
277.4407	277.87969999999996	256	MANY
277.87969999999996	278.3087	282	NEW
278.3087	278.91769999999997	408	STUDENTS
278.91769999999997	279.12769999999995	132	EACH
279.12769999999995	279.4067	491	YEAR
279.4067	281.3617	99999	sp
281.3617	286.4007	99999	{NS}
286.4007	291.52869999999996	99999	sp
291.52869999999996	291.93769999999995	298	ONLY
291.93769999999995	292.09959252220796	434	THE
292.09959252220796	292.4986088110434	51	BEST
292.4986088110434	293.1187051063027	330	PLAYERS
293.1187051063027	293.6437303096192	139	ENJOY
293.6437303096192	294.4636343776803	336	POPULARITY
294.4636343776803	307.03369999999995	99999	sp
307.03369999999995	307.73269999999997	75	CALCIUM
307.73269999999997	308.07169999999996	254	MAKES
308.07169999999996	308.1217	99999	sp
308.1217	308.6497	58	BONES
308.6497	308.8397	20	AND
308.8397	309.1187	430	TEETH
309.1187	309.22869999999995	99999	sp
309.22869999999995	309.62769999999995	406	STRONG
309.62769999999995	311.9627	99999	sp
311.9627	319.9547	99999	{NS}
319.9547	322.25969999999995	99999	sp
322.25969999999995	322.8377	286	NOTHING
322.8377	323.12676724026556	224	IS
323.12676724026556	323.3127228154845	34	AS
323.3127228154845	324.0514181983317	295	OFFENSIVE
324.0514181983317	324.42301350426897	34	AS
324.42301350426897	324.69198496128206	99999	sp
324.69198496128206	325.45656123260636	219	INNOCENCE
325.45656123260636	335.99769999999995	99999	{NS}
335.99769999999995	338.58169999999996	99999	sp
338.58169999999996	339.2007	405	STEVE
339.2007	339.48969999999997	490	WORE
339.48969999999997	339.63969999999995	1	A
339.63969999999995	340.09869999999995	65	BRIGHT
340.09869999999995	340.5177	356	RED
340.5177	341.1567	78	CASHMERE
341.1567	341.60569999999996	420	SWEATER
341.60569999999996	343.39169999999996	99999	sp
343.39169999999996	350.55469999999997	99999	{NS}
350.55469999999997	353.4187	99999	sp
353.4187	353.9477	46	BARB'S
353.9477	354.33669999999995	188	GOLD
354.33669999999995	354.9547	63	BRACELET
354.9547	355.0847	99999	sp
355.0847	355.3637	472	WAS
355.3637	355.4237	1	A
355.4237	355.5437	99999	sp
355.5437	356.3517	193	GRADUATION
356.3517	356.7007	339	PRESENT
