392.4658587301587	392.5558587301587	67	W
392.5558587301587	392.66585873015873	32	IY1
392.66585873015873	392.7848587301587	67	W
392.7848587301587	392.8248587301587	19	EH1
392.8248587301587	392.9348587301587	56	L
392.9348587301587	393.00485873015873	54	K
393.00485873015873	393.0748587301587	6	AH0
393.0748587301587	393.1638587301587	57	M
393.1638587301587	393.2938587301587	57	M
393.2938587301587	393.3538587301587	19	EH1
393.3538587301587	393.4138587301587	58	N
393.4138587301587	393.6028587301587	31	IY0
393.6028587301587	393.74285873015873	58	N
393.74285873015873	393.8528587301587	68	Y
393.8528587301587	394.0318587301587	44	UW1
394.0318587301587	394.1518587301587	62	S
394.1518587301587	394.2018587301587	64	T
394.2018587301587	394.2818587301587	44	UW1
394.2818587301587	394.3118587301587	48	D
394.3118587301587	394.3418587301587	6	AH0
394.3418587301587	394.4608587301587	58	N
394.4608587301587	394.4908587301587	64	T
394.4908587301587	394.6408587301587	62	S
394.6408587301587	394.7408587301587	32	IY1
394.7408587301587	394.8508587301587	47	CH
394.8508587301587	395.0098587301587	68	Y
395.0098587301587	395.0598587301587	28	IH1
395.0598587301587	395.12985873015873	61	R
395.12985873015873	407.900960770975	74	sp
407.900960770975	408.059960770975	32	IY1
408.059960770975	408.129960770975	66	V
408.129960770975	408.179960770975	6	AH0
408.179960770975	408.28996077097503	58	N
408.28996077097503	408.46896077097506	25	EY1
408.46896077097506	408.628960770975	62	S
408.628960770975	408.658960770975	28	IH1
408.658960770975	408.72896077097505	57	M
408.72896077097505	408.788960770975	60	P
408.788960770975	408.818960770975	6	AH0
408.818960770975	408.977960770975	56	L
408.977960770975	409.047960770975	66	V
409.047960770975	409.11796077097506	34	OW0
409.11796077097506	409.26696077097506	54	K
409.26696077097506	409.376960770975	4	AE1
409.376960770975	409.456960770975	46	B
409.456960770975	409.496960770975	68	Y
409.496960770975	409.54696077097503	6	AH0
409.54696077097503	409.626960770975	56	L
409.626960770975	409.705960770975	20	EH2
409.705960770975	409.785960770975	61	R
409.785960770975	409.94596077097503	31	IY0
409.94596077097503	410.05596077097505	54	K
410.05596077097505	410.085960770975	6	AH0
410.085960770975	410.154960770975	58	N
410.154960770975	410.274960770975	64	T
410.274960770975	410.374960770975	25	EY1
410.374960770975	410.4489560712535	58	N
410.4489560712535	410.6216291053854	69	Z
410.6216291053854	410.79098150424545	62	S
410.79098150424545	410.8961181193072	28	IH1
410.8961181193072	410.96253082474243	57	M
410.96253082474243	411.0223022596343	46	B
411.0223022596343	411.06381020053135	6	AH0
411.06381020053135	411.18169275267906	56	L
411.18169275267906	411.46892770368686	69	Z
411.46892770368686	421.9268111111111	74	sp
421.9268111111111	421.98333912513635	6	AH0
421.98333912513635	422.00867326154	64	T
422.00867326154	422.0881180162172	62	S
422.0881180162172	422.1404466066605	58	N
422.1404466066605	422.2761918658505	1	AA1
422.2761918658505	422.3105223558166	64	T
422.3105223558166	422.4621617335259	32	IY1
422.4621617335259	422.5425143149435	69	Z
422.5425143149435	422.66537781999887	31	IY0
422.66537781999887	422.71348227841617	64	T
422.71348227841617	422.8086176465816	44	UW1
422.8086176465816	422.85439383277526	54	K
422.85439383277526	422.9374097145694	61	R
422.9374097145694	422.98389860837415	31	IY0
422.98389860837415	423.14993037196245	25	EY1
423.14993037196245	423.1956358546321	64	T
423.1956358546321	423.4646073116452	74	sp
423.4646073116452	423.52899365503856	29	IH2
423.52899365503856	423.64853652482213	56	L
423.64853652482213	423.8378127353128	44	UW1
423.8378127353128	423.91750798183523	57	M
423.91750798183523	423.96239129096733	6	AH0
423.96239129096733	424.01220082004386	58	N
424.01220082004386	424.1510654072058	26	EY2
424.1510654072058	424.19091303046696	64	T
424.19091303046696	424.2791652962161	27	IH0
424.2791652962161	424.4268982140477	59	NG
424.4268982140477	424.52173586994473	27	IH0
424.52173586994473	424.55789357744464	51	G
424.55789357744464	424.61766501233643	69	Z
424.61766501233643	424.7421888350277	4	AE1
424.7421888350277	424.83018566972953	57	M
424.83018566972953	424.8633920224472	60	P
424.8633920224472	424.9517180322764	6	AH0
424.9517180322764	425.0837132843291	56	L
425.0837132843291	425.3429009207295	69	Z
425.3429009207295	442.36200385487524	74	sp
442.36200385487524	442.41200385487525	1	AA1
442.41200385487525	442.50100385487525	61	R
442.50100385487525	442.7210038548752	68	Y
442.7210038548752	442.8900038548752	44	UW1
442.8900038548752	442.9400038548753	56	L
442.9400038548753	442.97000385487524	41	UH1
442.97000385487524	443.08000385487526	54	K
443.08000385487526	443.1300038548752	27	IH0
443.1300038548752	443.31900385487523	59	NG
443.31900385487523	443.42900385487525	50	F
443.42900385487525	443.5290038548752	10	AO1
443.5290038548752	443.5890038548753	61	R
443.5890038548753	443.6390038548752	6	AH0
443.6390038548752	443.72900385487526	57	M
443.72900385487526	443.8580038548753	60	P
443.8580038548753	443.89800385487524	56	L
443.89800385487524	443.94800385487525	38	OY1
443.94800385487525	444.0480038548752	57	M
444.0480038548752	444.08800385487524	6	AH0
444.08800385487524	444.13800385487525	58	N
444.13800385487525	444.23700385487524	64	T
444.23700385487524	458.00971360544213	74	sp
458.00971360544213	458.189627567507	57	M
458.189627567507	458.34901806055177	7	AH1
458.34901806055177	458.4547127941905	57	M
458.4547127941905	458.56265857321364	62	S
458.56265857321364	458.6041665141107	64	T
458.6041665141107	458.6539760431872	61	R
458.6539760431872	458.8034046304167	10	AO1
458.8034046304167	458.9378456059	59	NG
458.9378456059	459.01754085242237	56	L
459.01754085242237	459.0822932402218	31	IY0
459.0822932402218	459.16198848674424	48	D
459.16198848674424	459.23207826752446	29	IH2
459.23207826752446	459.35162113730803	62	S
459.35162113730803	459.4147132074716	56	L
459.4147132074716	459.539794066784	16	AY1
459.539794066784	459.6178289956705	54	K
459.6178289956705	459.7311873332577	62	S
459.7311873332577	459.89203754739026	4	AE1
459.89203754739026	459.9717327939127	60	P
459.9717327939127	460.0769901398685	6	AH0
460.0769901398685	460.1384218923962	64	T
460.1384218923962	460.2770861876179	17	AY2
460.2770861876179	460.34183857541734	69	Z
460.34183857541734	460.5143665582518	21	ER0
460.5143665582518	460.73518880382437	69	Z
460.73518880382437	473.7276274376417	74	sp
473.7276274376417	473.76762743764164	46	B
473.76762743764164	473.97662743764164	1	AA1
473.97662743764164	474.08662743764165	61	R
474.08662743764165	474.1166274376416	46	B
474.1166274376416	474.25662743764167	69	Z
474.25662743764167	474.3356274376416	51	G
474.3356274376416	474.4656274376417	35	OW1
474.4656274376417	474.61562743764165	56	L
474.61562743764165	474.6456274376416	48	D
474.6456274376416	474.7346274376416	46	B
474.7346274376416	474.83462743764164	61	R
474.83462743764164	474.87462743764166	25	EY1
474.87462743764166	475.05462743764167	62	S
475.05462743764167	475.09462743764163	56	L
475.09462743764163	475.1936274376416	6	AH0
475.1936274376416	475.2636274376417	64	T
475.2636274376417	475.39362743764167	74	sp
475.39362743764167	475.5136274376417	67	W
475.5136274376417	475.54362743764165	6	AH0
475.54362743764165	475.67262743764167	69	Z
475.67262743764167	475.73262743764167	25	EY1
475.73262743764167	475.8526274376417	74	sp
475.8526274376417	475.88262743764164	51	G
475.88262743764164	475.9126274376416	61	R
475.9126274376416	476.03162743764165	5	AE2
476.03162743764165	476.1816274376416	53	JH
476.1816274376416	476.28162743764165	43	UW0
476.28162743764165	476.36162743764163	25	EY1
476.36162743764163	476.51062743764163	63	SH
476.51062743764163	476.55062743764165	6	AH0
476.55062743764165	476.66062743764166	58	N
476.66062743764166	476.73062743764166	60	P
476.73062743764166	476.78062743764167	21	ER0
476.78062743764167	476.90962743764163	69	Z
476.90962743764163	476.93962743764166	19	EH1
476.93962743764166	476.9796274376416	58	N
476.9796274376416	477.00962743764165	64	T
477.00962743764165	501.0826387755102	74	sp
501.0826387755102	501.16263877551023	49	DH
501.16263877551023	501.3326387755102	35	OW1
501.3326387755102	501.51163877551016	69	Z
501.51163877551016	501.5516387755102	52	HH
501.5516387755102	501.63163877551017	44	UW1
501.63163877551017	501.7516387755102	64	T
501.7516387755102	501.8906387755102	32	IY1
501.8906387755102	501.9906387755102	47	CH
501.9906387755102	502.0206387755102	74	sp
502.0206387755102	502.0706387755102	66	V
502.0706387755102	502.2106387755102	4	AE1
502.2106387755102	502.2606387755102	56	L
502.2606387755102	502.5196387755102	68	Y
502.5196387755102	502.55963877551017	43	UW0
502.55963877551017	502.7296387755102	69	Z
502.7296387755102	502.8586387755102	50	F
502.8586387755102	502.9986387755102	22	ER1
502.9986387755102	503.1986387755102	62	S
503.1986387755102	503.2276387755102	64	T
503.2276387755102	503.2976387755102	6	AH0
503.2976387755102	503.4076387755102	46	B
503.4076387755102	503.5276387755102	1	AA1
503.5276387755102	503.6666387755102	56	L
503.6666387755102	503.6966387755102	29	IH2
503.6966387755102	503.88663877551016	63	SH
503.88663877551016	504.0566387755102	47	CH
504.0566387755102	504.2256387755102	32	IY1
504.2256387755102	504.3156387755102	74	sp
504.3156387755102	518.2716637188208	74	sp
518.2716637188208	518.4706637188208	67	W
518.4706637188208	518.5606637188208	32	IY1
518.5606637188208	518.7906637188208	21	ER0
518.7906637188208	518.9496637188208	35	OW1
518.9496637188208	519.0296637188209	60	P
519.0296637188209	519.0696637188208	6	AH0
519.0696637188208	519.1396637188209	58	N
519.1396637188209	519.2986637188209	19	EH1
519.2986637188209	519.3686637188208	66	V
519.3686637188208	519.4986637188208	61	R
519.4986637188208	519.8576637188208	31	IY0
519.8576637188208	520.167983667154	57	M
520.167983667154	520.3374219702956	74	sp
520.3374219702956	520.4528140459895	19	EH1
520.4528140459895	520.5557537394143	66	V
520.5557537394143	520.5765077098628	61	R
520.5765077098628	520.7419883913916	31	IY0
520.7419883913916	520.7923490025277	57	M
520.7923490025277	520.8909159949304	6	AH0
520.8909159949304	520.941555682825	58	N
520.941555682825	520.9523477474581	48	D
520.9523477474581	521.1210059901509	25	EY1
521.1210059901509	521.2440411542271	32	IY1
521.2440411542271	521.3843379944592	66	V
521.3843379944592	542.6240446712018	74	sp
542.6240446712018	542.7940446712017	54	K
542.7940446712017	542.8240446712018	4	AE1
542.8240446712018	542.9130446712019	56	L
542.9130446712019	543.0630446712017	62	S
543.0630446712017	543.1130446712018	31	IY0
543.1130446712018	543.1730446712019	6	AH0
543.1730446712019	543.3230446712017	57	M
543.3230446712017	543.3820446712018	57	M
543.3820446712018	543.5120446712018	25	EY1
543.5120446712018	543.5420446712018	54	K
543.5420446712018	543.6620446712018	62	S
543.6620446712018	543.7120446712019	74	sp
543.7120446712019	543.7520446712018	46	B
543.7520446712018	544.0810446712018	35	OW1
544.0810446712018	544.1110446712017	58	N
544.1110446712017	544.2400446712019	69	Z
544.2400446712019	544.3000446712018	4	AE1
544.3000446712018	544.4000446712017	58	N
544.4000446712017	544.4300446712018	48	D
544.4300446712018	544.5500446712018	64	T
544.5500446712018	544.6690446712017	32	IY1
544.6690446712017	544.7090446712018	65	TH
544.7090446712018	544.8190446712018	74	sp
544.8190446712018	544.9490446712018	62	S
544.9490446712018	544.9990446712018	64	T
544.9990446712018	545.0790446712018	61	R
545.0790446712018	545.1880446712017	10	AO1
545.1880446712017	545.2180446712017	59	NG
545.2180446712017	556.7406886621314	74	sp
556.7406886621314	556.9306886621315	63	SH
556.9306886621315	557.0196886621314	32	IY1
557.0196886621314	557.0996886621315	67	W
557.0996886621315	557.2696886621314	10	AO1
557.2696886621314	557.3096886621315	61	R
557.3096886621315	557.4296886621315	67	W
557.4296886621315	557.6586886621315	10	AO1
557.6586886621315	557.6886886621315	61	R
557.6886886621315	557.8486886621315	57	M
557.8486886621315	557.9676886621315	50	F
557.9676886621315	557.9976886621315	56	L
557.9976886621315	558.0876886621315	32	IY1
558.0876886621315	558.2376886621315	62	S
558.2376886621315	558.3366886621315	31	IY0
558.3366886621315	558.4966886621315	67	W
558.4966886621315	558.5266886621315	41	UH1
558.5266886621315	558.6366886621315	56	L
558.6366886621315	558.6766886621315	6	AH0
558.6766886621315	558.7756886621315	58	N
558.7756886621315	558.9356886621315	35	OW1
558.9356886621315	559.0056886621315	66	V
559.0056886621315	559.1156886621314	21	ER0
559.1156886621314	559.1456886621315	11	AO2
559.1456886621315	559.3846886621315	56	L
559.3846886621315	559.6246886621315	69	Z
559.6246886621315	570.7922986394558	74	sp
570.7922986394558	571.0022986394557	25	EY1
571.0022986394557	571.1412986394557	54	K
571.1412986394557	571.2112986394558	61	R
571.2112986394558	571.4712986394558	4	AE1
571.4712986394558	571.5102986394558	46	B
571.5102986394558	571.7202986394558	47	CH
571.7202986394558	571.8602986394558	4	AE1
571.8602986394558	571.9202986394558	56	L
571.9202986394558	571.9492986394558	6	AH0
571.9492986394558	571.9992986394558	58	N
571.9992986394558	572.1192986394558	53	JH
572.1192986394558	572.1892986394557	48	D
572.1892986394557	572.2192986394558	57	M
572.2192986394558	572.4882986394558	32	IY1
572.4882986394558	572.6782986394558	74	sp
572.6782986394558	572.7182986394558	46	B
572.7182986394558	572.8072986394558	7	AH1
572.8072986394558	572.8472986394557	64	T
572.8472986394557	572.9472986394558	6	AH0
572.9472986394558	573.1872986394558	74	sp
573.1872986394558	573.2762986394558	54	K
573.2762986394558	573.3062986394558	67	W
573.3062986394558	573.3862986394557	28	IH1
573.3862986394557	573.5262986394558	54	K
573.5262986394558	573.6852986394557	62	S
573.6852986394557	573.7352986394558	64	T
573.7352986394558	573.9952986394558	4	AE1
573.9952986394558	574.0252986394557	46	B
574.0252986394557	574.1642986394558	66	V
574.1642986394558	574.2042986394557	4	AE1
574.2042986394557	574.3242986394558	59	NG
574.3242986394558	574.3942986394558	54	K
574.3942986394558	574.4342986394557	67	W
574.4342986394557	574.4742986394558	27	IH0
574.4742986394558	574.6232986394558	63	SH
574.6232986394558	574.7132986394557	64	T
574.7132986394557	574.8032986394558	29	IH2
574.8032986394558	574.8332986394557	57	M
574.8332986394557	585.5573780045352	74	sp
585.5573780045352	585.7073780045351	54	K
585.7073780045351	585.8773780045352	1	AA1
585.8773780045352	585.9663780045352	50	F
585.9663780045352	586.1863780045352	31	IY0
586.1863780045352	586.2863780045351	28	IH1
586.2863780045351	586.4253780045352	69	Z
586.4253780045352	586.5053780045351	51	G
586.5053780045351	586.6153780045352	61	R
586.6153780045352	586.7653780045351	35	OW1
586.7653780045351	586.8453780045352	58	N
586.8453780045352	587.0343780045351	1	AA1
587.0343780045351	587.1243780045352	58	N
587.1243780045352	587.3233780045351	62	S
587.3233780045351	587.3933780045352	64	T
587.3933780045352	587.5433780045352	32	IY1
587.5433780045352	587.6633780045352	60	P
587.6633780045352	587.8723780045351	74	sp
587.8723780045351	587.9823780045352	53	JH
587.9823780045352	588.0323780045352	7	AH1
588.0323780045352	588.1223780045351	59	NG
588.1223780045351	588.1813780045352	51	G
588.1813780045352	588.2113780045352	6	AH0
588.2113780045352	588.3813780045351	56	L
588.3813780045351	588.5013780045352	56	L
588.5013780045352	588.6603780045351	16	AY1
588.6603780045351	588.7503780045352	54	K
588.7503780045352	588.8303780045352	74	sp
588.8303780045352	589.0203780045352	62	S
589.0203780045352	589.0693780045352	56	L
589.0693780045352	589.2293780045352	35	OW1
589.2293780045352	589.2893780045353	60	P
589.2893780045353	589.4883780045351	62	S
589.4883780045351	589.5483780045352	74	sp
589.5483780045352	589.6183780045352	28	IH1
589.6183780045352	589.7383780045351	58	N
589.7383780045351	589.8783780045352	64	T
589.8783780045352	589.9083780045352	19	EH1
589.9083780045352	589.9573780045351	57	M
589.9573780045351	590.0473780045352	60	P
590.0473780045352	590.0973780045352	61	R
590.0973780045352	590.1273780045352	6	AH0
590.1273780045352	590.1873780045352	64	T
590.1873780045352	590.2373780045351	74	sp
590.2373780045351	590.3763780045352	69	Z
590.3763780045352	590.6763780045352	35	OW1
590.6763780045352	590.7363780045351	58	N
590.7363780045351	590.9053780045352	69	Z
590.9053780045352	604.3025027210884	74	sp
604.3025027210884	604.4415027210883	32	IY1
604.4415027210883	604.5315027210884	66	V
604.5315027210884	604.5715027210885	6	AH0
604.5715027210885	604.7415027210884	58	N
604.7415027210884	605.1205027210884	16	AY1
605.1205027210884	605.2395027210883	6	AH0
605.2395027210883	605.4195027210884	54	K
605.4195027210884	605.5295027210884	25	EY1
605.5295027210884	605.6295027210884	70	ZH
605.6295027210884	605.6595027210884	6	AH0
605.6595027210884	605.7485027210884	58	N
605.7485027210884	605.7985027210884	56	L
605.7985027210884	605.9585027210884	31	IY0
605.9585027210884	606.0485027210884	51	G
606.0485027210884	606.1085027210884	28	IH1
606.1085027210884	606.2275027210884	64	T
606.2275027210884	606.2975027210884	74	sp
606.2975027210884	606.3375027210884	49	DH
606.3375027210884	606.3975027210884	6	AH0
606.3975027210884	606.5565027210883	57	M
606.5565027210883	606.5965027210884	7	AH1
606.5965027210884	606.7065027210884	58	N
606.7065027210884	606.7765027210884	48	D
606.7765027210884	607.0455027210884	31	IY0
607.0455027210884	607.0855027210883	46	B
607.0855027210883	607.1355027210884	56	L
607.1355027210884	607.3655027210884	44	UW1
607.3655027210884	607.5345027210884	69	Z
607.5345027210884	619.1501217687074	74	sp
619.1501217687074	619.2001217687074	35	OW1
619.2001217687074	619.2301217687075	58	N
619.2301217687075	619.3901217687074	56	L
619.3901217687074	619.5591217687074	31	IY0
619.5591217687074	619.6023015799498	49	DH
619.6023015799498	619.7218444497333	6	AH0
619.7218444497333	619.7816158846252	46	B
619.7816158846252	619.9094603425882	19	EH1
619.9094603425882	620.0244789978112	62	S
620.0244789978112	620.120030579751	64	T
620.120030579751	620.2156125021314	60	P
620.2156125021314	620.3019490191973	56	L
620.3019490191973	620.3949268068068	25	EY1
620.3949268068068	620.4746220533292	21	ER0
620.4746220533292	620.7401268750101	69	Z
620.7401268750101	620.8300386810471	6	AH0
620.8300386810471	620.9132916530607	58	N
620.9132916530607	620.9597805468654	53	JH
620.9597805468654	621.2651520783267	38	OY1
621.2651520783267	621.3002012074722	60	P
621.3002012074722	621.3931789950817	2	AA2
621.3931789950817	621.4828361474194	60	P
621.4828361474194	621.5001969569477	68	Y
621.5001969569477	621.5549874389318	6	AH0
621.5549874389318	621.6297017325466	56	L
621.6297017325466	621.6911890303251	19	EH1
621.6911890303251	621.7459795123092	61	R
621.7459795123092	621.8289953941033	6	AH0
621.8289953941033	621.8705033350005	64	T
621.8705033350005	622.0846843100295	31	IY0
622.0846843100295	633.7920265306122	74	sp
633.7920265306122	633.8520265306122	51	G
633.8520265306122	633.8820265306123	56	L
633.8820265306123	634.0310265306122	44	UW1
634.0310265306122	634.1510265306122	54	K
634.1510265306122	634.2610265306122	36	OW2
634.2610265306122	634.4900265306122	62	S
634.4900265306122	634.5700265306122	4	AE1
634.5700265306122	634.6400265306122	58	N
634.6400265306122	634.6700265306122	48	D
634.6700265306122	634.8100265306122	50	F
634.8100265306122	634.8400265306122	61	R
634.8400265306122	634.9790265306123	44	UW1
634.9790265306123	635.0090265306122	54	K
635.0090265306122	635.1690265306122	64	T
635.1690265306122	635.2090265306123	36	OW2
635.2090265306123	635.4180265306122	62	S
635.4180265306122	635.4580265306122	74	sp
635.4580265306122	635.6280265306121	1	AA1
635.6280265306121	635.7080265306122	61	R
635.7080265306122	635.8570265306122	58	N
635.8570265306122	635.9870265306122	4	AE1
635.9870265306122	636.1370265306122	47	CH
636.1370265306122	636.1870265306122	21	ER0
636.1870265306122	636.2160265306122	6	AH0
636.2160265306122	636.2860265306123	56	L
636.2860265306123	636.4660265306122	63	SH
636.4660265306122	636.5060265306122	41	UH1
636.5060265306122	636.5960265306122	51	G
636.5960265306122	636.7450265306122	21	ER0
636.7450265306122	636.8750265306122	69	Z
636.8750265306122	636.9450265306122	50	F
636.9450265306122	637.1140265306123	13	AW1
637.1140265306123	637.1940265306122	58	N
637.1940265306122	637.2540265306122	48	D
637.2540265306122	637.2640265306122	74	sp
637.2640265306122	637.3540265306123	28	IH1
637.3540265306123	637.4340265306122	58	N
637.4340265306122	637.6130265306123	50	F
637.6130265306123	637.6730265306122	61	R
637.6730265306122	637.7030265306122	44	UW1
637.7030265306122	637.8530265306122	64	T
637.8530265306122	648.797708073824	74	sp
648.797708073824	648.8905521766397	49	DH
648.8905521766397	648.9618878048626	6	AH0
648.9618878048626	649.1212782979073	50	F
649.1212782979073	649.2067846561554	61	R
649.2067846561554	649.3674131664276	16	AY1
649.3674131664276	649.5541580898736	64	T
649.5541580898736	649.590685077863	6	AH0
649.590685077863	649.6205707953089	58	N
649.6205707953089	649.642118425381	48	D
649.642118425381	649.7501850368342	47	CH
649.7501850368342	649.9759882353143	16	AY1
649.9759882353143	650.1187755520003	56	L
650.1187755520003	650.1918295279792	48	D
650.1918295279792	650.2881279508604	67	W
650.2881279508604	650.427503400117	1	AA1
650.427503400117	650.5308444897099	69	Z
650.5308444897099	650.5722064654861	53	JH
650.5722064654861	650.6087334534756	19	EH1
650.6087334534756	650.6519017120086	58	N
650.6519017120086	650.7050318763569	64	T
650.7050318763569	650.7814064876075	56	L
650.7814064876075	650.8644223694016	31	IY0
650.8644223694016	650.9972477802722	62	S
650.9972477802722	651.08690493261	6	AH0
651.08690493261	651.1533176380453	46	B
651.1533176380453	651.199228629043	48	D
651.199228629043	651.4092286290429	44	UW1
651.4092286290429	651.469228629043	48	D
651.469228629043	651.5592286290429	74	sp
651.5592286290429	651.6192286290429	46	B
651.6192286290429	651.7882286290429	16	AY1
651.7882286290429	651.8982286290429	52	HH
651.8982286290429	651.9382286290429	6	AH0
651.9382286290429	652.0482286290429	69	Z
652.0482286290429	652.1272286290429	74	sp
652.1272286290429	652.157228629043	46	B
652.157228629043	652.2372286290429	28	IH1
652.2372286290429	652.267228629043	51	G
652.267228629043	652.3972286290428	46	B
652.3972286290428	652.4772286290429	61	R
652.4772286290429	652.546228629043	7	AH1
652.546228629043	652.5962286290429	49	DH
652.5962286290429	652.786228629043	21	ER0
652.786228629043	664.4285798185941	74	sp
664.4285798185941	664.5785798185942	62	S
664.5785798185942	664.6185798185942	64	T
664.6185798185942	664.9275798185942	32	IY1
664.9275798185942	665.0475798185942	66	V
665.0475798185942	665.1275798185942	67	W
665.1275798185942	665.2775798185942	10	AO1
665.2775798185942	665.3365798185941	61	R
665.3365798185941	665.4865798185941	25	EY1
665.4865798185941	665.5465798185941	46	B
665.5465798185941	665.6565798185942	61	R
665.6565798185942	665.7855798185941	16	AY1
665.7855798185941	665.9455798185942	64	T
665.9455798185942	666.1055798185942	61	R
666.1055798185942	666.2045798185942	19	EH1
666.2045798185942	666.3645798185942	48	D
666.3645798185942	666.5245798185941	54	K
666.5245798185941	666.6435798185942	4	AE1
666.6435798185942	666.7735798185942	70	ZH
666.7735798185942	666.8535798185941	57	M
666.8535798185941	666.9335798185941	27	IH0
666.9335798185941	667.0035798185942	61	R
667.0035798185942	667.1725798185942	62	S
667.1725798185942	667.2425798185942	67	W
667.2425798185942	667.2725798185942	19	EH1
667.2725798185942	667.3125798185941	64	T
667.3125798185941	667.4525798185941	21	ER0
667.4525798185941	679.0677408163265	74	sp
679.0677408163265	679.1577408163265	74	sp
679.1577408163265	679.2077408163265	61	R
679.2077408163265	679.4667408163265	32	IY1
679.4667408163265	679.5367408163265	48	D
679.5367408163265	679.5667408163265	27	IH0
679.5667408163265	679.6167408163266	59	NG
679.6167408163266	679.6567408163265	6	AH0
679.6567408163265	679.8167408163265	58	N
679.8167408163265	679.8857408163266	74	sp
679.8857408163266	679.9357408163265	60	P
679.9357408163265	680.0357408163266	41	UH1
680.0357408163266	680.0957408163265	61	R
680.0957408163265	680.2257408163265	56	L
680.2257408163265	680.4047408163265	16	AY1
680.4047408163265	680.4547408163265	64	T
680.4547408163265	680.5747408163265	74	sp
680.5747408163265	680.6147408163265	51	G
680.6147408163265	680.7737408163265	28	IH1
680.7737408163265	680.8037408163265	66	V
680.8037408163265	680.8937408163265	69	Z
680.8937408163265	681.0137408163265	68	Y
681.0137408163265	681.1537408163265	44	UW1
681.1537408163265	681.3227408163265	16	AY1
681.3227408163265	681.4727408163266	62	S
681.4727408163266	681.5127408163265	64	T
681.5127408163265	681.5727408163265	61	R
681.5727408163265	681.7017408163265	26	EY2
681.7017408163265	681.7317408163265	58	N
681.7317408163265	694.4164256235828	74	sp
694.4164256235828	694.4954256235827	58	N
694.4954256235827	694.5654256235828	7	AH1
694.5654256235828	694.6754256235828	65	TH
694.6754256235828	694.7354256235827	27	IH0
694.7354256235827	694.9944256235827	59	NG
694.9944256235827	695.1444256235828	28	IH1
695.1444256235828	695.2834928638484	69	Z
695.2834928638484	695.3532262045554	19	EH1
695.3532262045554	695.4694484390674	69	Z
695.4694484390674	695.5077736939962	6	AH0
695.5077736939962	695.6489006930464	50	F
695.6489006930464	695.7651229275581	19	EH1
695.7651229275581	695.8331959506294	58	N
695.8331959506294	695.9494181851412	62	S
695.9494181851412	696.1104689958219	27	IH0
696.1104689958219	696.2081438219145	66	V
696.2081438219145	696.3998318299801	19	EH1
696.3998318299801	696.5797391278518	69	Z
696.5797391278518	696.8503709025007	74	sp
696.8503709025007	696.9251407413664	28	IH1
696.9251407413664	696.9699693175353	58	N
696.9699693175353	697.0430232935141	6	AH0
697.0430232935141	697.1675471162054	62	S
697.1675471162054	697.2704868096301	6	AH0
697.2704868096301	697.3734265030549	58	N
697.3734265030549	697.6128686826952	62	S
697.6128686826952	709.8725707482993	74	sp
