25.4937	25.5937	1	AA1
25.5937	25.633699999999997	61	R
25.633699999999997	25.7137	68	Y
25.7137	25.822699999999998	41	UH1
25.822699999999998	25.8627	61	R
25.8627	25.982699999999998	51	G
25.982699999999998	26.0327	61	R
26.0327	26.2717	25	EY1
26.2717	26.3217	48	D
26.3217	26.4117	69	Z
26.4117	26.5017	52	HH
26.5017	26.680699999999998	16	AY1
26.680699999999998	26.9407	21	ER0
26.9407	27.020699999999998	10	AO1
27.020699999999998	27.049699999999998	61	R
27.049699999999998	27.1597	56	L
27.1597	27.3397	35	OW1
27.3397	27.4397	21	ER0
27.4397	27.4987	49	DH
27.4987	27.5487	4	AE1
27.5487	27.617662892685388	58	N
27.617662892685388	27.665940175025497	58	N
27.665940175025497	27.79046399771675	4	AE1
27.79046399771675	27.8552163855162	58	N
27.8552163855162	27.949854490761552	62	S
27.949854490761552	28.11090530144224	31	IY0
28.11090530144224	28.371447099376432	69	Z
28.371447099376432	29.2347	74	sp
39.0827	39.2727	63	SH
39.2727	39.361700000000006	32	IY1
39.361700000000006	39.441700000000004	67	W
39.441700000000004	39.611700000000006	10	AO1
39.611700000000006	39.651700000000005	61	R
39.651700000000005	39.7717	67	W
39.7717	40.0007	10	AO1
40.0007	40.0307	61	R
40.0307	40.1907	57	M
40.1907	40.3097	50	F
40.3097	40.3397	56	L
40.3397	40.429700000000004	32	IY1
40.429700000000004	40.5797	62	S
40.5797	40.678700000000006	31	IY0
40.678700000000006	40.8387	67	W
40.8387	40.868700000000004	41	UH1
40.868700000000004	40.9787	56	L
40.9787	41.0187	6	AH0
41.0187	41.1177	58	N
41.1177	41.2777	35	OW1
41.2777	41.3477	66	V
41.3477	41.4577	21	ER0
41.4577	41.487700000000004	11	AO2
41.487700000000004	41.7267	56	L
41.7267	41.9667	69	Z
41.9667	43.502700000000004	74	sp
43.502700000000004	52.2027	73	ns
52.2027	52.2927	74	sp
52.2927	52.3427	61	R
52.3427	52.6017	32	IY1
52.6017	52.6717	48	D
52.6717	52.7017	27	IH0
52.7017	52.7517	59	NG
52.7517	52.791700000000006	6	AH0
52.791700000000006	52.9517	58	N
52.9517	53.020700000000005	74	sp
53.020700000000005	53.0707	60	P
53.0707	53.170700000000004	41	UH1
53.170700000000004	53.230700000000006	61	R
53.230700000000006	53.3607	56	L
53.3607	53.5397	16	AY1
53.5397	53.5897	64	T
53.5897	53.709700000000005	74	sp
53.709700000000005	53.749700000000004	51	G
53.749700000000004	53.9087	28	IH1
53.9087	53.938700000000004	66	V
53.938700000000004	54.0287	69	Z
54.0287	54.148700000000005	68	Y
54.148700000000005	54.288700000000006	44	UW1
54.288700000000006	54.4577	16	AY1
54.4577	54.6077	62	S
54.6077	54.6477	64	T
54.6477	54.7077	61	R
54.7077	54.8367	26	EY2
54.8367	54.8667	58	N
54.8667	56.932700000000004	74	sp
56.932700000000004	63.6867	73	ns
63.6867	66.1417	74	sp
66.1417	66.2807	32	IY1
66.2807	66.3707	66	V
66.3707	66.4107	6	AH0
66.4107	66.58070000000001	58	N
66.58070000000001	66.9597	16	AY1
66.9597	67.0787	6	AH0
67.0787	67.2587	54	K
67.2587	67.3687	25	EY1
67.3687	67.4687	70	ZH
67.4687	67.4987	6	AH0
67.4987	67.5877	58	N
67.5877	67.63770000000001	56	L
67.63770000000001	67.7977	31	IY0
67.7977	67.88770000000001	51	G
67.88770000000001	67.9477	28	IH1
67.9477	68.0667	64	T
68.0667	68.1367	74	sp
68.1367	68.1767	49	DH
68.1767	68.2367	6	AH0
68.2367	68.3957	57	M
68.3957	68.4357	7	AH1
68.4357	68.5457	58	N
68.5457	68.6157	48	D
68.6157	68.88470000000001	31	IY0
68.88470000000001	68.9247	46	B
68.9247	68.9747	56	L
68.9747	69.2047	44	UW1
69.2047	69.3737	69	Z
82.3647	82.5637	67	W
82.5637	82.6537	32	IY1
82.6537	82.8837	21	ER0
82.8837	83.0427	35	OW1
83.0427	83.12270000000001	60	P
83.12270000000001	83.1627	6	AH0
83.1627	83.23270000000001	58	N
83.23270000000001	83.3917	19	EH1
83.3917	83.46170000000001	66	V
83.46170000000001	83.5917	61	R
83.5917	83.9507	31	IY0
83.9507	84.2610199483331	57	M
84.2610199483331	84.43045825147479	74	sp
84.43045825147479	84.54585032716868	19	EH1
84.54585032716868	84.64879002059345	66	V
84.64879002059345	84.66954399104199	61	R
84.66954399104199	84.83502467257073	31	IY0
84.83502467257073	84.88538528370682	57	M
84.88538528370682	84.98395227610965	6	AH0
84.98395227610965	85.0345919640041	58	N
85.0345919640041	85.04538402863733	48	D
85.04538402863733	85.21404227133014	25	EY1
85.21404227133014	85.33707743540626	32	IY1
85.33707743540626	85.4773742756384	66	V
125.97569999999999	126.03222801402524	6	AH0
126.03222801402524	126.05756215042896	64	T
126.05756215042896	126.13700690510609	62	S
126.13700690510609	126.18933549554936	58	N
126.18933549554936	126.32508075473936	1	AA1
126.32508075473936	126.35941124470548	64	T
126.35941124470548	126.51105062241479	32	IY1
126.51105062241479	126.59140320383241	69	Z
126.59140320383241	126.71426670888778	31	IY0
126.71426670888778	126.76237116730508	64	T
126.76237116730508	126.85750653547049	44	UW1
126.85750653547049	126.90328272166417	54	K
126.90328272166417	126.98629860345832	61	R
126.98629860345832	127.03278749726306	31	IY0
127.03278749726306	127.1988192608514	25	EY1
127.1988192608514	127.244524743521	64	T
127.244524743521	127.51349620053409	74	sp
127.51349620053409	127.57788254392744	29	IH2
127.57788254392744	127.69742541371104	56	L
127.69742541371104	127.88670162420175	44	UW1
127.88670162420175	127.96639687072417	57	M
127.96639687072417	128.01128017985624	6	AH0
128.01128017985624	128.06108970893274	58	N
128.06108970893274	128.19995429609472	26	EY2
128.19995429609472	128.2398019193559	64	T
128.2398019193559	128.328054185105	27	IH0
128.328054185105	128.4757871029366	59	NG
128.4757871029366	128.57062475883365	27	IH0
128.57062475883365	128.60678246633356	51	G
128.60678246633356	128.66655390122534	69	Z
128.66655390122534	128.7910777239166	4	AE1
128.7910777239166	128.8790745586184	57	M
128.8790745586184	128.9122809113361	60	P
128.9122809113361	129.0006069211653	6	AH0
129.0006069211653	129.13260217321803	56	L
129.13260217321803	129.39178980961842	69	Z
129.39178980961842	140.9422252077911	74	sp
140.9422252077911	141.12213916985596	57	M
141.12213916985596	141.28152966290077	7	AH1
141.28152966290077	141.38722439653947	57	M
141.38722439653947	141.4951701755626	62	S
141.4951701755626	141.53667811645968	64	T
141.53667811645968	141.58648764553618	61	R
141.58648764553618	141.73591623276567	10	AO1
141.73591623276567	141.87035720824898	59	NG
141.87035720824898	141.95005245477137	56	L
141.95005245477137	142.0148048425708	31	IY0
142.0148048425708	142.09450008909323	48	D
142.09450008909323	142.1645898698734	29	IH2
142.1645898698734	142.284132739657	62	S
142.284132739657	142.34722480982057	56	L
142.34722480982057	142.47230566913296	16	AY1
142.47230566913296	142.5503405980195	54	K
142.5503405980195	142.66369893560667	62	S
142.66369893560667	142.82454914973923	4	AE1
142.82454914973923	142.90424439626162	60	P
142.90424439626162	143.00950174221745	6	AH0
143.00950174221745	143.07093349474513	64	T
143.07093349474513	143.20959778996684	17	AY2
143.20959778996684	143.27435017776628	69	Z
143.27435017776628	143.44687816060082	21	ER0
143.44687816060082	143.6677004061733	69	Z
143.6677004061733	155.5977	73	ns
155.5977	155.67770000000002	49	DH
155.67770000000002	155.8477	35	OW1
155.8477	156.0267	69	Z
156.0267	156.0667	52	HH
156.0667	156.1467	44	UW1
156.1467	156.26670000000001	64	T
156.26670000000001	156.4057	32	IY1
156.4057	156.5057	47	CH
156.5057	156.5357	74	sp
156.5357	156.5857	66	V
156.5857	156.7257	4	AE1
156.7257	156.7757	56	L
156.7757	157.03470000000002	68	Y
157.03470000000002	157.0747	43	UW0
157.0747	157.2447	69	Z
157.2447	157.3737	50	F
157.3737	157.5137	22	ER1
157.5137	157.7137	62	S
157.7137	157.7427	64	T
157.7427	157.8127	6	AH0
157.8127	157.9227	46	B
157.9227	158.0427	1	AA1
158.0427	158.1817	56	L
158.1817	158.2117	29	IH2
158.2117	158.4017	63	SH
158.4017	158.5717	47	CH
158.5717	158.7407	32	IY1
158.7407	158.8307	74	sp
158.8307	158.9607	47	CH
158.9607	159.0497	32	IY1
159.0497	159.0797	64	T
159.0797	159.1397	27	IH0
159.1397	159.3097	59	NG
159.3097	175.12617944478103	74	sp
175.12617944478103	175.2190235475969	49	DH
175.2190235475969	175.29035917581967	6	AH0
175.29035917581967	175.44974966886446	50	F
175.44974966886446	175.53525602711247	61	R
175.53525602711247	175.69588453738467	16	AY1
175.69588453738467	175.88262946083063	64	T
175.88262946083063	175.91915644882008	6	AH0
175.91915644882008	175.94904216626597	58	N
175.94904216626597	175.97058979633803	48	D
175.97058979633803	176.07865640779127	47	CH
176.07865640779127	176.30445960627142	16	AY1
176.30445960627142	176.4472469229574	56	L
176.4472469229574	176.52030089893626	48	D
176.52030089893626	176.6165993218175	67	W
176.6165993218175	176.75597477107405	1	AA1
176.75597477107405	176.859315860667	69	Z
176.859315860667	176.90067783644324	53	JH
176.90067783644324	176.93720482443268	19	EH1
176.93720482443268	176.98037308296563	58	N
176.98037308296563	177.03350324731392	64	T
177.03350324731392	177.10987785856454	56	L
177.10987785856454	177.1928937403587	31	IY0
177.1928937403587	177.32571915122938	62	S
177.32571915122938	177.4153763035671	6	AH0
177.4153763035671	177.4817890090024	46	B
177.4817890090024	177.5277	48	D
177.5277	177.7377	44	UW1
177.7377	177.7977	48	D
177.7977	177.8877	74	sp
177.8877	177.9477	46	B
177.9477	178.1167	16	AY1
178.1167	178.2267	52	HH
178.2267	178.26670000000001	6	AH0
178.26670000000001	178.3767	69	Z
178.3767	178.4557	74	sp
178.4557	178.4857	46	B
178.4857	178.5657	28	IH1
178.5657	178.5957	51	G
178.5957	178.7257	46	B
178.7257	178.8057	61	R
178.8057	178.8747	7	AH1
178.8747	178.9247	49	DH
178.9247	179.1147	21	ER0
179.1147	180.82070000000002	74	sp
180.82070000000002	189.2817	73	ns
189.2817	191.9957	74	sp
191.9957	192.1547	32	IY1
192.1547	192.2247	66	V
192.2247	192.2747	6	AH0
192.2747	192.3847	58	N
192.3847	192.5637	25	EY1
192.5637	192.7237	62	S
192.7237	192.7537	28	IH1
192.7537	192.8237	57	M
192.8237	192.8837	60	P
192.8837	192.9137	6	AH0
192.9137	193.0727	56	L
193.0727	193.1427	66	V
193.1427	193.2127	34	OW0
193.2127	193.3617	54	K
193.3617	193.4717	4	AE1
193.4717	193.5517	46	B
193.5517	193.5917	68	Y
193.5917	193.64170000000001	6	AH0
193.64170000000001	193.7217	56	L
193.7217	193.8007	20	EH2
193.8007	193.8807	61	R
193.8807	194.04070000000002	31	IY0
194.04070000000002	194.1507	54	K
194.1507	194.1807	6	AH0
194.1807	194.2497	58	N
194.2497	194.3697	64	T
194.3697	194.4697	25	EY1
194.4697	194.5436953002785	58	N
194.5436953002785	194.71636833441036	69	Z
194.71636833441036	194.88572073327046	62	S
194.88572073327046	194.99085734833213	28	IH1
194.99085734833213	195.05727005376744	57	M
195.05727005376744	195.11704148865925	46	B
195.11704148865925	195.15854942955633	6	AH0
195.15854942955633	195.27643198170406	56	L
195.27643198170406	195.56366693271187	69	Z
195.56366693271187	208.5077	74	sp
208.5077	208.7177	25	EY1
208.7177	208.8567	54	K
208.8567	208.9267	61	R
208.9267	209.1867	4	AE1
209.1867	209.2257	46	B
209.2257	209.4357	47	CH
209.4357	209.5757	4	AE1
209.5757	209.6357	56	L
209.6357	209.6647	6	AH0
209.6647	209.7147	58	N
209.7147	209.8347	53	JH
209.8347	209.9047	48	D
209.9047	209.9347	57	M
209.9347	210.2037	32	IY1
210.2037	210.3937	74	sp
210.3937	210.43370000000002	46	B
210.43370000000002	210.52270000000001	7	AH1
210.52270000000001	210.5627	64	T
210.5627	210.6627	6	AH0
210.6627	210.9027	74	sp
210.9027	210.9917	54	K
210.9917	211.0217	67	W
211.0217	211.1017	28	IH1
211.1017	211.2417	54	K
211.2417	211.4007	62	S
211.4007	211.4507	64	T
211.4507	211.7107	4	AE1
211.7107	211.7407	46	B
211.7407	211.8797	66	V
211.8797	211.9197	4	AE1
211.9197	212.0397	59	NG
212.0397	212.1097	54	K
212.1097	212.1497	67	W
212.1497	212.18970000000002	27	IH0
212.18970000000002	212.3387	63	SH
212.3387	212.4287	64	T
212.4287	212.5187	29	IH2
212.5187	212.5487	57	M
212.5487	214.4247	74	sp
214.4247	223.2747	73	ns
223.2747	225.7187	74	sp
225.7187	225.77870000000001	51	G
225.77870000000001	225.80870000000002	56	L
225.80870000000002	225.95770000000002	44	UW1
225.95770000000002	226.0777	54	K
226.0777	226.1877	36	OW2
226.1877	226.4167	62	S
226.4167	226.4967	4	AE1
226.4967	226.5667	58	N
226.5667	226.5967	48	D
226.5967	226.7367	50	F
226.7367	226.76670000000001	61	R
226.76670000000001	226.9057	44	UW1
226.9057	226.9357	54	K
226.9357	227.0957	64	T
227.0957	227.1357	36	OW2
227.1357	227.3447	62	S
227.3447	227.3847	74	sp
227.3847	227.5547	1	AA1
227.5547	227.6347	61	R
227.6347	227.7837	58	N
227.7837	227.9137	4	AE1
227.9137	228.0637	47	CH
228.0637	228.1137	21	ER0
228.1137	228.1427	6	AH0
228.1427	228.2127	56	L
228.2127	228.3927	63	SH
228.3927	228.4327	41	UH1
228.4327	228.52270000000001	51	G
228.52270000000001	228.67170000000002	21	ER0
228.67170000000002	228.8017	69	Z
228.8017	228.8717	50	F
228.8717	229.04070000000002	13	AW1
229.04070000000002	229.1207	58	N
229.1207	229.1807	48	D
229.1807	229.1907	74	sp
229.1907	229.2807	28	IH1
229.2807	229.3607	58	N
229.3607	229.5397	50	F
229.5397	229.5997	61	R
229.5997	229.6297	44	UW1
229.6297	229.7797	64	T
229.7797	231.7147	74	sp
231.7147	243.0197	73	ns
243.0197	243.0697	1	AA1
243.0697	243.1587	61	R
243.1587	243.3787	68	Y
243.3787	243.5477	44	UW1
243.5477	243.5977	56	L
243.5977	243.6277	41	UH1
243.6277	243.7377	54	K
243.7377	243.7877	27	IH0
243.7877	243.9767	59	NG
243.9767	244.0867	50	F
244.0867	244.1867	10	AO1
244.1867	244.2467	61	R
244.2467	244.29670000000002	6	AH0
244.29670000000002	244.3867	57	M
244.3867	244.5157	60	P
244.5157	244.5557	56	L
244.5557	244.6057	38	OY1
244.6057	244.7057	57	M
244.7057	244.7457	6	AH0
244.7457	244.7957	58	N
244.7957	244.8947	64	T
244.8947	247.2797	74	sp
247.2797	252.39770000000001	73	ns
252.39770000000001	257.1867	74	sp
257.1867	257.33669999999995	54	K
257.33669999999995	257.50669999999997	1	AA1
257.50669999999997	257.59569999999997	50	F
257.59569999999997	257.8157	31	IY0
257.8157	257.91569999999996	28	IH1
257.91569999999996	258.05469999999997	69	Z
258.05469999999997	258.13469999999995	51	G
258.13469999999995	258.24469999999997	61	R
258.24469999999997	258.3947	35	OW1
258.3947	258.4747	58	N
258.4747	258.66369999999995	1	AA1
258.66369999999995	258.7537	58	N
258.7537	258.9527	62	S
258.9527	259.0227	64	T
259.0227	259.17269999999996	32	IY1
259.17269999999996	259.29269999999997	60	P
259.29269999999997	259.50169999999997	74	sp
259.50169999999997	259.6117	53	JH
259.6117	259.6617	7	AH1
259.6617	259.75169999999997	59	NG
259.75169999999997	259.8107	51	G
259.8107	259.84069999999997	6	AH0
259.84069999999997	260.0107	56	L
260.0107	260.1307	56	L
260.1307	260.2897	16	AY1
260.2897	260.37969999999996	54	K
260.37969999999996	260.4597	74	sp
260.4597	260.6497	62	S
260.6497	260.6987	56	L
260.6987	260.8587	35	OW1
260.8587	260.9187	60	P
260.9187	261.11769999999996	62	S
261.11769999999996	261.17769999999996	74	sp
261.17769999999996	261.24769999999995	28	IH1
261.24769999999995	261.36769999999996	58	N
261.36769999999996	261.5077	64	T
261.5077	261.5377	19	EH1
261.5377	261.58669999999995	57	M
261.58669999999995	261.6767	60	P
261.6767	261.7267	61	R
261.7267	261.75669999999997	6	AH0
261.75669999999997	261.81669999999997	64	T
261.81669999999997	261.8667	74	sp
261.8667	262.0057	69	Z
262.0057	262.3057	35	OW1
262.3057	262.36569999999995	58	N
262.36569999999995	262.5347	69	Z
262.5347	264.1217	74	sp
264.1217	271.9437	73	ns
271.9437	276.74269999999996	74	sp
276.74269999999996	276.8327	67	W
276.8327	276.9427	32	IY1
276.9427	277.0617	67	W
277.0617	277.1017	19	EH1
277.1017	277.21169999999995	56	L
277.21169999999995	277.2817	54	K
277.2817	277.3517	6	AH0
277.3517	277.4407	57	M
277.4407	277.5707	57	M
277.5707	277.6307	19	EH1
277.6307	277.6907	58	N
277.6907	277.87969999999996	31	IY0
277.87969999999996	278.0197	58	N
278.0197	278.12969999999996	68	Y
278.12969999999996	278.3087	44	UW1
278.3087	278.4287	62	S
278.4287	278.47869999999995	64	T
278.47869999999995	278.5587	44	UW1
278.5587	278.58869999999996	48	D
278.58869999999996	278.6187	6	AH0
278.6187	278.73769999999996	58	N
278.73769999999996	278.7677	64	T
278.7677	278.91769999999997	62	S
278.91769999999997	279.0177	32	IY1
279.0177	279.12769999999995	47	CH
279.12769999999995	279.2867	68	Y
279.2867	279.33669999999995	28	IH1
279.33669999999995	279.4067	61	R
279.4067	281.3617	74	sp
281.3617	286.4007	73	ns
286.4007	291.52869999999996	74	sp
291.52869999999996	291.57869999999997	35	OW1
291.57869999999997	291.6087	58	N
291.6087	291.76869999999997	56	L
291.76869999999997	291.93769999999995	31	IY0
291.93769999999995	291.9808798112423	49	DH
291.9808798112423	292.1004226810259	6	AH0
292.1004226810259	292.1601941159177	46	B
292.1601941159177	292.2880385738807	19	EH1
292.2880385738807	292.40305722910375	62	S
292.40305722910375	292.4986088110434	64	T
292.4986088110434	292.5941907334239	60	P
292.5941907334239	292.68052725048983	56	L
292.68052725048983	292.7735050380993	25	EY1
292.7735050380993	292.85320028462166	21	ER0
292.85320028462166	293.1187051063027	69	Z
293.1187051063027	293.20861691233955	6	AH0
293.20861691233955	293.2918698843532	58	N
293.2918698843532	293.33835877815795	53	JH
293.33835877815795	293.6437303096192	38	OY1
293.6437303096192	293.6787794387648	60	P
293.6787794387648	293.7717572263743	2	AA2
293.7717572263743	293.86141437871197	60	P
293.86141437871197	293.8787751882401	68	Y
293.8787751882401	293.9335656702243	6	AH0
293.9335656702243	294.008279963839	56	L
294.008279963839	294.0697672616176	19	EH1
294.0697672616176	294.12455774360177	61	R
294.12455774360177	294.2075736253959	6	AH0
294.2075736253959	294.249081566293	64	T
294.249081566293	294.46326254132197	31	IY0
294.46326254132197	307.03369999999995	74	sp
307.03369999999995	307.20369999999997	54	K
307.20369999999997	307.2337	4	AE1
307.2337	307.3227	56	L
307.3227	307.4727	62	S
307.4727	307.5227	31	IY0
307.5227	307.5827	6	AH0
307.5827	307.73269999999997	57	M
307.73269999999997	307.7917	57	M
307.7917	307.9217	25	EY1
307.9217	307.95169999999996	54	K
307.95169999999996	308.07169999999996	62	S
308.07169999999996	308.1217	74	sp
308.1217	308.1617	46	B
308.1617	308.49069999999995	35	OW1
308.49069999999995	308.5207	58	N
308.5207	308.6497	69	Z
308.6497	308.7097	4	AE1
308.7097	308.80969999999996	58	N
308.80969999999996	308.8397	48	D
308.8397	308.9597	64	T
308.9597	309.07869999999997	32	IY1
309.07869999999997	309.1187	65	TH
309.1187	309.22869999999995	74	sp
309.22869999999995	309.3587	62	S
309.3587	309.40869999999995	64	T
309.40869999999995	309.4887	61	R
309.4887	309.5977	10	AO1
309.5977	309.62769999999995	59	NG
309.62769999999995	311.9627	74	sp
311.9627	319.9547	73	ns
319.9547	322.25969999999995	74	sp
322.25969999999995	322.33869999999996	58	N
322.33869999999996	322.40869999999995	7	AH1
322.40869999999995	322.51869999999997	65	TH
322.51869999999997	322.57869999999997	27	IH0
322.57869999999997	322.8377	59	NG
322.8377	322.98769999999996	28	IH1
322.98769999999996	323.12676724026556	69	Z
323.12676724026556	323.19650058097267	19	EH1
323.19650058097267	323.3127228154845	69	Z
323.3127228154845	323.3510480704134	6	AH0
323.3510480704134	323.49217506946354	50	F
323.49217506946354	323.6083973039753	19	EH1
323.6083973039753	323.67647032704656	58	N
323.67647032704656	323.7926925615584	62	S
323.7926925615584	323.9537433722391	27	IH0
323.9537433722391	324.0514181983317	66	V
324.0514181983317	324.2431062063973	19	EH1
324.2431062063973	324.42301350426897	69	Z
324.42301350426897	324.6936452789179	74	sp
324.6936452789179	324.7684151177836	28	IH1
324.7684151177836	324.8132436939525	58	N
324.8132436939525	324.8862976699313	6	AH0
324.8862976699313	325.0108214926226	62	S
325.0108214926226	325.1137611860473	6	AH0
325.1137611860473	325.2167008794721	58	N
325.2167008794721	325.4561430591124	62	S
325.4561430591124	335.99769999999995	73	ns
335.99769999999995	338.58169999999996	74	sp
338.58169999999996	338.7317	62	S
338.7317	338.77169999999995	64	T
338.77169999999995	339.0807	32	IY1
339.0807	339.2007	66	V
339.2007	339.28069999999997	67	W
339.28069999999997	339.4307	10	AO1
339.4307	339.48969999999997	61	R
339.48969999999997	339.63969999999995	25	EY1
339.63969999999995	339.69969999999995	46	B
339.69969999999995	339.80969999999996	61	R
339.80969999999996	339.9387	16	AY1
339.9387	340.09869999999995	64	T
340.09869999999995	340.2587	61	R
340.2587	340.35769999999997	19	EH1
340.35769999999997	340.5177	48	D
340.5177	340.67769999999996	54	K
340.67769999999996	340.7967	4	AE1
340.7967	340.9267	70	ZH
340.9267	341.00669999999997	57	M
341.00669999999997	341.08669999999995	27	IH0
341.08669999999995	341.1567	61	R
341.1567	341.3257	62	S
341.3257	341.3957	67	W
341.3957	341.42569999999995	19	EH1
341.42569999999995	341.46569999999997	64	T
341.46569999999997	341.60569999999996	21	ER0
341.60569999999996	343.39169999999996	74	sp
343.39169999999996	350.55469999999997	73	ns
350.55469999999997	353.4187	74	sp
353.4187	353.45869999999996	46	B
353.45869999999996	353.66769999999997	1	AA1
353.66769999999997	353.7777	61	R
353.7777	353.80769999999995	46	B
353.80769999999995	353.9477	69	Z
353.9477	354.02669999999995	51	G
354.02669999999995	354.1567	35	OW1
354.1567	354.3067	56	L
354.3067	354.33669999999995	48	D
354.33669999999995	354.42569999999995	46	B
354.42569999999995	354.5257	61	R
354.5257	354.5657	25	EY1
354.5657	354.7457	62	S
354.7457	354.78569999999996	56	L
354.78569999999996	354.88469999999995	6	AH0
354.88469999999995	354.9547	64	T
354.9547	355.0847	74	sp
355.0847	355.2047	67	W
355.2047	355.2347	6	AH0
355.2347	355.3637	69	Z
355.3637	355.4237	25	EY1
355.4237	355.5437	74	sp
355.5437	355.5737	51	G
355.5737	355.60369999999995	61	R
355.60369999999995	355.7227	5	AE2
355.7227	355.87269999999995	53	JH
355.87269999999995	355.9727	43	UW0
355.9727	356.05269999999996	25	EY1
356.05269999999996	356.20169999999996	63	SH
356.20169999999996	356.2417	6	AH0
356.2417	356.3517	58	N
356.3517	356.4217	60	P
356.4217	356.4717	21	ER0
356.4717	356.60069999999996	69	Z
356.60069999999996	356.6307	19	EH1
356.6307	356.67069999999995	58	N
356.67069999999995	356.7007	64	T
