37.382	37.41199999999999	51	G
37.41199999999999	37.512	61	R
37.512	37.652	4	AE1
37.652	37.751	58	N
37.751	37.870999999999995	57	M
37.870999999999995	37.961	8	AH2
37.961	38.06099999999999	49	DH
38.06099999999999	38.22	21	ER0
38.22	38.42	14	AW2
38.42	38.47	64	T
38.47	38.56	51	G
38.56	38.65899999999999	61	R
38.65899999999999	38.839	44	UW1
38.839	38.919	52	HH
38.919	39.019	21	ER0
39.019	39.227999999999994	7	AH1
39.227999999999994	39.378	60	P
39.378	39.428	46	B
39.428	39.577	61	R
39.577	39.626999999999995	29	IH2
39.626999999999995	39.717	59	NG
39.717	39.846999999999994	27	IH0
39.846999999999994	40.096	59	NG
40.096	40.205999999999996	28	IH1
40.205999999999996	40.346	58	N
40.346	40.455	60	P
40.455	40.535	19	EH1
40.535	40.614999999999995	64	T
40.614999999999995	40.684999999999995	31	IY0
40.684999999999995	40.843999999999994	54	K
40.843999999999994	41.023999999999994	36	OW2
41.023999999999994	41.144	64	T
41.144	41.422999999999995	62	S
41.422999999999995	62.44354584636644	74	sp
62.44354584636644	62.65584807256236	1	AA1
62.65584807256236	62.735848072562355	46	B
62.735848072562355	62.81584807256235	53	JH
62.81584807256235	62.91484807256236	18	EH0
62.91484807256236	63.00484807256235	54	K
63.00484807256235	63.12484807256236	62	S
63.12484807256236	63.23484807256236	57	M
63.23484807256236	63.45384807256235	25	EY1
63.45384807256235	63.52384807256235	48	D
63.52384807256235	63.55384807256235	6	AH0
63.55384807256235	63.613848072562355	66	V
63.613848072562355	63.73384807256235	74	sp
63.73384807256235	63.85284807256235	60	P
63.85284807256235	63.96284807256235	68	Y
63.96284807256235	64.07284807256235	44	UW1
64.07284807256235	64.10284807256235	64	T
64.10284807256235	64.14284807256234	21	ER0
64.14284807256234	64.38184807256235	21	ER0
64.38184807256235	64.47184807256235	46	B
64.47184807256235	64.59184807256236	68	Y
64.59184807256236	64.74084807256236	44	UW1
64.74084807256236	64.81084807256235	64	T
64.81084807256235	64.84084807256235	6	AH0
64.84084807256235	64.90084807256235	50	F
64.90084807256235	64.95084807256235	6	AH0
64.95084807256235	65.09074358309914	56	L
65.09074358309914	75.57895691609977	74	sp
75.57895691609977	75.69895691609976	2	AA2
75.69895691609976	75.74895691609976	61	R
75.74895691609976	75.77895691609976	64	T
75.77895691609976	75.80895691609976	6	AH0
75.80895691609976	75.93895691609977	50	F
75.93895691609977	75.99795691609977	28	IH1
75.99795691609977	76.13795691609977	63	SH
76.13795691609977	76.16795691609977	6	AH0
76.16795691609977	76.19795691609977	56	L
76.19795691609977	76.22795691609976	29	IH2
76.22795691609976	76.40695691609976	58	N
76.40695691609976	76.53695691609977	64	T
76.53695691609977	76.57695691609976	19	EH1
76.57695691609976	76.77695691609976	56	L
76.77695691609976	76.82695691609976	6	AH0
76.82695691609976	76.89595691609976	53	JH
76.89595691609976	76.92595691609976	6	AH0
76.92595691609976	76.99595691609976	58	N
76.99595691609976	77.13595691609976	62	S
77.13595691609976	77.16595691609976	6	AH0
77.16595691609976	77.29495691609976	69	Z
77.29495691609976	77.40495691609976	50	F
77.40495691609976	77.51495691609976	21	ER0
77.51495691609976	77.60495691609977	61	R
77.60495691609977	77.68495691609976	32	IY1
77.68495691609976	77.76395691609976	56	L
77.76395691609976	89.65396825396826	74	sp
89.65396825396826	89.76296825396827	64	T
89.76296825396827	90.00296825396826	1	AA1
90.00296825396826	90.06296825396826	48	D
90.06296825396826	90.14296825396826	74	sp
90.14296825396826	90.26196825396826	60	P
90.26196825396826	90.31196825396826	56	L
90.31196825396826	90.50196825396826	25	EY1
90.50196825396826	90.69096825396826	62	S
90.69096825396826	90.75096825396827	64	T
90.75096825396827	90.80096825396826	64	T
90.80096825396826	90.95096825396827	1	AA1
90.95096825396827	91.10996825396826	60	P
91.10996825396826	91.15996825396826	60	P
91.15996825396826	91.24996825396826	61	R
91.24996825396826	91.40996825396826	15	AY0
91.40996825396826	91.63896825396826	10	AO1
91.63896825396826	91.74896825396827	61	R
91.74896825396827	91.77896825396826	6	AH0
91.77896825396826	91.83896825396826	64	T
91.83896825396826	92.01796825396826	31	IY0
92.01796825396826	92.15796825396826	1	AA1
92.15796825396826	92.25796825396826	58	N
92.25796825396826	92.33796825396827	51	G
92.33796825396827	92.43696825396826	28	IH1
92.43696825396826	92.49696825396826	64	T
92.49696825396826	92.55696825396826	27	IH0
92.55696825396826	92.62696825396826	59	NG
92.62696825396826	92.67696825396827	52	HH
92.67696825396827	92.72696825396827	28	IH1
92.72696825396827	92.86596825396826	69	Z
92.86596825396826	92.90596825396827	74	sp
92.90596825396827	92.94596825396826	46	B
92.94596825396826	93.15596825396827	16	AY1
93.15596825396827	93.26596825396827	54	K
93.26596825396827	93.39496825396826	50	F
93.39496825396826	93.51496825396826	28	IH1
93.51496825396826	93.66496825396827	54	K
93.66496825396827	93.90396825396826	62	S
93.90396825396826	93.95396825396827	64	T
93.95396825396827	105.13142857142857	74	sp
105.13142857142857	105.24142857142857	67	W
105.24142857142857	105.27142857142857	28	IH1
105.27142857142857	105.37142857142857	58	N
105.37142857142857	105.50142857142858	60	P
105.50142857142858	105.53142857142856	32	IY1
105.53142857142856	105.64042857142857	56	L
105.64042857142857	105.71042857142857	27	IH0
105.71042857142857	105.80042857142857	59	NG
105.80042857142857	105.83042857142857	6	AH0
105.83042857142857	106.21942857142857	58	N
106.21942857142857	106.30942857142857	10	AO1
106.30942857142857	106.36942857142857	61	R
106.36942857142857	106.41942857142857	6	AH0
106.41942857142857	106.46842857142857	58	N
106.46842857142857	106.57842857142857	53	JH
106.57842857142857	106.60842857142858	6	AH0
106.60842857142858	106.65842857142857	64	T
106.65842857142857	106.68842857142857	6	AH0
106.68842857142857	106.87742857142857	69	Z
106.87742857142857	106.92742857142856	52	HH
106.92742857142856	107.08742857142857	1	AA1
107.08742857142857	107.18742857142857	61	R
107.18742857142857	107.27742857142857	48	D
107.27742857142857	107.32642857142856	58	N
107.32642857142856	107.45642857142857	1	AA1
107.45642857142857	107.48642857142858	64	T
107.48642857142858	107.51642857142856	64	T
107.51642857142856	107.54642857142856	6	AH0
107.54642857142856	107.69642857142857	62	S
107.69642857142857	107.76542857142857	60	P
107.76542857142857	107.88542857142858	61	R
107.88542857142858	107.98542857142857	25	EY1
107.98542857142857	108.13542857142858	53	JH
108.13542857142858	108.41442857142857	44	UW1
108.41442857142857	108.77342857142857	62	S
108.77342857142857	120.2358276643991	74	sp
120.2358276643991	120.27582766439909	49	DH
120.27582766439909	120.30582766439909	6	AH0
120.30582766439909	120.4348276643991	57	M
120.4348276643991	120.59482766439909	10	AO1
120.59482766439909	120.62482766439909	61	R
120.62482766439909	120.69482766439909	58	N
120.69482766439909	120.75482766439909	27	IH0
120.75482766439909	120.90382766439909	59	NG
120.90382766439909	120.9738276643991	48	D
120.9738276643991	121.35282766439909	44	UW1
121.35282766439909	121.41282766439909	1	AA1
121.41282766439909	121.46282766439909	58	N
121.46282766439909	121.49282766439909	49	DH
121.49282766439909	121.55282766439909	6	AH0
121.55282766439909	121.75182766439909	62	S
121.75182766439909	121.8218276643991	60	P
121.8218276643991	122.00182766439909	16	AY1
122.00182766439909	122.06182766439909	48	D
122.06182766439909	122.10082766439909	21	ER0
122.10082766439909	122.29082766439909	67	W
122.29082766439909	122.4108276643991	19	EH1
122.4108276643991	122.4708276643991	46	B
122.4708276643991	122.57982766439909	74	sp
122.57982766439909	122.60982766439909	51	G
122.60982766439909	122.68982766439909	56	L
122.68982766439909	122.74982766439909	28	IH1
122.74982766439909	122.9198276643991	62	S
122.9198276643991	122.96882766439909	6	AH0
122.96882766439909	123.08882766439909	58	N
123.08882766439909	123.1288276643991	48	D
123.1288276643991	123.15882766439908	6	AH0
123.15882766439908	123.25882766439909	58	N
123.25882766439909	123.2888276643991	49	DH
123.2888276643991	123.32882766439909	6	AH0
123.32882766439909	123.5478276643991	62	S
123.5478276643991	123.78782766439909	7	AH1
123.78782766439909	123.9168276643991	58	N
123.9168276643991	135.8031746031746	74	sp
135.8031746031746	135.96069209135703	64	T
135.96069209135703	136.00069209135702	9	AO0
136.00069209135702	136.03069209135703	61	R
136.03069209135703	136.15069209135703	58	N
136.15069209135703	136.33969209135702	25	EY1
136.33969209135702	136.40969209135704	48	D
136.40969209135704	136.50969209135704	36	OW2
136.50969209135704	136.61969209135702	69	Z
136.61969209135702	136.77869209135704	10	AO1
136.77869209135704	136.86869209135705	50	F
136.86869209135705	136.93869209135704	64	T
136.93869209135704	136.98869209135702	6	AH0
136.98869209135702	137.04869209135703	58	N
137.04869209135703	137.10869209135703	48	D
137.10869209135703	137.13869209135703	6	AH0
137.13869209135703	137.31769209135703	62	S
137.31769209135703	137.36769209135704	64	T
137.36769209135704	137.46769209135704	61	R
137.46769209135704	137.81669209135703	38	OY1
137.81669209135703	138.22569209135705	74	sp
138.22569209135705	138.47569209135705	25	EY1
138.47569209135705	138.51469209135703	66	V
138.51469209135703	138.73469209135703	31	IY0
138.73469209135703	138.82469209135704	20	EH2
138.82469209135704	138.93369209135705	61	R
138.93369209135705	139.06369209135704	31	IY0
139.06369209135704	139.34369209135704	69	Z
139.34369209135704	152.11274376417234	74	sp
152.11274376417234	152.16274376417235	49	DH
152.16274376417235	152.32174376417234	25	EY1
152.32174376417234	152.42174376417233	61	R
152.42174376417233	152.50174376417235	6	AH0
152.50174376417235	152.69174376417234	57	M
152.69174376417234	153.03074376417234	25	EY1
153.03074376417234	153.31974376417233	58	N
153.31974376417233	153.34974376417233	48	D
153.34974376417233	153.37974376417233	56	L
153.37974376417233	153.56974376417233	16	AY1
153.56974376417233	153.71874376417233	50	F
153.71874376417233	153.75874376417235	56	L
153.75874376417235	153.80874376417233	10	AO1
153.80874376417233	154.01874376417234	59	NG
154.01874376417234	154.10774376417234	74	sp
154.10774376417234	154.28774376417235	50	F
154.28774376417235	154.38774376417234	61	R
154.38774376417234	154.43774376417235	19	EH1
154.43774376417235	154.62674376417235	58	N
154.62674376417235	154.70674376417233	69	Z
154.70674376417233	154.73674376417233	6	AH0
154.73674376417233	154.81674376417234	58	N
154.81674376417234	154.84674376417234	48	D
154.84674376417234	154.90674376417235	54	K
154.90674376417235	154.94574376417233	6	AH0
154.94574376417233	154.99574376417235	57	M
154.99574376417235	155.12574376417234	60	P
155.12574376417234	155.16574376417233	4	AE1
155.16574376417233	155.44474376417233	58	N
155.44474376417233	155.55474376417234	68	Y
155.55474376417234	155.58474376417234	6	AH0
155.58474376417234	155.76474376417235	58	N
155.76474376417235	155.79374376417235	69	Z
155.79374376417235	168.82557823129252	74	sp
168.82557823129252	168.86557823129252	49	DH
168.86557823129252	168.89457823129254	6	AH0
168.89457823129254	169.03457823129253	50	F
169.03457823129253	169.14457823129254	41	UH1
169.14457823129254	169.22457823129253	64	T
169.22457823129253	169.25457823129253	46	B
169.25457823129253	169.32357823129254	11	AO2
169.32357823129254	169.49357823129253	56	L
169.49357823129253	169.69357823129252	64	T
169.69357823129252	169.86257823129253	32	IY1
169.86257823129253	169.98257823129254	57	M
169.98257823129254	170.14257823129253	54	K
170.14257823129253	170.41157823129254	35	OW1
170.41157823129254	170.64057823129252	47	CH
170.64057823129252	171.36957823129254	74	sp
171.36957823129254	171.42957823129254	52	HH
171.42957823129254	171.56857823129252	4	AE1
171.56857823129252	171.68857823129252	69	Z
171.68857823129252	171.71857823129253	6	AH0
171.71857823129253	171.98757823129253	67	W
171.98757823129253	172.20757823129253	1	AA1
172.20757823129253	172.36757823129253	47	CH
172.36757823129253	172.39657823129252	19	EH1
172.39657823129252	172.62657823129254	69	Z
172.62657823129254	172.68657823129254	65	TH
172.68657823129254	172.80657823129252	28	IH1
172.80657823129252	172.88557823129253	58	N
172.88557823129253	172.91557823129253	19	EH1
172.91557823129253	173.12557823129254	69	Z
173.12557823129254	173.15557823129254	6	AH0
173.15557823129254	173.21557823129254	48	D
173.21557823129254	173.31457823129253	16	AY1
173.31457823129253	173.58488643679567	57	M
173.58488643679567	184.041	74	sp
184.041	184.08100000000002	49	DH
184.08100000000002	184.23000000000002	25	EY1
184.23000000000002	184.43	10	AO1
184.43	184.55	50	F
184.55	184.61	64	T
184.61	184.639	6	AH0
184.639	184.75900000000001	58	N
184.75900000000001	184.809	51	G
184.809	184.989	35	OW1
184.989	185.238	13	AW1
185.238	185.268	64	T
185.268	185.298	6	AH0
185.298	185.448	58	N
185.448	185.478	49	DH
185.478	185.657	31	IY0
185.657	185.787	32	IY1
185.787	185.937	66	V
185.937	185.976	58	N
185.976	186.04600000000002	27	IH0
186.04600000000002	186.166	59	NG
186.166	198.409	74	sp
198.409	198.598	1	AA1
198.598	198.688	61	R
198.688	198.728	27	IH0
198.728	198.788	54	K
198.788	198.968	62	S
198.968	199.047	60	P
199.047	199.167	19	EH1
199.167	199.197	61	R
199.197	199.307	6	AH0
199.307	199.367	57	M
199.367	199.397	6	AH0
199.397	199.476	58	N
199.476	199.506	64	T
199.506	199.576	62	S
199.576	199.706	60	P
199.706	199.885	1	AA1
199.885	199.98499999999999	69	Z
199.98499999999999	200.015	6	AH0
200.015	200.055	64	T
200.055	200.085	27	IH0
200.085	200.135	66	V
200.135	200.195	74	sp
200.195	200.414	13	AW1
200.414	200.514	64	T
200.514	200.644	54	K
200.644	200.694	8	AH2
200.694	200.843	57	M
200.843	200.923	67	W
200.923	200.953	6	AH0
200.953	201.073	69	Z
201.073	201.163	8	AH2
201.163	201.222	58	N
201.222	201.272	27	IH0
201.272	201.332	54	K
201.332	201.462	62	S
201.462	201.532	60	P
201.532	201.621	19	EH1
201.621	201.761	54	K
201.761	201.841	64	T
201.841	201.901	6	AH0
201.901	201.99099999999999	48	D
201.99099999999999	213.01570778305316	74	sp
213.01570778305316	213.1584950997391	32	IY1
213.1584950997391	213.29231738585005	47	CH
213.29231738585005	213.46074603174603	62	S
213.46074603174603	213.51074603174604	64	T
213.51074603174604	213.76974603174602	4	AE1
213.76974603174602	213.84974603174604	51	G
213.84974603174604	214.04974603174603	63	SH
214.04974603174603	214.11974603174605	41	UH1
214.11974603174605	214.16974603174603	61	R
214.16974603174603	214.29874603174605	56	L
214.29874603174605	214.36874603174604	31	IY0
214.36874603174604	214.49874603174604	50	F
214.49874603174604	214.67774603174604	16	AY1
214.67774603174604	214.72774603174605	58	N
214.72774603174605	214.75774603174602	48	D
214.75774603174602	214.85774603174605	69	Z
214.85774603174605	214.88774603174605	6	AH0
214.88774603174605	214.99774603174603	46	B
214.99774603174603	215.07774603174605	28	IH1
215.07774603174605	215.13674603174604	51	G
215.13674603174604	215.19674603174604	74	sp
215.19674603174604	215.32674603174604	50	F
215.32674603174604	215.63574603174604	10	AO1
215.63574603174604	215.68574603174605	58	N
215.68574603174605	229.3402267573696	74	sp
229.3402267573696	229.39022675736962	49	DH
229.39022675736962	229.4302267573696	6	AH0
229.4302267573696	229.6592267573696	62	S
229.6592267573696	229.7492267573696	29	IH2
229.7492267573696	229.8792267573696	51	G
229.8792267573696	230.0182267573696	21	ER0
230.0182267573696	230.1182267573696	19	EH1
230.1182267573696	230.1982267573696	64	T
230.1982267573696	230.34822675736962	62	S
230.34822675736962	230.3882267573696	6	AH0
230.3882267573696	230.46722675736962	58	N
230.46722675736962	230.49722675736962	49	DH
230.49722675736962	230.5372267573696	6	AH0
230.5372267573696	230.7972267573696	54	K
230.7972267573696	230.8862267573696	56	L
230.8862267573696	231.1262267573696	25	EY1
231.1262267573696	231.42522675736961	4	AE1
231.42522675736961	231.6352267573696	63	SH
231.6352267573696	231.7842267573696	64	T
231.7842267573696	231.85422675736962	61	R
231.85422675736962	232.0942267573696	26	EY2
232.0942267573696	232.2032267573696	36	OW2
232.2032267573696	232.2732267573696	66	V
232.2732267573696	232.3432267573696	21	ER0
232.3432267573696	232.5832267573696	50	F
232.5832267573696	232.6622267573696	56	L
232.6622267573696	232.9422267573696	35	OW1
232.9422267573696	233.0022267573696	48	D
233.0022267573696	233.1412267573696	1	AA1
233.1412267573696	233.2512267573696	58	N
233.2512267573696	233.3612267573696	64	T
233.3612267573696	233.4012267573696	43	UW0
233.4012267573696	233.46122675736962	49	DH
233.46122675736962	233.5302267573696	7	AH1
233.5302267573696	233.7402267573696	35	OW1
233.7402267573696	233.86022675736962	54	K
233.86022675736962	234.0192267573696	64	T
234.0192267573696	234.2392267573696	25	EY1
234.2392267573696	234.3092267573696	46	B
234.3092267573696	234.3392267573696	6	AH0
234.3392267573696	234.3982267573696	56	L
234.3982267573696	246.02775510204083	74	sp
246.02775510204083	246.16775510204084	60	P
246.16775510204084	246.19775510204082	61	R
246.19775510204082	246.37675510204082	1	AA1
246.37675510204082	246.52675510204082	53	JH
246.52675510204082	246.57675510204083	18	EH0
246.57675510204083	246.60675510204084	54	K
246.60675510204084	246.68675510204082	64	T
246.68675510204082	246.72675510204084	48	D
246.72675510204084	246.75675510204084	27	IH0
246.75675510204084	246.89575510204082	66	V
246.89575510204082	246.93575510204084	19	EH1
246.93575510204084	247.12575510204084	56	L
247.12575510204084	247.16575510204083	6	AH0
247.16575510204083	247.23475510204082	60	P
247.23475510204082	247.27475510204084	57	M
247.27475510204084	247.30475510204084	6	AH0
247.30475510204084	247.36475510204082	58	N
247.36475510204082	247.40475510204084	64	T
247.40475510204084	247.49475510204084	67	W
247.49475510204084	247.52475510204084	6	AH0
247.52475510204084	247.63475510204083	69	Z
247.63475510204083	247.71375510204084	60	P
247.71375510204084	247.74375510204084	61	R
247.74375510204084	247.77375510204084	6	AH0
247.77375510204084	248.02375510204084	62	S
248.02375510204084	248.25275510204082	32	IY1
248.25275510204082	248.29275510204084	48	D
248.29275510204084	248.37275510204083	27	IH0
248.37275510204083	248.54175510204084	59	NG
248.54175510204084	248.67175510204083	64	T
248.67175510204083	248.78175510204082	44	UW1
248.78175510204082	249.03075510204084	62	S
249.03075510204084	249.08075510204083	56	L
249.08075510204083	249.26075510204083	35	OW1
249.26075510204083	249.40975510204083	56	L
249.40975510204083	249.49975510204084	31	IY0
249.49975510204084	260.5685260770975	74	sp
260.5685260770975	260.6885260770975	67	W
260.6885260770975	260.7185260770975	6	AH0
260.7185260770975	260.8485260770975	56	L
260.8485260770975	261.0275260770975	61	R
261.0275260770975	261.2175260770975	1	AA1
261.2175260770975	261.2975260770975	46	B
261.2975260770975	261.3565260770975	6	AH0
261.3565260770975	261.4765260770975	58	N
261.4765260770975	261.58652607709746	67	W
261.58652607709746	261.70652607709746	19	EH1
261.70652607709746	261.8255260770975	61	R
261.8255260770975	261.90552607709753	25	EY1
261.90552607709753	262.0055260770975	68	Y
262.0055260770975	262.03552607709753	19	EH1
262.03552607709753	262.2145260770975	56	L
262.2145260770975	262.3945260770975	34	OW0
262.3945260770975	262.4845260770975	56	L
262.4845260770975	262.5145260770975	28	IH1
262.5145260770975	262.7235260770975	56	L
262.7235260770975	262.8335260770975	31	IY0
262.8335260770975	274.581768707483	74	sp
274.581768707483	274.700768707483	64	T
274.700768707483	274.860768707483	1	AA1
274.860768707483	274.93076870748297	57	M
274.93076870748297	274.960768707483	6	AH0
274.960768707483	275.159768707483	62	S
275.159768707483	275.229768707483	65	TH
275.229768707483	275.259768707483	28	IH1
275.259768707483	275.439768707483	59	NG
275.439768707483	275.469768707483	54	K
275.469768707483	275.598768707483	62	S
275.598768707483	275.628768707483	6	AH0
275.628768707483	275.858768707483	56	L
275.858768707483	275.988768707483	1	AA1
275.988768707483	276.06776870748297	61	R
276.06776870748297	276.187768707483	53	JH
276.187768707483	276.327768707483	21	ER0
276.327768707483	276.486768707483	54	K
276.486768707483	276.556768707483	56	L
276.556768707483	276.726768707483	4	AE1
276.726768707483	276.846768707483	57	M
276.846768707483	276.925768707483	60	P
276.925768707483	277.085768707483	62	S
277.085768707483	277.155768707483	1	AA1
277.155768707483	277.30576870748297	56	L
277.30576870748297	277.354768707483	66	V
277.354768707483	277.484768707483	69	Z
277.484768707483	277.524768707483	49	DH
277.524768707483	277.564768707483	6	AH0
277.564768707483	277.70476870748297	60	P
277.70476870748297	277.734768707483	61	R
277.734768707483	277.903768707483	1	AA1
277.903768707483	278.023768707483	46	B
278.023768707483	278.053768707483	56	L
278.053768707483	278.093768707483	6	AH0
278.093768707483	278.123768707483	57	M
278.123768707483	287.9463038548753	74	sp
287.9463038548753	287.9763038548753	49	DH
287.9763038548753	288.0363038548753	6	AH0
288.0363038548753	288.2453038548753	62	S
288.2453038548753	288.2953038548753	67	W
288.2953038548753	288.3253038548753	6	AH0
288.3253038548753	288.5153038548753	69	Z
288.5153038548753	288.6843038548753	32	IY1
288.6843038548753	288.8443038548753	69	Z
288.8443038548753	288.9143038548753	31	IY0
288.9143038548753	289.02330385487534	50	F
289.02330385487534	289.21330385487533	10	AO1
289.21330385487533	289.27330385487534	61	R
289.27330385487534	289.34330385487533	7	AH1
289.34330385487533	289.6723038548753	62	S
289.6723038548753	301.5421315192744	74	sp
301.5421315192744	301.6121315192744	48	D
301.6121315192744	301.6421315192744	6	AH0
301.6421315192744	301.84113151927437	62	S
301.84113151927437	301.9011315192744	19	EH1
301.9011315192744	302.0111315192744	57	M
302.0111315192744	302.0511315192744	46	B
302.0511315192744	302.16113151927436	21	ER0
302.16113151927436	302.1911315192744	6	AH0
302.1911315192744	302.25013151927436	58	N
302.25013151927436	302.3001315192744	48	D
302.3001315192744	302.4501315192744	53	JH
302.4501315192744	302.6301315192744	4	AE1
302.6301315192744	302.7591315192744	58	N
302.7591315192744	302.8591315192744	68	Y
302.8591315192744	303.0691315192744	43	UW0
303.0691315192744	303.2181315192744	20	EH2
303.2181315192744	303.35813151927437	61	R
303.35813151927437	303.5581315192744	31	IY0
303.5581315192744	303.8671315192744	74	sp
303.8671315192744	303.9571315192744	1	AA1
303.9571315192744	303.9871315192744	61	R
303.9871315192744	304.2061315192744	58	N
304.2061315192744	304.28613151927436	16	AY1
304.28613151927436	304.5151315192744	62	S
304.5151315192744	304.6451315192744	57	M
304.6451315192744	304.7051315192744	7	AH1
304.7051315192744	304.7751315192744	58	N
304.7751315192744	304.80513151927437	65	TH
304.80513151927437	304.9841315192744	62	S
304.9841315192744	305.0441315192744	64	T
305.0441315192744	305.0741315192744	6	AH0
305.0741315192744	305.2441315192744	62	S
305.2441315192744	305.3241315192744	60	P
305.3241315192744	305.4331315192744	19	EH1
305.4331315192744	305.5331315192744	58	N
305.5331315192744	305.5931315192744	48	D
305.5931315192744	305.6331315192744	6	AH0
305.6331315192744	305.6931315192744	58	N
305.6931315192744	305.7631315192744	57	M
305.7631315192744	305.9021315192744	15	AY0
305.9021315192744	306.0921315192744	4	AE1
306.0921315192744	306.2111315192744	57	M
306.2111315192744	306.4011315192744	31	IY0
306.4011315192744	318.667	74	sp
318.667	318.767	56	L
318.767	318.947	4	AE1
318.947	319.106	62	S
319.106	319.13599999999997	64	T
319.13599999999997	319.326	68	Y
319.326	319.356	28	IH1
319.356	319.426	61	R
319.426	319.585	69	Z
319.585	319.665	51	G
319.665	319.865	4	AE1
319.865	320.074	62	S
320.074	320.234	63	SH
320.234	320.404	10	AO1
320.404	320.443	61	R
320.443	320.483	64	T
320.483	320.58299999999997	6	AH0
320.58299999999997	320.783	53	JH
320.783	320.942	54	K
320.942	321.17199999999997	1	AA1
321.17199999999997	321.202	69	Z
321.202	321.23199999999997	48	D
321.23199999999997	321.501	62	S
321.501	321.541	64	T
321.541	321.73	32	IY1
321.73	321.76	60	P
321.76	321.86	74	sp
321.86	321.99	60	P
321.99	322.09	61	R
322.09	322.229	16	AY1
322.229	322.409	62	S
322.409	322.439	29	IH2
322.439	322.529	58	N
322.529	322.64799999999997	54	K
322.64799999999997	322.718	61	R
322.718	322.818	32	IY1
322.818	323.018	62	S
323.018	323.067	6	AH0
323.067	323.397	69	Z
323.397	342.46868667453384	74	sp
342.46868667453384	342.5819501133787	2	AA2
342.5819501133787	342.6319501133787	61	R
342.6319501133787	342.6619501133787	64	T
342.6619501133787	342.69195011337865	6	AH0
342.69195011337865	342.8219501133787	50	F
342.8219501133787	342.8809501133787	28	IH1
342.8809501133787	343.0209501133787	63	SH
343.0209501133787	343.0509501133787	6	AH0
343.0509501133787	343.08095011337866	56	L
343.08095011337866	343.1109501133787	29	IH2
343.1109501133787	343.28995011337867	58	N
343.28995011337867	343.4199501133787	64	T
343.4199501133787	343.4599501133787	19	EH1
343.4599501133787	343.65995011337867	56	L
343.65995011337867	343.7099501133787	6	AH0
343.7099501133787	343.7789501133787	53	JH
343.7789501133787	343.80895011337867	6	AH0
343.80895011337867	343.87895011337866	58	N
343.87895011337866	344.01895011337865	62	S
344.01895011337865	344.0489501133787	6	AH0
344.0489501133787	344.1779501133787	69	Z
344.1779501133787	344.28795011337866	50	F
344.28795011337866	344.39795011337867	21	ER0
344.39795011337867	344.4879501133787	61	R
344.4879501133787	344.5679501133787	32	IY1
344.5679501133787	344.6469501133787	56	L
344.6469501133787	355.7989115646258	74	sp
355.7989115646258	355.91791156462585	64	T
355.91791156462585	356.0779115646258	1	AA1
356.0779115646258	356.1479115646258	57	M
356.1479115646258	356.17791156462584	6	AH0
356.17791156462584	356.37691156462586	62	S
356.37691156462586	356.44691156462585	65	TH
356.44691156462585	356.4769115646258	28	IH1
356.4769115646258	356.65691156462583	59	NG
356.65691156462583	356.68691156462586	54	K
356.68691156462586	356.8159115646258	62	S
356.8159115646258	356.84591156462585	6	AH0
356.84591156462585	357.07591156462587	56	L
357.07591156462587	357.20591156462586	1	AA1
357.20591156462586	357.2849115646258	61	R
357.2849115646258	357.4049115646258	53	JH
357.4049115646258	357.54491156462586	21	ER0
357.54491156462586	357.70391156462586	54	K
357.70391156462586	357.77391156462585	56	L
357.77391156462585	357.94391156462586	4	AE1
357.94391156462586	358.06391156462587	57	M
358.06391156462587	358.1429115646258	60	P
358.1429115646258	358.30291156462584	62	S
358.30291156462584	358.37291156462584	1	AA1
358.37291156462584	358.5229115646258	56	L
358.5229115646258	358.57191156462585	66	V
358.57191156462585	358.70191156462585	69	Z
358.70191156462585	358.74191156462587	49	DH
358.74191156462587	358.78191156462583	6	AH0
358.78191156462583	358.9219115646258	60	P
358.9219115646258	358.95191156462585	61	R
358.95191156462585	359.1209115646258	1	AA1
359.1209115646258	359.24091156462583	46	B
359.24091156462583	359.27091156462586	56	L
359.27091156462586	359.3109115646258	6	AH0
359.3109115646258	359.34091156462586	57	M
359.34091156462586	369.3873922902494	74	sp
369.3873922902494	369.6163922902494	1	AA1
369.6163922902494	369.6963922902494	46	B
369.6963922902494	369.7763922902494	53	JH
369.7763922902494	369.8753922902494	18	EH0
369.8753922902494	369.9653922902494	54	K
369.9653922902494	370.0853922902494	62	S
370.0853922902494	370.1953922902494	57	M
370.1953922902494	370.4143922902494	25	EY1
370.4143922902494	370.4843922902494	48	D
370.4843922902494	370.5143922902494	6	AH0
370.5143922902494	370.5743922902494	66	V
370.5743922902494	370.6943922902494	74	sp
370.6943922902494	370.8133922902494	60	P
370.8133922902494	370.9233922902494	68	Y
370.9233922902494	371.03339229024937	44	UW1
371.03339229024937	371.0633922902494	64	T
371.0633922902494	371.1033922902494	21	ER0
371.1033922902494	371.3423922902494	21	ER0
371.3423922902494	371.43239229024937	46	B
371.43239229024937	371.5523922902494	68	Y
371.5523922902494	371.7013922902494	44	UW1
371.7013922902494	371.7713922902494	64	T
371.7713922902494	371.8013922902494	6	AH0
371.8013922902494	371.8613922902494	50	F
371.8613922902494	371.9113922902494	6	AH0
371.9113922902494	372.0512878007862	56	L
372.0512878007862	382.8370975056689	74	sp
382.8370975056689	382.87709750566887	49	DH
382.87709750566887	382.9060975056689	6	AH0
382.9060975056689	383.0460975056689	50	F
383.0460975056689	383.1560975056689	41	UH1
383.1560975056689	383.2360975056689	64	T
383.2360975056689	383.2660975056689	46	B
383.2660975056689	383.33509750566895	11	AO2
383.33509750566895	383.5050975056689	56	L
383.5050975056689	383.7050975056689	64	T
383.7050975056689	383.87409750566894	32	IY1
383.87409750566894	383.99409750566895	57	M
383.99409750566895	384.1540975056689	54	K
384.1540975056689	384.4230975056689	35	OW1
384.4230975056689	384.6520975056689	47	CH
384.6520975056689	385.3810975056689	74	sp
385.3810975056689	385.44109750566895	52	HH
385.44109750566895	385.5800975056689	4	AE1
385.5800975056689	385.7000975056689	69	Z
385.7000975056689	385.73009750566894	6	AH0
385.73009750566894	385.99909750566894	67	W
385.99909750566894	386.2190975056689	1	AA1
386.2190975056689	386.37909750566894	47	CH
386.37909750566894	386.40809750566893	19	EH1
386.40809750566893	386.63809750566895	69	Z
386.63809750566895	386.6980975056689	65	TH
386.6980975056689	386.8180975056689	28	IH1
386.8180975056689	386.8970975056689	58	N
386.8970975056689	386.92709750566894	19	EH1
386.92709750566894	387.1370975056689	69	Z
387.1370975056689	387.16709750566895	6	AH0
387.16709750566895	387.2270975056689	48	D
387.2270975056689	387.32609750566894	16	AY1
387.32609750566894	387.59640571117205	57	M
387.59640571117205	399.8360090702948	74	sp
399.8360090702948	400.03600907029477	32	IY1
400.03600907029477	400.1365804243988	47	CH
400.1365804243988	400.3050090702948	62	S
400.3050090702948	400.3550090702948	64	T
400.3550090702948	400.61400907029474	4	AE1
400.61400907029474	400.6940090702948	51	G
400.6940090702948	400.89400907029477	63	SH
400.89400907029477	400.96400907029476	41	UH1
400.96400907029476	401.0140090702948	61	R
401.0140090702948	401.1430090702948	56	L
401.1430090702948	401.2130090702948	31	IY0
401.2130090702948	401.3430090702948	50	F
401.3430090702948	401.52200907029476	16	AY1
401.52200907029476	401.5720090702948	58	N
401.5720090702948	401.6020090702948	48	D
401.6020090702948	401.7020090702948	69	Z
401.7020090702948	401.7320090702948	6	AH0
401.7320090702948	401.8420090702948	46	B
401.8420090702948	401.9220090702948	28	IH1
401.9220090702948	401.9810090702948	51	G
401.9810090702948	402.04100907029476	74	sp
402.04100907029476	402.17100907029476	50	F
402.17100907029476	402.4800090702948	10	AO1
402.4800090702948	402.5300090702948	58	N
402.5300090702948	414.5118367346939	74	sp
414.5118367346939	414.5418367346939	49	DH
414.5418367346939	414.6018367346939	6	AH0
414.6018367346939	414.8108367346939	62	S
414.8108367346939	414.8608367346939	67	W
414.8608367346939	414.8908367346939	6	AH0
414.8908367346939	415.0808367346939	69	Z
415.0808367346939	415.2498367346939	32	IY1
415.2498367346939	415.4098367346939	69	Z
415.4098367346939	415.4798367346939	31	IY0
415.4798367346939	415.5888367346939	50	F
415.5888367346939	415.7788367346939	10	AO1
415.7788367346939	415.8388367346939	61	R
415.8388367346939	415.9088367346939	7	AH1
415.9088367346939	416.2378367346939	62	S
416.2378367346939	428.16353741496596	74	sp
428.16353741496596	428.28353741496596	67	W
428.28353741496596	428.31353741496594	6	AH0
428.31353741496594	428.44353741496593	56	L
428.44353741496593	428.62253741496596	61	R
428.62253741496596	428.81253741496596	1	AA1
428.81253741496596	428.892537414966	46	B
428.892537414966	428.95153741496597	6	AH0
428.95153741496597	429.071537414966	58	N
429.071537414966	429.181537414966	67	W
429.181537414966	429.301537414966	19	EH1
429.301537414966	429.42053741496596	61	R
429.42053741496596	429.50053741496595	25	EY1
429.50053741496595	429.60053741496597	68	Y
429.60053741496597	429.63053741496594	19	EH1
429.63053741496594	429.809537414966	56	L
429.809537414966	429.989537414966	34	OW0
429.989537414966	430.07953741496596	56	L
430.07953741496596	430.109537414966	28	IH1
430.109537414966	430.318537414966	56	L
430.318537414966	430.42853741496594	31	IY0
430.42853741496594	442.25233560090703	74	sp
442.25233560090703	442.282335600907	51	G
442.282335600907	442.382335600907	61	R
442.382335600907	442.522335600907	4	AE1
442.522335600907	442.62133560090706	58	N
442.62133560090706	442.741335600907	57	M
442.741335600907	442.83133560090704	8	AH2
442.83133560090704	442.931335600907	49	DH
442.931335600907	443.09033560090705	21	ER0
443.09033560090705	443.29033560090704	14	AW2
443.29033560090704	443.34033560090705	64	T
443.34033560090705	443.43033560090703	51	G
443.43033560090703	443.529335600907	61	R
443.529335600907	443.709335600907	44	UW1
443.709335600907	443.789335600907	52	HH
443.789335600907	443.88933560090703	21	ER0
443.88933560090703	444.09833560090703	7	AH1
444.09833560090703	444.248335600907	60	P
444.248335600907	444.298335600907	46	B
444.298335600907	444.447335600907	61	R
444.447335600907	444.49733560090704	29	IH2
444.49733560090704	444.587335600907	59	NG
444.587335600907	444.717335600907	27	IH0
444.717335600907	444.96633560090703	59	NG
444.96633560090703	445.07633560090704	28	IH1
445.07633560090704	445.21633560090703	58	N
445.21633560090703	445.325335600907	60	P
445.325335600907	445.40533560090705	19	EH1
445.40533560090705	445.48533560090704	64	T
445.48533560090704	445.55533560090703	31	IY0
445.55533560090703	445.714335600907	54	K
445.714335600907	445.894335600907	36	OW2
445.894335600907	446.01433560090703	64	T
446.01433560090703	446.293335600907	62	S
446.293335600907	457.9959183673469	74	sp
457.9959183673469	458.1359183673469	60	P
458.1359183673469	458.1659183673469	61	R
458.1659183673469	458.3449183673469	1	AA1
458.3449183673469	458.49491836734694	53	JH
458.49491836734694	458.5449183673469	18	EH0
458.5449183673469	458.5749183673469	54	K
458.5749183673469	458.6549183673469	64	T
458.6549183673469	458.69491836734693	48	D
458.69491836734693	458.72491836734696	27	IH0
458.72491836734696	458.8639183673469	66	V
458.8639183673469	458.90391836734693	19	EH1
458.90391836734693	459.09391836734693	56	L
459.09391836734693	459.13391836734695	6	AH0
459.13391836734695	459.2029183673469	60	P
459.2029183673469	459.24291836734693	57	M
459.24291836734693	459.27291836734696	6	AH0
459.27291836734696	459.3329183673469	58	N
459.3329183673469	459.3729183673469	64	T
459.3729183673469	459.4629183673469	67	W
459.4629183673469	459.49291836734693	6	AH0
459.49291836734693	459.6029183673469	69	Z
459.6029183673469	459.68191836734695	60	P
459.68191836734695	459.7119183673469	61	R
459.7119183673469	459.7419183673469	6	AH0
459.7419183673469	459.9919183673469	62	S
459.9919183673469	460.22091836734694	32	IY1
460.22091836734694	460.2609183673469	48	D
460.2609183673469	460.34091836734694	27	IH0
460.34091836734694	460.5099183673469	59	NG
460.5099183673469	460.6399183673469	64	T
460.6399183673469	460.74991836734694	44	UW1
460.74991836734694	460.99891836734696	62	S
460.99891836734696	461.0489183673469	56	L
461.0489183673469	461.2289183673469	35	OW1
461.2289183673469	461.3779183673469	56	L
461.3779183673469	461.4679183673469	31	IY0
461.4679183673469	473.3906575963719	74	sp
473.3906575963719	473.5481750845544	64	T
473.5481750845544	473.58817508455434	9	AO0
473.58817508455434	473.6181750845543	61	R
473.6181750845543	473.7381750845543	58	N
473.7381750845543	473.92717508455434	25	EY1
473.92717508455434	473.9971750845543	48	D
473.9971750845543	474.09717508455435	36	OW2
474.09717508455435	474.20717508455436	69	Z
474.20717508455436	474.36617508455436	10	AO1
474.36617508455436	474.4561750845544	50	F
474.4561750845544	474.5261750845543	64	T
474.5261750845543	474.57617508455434	6	AH0
474.57617508455434	474.63617508455434	58	N
474.63617508455434	474.69617508455434	48	D
474.69617508455434	474.72617508455437	6	AH0
474.72617508455437	474.90517508455434	62	S
474.90517508455434	474.95517508455436	64	T
474.95517508455436	475.0551750845543	61	R
475.0551750845543	475.40417508455437	38	OY1
475.40417508455437	475.81317508455436	74	sp
475.81317508455436	476.06317508455436	25	EY1
476.06317508455436	476.10217508455435	66	V
476.10217508455435	476.3221750845544	31	IY0
476.3221750845544	476.41217508455435	20	EH2
476.41217508455435	476.52117508455433	61	R
476.52117508455433	476.6511750845543	31	IY0
476.6511750845543	476.93117508455435	69	Z
476.93117508455435	487.9819501133787	74	sp
487.9819501133787	488.0319501133787	49	DH
488.0319501133787	488.1909501133787	25	EY1
488.1909501133787	488.2909501133787	61	R
488.2909501133787	488.3709501133787	6	AH0
488.3709501133787	488.5609501133787	57	M
488.5609501133787	488.8999501133787	25	EY1
488.8999501133787	489.18895011337867	58	N
489.18895011337867	489.2189501133787	48	D
489.2189501133787	489.24895011337867	56	L
489.24895011337867	489.43895011337867	16	AY1
489.43895011337867	489.58795011337867	50	F
489.58795011337867	489.6279501133787	56	L
489.6279501133787	489.67795011337864	10	AO1
489.67795011337864	489.8879501133787	59	NG
489.8879501133787	489.9769501133787	74	sp
489.9769501133787	490.1569501133787	50	F
490.1569501133787	490.2569501133787	61	R
490.2569501133787	490.30695011337866	19	EH1
490.30695011337866	490.4959501133787	58	N
490.4959501133787	490.57595011337867	69	Z
490.57595011337867	490.60595011337864	6	AH0
490.60595011337864	490.6859501133787	58	N
490.6859501133787	490.71595011337865	48	D
490.71595011337865	490.7759501133787	54	K
490.7759501133787	490.8149501133787	6	AH0
490.8149501133787	490.86495011337865	57	M
490.86495011337865	490.99495011337865	60	P
490.99495011337865	491.03495011337867	4	AE1
491.03495011337867	491.31395011337867	58	N
491.31395011337867	491.4239501133787	68	Y
491.4239501133787	491.4539501133787	6	AH0
491.4539501133787	491.63395011337866	58	N
491.63395011337866	491.66295011337866	69	Z
491.66295011337866	504.8898866213152	74	sp
504.8898866213152	504.9298866213152	49	DH
504.9298866213152	504.9598866213152	6	AH0
504.9598866213152	505.08888662131517	57	M
505.08888662131517	505.2488866213152	10	AO1
505.2488866213152	505.2788866213152	61	R
505.2788866213152	505.34888662131516	58	N
505.34888662131516	505.4088866213152	27	IH0
505.4088866213152	505.5578866213152	59	NG
505.5578866213152	505.6278866213152	48	D
505.6278866213152	506.0068866213152	44	UW1
506.0068866213152	506.0668866213152	1	AA1
506.0668866213152	506.1168866213152	58	N
506.1168866213152	506.14688662131516	49	DH
506.14688662131516	506.2068866213152	6	AH0
506.2068866213152	506.4058866213152	62	S
506.4058866213152	506.4758866213152	60	P
506.4758866213152	506.6558866213152	16	AY1
506.6558866213152	506.7158866213152	48	D
506.7158866213152	506.7548866213152	21	ER0
506.7548866213152	506.94488662131516	67	W
506.94488662131516	507.06488662131517	19	EH1
507.06488662131517	507.1248866213152	46	B
507.1248866213152	507.2338866213152	74	sp
507.2338866213152	507.2638866213152	51	G
507.2638866213152	507.34388662131516	56	L
507.34388662131516	507.4038866213152	28	IH1
507.4038866213152	507.5738866213152	62	S
507.5738866213152	507.62288662131516	6	AH0
507.62288662131516	507.74288662131517	58	N
507.74288662131517	507.7828866213152	48	D
507.7828866213152	507.8128866213152	6	AH0
507.8128866213152	507.9128866213152	58	N
507.9128866213152	507.9428866213152	49	DH
507.9428866213152	507.9828866213152	6	AH0
507.9828866213152	508.2018866213152	62	S
508.2018866213152	508.4418866213152	7	AH1
508.4418866213152	508.5708866213152	58	N
508.5708866213152	519.638	74	sp
519.638	519.6780000000001	49	DH
519.6780000000001	519.827	25	EY1
519.827	520.027	10	AO1
520.027	520.147	50	F
520.147	520.2070000000001	64	T
520.2070000000001	520.2360000000001	6	AH0
520.2360000000001	520.356	58	N
520.356	520.4060000000001	51	G
520.4060000000001	520.586	35	OW1
520.586	520.835	13	AW1
520.835	520.865	64	T
520.865	520.895	6	AH0
520.895	521.0450000000001	58	N
521.0450000000001	521.075	49	DH
521.075	521.254	31	IY0
521.254	521.384	32	IY1
521.384	521.5340000000001	66	V
521.5340000000001	521.5730000000001	58	N
521.5730000000001	521.643	27	IH0
521.643	521.763	59	NG
521.763	534.796	74	sp
534.796	534.8960000000001	56	L
534.8960000000001	535.076	4	AE1
535.076	535.2350000000001	62	S
535.2350000000001	535.2650000000001	64	T
535.2650000000001	535.4550000000002	68	Y
535.4550000000002	535.4850000000001	28	IH1
535.4850000000001	535.5550000000001	61	R
535.5550000000001	535.714	69	Z
535.714	535.7940000000001	51	G
535.7940000000001	535.9940000000001	4	AE1
535.9940000000001	536.2030000000001	62	S
536.2030000000001	536.363	63	SH
536.363	536.5330000000001	10	AO1
536.5330000000001	536.5720000000001	61	R
536.5720000000001	536.6120000000001	64	T
536.6120000000001	536.712	6	AH0
536.712	536.912	53	JH
536.912	537.0710000000001	54	K
537.0710000000001	537.301	1	AA1
537.301	537.3310000000001	69	Z
537.3310000000001	537.3610000000001	48	D
537.3610000000001	537.6300000000001	62	S
537.6300000000001	537.6700000000001	64	T
537.6700000000001	537.8590000000002	32	IY1
537.8590000000002	537.8890000000001	60	P
537.8890000000001	537.989	74	sp
537.989	538.1190000000001	60	P
538.1190000000001	538.219	61	R
538.219	538.3580000000001	16	AY1
538.3580000000001	538.538	62	S
538.538	538.5680000000001	29	IH2
538.5680000000001	538.6580000000001	58	N
538.6580000000001	538.777	54	K
538.777	538.8470000000001	61	R
538.8470000000001	538.9470000000001	32	IY1
538.9470000000001	539.147	62	S
539.147	539.1960000000001	6	AH0
539.1960000000001	539.5260000000001	69	Z
539.5260000000001	550.5019219387445	74	sp
550.5019219387445	550.5392790855519	48	D
550.5392790855519	550.5761904761905	6	AH0
550.5761904761905	550.7751904761905	62	S
550.7751904761905	550.8351904761905	19	EH1
550.8351904761905	550.9451904761904	57	M
550.9451904761904	550.9851904761905	46	B
550.9851904761905	551.0951904761905	21	ER0
551.0951904761905	551.1251904761905	6	AH0
551.1251904761905	551.1841904761905	58	N
551.1841904761905	551.2341904761904	48	D
551.2341904761904	551.3841904761905	53	JH
551.3841904761905	551.5641904761906	4	AE1
551.5641904761906	551.6931904761905	58	N
551.6931904761905	551.7931904761905	68	Y
551.7931904761905	552.0031904761904	43	UW0
552.0031904761904	552.1521904761905	20	EH2
552.1521904761905	552.2921904761904	61	R
552.2921904761904	552.4921904761904	31	IY0
552.4921904761904	552.8011904761904	74	sp
552.8011904761904	552.8911904761906	1	AA1
552.8911904761906	552.9211904761905	61	R
552.9211904761905	553.1401904761905	58	N
553.1401904761905	553.2201904761905	16	AY1
553.2201904761905	553.4491904761906	62	S
553.4491904761906	553.5791904761904	57	M
553.5791904761904	553.6391904761905	7	AH1
553.6391904761905	553.7091904761905	58	N
553.7091904761905	553.7391904761905	65	TH
553.7391904761905	553.9181904761905	62	S
553.9181904761905	553.9781904761905	64	T
553.9781904761905	554.0081904761905	6	AH0
554.0081904761905	554.1781904761905	62	S
554.1781904761905	554.2581904761905	60	P
554.2581904761905	554.3671904761904	19	EH1
554.3671904761904	554.4671904761905	58	N
554.4671904761905	554.5271904761905	48	D
554.5271904761905	554.5671904761905	6	AH0
554.5671904761905	554.6271904761904	58	N
554.6271904761904	554.6971904761905	57	M
554.6971904761905	554.8361904761905	15	AY0
554.8361904761905	555.0261904761905	4	AE1
555.0261904761905	555.1451904761905	57	M
555.1451904761905	555.3351904761905	31	IY0
555.3351904761905	565.468	74	sp
565.468	565.577	64	T
565.577	565.817	1	AA1
565.817	565.877	48	D
565.877	565.957	74	sp
565.957	566.0759999999999	60	P
566.0759999999999	566.126	56	L
566.126	566.3159999999999	25	EY1
566.3159999999999	566.505	62	S
566.505	566.5649999999999	64	T
566.5649999999999	566.615	64	T
566.615	566.765	1	AA1
566.765	566.924	60	P
566.924	566.9739999999999	60	P
566.9739999999999	567.064	61	R
567.064	567.2239999999999	15	AY0
567.2239999999999	567.453	10	AO1
567.453	567.563	61	R
567.563	567.593	6	AH0
567.593	567.6529999999999	64	T
567.6529999999999	567.832	31	IY0
567.832	567.972	1	AA1
567.972	568.0719999999999	58	N
568.0719999999999	568.1519999999999	51	G
568.1519999999999	568.251	28	IH1
568.251	568.3109999999999	64	T
568.3109999999999	568.371	27	IH0
568.371	568.4409999999999	59	NG
568.4409999999999	568.491	52	HH
568.491	568.5409999999999	28	IH1
568.5409999999999	568.68	69	Z
568.68	568.7199999999999	74	sp
568.7199999999999	568.76	46	B
568.76	568.9699999999999	16	AY1
568.9699999999999	569.0799999999999	54	K
569.0799999999999	569.209	50	F
569.209	569.329	28	IH1
569.329	569.4789999999999	54	K
569.4789999999999	569.718	62	S
569.718	569.7679999999999	64	T
569.7679999999999	580.6316268915799	74	sp
580.6316268915799	580.7083673469388	67	W
580.7083673469388	580.7383673469387	28	IH1
580.7383673469387	580.8383673469388	58	N
580.8383673469388	580.9683673469387	60	P
580.9683673469387	580.9983673469387	32	IY1
580.9983673469387	581.1073673469388	56	L
581.1073673469388	581.1773673469388	27	IH0
581.1773673469388	581.2673673469387	59	NG
581.2673673469387	581.2973673469388	6	AH0
581.2973673469388	581.6863673469388	58	N
581.6863673469388	581.7763673469387	10	AO1
581.7763673469387	581.8363673469388	61	R
581.8363673469388	581.8863673469388	6	AH0
581.8863673469388	581.9353673469387	58	N
581.9353673469387	582.0453673469387	53	JH
582.0453673469387	582.0753673469387	6	AH0
582.0753673469387	582.1253673469388	64	T
582.1253673469388	582.1553673469388	6	AH0
582.1553673469388	582.3443673469387	69	Z
582.3443673469387	582.3943673469388	52	HH
582.3943673469388	582.5543673469388	1	AA1
582.5543673469388	582.6543673469388	61	R
582.6543673469388	582.7443673469388	48	D
582.7443673469388	582.7933673469388	58	N
582.7933673469388	582.9233673469388	1	AA1
582.9233673469388	582.9533673469388	64	T
582.9533673469388	582.9833673469387	64	T
582.9833673469387	583.0133673469388	6	AH0
583.0133673469388	583.1633673469388	62	S
583.1633673469388	583.2323673469388	60	P
583.2323673469388	583.3523673469388	61	R
583.3523673469388	583.4523673469388	25	EY1
583.4523673469388	583.6023673469388	53	JH
583.6023673469388	583.8813673469388	44	UW1
583.8813673469388	584.2403673469388	62	S
584.2403673469388	593.668	74	sp
593.668	593.857	1	AA1
593.857	593.947	61	R
593.947	593.9870000000001	27	IH0
593.9870000000001	594.047	54	K
594.047	594.227	62	S
594.227	594.306	60	P
594.306	594.426	19	EH1
594.426	594.456	61	R
594.456	594.566	6	AH0
594.566	594.626	57	M
594.626	594.656	6	AH0
594.656	594.735	58	N
594.735	594.765	64	T
594.765	594.835	62	S
594.835	594.965	60	P
594.965	595.144	1	AA1
595.144	595.244	69	Z
595.244	595.274	6	AH0
595.274	595.3140000000001	64	T
595.3140000000001	595.344	27	IH0
595.344	595.394	66	V
595.394	595.454	74	sp
595.454	595.673	13	AW1
595.673	595.773	64	T
595.773	595.903	54	K
595.903	595.953	8	AH2
595.953	596.102	57	M
596.102	596.182	67	W
596.182	596.212	6	AH0
596.212	596.332	69	Z
596.332	596.422	8	AH2
596.422	596.481	58	N
596.481	596.531	27	IH0
596.531	596.591	54	K
596.591	596.721	62	S
596.721	596.791	60	P
596.791	596.88	19	EH1
596.88	597.02	54	K
597.02	597.1	64	T
597.1	597.1600000000001	6	AH0
597.1600000000001	597.25	48	D
597.25	608.9954247324517	74	sp
608.9954247324517	609.0288662131519	49	DH
609.0288662131519	609.068866213152	6	AH0
609.068866213152	609.2978662131519	62	S
609.2978662131519	609.3878662131519	29	IH2
609.3878662131519	609.5178662131519	51	G
609.5178662131519	609.656866213152	21	ER0
609.656866213152	609.7568662131519	19	EH1
609.7568662131519	609.8368662131519	64	T
609.8368662131519	609.9868662131519	62	S
609.9868662131519	610.026866213152	6	AH0
610.026866213152	610.1058662131519	58	N
610.1058662131519	610.135866213152	49	DH
610.135866213152	610.175866213152	6	AH0
610.175866213152	610.4358662131519	54	K
610.4358662131519	610.5248662131519	56	L
610.5248662131519	610.7648662131519	25	EY1
610.7648662131519	611.0638662131519	4	AE1
611.0638662131519	611.2738662131519	63	SH
611.2738662131519	611.4228662131519	64	T
611.4228662131519	611.492866213152	61	R
611.492866213152	611.732866213152	26	EY2
611.732866213152	611.8418662131519	36	OW2
611.8418662131519	611.9118662131519	66	V
611.9118662131519	611.9818662131519	21	ER0
611.9818662131519	612.2218662131519	50	F
612.2218662131519	612.300866213152	56	L
612.300866213152	612.5808662131519	35	OW1
612.5808662131519	612.6408662131519	48	D
612.6408662131519	612.7798662131519	1	AA1
612.7798662131519	612.8898662131519	58	N
612.8898662131519	612.9998662131519	64	T
612.9998662131519	613.039866213152	43	UW0
613.039866213152	613.0998662131519	49	DH
613.0998662131519	613.1688662131519	7	AH1
613.1688662131519	613.3788662131519	35	OW1
613.3788662131519	613.4988662131519	54	K
613.4988662131519	613.6578662131519	64	T
613.6578662131519	613.877866213152	25	EY1
613.877866213152	613.9478662131519	46	B
613.9478662131519	613.9778662131519	6	AH0
613.9778662131519	614.0368662131519	56	L
614.0368662131519	632.7543764172335	74	sp
