335.549	335.709	48	D
335.709	335.829	15	AY0
335.829	336.098	4	AE1
336.098	336.208	58	N
336.208	336.268	57	M
336.268	336.427	25	EY1
336.427	336.667	62	S
336.667	336.747	60	P
336.747	336.856	56	L
336.856	337.066	22	ER1
337.066	337.156	53	JH
337.156	337.186	6	AH0
337.186	337.226	58	N
337.226	337.256	48	D
337.256	337.335	46	B
337.335	337.565	16	AY1
337.565	337.595	6	AH0
337.595	337.774	64	T
337.774	337.904	22	ER1
337.904	338.064	54	K
338.064	338.203	67	W
338.203	338.233	37	OY0
338.233	338.433	69	Z
338.433	338.483	58	N
338.483	338.592	19	EH1
338.592	338.762	54	K
338.762	338.832	56	L
338.832	338.882	6	AH0
338.882	339.241	62	S
339.241	342.384	73	ns
342.384	342.484	74	sp
342.484	348.789	73	ns
348.789	348.819	51	G
348.819	348.919	61	R
348.919	349.039	4	AE1
349.039	349.188	57	M
349.188	349.228	8	AH2
349.228	349.328	49	DH
349.328	349.448	21	ER0
349.448	349.647	14	AW2
349.647	349.747	64	T
349.747	349.807	51	G
349.807	349.867	61	R
349.867	350.026	44	UW1
350.026	350.056	52	HH
350.056	350.236	21	ER0
350.236	350.286	7	AH1
350.286	350.475	60	P
350.475	350.505	46	B
350.505	350.645	61	R
350.645	350.685	29	IH2
350.685	350.805	59	NG
350.805	350.835	27	IH0
350.835	351.084	59	NG
351.084	351.164	28	IH1
351.164	351.264	58	N
351.264	351.383	60	P
351.383	351.463	19	EH1
351.463	351.523	64	T
351.523	351.593	31	IY0
351.593	351.733	54	K
351.733	351.952	36	OW2
351.952	352.022	64	T
352.022	352.361	62	S
352.361	355.783	73	ns
355.783	363.406	73	ns
363.406	363.636	1	AA1
363.636	363.725	46	B
363.725	363.795	53	JH
363.795	363.855	18	EH0
363.855	363.925	54	K
363.925	364.025	62	S
364.025	364.104	57	M
364.104	364.214	25	EY1
364.214	364.254	48	D
364.254	364.294	6	AH0
364.294	364.354	66	V
364.354	364.464	60	P
364.464	364.623	68	Y
364.623	364.743	44	UW1
364.743	364.803	64	T
364.803	364.992	21	ER0
364.992	365.122	21	ER0
365.122	365.172	74	sp
365.172	365.212	46	B
365.212	365.322	68	Y
365.322	365.392	44	UW1
365.392	365.421	64	T
365.421	365.471	6	AH0
365.471	365.631	50	F
365.631	365.661	6	AH0
365.661	365.731	56	L
365.731	369.602	73	ns
369.602	376.875	73	ns
376.875	377.025	2	AA2
377.025	377.065	61	R
377.065	377.095	64	T
377.095	377.125	6	AH0
377.125	377.285	50	F
377.285	377.344	28	IH1
377.344	377.554	63	SH
377.554	377.634	6	AH0
377.634	377.674	56	L
377.674	377.704	29	IH2
377.704	377.783	58	N
377.783	377.903	64	T
377.903	377.943	19	EH1
377.943	378.093	56	L
378.093	378.153	6	AH0
378.153	378.282	53	JH
378.282	378.312	6	AH0
378.312	378.372	58	N
378.372	378.512	62	S
378.512	378.542	6	AH0
378.542	378.671	69	Z
378.671	378.781	50	F
378.781	378.911	21	ER0
378.911	379.011	61	R
379.011	379.12	32	IY1
379.12	379.24	56	L
379.24	382.872	73	ns
382.872	391.961	73	ns
391.961	392.051	64	T
392.051	392.28	1	AA1
392.28	392.36	48	D
392.36	392.57	60	P
392.57	392.61	56	L
392.61	392.69	25	EY1
392.69	392.899	62	S
392.899	392.969	64	T
392.969	392.999	64	T
392.999	393.139	1	AA1
393.139	393.268	60	P
393.268	393.298	74	sp
393.298	393.338	60	P
393.338	393.388	61	R
393.388	393.488	15	AY0
393.488	393.737	10	AO1
393.737	393.787	61	R
393.787	393.817	6	AH0
393.817	393.847	64	T
393.847	394.056	31	IY0
394.056	394.116	74	sp
394.116	394.286	1	AA1
394.286	394.376	58	N
394.376	394.465	51	G
394.465	394.555	28	IH1
394.555	394.615	64	T
394.615	394.645	27	IH0
394.645	394.755	59	NG
394.755	394.795	52	HH
394.795	394.825	6	AH0
394.825	394.964	69	Z
394.964	395.004	74	sp
395.004	395.034	46	B
395.034	395.194	16	AY1
395.194	395.304	54	K
395.304	395.473	50	F
395.473	395.633	28	IH1
395.633	395.733	54	K
395.733	395.962	62	S
395.962	396.032	64	T
396.032	399.983	73	ns
399.983	407.236	73	ns
407.236	407.336	67	W
407.336	407.366	28	IH1
407.366	407.476	58	N
407.476	407.586	60	P
407.586	407.656	32	IY1
407.656	407.795	56	L
407.795	407.865	27	IH0
407.865	407.935	59	NG
407.935	407.995	4	AE1
407.995	408.324	58	N
408.324	408.404	10	AO1
408.404	408.454	61	R
408.454	408.504	6	AH0
408.504	408.563	58	N
408.563	408.673	53	JH
408.673	408.713	6	AH0
408.713	408.773	64	T
408.773	408.803	6	AH0
408.803	408.953	69	Z
408.953	408.992	52	HH
408.992	409.162	1	AA1
409.162	409.222	61	R
409.222	409.262	48	D
409.262	409.342	58	N
409.342	409.471	1	AA1
409.471	409.501	64	T
409.501	409.531	64	T
409.531	409.561	6	AH0
409.561	409.731	62	S
409.731	409.801	60	P
409.801	409.92	61	R
409.92	410.01	25	EY1
410.01	410.14	53	JH
410.14	410.389	44	UW1
410.389	410.739	62	S
410.739	414.52	73	ns
414.52	420.476	73	ns
420.476	420.536	49	DH
420.536	420.576	6	AH0
420.576	420.796	57	M
420.796	420.875	10	AO1
420.875	420.915	61	R
420.915	420.955	58	N
420.955	421.015	27	IH0
421.015	421.155	59	NG
421.155	421.235	48	D
421.235	421.504	44	UW1
421.504	421.554	1	AA1
421.554	421.644	58	N
421.644	421.674	49	DH
421.674	421.704	6	AH0
421.704	421.903	62	S
421.903	421.973	60	P
421.973	422.163	16	AY1
422.163	422.222	48	D
422.222	422.302	21	ER0
422.302	422.432	67	W
422.432	422.542	19	EH1
422.542	422.592	46	B
422.592	422.681	74	sp
422.681	422.731	51	G
422.731	422.851	56	L
422.851	422.891	28	IH1
422.891	423.11	62	S
423.11	423.15	6	AH0
423.15	423.23	58	N
423.23	423.29	48	D
423.29	423.37	6	AH0
423.37	423.45	58	N
423.45	423.48	49	DH
423.48	423.509	6	AH0
423.509	423.709	62	S
423.709	424.008	7	AH1
424.008	424.048	58	N
424.048	428.787	73	ns
428.787	435.482	73	ns
435.482	435.552	64	T
435.552	435.592	9	AO0
435.592	435.642	61	R
435.642	435.802	58	N
435.802	435.981	25	EY1
435.981	436.041	48	D
436.041	436.131	36	OW2
436.131	436.231	69	Z
436.231	436.42	10	AO1
436.42	436.52	50	F
436.52	436.6	64	T
436.6	436.63	6	AH0
436.63	436.709	58	N
436.709	436.759	48	D
436.759	436.789	6	AH0
436.789	436.949	62	S
436.949	436.989	64	T
436.989	437.119	61	R
437.119	437.208	38	OY1
437.208	437.518	25	EY1
437.518	437.597	66	V
437.597	437.787	31	IY0
437.787	437.827	20	EH2
437.827	437.987	61	R
437.987	438.126	31	IY0
438.126	438.495	69	Z
438.495	442.197	73	ns
442.197	450.987	73	ns
450.987	451.017	49	DH
451.017	451.157	25	EY1
451.157	451.276	61	R
451.276	451.306	6	AH0
451.306	451.436	57	M
451.436	451.596	25	EY1
451.596	451.685	58	N
451.685	451.715	48	D
451.715	451.805	56	L
451.805	451.925	16	AY1
451.925	452.095	50	F
452.095	452.124	56	L
452.124	452.224	10	AO1
452.224	452.434	59	NG
452.434	452.474	74	sp
452.474	452.534	50	F
452.534	452.643	61	R
452.643	452.683	19	EH1
452.683	452.793	58	N
452.793	452.903	69	Z
452.903	452.933	6	AH0
452.933	452.982	58	N
452.982	453.012	48	D
453.012	453.092	54	K
453.092	453.122	6	AH0
453.122	453.182	57	M
453.182	453.282	60	P
453.282	453.441	4	AE1
453.441	453.561	58	N
453.561	453.651	68	Y
453.651	453.681	6	AH0
453.681	453.87	58	N
453.87	454.13	69	Z
454.13	458.49	73	ns
458.49	465.873	73	ns
465.873	465.903	49	DH
465.903	465.933	6	AH0
465.933	466.093	50	F
466.093	466.212	41	UH1
466.212	466.302	64	T
466.302	466.342	46	B
466.342	466.412	11	AO2
466.412	466.582	56	L
466.582	466.731	64	T
466.731	466.961	32	IY1
466.961	467.011	57	M
467.011	467.17	54	K
467.17	467.41	35	OW1
467.41	467.559	47	CH
467.559	467.739	52	HH
467.739	467.829	6	AH0
467.829	467.939	69	Z
467.939	467.968	6	AH0
467.968	468.228	67	W
468.228	468.368	1	AA1
468.368	468.517	47	CH
468.517	468.547	19	EH1
468.547	468.667	69	Z
468.667	468.767	65	TH
468.767	468.836	28	IH1
468.836	468.896	58	N
468.896	468.936	19	EH1
468.936	469.086	69	Z
469.086	469.136	6	AH0
469.136	469.226	48	D
469.226	469.625	16	AY1
469.625	469.7249205849983	57	M
469.7249205849983	473.456	73	ns
473.456	481.647	73	ns
481.647	481.697	49	DH
481.697	481.847	25	EY1
481.847	482.017	10	AO1
482.017	482.106	50	F
482.106	482.166	64	T
482.166	482.206	6	AH0
482.206	482.296	58	N
482.296	482.356	51	G
482.356	482.525	35	OW1
482.525	482.755	13	AW1
482.755	482.855	64	T
482.855	482.885	6	AH0
482.885	483.024	58	N
483.024	483.064	49	DH
483.064	483.274	31	IY0
483.274	483.343	32	IY1
483.343	483.463	66	V
483.463	483.563	58	N
483.563	483.643	27	IH0
483.643	483.703	59	NG
483.703	487.983	73	ns
487.983	497.392	73	ns
497.392	497.581	1	AA1
497.581	497.691	61	R
497.691	497.721	27	IH0
497.721	497.811	54	K
497.811	497.98	62	S
497.98	498.05	60	P
498.05	498.17	19	EH1
498.17	498.23	61	R
498.23	498.26	6	AH0
498.26	498.349	57	M
498.349	498.389	6	AH0
498.389	498.439	58	N
498.439	498.469	64	T
498.469	498.529	62	S
498.529	498.669	60	P
498.669	498.848	1	AA1
498.848	498.968	69	Z
498.968	498.998	6	AH0
498.998	499.028	64	T
499.028	499.058	27	IH0
499.058	499.168	66	V
499.168	499.367	13	AW1
499.367	499.467	64	T
499.467	499.587	54	K
499.587	499.636	8	AH2
499.636	499.806	57	M
499.806	499.876	67	W
499.876	499.906	6	AH0
499.906	500.016	69	Z
500.016	500.105	8	AH2
500.105	500.135	58	N
500.135	500.205	27	IH0
500.205	500.285	54	K
500.285	500.405	62	S
500.405	500.475	60	P
500.475	500.554	19	EH1
500.554	500.704	54	K
500.704	500.774	64	T
500.774	500.874	6	AH0
500.874	500.97632487184734	48	D
500.97632487184734	504.895	73	ns
504.895	513.116	73	ns
513.116	513.295	32	IY1
513.295	513.395	47	CH
513.395	513.565	62	S
513.565	513.615	64	T
513.615	513.864	4	AE1
513.864	513.944	51	G
513.944	514.143	63	SH
514.143	514.183	41	UH1
514.183	514.233	61	R
514.233	514.363	56	L
514.363	514.393	31	IY0
514.393	514.573	50	F
514.573	514.752	16	AY1
514.752	514.812	58	N
514.812	514.852	48	D
514.852	514.882	69	Z
514.882	514.952	6	AH0
514.952	515.061	46	B
515.061	515.131	28	IH1
515.131	515.171	51	G
515.171	515.391	50	F
515.391	515.7	10	AO1
515.7	515.78	58	N
515.78	519.601	73	ns
519.601	526.266	73	ns
526.266	526.296	49	DH
526.296	526.326	6	AH0
526.326	526.565	62	S
526.565	526.635	29	IH2
526.635	526.755	51	G
526.755	526.924	21	ER0
526.924	527.044	19	EH1
527.044	527.134	64	T
527.134	527.284	62	S
527.284	527.314	6	AH0
527.314	527.413	58	N
527.413	527.443	49	DH
527.443	527.483	6	AH0
527.483	527.723	54	K
527.723	527.842	56	L
527.842	528.032	25	EY1
528.032	528.251	4	AE1
528.251	528.481	63	SH
528.481	528.601	64	T
528.601	528.66	61	R
528.66	528.83	26	EY2
528.83	528.92	36	OW2
528.92	529.01	66	V
529.01	529.08	21	ER0
529.08	529.309	50	F
529.309	529.359	56	L
529.359	529.618	35	OW1
529.618	529.688	48	D
529.688	529.778	1	AA1
529.778	529.908	58	N
529.908	530.007	64	T
530.007	530.037	43	UW0
530.037	530.057	74	sp
530.057	530.107	49	DH
530.107	530.217	31	IY0
530.217	530.347	35	OW1
530.347	530.456	54	K
530.456	530.606	64	T
530.606	530.836	25	EY1
530.836	530.935	46	B
530.935	530.975	6	AH0
530.975	531.045	56	L
531.045	534.886	73	ns
534.886	543.686	73	ns
543.686	543.766	60	P
543.766	543.796	61	R
543.796	543.946	1	AA1
543.946	544.056	53	JH
544.056	544.095	18	EH0
544.095	544.175	54	K
544.175	544.205	64	T
544.205	544.245	48	D
544.245	544.285	27	IH0
544.285	544.395	66	V
544.395	544.445	19	EH1
544.445	544.624	56	L
544.624	544.674	6	AH0
544.674	544.724	60	P
544.724	544.774	57	M
544.774	544.884	6	AH0
544.884	544.914	58	N
544.914	544.953	64	T
544.953	545.013	67	W
545.013	545.043	6	AH0
545.043	545.173	69	Z
545.173	545.263	60	P
545.263	545.293	61	R
545.293	545.323	6	AH0
545.323	545.512	62	S
545.512	545.662	32	IY1
545.662	545.692	48	D
545.692	545.722	27	IH0
545.722	545.841	59	NG
545.841	545.971	64	T
545.971	546.041	44	UW1
546.041	546.221	62	S
546.221	546.29	56	L
546.29	546.51	35	OW1
546.51	546.6	56	L
546.6	546.729	31	IY0
546.729	550.581	73	ns
550.581	550.77	74	sp
550.77	559.47	73	ns
559.47	559.55	67	W
559.55	559.58	6	AH0
559.58	559.72	56	L
559.72	559.84	61	R
559.84	559.979	1	AA1
559.979	560.019	46	B
560.019	560.049	6	AH0
560.049	560.219	58	N
560.219	560.289	67	W
560.289	560.418	19	EH1
560.418	560.488	61	R
560.488	560.518	25	EY1
560.518	560.668	68	Y
560.668	560.708	19	EH1
560.708	560.748	56	L
560.748	560.977	34	OW0
560.977	561.027	74	sp
561.027	561.067	56	L
561.067	561.097	28	IH1
561.097	561.316	56	L
561.316	561.426	31	IY0
561.426	565.437	73	ns
565.437	573.309	73	ns
573.309	573.419	64	T
573.419	573.578	1	AA1
573.578	573.688	57	M
573.688	573.718	6	AH0
573.718	573.888	62	S
573.888	573.958	65	TH
573.958	573.987	28	IH1
573.987	574.107	59	NG
574.107	574.137	54	K
574.137	574.237	62	S
574.237	574.287	6	AH0
574.287	574.436	56	L
574.436	574.606	1	AA1
574.606	574.676	61	R
574.676	574.776	53	JH
574.776	574.925	21	ER0
574.925	575.075	54	K
575.075	575.155	56	L
575.155	575.334	4	AE1
575.334	575.394	57	M
575.394	575.504	60	P
575.504	575.654	62	S
575.654	575.743	1	AA1
575.743	575.903	56	L
575.903	575.933	66	V
575.933	576.053	69	Z
576.053	576.073	74	sp
576.073	576.113	49	DH
576.113	576.262	7	AH1
576.262	576.292	60	P
576.292	576.372	61	R
576.372	576.522	1	AA1
576.522	576.612	46	B
576.612	576.641	56	L
576.641	576.671	6	AH0
576.671	576.701	57	M
576.701	580.672	73	ns
580.672	588.165	73	ns
588.165	588.215	49	DH
588.215	588.285	6	AH0
588.285	588.504	62	S
588.504	588.554	67	W
588.554	588.584	6	AH0
588.584	588.754	69	Z
588.754	588.943	32	IY1
588.943	589.083	69	Z
589.083	589.153	31	IY0
589.153	589.273	50	F
589.273	589.472	10	AO1
589.472	589.522	61	R
589.522	589.622	7	AH1
589.622	589.931	62	S
589.931	593.862	73	ns
593.862	601.216	73	ns
601.216	601.246	48	D
601.246	601.305	6	AH0
601.305	601.515	62	S
601.515	601.545	19	EH1
601.545	601.655	57	M
601.655	601.695	46	B
601.695	601.844	21	ER0
601.844	601.874	6	AH0
601.874	601.954	58	N
601.954	601.984	48	D
601.984	602.104	53	JH
602.104	602.243	4	AE1
602.243	602.323	58	N
602.323	602.453	68	Y
602.453	602.652	43	UW0
602.652	602.782	20	EH2
602.782	602.912	61	R
602.912	602.992	31	IY0
602.992	603.031	1	AA1
603.031	603.081	61	R
603.081	603.191	58	N
603.191	603.351	16	AY1
603.351	603.54	62	S
603.54	603.66	57	M
603.66	603.71	7	AH1
603.71	603.76	58	N
603.76	603.8	65	TH
603.8	603.929	62	S
603.929	603.959	64	T
603.959	603.989	6	AH0
603.989	604.179	62	S
604.179	604.259	60	P
604.259	604.289	19	EH1
604.289	604.418	58	N
604.418	604.458	48	D
604.458	604.488	6	AH0
604.488	604.528	58	N
604.528	604.638	57	M
604.638	604.758	15	AY0
604.758	604.937	4	AE1
604.937	605.057	57	M
605.057	605.127	31	IY0
605.127	608.968	73	ns
608.968	618.387	73	ns
618.387	618.466	56	L
618.466	618.616	4	AE1
618.616	618.776	62	S
618.776	618.975	68	Y
618.975	619.005	28	IH1
619.005	619.045	61	R
619.045	619.175	69	Z
619.175	619.245	51	G
619.245	619.434	4	AE1
619.434	619.564	62	S
619.564	619.763	63	SH
619.763	619.933	10	AO1
619.933	619.983	61	R
619.983	620.043	64	T
620.043	620.103	6	AH0
620.103	620.322	53	JH
620.322	620.502	54	K
620.502	620.781	1	AA1
620.781	621.041	69	Z
621.041	621.07	48	D
621.07	621.32	62	S
621.32	621.37	64	T
621.37	621.549	32	IY1
621.549	621.709	60	P
621.709	621.759	60	P
621.759	621.839	61	R
621.839	621.968	16	AY1
621.968	622.138	62	S
622.138	622.178	29	IH2
622.178	622.258	58	N
622.258	622.368	54	K
622.368	622.457	61	R
622.457	622.547	32	IY1
622.547	622.747	62	S
622.747	622.787	6	AH0
622.787	623.1471937453476	69	Z
623.1471937453476	633.0	74	sp
