0.0	0.202	74	sp
0.202	0.261	49	DH
0.261	0.311	6	AH0
0.311	0.511	54	K
0.511	0.6610571136254213	4	AE1
0.6610571136254213	0.7357714072401722	64	T
0.7357714072401722	0.9416799125200321	57	M
0.9416799125200321	1.0163942061347833	68	Y
1.0163942061347833	1.3015537600977496	13	AW1
1.3015537600977496	1.3701380914195374	48	D
1.3701380914195374	2.436	74	sp
2.436	2.646	10	AO1
2.646	2.746	56	L
2.746	2.826	67	W
2.826	3.015	26	EY2
3.015	3.095	69	Z
3.095	3.753	74	sp
3.753	4.153	52	HH
4.153	4.412	22	ER1
4.412	4.552	64	T
4.552	4.691	62	S
4.691	4.771	57	M
4.771	4.941	16	AY1
4.941	5.051	74	sp
5.051	5.26	28	IH1
5.26	5.31	61	R
5.31	5.559	69	Z
5.559	11.207961391199547	74	sp
11.207961391199547	11.315918847117588	52	HH
11.315918847117588	11.509268880872442	13	AW1
11.509268880872442	11.557938225753526	48	D
11.557938225753526	11.661471195773288	44	UW1
11.661471195773288	11.805	68	Y
11.805	11.865	44	UW1
11.865	11.965	58	N
11.965	12.134	35	OW1
12.134	12.234	57	M
12.234	12.324	16	AY1
12.324	12.434	58	N
12.434	12.633	25	EY1
12.633	12.723	57	M
12.723	13.302	74	sp
13.302	15.567	73	ns
15.567	20.346	73	ns
20.346	20.525	4	AE1
20.525	20.585	48	D
20.585	20.645	74	sp
20.645	20.705	49	DH
20.705	20.755	6	AH0
20.755	20.914	58	N
20.914	21.014	7	AH1
21.014	21.104	57	M
21.104	21.154	46	B
21.154	21.254	21	ER0
21.254	21.413	69	Z
21.413	21.483	64	T
21.483	21.533	6	AH0
21.533	21.633	51	G
21.633	21.792	19	EH1
21.792	21.882	49	DH
21.882	21.982	21	ER0
21.982	22.102	67	W
22.102	22.182	7	AH1
22.182	22.281	58	N
22.281	22.331	46	B
22.331	22.481	16	AY1
22.481	22.631	67	W
22.631	22.71	7	AH1
22.71	22.84	58	N
22.84	23.329	74	sp
23.329	25.853	73	ns
25.853	31.431	73	ns
31.431	31.53	52	HH
31.53	31.68	32	IY1
31.68	31.81	67	W
31.81	31.85	28	IH1
31.85	32.089	56	L
32.089	32.837	74	sp
32.837	32.917	6	AH0
32.917	33.097	56	L
33.097	33.566	13	AW1
33.566	33.945	74	sp
33.945	34.414	25	EY1
34.414	34.583	61	R
34.583	34.753	19	EH1
34.753	34.933	61	R
34.933	35.212	74	sp
35.212	35.322	56	L
35.322	35.631	16	AY1
35.631	36.04	74	sp
36.04	39.821	73	ns
39.821	45.808	73	ns
45.808	45.888	74	sp
45.888	46.057	53	JH
46.057	46.277	1	AA1
46.277	46.436	58	N
46.436	46.546	69	Z
46.546	46.606	74	sp
46.606	46.646	46	B
46.646	46.736	61	R
46.736	46.846	7	AH1
46.846	46.995	49	DH
46.995	47.185	21	ER0
47.185	47.604	74	sp
47.604	47.634	61	R
47.634	47.983	31	IY0
47.983	48.282	60	P
48.282	48.442	25	EY1
48.442	48.492	58	N
48.492	48.592	64	T
48.592	48.681	6	AH0
48.681	48.801	48	D
48.801	48.841	74	sp
48.841	48.901	49	DH
48.901	49.021	6	AH0
49.021	50.078	74	sp
50.078	50.148	51	G
50.148	50.378	21	ER0
50.378	50.537	1	AA1
50.537	50.817	70	ZH
50.817	50.876	48	D
50.876	51.086	10	AO1
51.086	51.136	61	R
51.136	51.565	74	sp
51.565	54.229	73	ns
54.229	62.839	73	ns
62.839	62.959	52	HH
62.959	63.168	32	IY1
63.168	63.218	74	sp
63.218	63.528	25	EY1
63.528	63.578	64	T
63.578	63.637	74	sp
63.637	63.727	50	F
63.727	63.907	10	AO1
63.907	64.066	61	R
64.066	64.256	74	sp
64.256	64.396	19	EH1
64.396	64.495	54	K
64.495	64.625	62	S
64.625	64.655	64	T
64.655	64.685	61	R
64.685	64.835	6	AH0
64.835	64.904	74	sp
64.904	65.114	19	EH1
65.114	65.184	51	G
65.184	65.274	69	Z
65.274	65.403	50	F
65.403	65.483	21	ER0
65.483	65.583	46	B
65.583	65.633	61	R
65.633	65.703	19	EH1
65.703	65.792	54	K
65.792	65.912	50	F
65.912	65.992	6	AH0
65.992	66.202	62	S
66.202	66.251	64	T
66.251	66.76	74	sp
66.76	69.334	73	ns
69.334	76.199	73	ns
76.199	76.229	74	sp
76.229	76.358	53	JH
76.358	76.608	25	EY1
76.608	76.688	58	N
76.688	77.007	52	HH
77.007	77.047	19	EH1
77.047	77.226	56	L
77.226	77.376	60	P
77.376	77.496	64	T
77.496	77.835	74	sp
77.835	77.885	52	HH
77.885	77.975	22	ER1
77.975	78.204	62	S
78.204	78.264	28	IH1
78.264	78.394	62	S
78.394	78.434	64	T
78.434	78.543	21	ER0
78.543	78.653	67	W
78.653	78.723	6	AH0
78.723	78.763	49	DH
78.763	78.923	52	HH
78.923	78.982	35	OW1
78.982	79.092	57	M
79.092	79.162	67	W
79.162	79.242	23	ER2
79.242	79.48501999732288	54	K
79.48501999732288	82.794	73	ns
82.794	89.53516400049493	73	ns
89.53516400049493	89.56879009332187	48	D
89.56879009332187	89.67320796052128	6	AH0
89.67320796052128	89.75638829540895	48	D
89.75638829540895	89.888	68	Y
89.888	90.027	44	UW1
90.027	90.077	74	sp
90.077	90.347	32	IY1
90.347	90.426	64	T
90.426	90.566	56	L
90.566	90.726	7	AH1
90.726	90.786	58	N
90.786	90.955	47	CH
90.955	90.995	68	Y
90.995	91.115	19	EH1
91.115	91.245	62	S
91.245	91.295	64	T
91.295	91.384	21	ER0
91.384	91.434	48	D
91.434	91.624	26	EY2
91.624	92.153	74	sp
92.153	94.537	73	ns
94.537	99.995	73	ns
99.995	100.154	48	D
100.154	100.414	44	UW1
100.414	100.454	74	sp
100.454	100.783	10	AO1
100.783	100.843	56	L
100.843	101.032	50	F
101.032	101.202	1	AA1
101.202	101.302	61	R
101.302	101.342	57	M
101.342	101.501	21	ER0
101.501	101.681	69	Z
101.681	101.731	51	G
101.731	101.841	61	R
101.841	101.96	35	OW1
101.96	102.08	60	P
102.08	102.11	6	AH0
102.11	102.23	64	T
102.23	102.399	25	EY1
102.399	102.429	64	T
102.429	102.589	34	OW0
102.589	102.898	69	Z
102.898	103.197	74	sp
103.197	105.752	73	ns
105.752	111.588	73	ns
111.588	111.688	57	M
111.688	111.788	16	AY1
111.788	111.938	50	F
111.938	112.067	25	EY1
112.067	112.157	66	V
112.157	112.257	21	ER0
112.257	112.287	6	AH0
112.287	112.317	64	T
112.317	112.536	16	AY1
112.536	112.646	62	S
112.646	112.756	54	K
112.756	112.796	61	R
112.796	112.925	32	IY1
112.925	112.995	57	M
112.995	113.165	50	F
113.165	113.245	56	L
113.245	113.354	25	EY1
113.354	113.444	66	V
113.444	113.574	21	ER0
113.574	113.714	28	IH1
113.714	113.783	69	Z
113.783	113.873	66	V
113.873	113.923	6	AH0
113.923	114.053	58	N
114.053	114.103	28	IH1
114.103	114.282	56	L
114.282	114.392	6	AH0
114.392	114.881	74	sp
114.881	117.375	73	ns
117.375	123.202	73	ns
123.202	123.302	60	P
123.302	123.412	28	IH1
123.412	123.461	54	K
123.461	123.771	25	EY1
123.771	124.23	74	sp
124.23	124.349	60	P
124.349	124.459	61	R
124.459	124.689	16	AY1
124.689	124.758	69	Z
124.758	124.958	50	F
124.958	124.998	61	R
124.998	125.118	7	AH1
125.118	125.247	57	M
125.247	125.297	49	DH
125.297	125.347	6	AH0
125.347	125.467	46	B
125.467	125.726	4	AE1
125.726	125.796	51	G
125.796	126.295	74	sp
126.295	129.737	73	ns
129.737	129.767	74	sp
129.767	134.337	73	ns
134.337	134.397	49	DH
134.397	134.606	25	EY1
134.606	134.925	10	AO1
134.925	135.075	56	L
135.075	135.155	56	L
135.155	135.424	16	AY1
135.424	135.544	54	K
135.544	135.564	74	sp
135.564	135.684	56	L
135.684	135.983	10	AO1
135.983	136.163	59	NG
136.163	136.392	52	HH
136.392	136.681	1	AA1
136.681	136.761	64	T
136.761	136.971	74	sp
136.971	137.14	63	SH
137.14	137.42	13	AW1
137.42	137.579	21	ER0
137.579	137.879	69	Z
137.879	140.523	73	ns
140.523	147.257	73	ns
147.257	147.407	67	W
147.407	147.626	32	IY1
147.626	147.836	1	AA1
147.836	147.986	61	R
147.986	148.145	74	sp
148.145	148.405	35	OW1
148.405	148.475	60	P
148.475	148.594	6	AH0
148.594	148.714	58	N
148.714	148.804	74	sp
148.804	149.003	19	EH1
149.003	149.083	66	V
149.083	149.143	61	R
149.143	149.223	31	IY0
149.223	149.392	57	M
149.392	149.492	7	AH1
149.492	149.572	58	N
149.572	149.602	48	D
149.602	149.841	31	IY0
149.841	150.021	32	IY1
150.021	150.101	66	V
150.101	150.171	58	N
150.171	150.221	27	IH0
150.221	150.42	59	NG
150.42	151.029	74	sp
151.029	153.274	73	ns
153.274	159.689	73	ns
159.689	159.769	67	W
159.769	159.909	32	IY1
159.909	160.058	67	W
160.058	160.118	19	EH1
160.118	160.268	56	L
160.268	160.348	54	K
160.348	160.457	6	AH0
160.457	160.517	57	M
160.517	160.637	57	M
160.637	160.727	19	EH1
160.727	160.807	58	N
160.807	161.106	31	IY0
161.106	161.285	58	N
161.285	161.385	68	Y
161.385	161.505	44	UW1
161.505	161.724	62	S
161.724	161.774	64	T
161.774	161.904	44	UW1
161.904	161.944	48	D
161.944	162.004	6	AH0
162.004	162.094	58	N
162.094	162.134	64	T
162.134	162.233	62	S
162.233	162.423	32	IY1
162.423	162.592	47	CH
162.592	162.662	68	Y
162.662	162.842	28	IH1
162.842	162.892	61	R
162.892	163.63	74	sp
163.63	166.104	73	ns
166.104	172.52	73	ns
172.52	172.7	63	SH
172.7	172.839	32	IY1
172.839	173.049	62	S
173.049	173.148	60	P
173.148	173.318	28	IH1
173.318	173.498	56	L
173.498	173.578	48	D
173.578	174.655	74	sp
174.655	174.825	35	OW1
174.825	174.974	63	SH
174.974	175.044	32	IY1
175.044	175.244	62	S
175.244	175.393	56	L
175.393	175.613	28	IH1
175.613	175.643	60	P
175.643	175.743	64	T
175.743	175.822	74	sp
175.822	175.992	1	AA1
175.992	176.062	58	N
176.062	176.092	49	DH
176.092	176.122	6	AH0
176.122	176.261	62	S
176.261	176.301	64	T
176.301	176.451	19	EH1
176.451	176.511	61	R
176.511	176.551	69	Z
176.551	182.288	73	ns
182.288	188.663	73	ns
188.663	188.763	52	HH
188.763	188.943	13	AW1
188.943	189.102	57	M
189.102	189.6806254973274	7	AH1
189.6806254973274	190.0027280707222	47	CH
190.0027280707222	190.539	74	sp
190.539	190.629	6	AH0
190.629	190.778	56	L
190.778	191.088	13	AW1
191.088	191.148	6	AH0
191.148	191.277	58	N
191.277	191.307	62	S
191.307	191.876	74	sp
191.876	192.036	48	D
192.036	192.365	44	UW1
192.365	192.485	68	Y
192.485	192.534	44	UW1
192.534	192.664	51	G
192.664	192.864	19	EH1
192.864	192.914	64	T
192.914	193.652	74	sp
193.652	196.575	73	ns
196.575	205.325	73	ns
205.325	205.605	54	K
205.605	206.253	1	AA1
206.253	206.283	61	R
206.283	206.523	56	L
206.523	206.582	56	L
206.582	206.802	28	IH1
206.802	206.972	66	V
206.972	207.002	69	Z
207.002	207.321	74	sp
207.321	207.52	28	IH1
207.52	207.66	58	N
207.66	207.85	25	EY1
207.85	207.989	66	V
207.989	208.199	19	EH1
208.199	208.229	61	R
208.229	208.358	31	IY0
208.358	208.528	62	S
208.528	208.618	57	M
208.618	208.797	10	AO1
208.797	208.887	56	L
208.887	209.217	74	sp
209.217	209.246	52	HH
209.246	209.446	35	OW1
209.446	209.546	57	M
209.546	210.075	74	sp
210.075	213.946	73	ns
213.946	221.229	73	ns
221.229	221.279	52	HH
221.279	221.598	13	AW1
221.598	221.708	74	sp
221.708	221.758	48	D
221.758	222.576	44	UW1
222.576	226.677	74	sp
226.677	226.936	38	OY1
226.936	227.056	62	S
227.056	227.116	64	T
227.116	227.295	21	ER0
227.295	227.495	69	Z
227.495	227.595	57	M
227.595	227.804	25	EY1
227.804	227.844	54	K
227.844	228.004	60	P
228.004	228.143	22	ER1
228.143	228.223	56	L
228.223	228.283	69	Z
228.283	231.426	73	ns
231.426	242.271	73	ns
242.271	242.451	57	M
242.451	242.601	16	AY1
242.601	242.75	54	K
242.75	242.78	6	AH0
242.78	242.97	56	L
242.97	243.119	69	Z
243.119	243.509	74	sp
243.509	243.539	57	M
243.539	243.688	16	AY1
243.688	243.818	54	K
243.818	243.848	6	AH0
243.848	243.978	56	L
243.978	244.407	74	sp
244.407	244.556	54	K
244.556	244.616	7	AH1
244.616	244.856	56	L
244.856	245.035	21	ER0
245.035	245.165	48	D
245.165	245.404	74	sp
245.404	245.454	49	DH
245.454	245.783	7	AH1
245.783	246.103	74	sp
246.103	246.143	46	B
246.143	246.292	19	EH1
246.292	246.512	48	D
246.512	246.641	61	R
246.641	246.671	45	UW2
246.671	246.761	57	M
246.761	246.941	67	W
246.941	247.19	10	AO1
247.19	247.29	56	L
247.29	247.759	74	sp
247.759	247.799	67	W
247.799	247.889	28	IH1
247.889	248.008	65	TH
248.008	248.118	54	K
248.118	248.168	61	R
248.168	248.308	25	EY1
248.308	248.427	2	AA2
248.427	248.597	58	N
248.597	248.757	69	Z
248.757	249.625	74	sp
249.625	252.279	73	ns
252.279	262.226	73	ns
262.226	262.376	63	SH
262.376	262.655	32	IY1
262.655	262.735	74	sp
262.735	262.954	28	IH1
262.954	263.134	69	Z
263.134	263.234	64	T
263.234	263.353	10	AO1
263.353	263.473	56	L
263.473	263.613	21	ER0
263.613	263.693	49	DH
263.693	263.882	4	AE1
263.882	263.992	58	N
263.992	264.271	16	AY1
264.271	264.491	4	AE1
264.491	264.631	57	M
264.631	265.209	74	sp
265.209	267.594	73	ns
267.594	273.191	73	ns
273.191	273.241	49	DH
273.241	273.46629750859165	6	AH0
273.46629750859165	273.57	61	R
273.57	273.68	35	OW1
273.68	273.83	69	Z
273.83	273.949	6	AH0
273.949	274.009	69	Z
274.009	274.239	74	sp
274.239	274.279	62	S
274.279	274.408	57	M
274.408	274.588	19	EH1
274.588	274.728	56	L
274.728	274.797	48	D
274.797	275.316	74	sp
275.316	275.346	66	V
275.346	275.536	19	EH1
275.536	275.566	61	R
275.566	275.685	31	IY0
275.685	275.935	62	S
275.935	275.985	67	W
275.985	276.214	32	IY1
276.214	276.244	64	T
276.244	276.973	74	sp
276.973	279.277	73	ns
279.277	286.381	73	ns
286.381	286.411	62	S
286.411	286.441	64	T
286.441	286.67	19	EH1
286.67	286.76	50	F
286.76	287.269	74	sp
287.269	287.469	67	W
287.469	287.708	10	AO1
287.708	287.958	61	R
287.958	288.097	74	sp
288.097	288.496	25	EY1
288.496	288.696	74	sp
288.696	288.736	46	B
288.736	288.885	61	R
288.885	289.195	16	AY1
289.195	289.285	64	T
289.285	289.404	61	R
289.404	289.594	19	EH1
289.594	289.674	48	D
289.674	289.903	62	S
289.903	289.983	67	W
289.983	290.073	19	EH1
290.073	290.113	64	T
290.113	290.292	21	ER0
290.292	291.13	74	sp
291.13	295.131	73	ns
295.131	303.083	73	ns
303.083	303.193	49	DH
303.193	303.273	6	AH0
303.273	303.532	74	sp
303.532	303.602	64	T
303.602	303.762	44	UW1
303.762	303.851	65	TH
303.851	304.031	50	F
304.031	304.201	19	EH1
304.201	304.231	61	R
304.231	304.33	31	IY0
304.33	304.47	50	F
304.47	304.52	9	AO0
304.52	304.56	61	R
304.56	304.719	51	G
304.719	304.989	1	AA1
304.989	305.049	64	T
305.049	305.158	74	sp
305.158	305.278	64	T
305.278	305.478	44	UW1
305.478	305.647	54	K
305.647	305.797	7	AH1
305.797	306.007	57	M
306.007	306.146	67	W
306.146	306.266	19	EH1
306.266	306.456	58	N
306.456	306.535	61	R
306.535	306.705	1	AA1
306.705	306.895	53	JH
306.895	307.114	21	ER0
307.114	307.314	69	Z
307.314	307.713	74	sp
307.713	307.812	64	T
307.812	307.992	44	UW1
307.992	308.102	65	TH
308.102	308.202	50	F
308.202	308.281	19	EH1
308.281	308.381	56	L
308.381	308.7	13	AW1
308.7	308.75	64	T
308.75	309.359	74	sp
309.359	312.641	73	ns
312.641	322.599	73	ns
322.599	322.639	46	B
322.639	322.808	22	ER1
322.808	322.928	65	TH
322.928	322.968	48	D
322.968	323.237	26	EY2
323.237	324.235	74	sp
324.235	324.415	60	P
324.415	324.564	61	R
324.564	324.614	31	IY0
324.614	324.824	69	Z
324.824	324.973	19	EH1
324.973	325.053	58	N
325.053	325.123	64	T
325.123	325.163	62	S
325.163	325.432	52	HH
325.432	325.612	4	AE1
325.612	325.682	66	V
325.682	325.812	74	sp
325.812	325.951	54	K
325.951	326.031	7	AH1
326.031	326.081	60	P
326.081	326.28	54	K
326.28	326.5	26	EY2
326.5	326.59	54	K
326.59	326.62	62	S
326.62	326.729	74	sp
326.729	326.859	4	AE1
326.859	326.919	58	N
326.919	326.959	48	D
326.959	327.418	74	sp
327.418	327.637	16	AY1
327.637	327.897	62	S
327.897	327.957	74	sp
327.957	327.987	54	K
327.987	328.026	61	R
328.026	328.156	32	IY1
328.156	328.256	57	M
328.256	329.114	74	sp
329.114	333.983	73	ns
333.983	341.825	73	ns
341.825	341.865	46	B
341.865	342.174	1	AA1
342.174	342.384	46	B
342.384	342.414	56	L
342.414	342.553	41	UH1
342.553	342.663	54	K
342.663	342.713	64	T
342.713	343.262	74	sp
343.262	343.302	50	F
343.302	343.362	10	AO1
343.362	343.601	61	R
343.601	343.741	74	sp
343.741	343.97	63	SH
343.97	344.12	19	EH1
344.12	344.299	56	L
344.299	344.419	69	Z
344.419	344.499	74	sp
344.499	344.529	46	B
344.529	344.788	16	AY1
344.788	344.848	49	DH
344.848	344.988	7	AH1
344.988	345.217	35	OW1
345.217	345.397	63	SH
345.397	345.497	6	AH0
345.497	345.587	58	N
360.153	360.253	49	DH
360.253	360.373	31	IY0
360.373	360.503	54	K
360.503	360.742	4	AE1
360.742	360.912	64	T
360.912	361.141	57	M
361.141	361.241	31	IY0
361.241	361.54	13	AW1
361.54	362.638	74	sp
362.638	363.037	10	AO1
363.037	363.117	56	L
363.117	363.207	67	W
363.207	363.416	26	EY2
363.416	363.616	69	Z
363.616	364.284	74	sp
364.284	364.344	52	HH
364.344	364.484	22	ER1
364.484	364.563	64	T
364.563	364.673	62	S
364.673	364.713	57	M
364.713	364.883	16	AY1
364.883	365.162	28	IH1
365.162	365.192	61	R
365.192	365.352	69	Z
365.352	365.761	74	sp
365.761	368.255	73	ns
368.255	374.551	73	ns
374.551	374.72	52	HH
374.72	374.9	13	AW1
374.9	375.02	48	D
375.02	375.05	44	UW1
375.05	375.279	68	Y
375.279	375.339	44	UW1
375.339	375.449	58	N
375.449	375.608	35	OW1
375.608	375.688	57	M
375.688	375.788	16	AY1
375.788	375.878	58	N
375.878	376.087	25	EY1
376.087	376.177	57	M
376.177	376.686	74	sp
376.686	379.12	73	ns
379.12	385.177	73	ns
385.177	385.386	4	AE1
385.386	385.416	48	D
385.416	385.486	74	sp
385.486	385.566	49	DH
385.566	385.606	6	AH0
385.606	385.785	58	N
385.785	385.885	7	AH1
385.885	385.955	57	M
385.955	385.995	46	B
385.995	386.075	21	ER0
386.075	386.174	69	Z
386.174	386.264	64	T
386.264	386.304	6	AH0
386.304	386.394	51	G
386.394	386.524	19	EH1
386.524	386.593	49	DH
386.593	386.683	21	ER0
386.683	386.803	67	W
386.803	386.883	7	AH1
386.883	386.992	58	N
386.992	387.032	46	B
387.032	387.222	16	AY1
387.222	387.312	67	W
387.312	387.382	7	AH1
387.382	387.571	58	N
387.571	387.89	74	sp
387.89	391.712	73	ns
391.712	400.352	73	ns
400.352	400.382	52	HH
400.382	400.552	32	IY1
400.552	400.721	67	W
400.721	400.901	6	AH0
400.901	400.951	56	L
400.951	400.991	74	sp
400.991	401.051	6	AH0
401.051	401.22	56	L
401.22	401.599	13	AW1
401.599	401.829	25	EY1
401.829	402.028	61	R
402.028	402.198	19	EH1
402.198	402.358	61	R
402.358	402.457	56	L
402.457	402.757	16	AY1
402.757	407.546	73	ns
407.546	414.221	73	ns
414.221	414.35	53	JH
414.35	414.58	1	AA1
414.58	414.67	58	N
414.67	414.799	69	Z
414.799	414.899	74	sp
414.899	414.929	46	B
414.929	415.049	61	R
415.049	415.139	7	AH1
415.139	415.278	49	DH
415.278	415.458	21	ER0
415.458	415.977	74	sp
415.977	416.066	61	R
416.066	416.256	31	IY0
416.256	416.376	60	P
416.376	416.535	25	EY1
416.535	416.595	58	N
416.595	416.685	64	T
416.685	416.795	6	AH0
416.795	416.924	48	D
416.924	417.014	74	sp
417.014	417.064	49	DH
417.064	417.134	6	AH0
417.134	417.224	51	G
417.224	417.423	21	ER0
417.423	417.583	1	AA1
417.583	417.613	70	ZH
417.613	417.802	74	sp
417.802	417.852	48	D
417.852	418.072	10	AO1
418.072	418.122	61	R
418.122	418.651	74	sp
418.651	420.995	73	ns
420.995	427.091	73	ns
427.091	427.201	52	HH
427.201	427.51	32	IY1
427.51	427.76	25	EY1
427.76	427.79	64	T
427.79	427.929	50	F
427.929	428.069	10	AO1
428.069	428.129	61	R
428.129	428.329	19	EH1
428.329	428.408	54	K
428.408	428.498	62	S
428.498	428.538	64	T
428.538	428.578	61	R
428.578	428.628	6	AH0
428.628	428.887	19	EH1
428.887	428.957	51	G
428.957	428.987	69	Z
428.987	429.117	50	F
429.117	429.207	21	ER0
429.207	429.306	46	B
429.306	429.366	61	R
429.366	429.416	19	EH1
429.416	429.526	54	K
429.526	429.616	50	F
429.616	429.735	6	AH0
429.735	429.955	62	S
429.955	430.045	64	T
430.045	430.633	74	sp
430.633	435.682	73	ns
435.682	443.953	73	ns
443.953	444.103	53	JH
444.103	444.352	25	EY1
444.352	444.462	58	N
444.462	444.711	52	HH
444.711	444.741	19	EH1
444.741	444.881	56	L
444.881	444.951	60	P
444.951	445.031	64	T
445.031	445.09	52	HH
445.09	445.24	22	ER1
445.24	445.49	62	S
445.49	445.559	28	IH1
445.559	445.719	62	S
445.719	445.779	64	T
445.779	445.919	21	ER0
445.919	446.008	67	W
446.008	446.068	28	IH1
446.068	446.128	65	TH
446.128	446.278	52	HH
446.278	446.387	35	OW1
446.387	446.477	57	M
446.477	446.537	67	W
446.537	446.647	23	ER2
446.647	446.89999724803147	54	K
446.89999724803147	447.515	74	sp
447.515	449.939	73	ns
449.939	456.574	73	ns
456.574	456.604	48	D
456.604	456.704	28	IH1
456.704	456.734	48	D
456.734	457.023	68	Y
457.023	457.223	44	UW1
457.223	457.482	32	IY1
457.482	457.552	64	T
457.552	457.602	56	L
457.602	457.702	7	AH1
457.702	457.782	58	N
457.782	457.881	47	CH
457.881	457.911	68	Y
457.911	458.001	19	EH1
458.001	458.141	62	S
458.141	458.191	64	T
458.191	458.29	21	ER0
458.29	458.33	48	D
458.33	458.52	26	EY2
458.52	458.959	74	sp
458.959	461.393	73	ns
461.393	467.639	73	ns
467.639	467.669	48	D
467.669	467.859	44	UW1
467.859	468.038	10	AO1
468.038	468.168	56	L
468.168	468.208	74	sp
468.208	468.248	50	F
468.248	468.328	1	AA1
468.328	468.387	61	R
468.387	468.467	57	M
468.467	468.577	21	ER0
468.577	468.737	69	Z
468.737	468.777	51	G
468.777	468.876	61	R
468.876	468.926	35	OW1
468.926	469.016	60	P
469.016	469.046	6	AH0
469.046	469.176	64	T
469.176	469.335	25	EY1
469.335	469.375	64	T
469.375	469.525	34	OW0
469.525	469.754	69	Z
469.754	473.426	73	ns
473.426	473.536	74	sp
473.536	481.807	73	ns
481.807	481.877	57	M
481.877	481.977	16	AY1
481.977	482.106	50	F
482.106	482.246	25	EY1
482.246	482.316	66	V
482.316	482.475	21	ER0
482.475	482.505	6	AH0
482.505	482.545	64	T
482.545	482.745	16	AY1
482.745	482.924	62	S
482.924	482.974	74	sp
482.974	483.024	54	K
483.024	483.054	61	R
483.054	483.184	32	IY1
483.184	483.244	57	M
483.244	483.383	50	F
483.383	483.463	56	L
483.463	483.563	25	EY1
483.563	483.643	66	V
483.643	483.812	21	ER0
483.812	483.882	6	AH0
483.882	484.052	69	Z
484.052	484.092	66	V
484.092	484.142	6	AH0
484.142	484.251	58	N
484.251	484.331	28	IH1
484.331	484.491	56	L
484.491	484.581	6	AH0
484.581	488.392	73	ns
488.392	495.226	73	ns
495.226	495.306	60	P
495.306	495.436	28	IH1
495.436	495.526	54	K
495.526	495.715	25	EY1
495.715	495.815	60	P
495.815	495.865	61	R
495.865	496.035	16	AY1
496.035	496.124	69	Z
496.124	496.204	50	F
496.204	496.234	61	R
496.234	496.274	7	AH1
496.274	496.434	57	M
496.434	496.464	49	DH
496.464	496.543	6	AH0
496.543	496.953	74	sp
496.953	496.982	46	B
496.982	497.242	4	AE1
497.242	497.292	51	G
497.292	500.794	73	ns
500.794	507.259	73	ns
507.259	507.299	49	DH
507.299	507.568	25	EY1
507.568	507.588	74	sp
507.588	507.878	10	AO1
507.878	507.958	56	L
507.958	508.007	56	L
508.007	508.167	16	AY1
508.167	508.287	54	K
508.287	508.426	56	L
508.426	508.606	10	AO1
508.606	508.696	59	NG
508.696	508.836	52	HH
508.836	508.995	1	AA1
508.995	509.045	64	T
509.045	509.235	63	SH
509.235	509.474	13	AW1
509.474	509.624	21	ER0
509.624	509.903	69	Z
509.903	510.552	74	sp
510.552	514.064	73	ns
514.064	518.573	73	ns
518.573	518.733	67	W
518.733	518.913	32	IY1
518.913	519.072	1	AA1
519.072	519.182	61	R
519.182	519.232	74	sp
519.232	519.461	35	OW1
519.461	519.521	60	P
519.521	519.571	6	AH0
519.571	519.731	58	N
519.731	519.87	19	EH1
519.87	519.95	66	V
519.95	520.01	61	R
520.01	520.08	31	IY0
520.08	520.23	57	M
520.23	520.309	7	AH1
520.309	520.409	58	N
520.409	520.449	48	D
520.449	520.659	26	EY2
520.659	520.838	32	IY1
520.838	520.918	66	V
520.918	521.008	58	N
521.008	521.038	27	IH0
521.038	521.237	59	NG
521.237	521.756	74	sp
521.756	524.111	73	ns
524.111	529.848	73	ns
529.848	529.908	67	W
529.908	530.057	32	IY1
530.057	530.217	67	W
530.217	530.257	19	EH1
530.257	530.426	56	L
530.426	530.506	54	K
530.506	530.616	6	AH0
530.616	530.666	57	M
530.666	530.766	57	M
530.766	530.856	19	EH1
530.856	530.935	58	N
530.935	531.105	31	IY0
531.105	531.334	58	N
531.334	531.414	68	Y
531.414	531.534	44	UW1
531.534	531.724	62	S
531.724	531.773	64	T
531.773	531.913	44	UW1
531.913	531.953	48	D
531.953	532.063	6	AH0
532.063	532.123	58	N
532.123	532.182	64	T
532.182	532.332	62	S
532.332	532.641	74	sp
532.641	532.821	32	IY1
532.821	532.961	47	CH
532.961	533.08	68	Y
533.08	533.25	28	IH1
533.25	533.3	61	R
533.3	533.739	74	sp
533.739	537.69	73	ns
537.69	545.043	73	ns
545.043	545.223	63	SH
545.223	545.353	32	IY1
545.353	545.592	62	S
545.592	545.672	56	L
545.672	545.891	28	IH1
545.891	545.921	60	P
545.921	545.951	64	T
545.951	548.8709689165331	74	sp
548.8709689165331	548.9930847273256	62	S
548.9930847273256	549.0417540722067	56	L
549.0417540722067	549.0736103706743	28	IH1
549.0736103706743	549.1939563871075	60	P
549.1939563871075	549.2903337202739	64	T
549.2903337202739	549.3469671397719	1	AA1
549.3469671397719	549.3859026156767	58	N
549.3859026156767	549.4266078859409	49	DH
549.4266078859409	549.483	6	AH0
549.483	549.643	62	S
549.643	549.703	64	T
549.703	549.872	19	EH1
549.872	549.902	61	R
549.902	550.002	69	Z
550.002	555.34	73	ns
555.34	562.154	73	ns
562.154	562.244	74	sp
562.244	562.284	52	HH
562.284	562.444	13	AW1
562.444	562.593	57	M
562.593	562.663	7	AH1
562.663	562.693	47	CH
562.693	563.142	6	AH0
563.142	563.272	56	L
563.272	563.511	13	AW1
563.511	563.581	6	AH0
563.581	563.661	58	N
563.661	563.851	62	S
563.851	563.91	48	D
563.91	564.05	44	UW1
564.05	564.22	68	Y
564.22	564.3	44	UW1
564.3	564.399	51	G
564.399	564.579	19	EH1
564.579	564.609	64	T
564.609	568.64	73	ns
568.64	576.911	73	ns
576.911	577.041	54	K
577.041	577.16	1	AA1
577.16	577.36	61	R
577.36	577.539	56	L
577.539	577.569	56	L
577.569	577.729	28	IH1
577.729	577.759	66	V
577.759	577.889	69	Z
577.889	578.138	28	IH1
578.138	578.238	58	N
578.238	578.387	25	EY1
578.387	578.517	66	V
578.517	578.677	19	EH1
578.677	578.707	61	R
578.707	578.797	31	IY0
578.797	578.946	62	S
578.946	579.046	57	M
579.046	579.216	10	AO1
579.216	579.275	56	L
579.275	579.405	52	HH
579.405	579.535	13	AW1
579.535	579.784	58	N
579.784	579.814	48	D
579.814	580.253	74	sp
580.253	580.303	52	HH
580.303	580.393	35	OW1
580.393	580.493	57	M
580.493	581.021	74	sp
581.021	583.656	73	ns
583.656	591.767	73	ns
591.767	591.847	52	HH
591.847	592.017	13	AW1
592.017	592.276	48	D
592.276	592.595	44	UW1
592.595	592.805	38	OY1
592.805	592.964	62	S
592.964	593.014	64	T
593.014	593.134	21	ER0
593.134	593.244	69	Z
593.244	593.324	57	M
593.324	593.413	25	EY1
593.413	593.453	54	K
593.453	593.623	60	P
593.623	593.802	22	ER1
593.802	593.902	56	L
593.902	594.112	69	Z
594.112	594.571	74	sp
594.571	597.893	73	ns
597.893	607.132	73	ns
607.132	607.262	57	M
607.262	607.392	16	AY1
607.392	607.531	54	K
607.531	607.561	6	AH0
607.561	607.701	56	L
607.701	607.741	74	sp
607.741	607.91	54	K
607.91	608.03	7	AH1
608.03	608.14	56	L
608.14	608.28	21	ER0
608.28	608.349	48	D
608.349	608.489	74	sp
608.489	608.569	49	DH
608.569	608.719	7	AH1
608.719	608.888	46	B
608.888	609.018	19	EH1
609.018	609.138	48	D
609.138	609.247	61	R
609.247	609.307	45	UW2
609.307	609.467	57	M
609.467	609.497	67	W
609.497	609.736	10	AO1
609.736	609.826	56	L
609.826	609.946	67	W
609.946	610.065	28	IH1
610.065	610.175	65	TH
610.175	610.375	74	sp
610.375	610.485	54	K
610.485	610.534	61	R
610.534	610.654	25	EY1
610.654	610.804	2	AA2
610.804	610.963	58	N
610.963	611.153	69	Z
611.153	611.363	74	sp
611.363	613.897	73	ns
613.897	620.302	73	ns
620.302	620.432	63	SH
620.432	620.552	32	IY1
620.552	620.651	28	IH1
620.651	620.761	69	Z
620.761	620.841	64	T
620.841	620.951	10	AO1
620.951	621.041	56	L
621.041	621.13	21	ER0
621.13	621.21	49	DH
621.21	621.28	4	AE1
621.28	621.37	58	N
621.37	621.47	74	sp
621.47	621.679	16	AY1
621.679	621.899	4	AE1
621.899	622.038	57	M
622.038	626.857	73	ns
626.857	632.554	73	ns
632.554	632.624	49	DH
632.624	632.754	7	AH1
632.754	632.904	61	R
632.904	632.993	35	OW1
632.993	633.153	69	Z
633.153	633.243	6	AH0
633.243	633.412	69	Z
633.412	633.532	74	sp
633.532	633.582	62	S
633.582	633.692	57	M
633.692	633.821	19	EH1
633.821	633.911	56	L
633.911	633.961	48	D
633.961	634.051	66	V
634.051	634.181	19	EH1
634.181	634.211	61	R
634.211	634.34	31	IY0
634.34	634.57	62	S
634.57	634.62	67	W
634.62	634.789	32	IY1
634.789	634.819	64	T
634.819	639.678	73	ns
639.678	639.708	74	sp
639.708	647.241	73	ns
647.241	647.271	62	S
647.271	647.311	64	T
647.311	647.57	19	EH1
647.57	647.82	50	F
647.82	647.949	74	sp
647.949	648.079	67	W
648.079	648.299	10	AO1
648.299	648.378	61	R
648.378	648.658	25	EY1
648.658	648.857	46	B
648.857	649.027	61	R
649.027	649.236	16	AY1
649.236	649.446	64	T
649.446	649.496	61	R
649.496	649.705	19	EH1
649.705	649.935	48	D
649.935	650.104	62	S
650.104	650.174	67	W
650.174	650.274	19	EH1
650.274	650.314	64	T
650.314	650.494	21	ER0
664.1131711591025	664.1574160180853	49	DH
664.1574160180853	664.3166975104234	6	AH0
664.3166975104234	664.342	64	T
664.342	664.452	44	UW1
664.452	664.512	65	TH
664.512	664.582	50	F
664.582	664.661	19	EH1
664.661	664.691	61	R
664.691	664.901	31	IY0
664.901	664.941	50	F
664.941	665.011	21	ER0
665.011	665.15	51	G
665.15	665.39	1	AA1
665.39	665.5	64	T
665.5	665.579	64	T
665.579	665.689	44	UW1
665.689	665.849	54	K
665.849	665.968	7	AH1
665.968	666.138	57	M
666.138	666.258	67	W
666.258	666.318	19	EH1
666.318	666.477	58	N
666.477	666.517	61	R
666.517	666.687	1	AA1
666.687	666.807	53	JH
666.807	666.996	21	ER0
666.996	667.246	69	Z
667.246	667.305	74	sp
667.305	667.395	64	T
667.395	667.605	44	UW1
667.605	667.744	65	TH
667.744	667.824	50	F
667.824	667.874	19	EH1
667.874	668.004	56	L
668.004	668.283	13	AW1
668.283	668.313	64	T
668.313	668.982	74	sp
668.982	671.556	73	ns
671.556	682.531	73	ns
682.531	682.571	46	B
682.571	682.72	22	ER1
682.72	682.81	65	TH
682.81	682.86	48	D
682.86	683.02	26	EY2
683.02	683.149	60	P
683.149	683.249	61	R
683.249	683.2950432573547	19	EH1
683.2950432573547	683.3755689007033	69	Z
683.3755689007033	683.4260080399438	6	AH0
683.4260080399438	683.4879508425197	58	N
683.4879508425197	683.5198071409873	64	T
683.5198071409873	683.569361383048	69	Z
683.569361383048	683.688	52	HH
683.688	683.758	4	AE1
683.758	684.007	66	V
684.007	684.047	74	sp
684.047	684.147	54	K
684.147	684.207	7	AH1
684.207	684.287	60	P
684.287	684.407	54	K
684.407	684.526	26	EY2
684.526	684.616	54	K
684.616	684.666	62	S
684.666	684.706	4	AE1
684.706	684.796	58	N
684.796	684.836	48	D
684.836	685.015	16	AY1
685.015	685.195	62	S
685.195	685.265	54	K
685.265	685.304	61	R
685.304	685.334	32	IY1
685.334	685.444	57	M
685.444	685.873	74	sp
685.873	688.358	73	ns
688.358	693.646	73	ns
693.646	693.685	46	B
693.685	693.885	1	AA1
693.885	694.164	46	B
694.164	694.204	56	L
694.204	694.374	41	UH1
694.374	694.444	54	K
694.444	694.534	64	T
694.534	694.723	74	sp
694.723	694.773	50	F
694.773	694.893	10	AO1
694.893	694.963	61	R
694.963	695.212	63	SH
695.212	695.352	19	EH1
695.352	695.501	56	L
695.501	695.581	69	Z
695.581	695.681	74	sp
695.681	695.721	46	B
695.721	696.05	16	AY1
696.05	696.24	74	sp
696.24	696.29	49	DH
696.29	696.449	7	AH1
696.449	696.619	35	OW1
696.619	696.818	63	SH
696.818	696.868	6	AH0
696.868	696.948	58	N
