0.0	0.202	74	sp
0.202	0.261	49	DH
0.261	0.311	6	AH0
0.311	0.511	54	K
0.511	0.6610571136254213	4	AE1
0.6610571136254213	0.7357714072401722	64	T
0.7357714072401722	0.9416799125200321	57	M
0.9416799125200321	1.0163942061347833	68	Y
1.0163942061347833	1.3015537600977496	13	AW1
1.3015537600977496	1.3701380914195374	48	D
1.3701380914195374	2.436	74	sp
2.436	2.646	10	AO1
2.646	2.746	56	L
2.746	2.826	67	W
2.826	3.015	26	EY2
3.015	3.095	69	Z
3.095	3.753	74	sp
3.753	4.153	52	HH
4.153	4.412	22	ER1
4.412	4.552	64	T
4.552	4.691	62	S
4.691	4.771	57	M
4.771	4.941	16	AY1
4.941	5.051	74	sp
5.051	5.26	28	IH1
5.26	5.31	61	R
5.31	5.559	69	Z
5.559	11.207961391199547	74	sp
11.207961391199547	11.315918847117588	52	HH
11.315918847117588	11.509268880872442	13	AW1
11.509268880872442	11.557938225753526	48	D
11.557938225753526	11.661471195773288	44	UW1
11.661471195773288	11.805	68	Y
11.805	11.865	44	UW1
11.865	11.965	58	N
11.965	12.134	35	OW1
12.134	12.234	57	M
12.234	12.324	16	AY1
12.324	12.434	58	N
12.434	12.633	25	EY1
12.633	12.723	57	M
12.723	13.302	74	sp
13.302	15.567	73	ns
15.567	20.346	73	ns
20.346	20.525	4	AE1
20.525	20.585	48	D
20.585	20.645	74	sp
20.645	20.705	49	DH
20.705	20.755	6	AH0
20.755	20.914	58	N
20.914	21.014	7	AH1
21.014	21.104	57	M
21.104	21.154	46	B
21.154	21.254	21	ER0
21.254	21.413	69	Z
21.413	21.483	64	T
21.483	21.533	6	AH0
21.533	21.633	51	G
21.633	21.792	19	EH1
21.792	21.882	49	DH
21.882	21.982	21	ER0
21.982	22.102	67	W
22.102	22.182	7	AH1
22.182	22.281	58	N
22.281	22.331	46	B
22.331	22.481	16	AY1
22.481	22.631	67	W
22.631	22.71	7	AH1
22.71	22.84	58	N
22.84	23.329	74	sp
23.329	25.853	73	ns
25.853	31.431	73	ns
31.431	31.53	52	HH
31.53	31.68	32	IY1
31.68	31.81	67	W
31.81	31.85	28	IH1
31.85	32.089	56	L
32.089	32.837	74	sp
32.837	32.917	6	AH0
32.917	33.097	56	L
33.097	33.566	13	AW1
33.566	33.945	74	sp
33.945	34.414	25	EY1
34.414	34.583	61	R
34.583	34.753	19	EH1
34.753	34.933	61	R
34.933	35.212	74	sp
35.212	35.322	56	L
35.322	35.631	16	AY1
35.631	36.04	74	sp
36.04	39.821	73	ns
39.821	45.808	73	ns
45.808	45.888	74	sp
45.888	46.057	53	JH
46.057	46.277	1	AA1
46.277	46.436	58	N
46.436	46.546	69	Z
46.546	46.606	74	sp
46.606	46.646	46	B
46.646	46.736	61	R
46.736	46.846	7	AH1
46.846	46.995	49	DH
46.995	47.185	21	ER0
47.185	47.604	74	sp
47.604	47.634	61	R
47.634	47.983	31	IY0
47.983	48.282	60	P
48.282	48.442	25	EY1
48.442	48.492	58	N
48.492	48.592	64	T
48.592	48.681	6	AH0
48.681	48.801	48	D
48.801	48.841	74	sp
48.841	48.901	49	DH
48.901	49.021	6	AH0
49.021	50.078	74	sp
50.078	50.148	51	G
50.148	50.378	21	ER0
50.378	50.537	1	AA1
50.537	50.817	70	ZH
50.817	50.876	48	D
50.876	51.086	10	AO1
51.086	51.136	61	R
51.136	51.565	74	sp
51.565	54.229	73	ns
54.229	62.839	73	ns
62.839	62.959	52	HH
62.959	63.168	32	IY1
63.168	63.218	74	sp
63.218	63.528	25	EY1
63.528	63.578	64	T
63.578	63.637	74	sp
63.637	63.727	50	F
63.727	63.907	10	AO1
63.907	64.066	61	R
64.066	64.256	74	sp
64.256	64.396	19	EH1
64.396	64.495	54	K
64.495	64.625	62	S
64.625	64.655	64	T
64.655	64.685	61	R
64.685	64.835	6	AH0
64.835	64.904	74	sp
64.904	65.114	19	EH1
65.114	65.184	51	G
65.184	65.274	69	Z
65.274	65.403	50	F
65.403	65.483	21	ER0
65.483	65.583	46	B
65.583	65.633	61	R
65.633	65.703	19	EH1
65.703	65.792	54	K
65.792	65.912	50	F
65.912	65.992	6	AH0
65.992	66.202	62	S
66.202	66.251	64	T
66.251	66.76	74	sp
66.76	69.334	73	ns
69.334	76.199	73	ns
76.199	76.229	74	sp
76.229	76.358	53	JH
76.358	76.608	25	EY1
76.608	76.688	58	N
76.688	77.007	52	HH
77.007	77.047	19	EH1
77.047	77.226	56	L
77.226	77.376	60	P
77.376	77.496	64	T
77.496	77.835	74	sp
77.835	77.885	52	HH
77.885	77.975	22	ER1
77.975	78.204	62	S
78.204	78.264	28	IH1
78.264	78.394	62	S
78.394	78.434	64	T
78.434	78.543	21	ER0
78.543	78.653	67	W
78.653	78.723	6	AH0
78.723	78.763	49	DH
78.763	78.923	52	HH
78.923	78.982	35	OW1
78.982	79.092	57	M
79.092	79.162	67	W
79.162	79.242	23	ER2
79.242	79.48501999732288	54	K
79.48501999732288	82.794	73	ns
82.794	89.53516400049493	73	ns
89.53516400049493	89.56879009332187	48	D
89.56879009332187	89.67320796052128	6	AH0
89.67320796052128	89.75638829540895	48	D
89.75638829540895	89.888	68	Y
89.888	90.027	44	UW1
90.027	90.077	74	sp
90.077	90.347	32	IY1
90.347	90.426	64	T
90.426	90.566	56	L
90.566	90.726	7	AH1
90.726	90.786	58	N
90.786	90.955	47	CH
90.955	90.995	68	Y
90.995	91.115	19	EH1
91.115	91.245	62	S
91.245	91.295	64	T
91.295	91.384	21	ER0
91.384	91.434	48	D
91.434	91.624	26	EY2
91.624	92.153	74	sp
92.153	94.537	73	ns
94.537	99.995	73	ns
99.995	100.154	48	D
100.154	100.414	44	UW1
100.414	100.454	74	sp
100.454	100.783	10	AO1
100.783	100.843	56	L
100.843	101.032	50	F
101.032	101.202	1	AA1
101.202	101.302	61	R
101.302	101.342	57	M
101.342	101.501	21	ER0
101.501	101.681	69	Z
101.681	101.731	51	G
101.731	101.841	61	R
101.841	101.96	35	OW1
101.96	102.08	60	P
102.08	102.11	6	AH0
102.11	102.23	64	T
102.23	102.399	25	EY1
102.399	102.429	64	T
102.429	102.589	34	OW0
102.589	102.898	69	Z
102.898	103.197	74	sp
103.197	105.752	73	ns
105.752	111.588	73	ns
111.588	111.688	57	M
111.688	111.788	16	AY1
111.788	111.938	50	F
111.938	112.067	25	EY1
112.067	112.157	66	V
112.157	112.257	21	ER0
112.257	112.287	6	AH0
112.287	112.317	64	T
112.317	112.536	16	AY1
112.536	112.646	62	S
112.646	112.756	54	K
112.756	112.796	61	R
112.796	112.925	32	IY1
112.925	112.995	57	M
112.995	113.165	50	F
113.165	113.245	56	L
113.245	113.354	25	EY1
113.354	113.444	66	V
113.444	113.574	21	ER0
113.574	113.714	28	IH1
113.714	113.783	69	Z
113.783	113.873	66	V
113.873	113.923	6	AH0
113.923	114.053	58	N
114.053	114.103	28	IH1
114.103	114.282	56	L
114.282	114.392	6	AH0
114.392	114.881	74	sp
114.881	117.375	73	ns
117.375	123.202	73	ns
123.202	123.302	60	P
123.302	123.412	28	IH1
123.412	123.461	54	K
123.461	123.771	25	EY1
123.771	124.23	74	sp
124.23	124.349	60	P
124.349	124.459	61	R
124.459	124.689	16	AY1
124.689	124.758	69	Z
124.758	124.958	50	F
124.958	124.998	61	R
124.998	125.118	7	AH1
125.118	125.247	57	M
125.247	125.297	49	DH
125.297	125.347	6	AH0
125.347	125.467	46	B
125.467	125.726	4	AE1
125.726	125.796	51	G
125.796	126.295	74	sp
126.295	129.737	73	ns
129.737	129.767	74	sp
129.767	134.337	73	ns
134.337	134.397	49	DH
134.397	134.606	25	EY1
134.606	134.925	10	AO1
134.925	135.075	56	L
135.075	135.155	56	L
135.155	135.424	16	AY1
135.424	135.544	54	K
135.544	135.564	74	sp
135.564	135.684	56	L
135.684	135.983	10	AO1
135.983	136.163	59	NG
136.163	136.392	52	HH
136.392	136.681	1	AA1
136.681	136.761	64	T
136.761	136.971	74	sp
136.971	137.14	63	SH
137.14	137.42	13	AW1
137.42	137.579	21	ER0
137.579	137.879	69	Z
137.879	140.523	73	ns
140.523	147.257	73	ns
147.257	147.407	67	W
147.407	147.626	32	IY1
147.626	147.836	1	AA1
147.836	147.986	61	R
147.986	148.145	74	sp
148.145	148.405	35	OW1
148.405	148.475	60	P
148.475	148.594	6	AH0
148.594	148.714	58	N
148.714	148.804	74	sp
148.804	149.003	19	EH1
149.003	149.083	66	V
149.083	149.143	61	R
149.143	149.223	31	IY0
149.223	149.392	57	M
149.392	149.492	7	AH1
149.492	149.572	58	N
149.572	149.602	48	D
149.602	149.841	31	IY0
149.841	150.021	32	IY1
150.021	150.101	66	V
150.101	150.171	58	N
150.171	150.221	27	IH0
150.221	150.42	59	NG
150.42	151.029	74	sp
151.029	153.274	73	ns
153.274	159.689	73	ns
159.689	159.769	67	W
159.769	159.909	32	IY1
159.909	160.058	67	W
160.058	160.118	19	EH1
160.118	160.268	56	L
160.268	160.348	54	K
160.348	160.457	6	AH0
160.457	160.517	57	M
160.517	160.637	57	M
160.637	160.727	19	EH1
160.727	160.807	58	N
160.807	161.106	31	IY0
161.106	161.285	58	N
161.285	161.385	68	Y
161.385	161.505	44	UW1
161.505	161.724	62	S
161.724	161.774	64	T
161.774	161.904	44	UW1
161.904	161.944	48	D
161.944	162.004	6	AH0
162.004	162.094	58	N
162.094	162.134	64	T
162.134	162.233	62	S
162.233	162.423	32	IY1
162.423	162.592	47	CH
162.592	162.662	68	Y
162.662	162.842	28	IH1
162.842	162.892	61	R
162.892	163.63	74	sp
163.63	166.104	73	ns
166.104	172.52	73	ns
172.52	172.7	63	SH
172.7	172.839	32	IY1
172.839	173.049	62	S
173.049	173.148	60	P
173.148	173.318	28	IH1
173.318	173.498	56	L
173.498	173.578	48	D
173.578	174.655	74	sp
174.655	174.825	35	OW1
174.825	174.974	63	SH
174.974	175.044	32	IY1
175.044	175.244	62	S
175.244	175.393	56	L
175.393	175.613	28	IH1
175.613	175.643	60	P
175.643	175.743	64	T
175.743	175.822	74	sp
175.822	175.992	1	AA1
175.992	176.062	58	N
176.062	176.092	49	DH
176.092	176.122	6	AH0
176.122	176.261	62	S
176.261	176.301	64	T
176.301	176.451	19	EH1
176.451	176.511	61	R
176.511	176.551	69	Z
176.551	182.288	73	ns
182.288	188.663	73	ns
188.663	188.763	52	HH
188.763	188.943	13	AW1
188.943	189.102	57	M
189.102	189.6806254973274	7	AH1
189.6806254973274	190.0027280707222	47	CH
190.0027280707222	190.539	74	sp
190.539	190.629	6	AH0
190.629	190.778	56	L
190.778	191.088	13	AW1
191.088	191.148	6	AH0
191.148	191.277	58	N
191.277	191.307	62	S
191.307	191.876	74	sp
191.876	192.036	48	D
192.036	192.365	44	UW1
192.365	192.485	68	Y
192.485	192.534	44	UW1
192.534	192.664	51	G
192.664	192.864	19	EH1
192.864	192.914	64	T
192.914	193.652	74	sp
193.652	196.575	73	ns
196.575	205.325	73	ns
205.325	205.605	54	K
205.605	206.253	1	AA1
206.253	206.283	61	R
206.283	206.523	56	L
206.523	206.582	56	L
206.582	206.802	28	IH1
206.802	206.972	66	V
206.972	207.002	69	Z
207.002	207.321	74	sp
207.321	207.52	28	IH1
207.52	207.66	58	N
207.66	207.85	25	EY1
207.85	207.989	66	V
207.989	208.199	19	EH1
208.199	208.229	61	R
208.229	208.358	31	IY0
208.358	208.528	62	S
208.528	208.618	57	M
208.618	208.797	10	AO1
208.797	208.887	56	L
208.887	209.217	74	sp
209.217	209.246	52	HH
209.246	209.446	35	OW1
209.446	209.546	57	M
209.546	210.075	74	sp
210.075	213.946	73	ns
213.946	221.229	73	ns
221.229	221.279	52	HH
221.279	221.598	13	AW1
221.598	221.708	74	sp
221.708	221.758	48	D
221.758	222.576	44	UW1
222.576	226.677	74	sp
226.677	226.936	38	OY1
226.936	227.056	62	S
227.056	227.116	64	T
227.116	227.295	21	ER0
227.295	227.495	69	Z
227.495	227.595	57	M
227.595	227.804	25	EY1
227.804	227.844	54	K
227.844	228.004	60	P
228.004	228.143	22	ER1
228.143	228.223	56	L
228.223	228.283	69	Z
228.283	231.426	73	ns
231.426	242.271	73	ns
242.271	242.451	57	M
242.451	242.601	16	AY1
242.601	242.75	54	K
242.75	242.78	6	AH0
242.78	242.97	56	L
242.97	243.119	69	Z
243.119	243.509	74	sp
243.509	243.539	57	M
243.539	243.688	16	AY1
243.688	243.818	54	K
243.818	243.848	6	AH0
243.848	243.978	56	L
243.978	244.407	74	sp
244.407	244.556	54	K
244.556	244.616	7	AH1
244.616	244.856	56	L
244.856	245.035	21	ER0
245.035	245.165	48	D
245.165	245.404	74	sp
245.404	245.454	49	DH
245.454	245.783	7	AH1
245.783	246.103	74	sp
246.103	246.143	46	B
246.143	246.292	19	EH1
246.292	246.512	48	D
246.512	246.641	61	R
246.641	246.671	45	UW2
246.671	246.761	57	M
246.761	246.941	67	W
246.941	247.19	10	AO1
247.19	247.29	56	L
247.29	247.759	74	sp
247.759	247.799	67	W
247.799	247.889	28	IH1
247.889	248.008	65	TH
248.008	248.118	54	K
248.118	248.168	61	R
248.168	248.308	25	EY1
248.308	248.427	2	AA2
248.427	248.597	58	N
248.597	248.757	69	Z
248.757	249.625	74	sp
249.625	252.279	73	ns
252.279	262.226	73	ns
262.226	262.376	63	SH
262.376	262.655	32	IY1
262.655	262.735	74	sp
262.735	262.954	28	IH1
262.954	263.134	69	Z
263.134	263.234	64	T
263.234	263.353	10	AO1
263.353	263.473	56	L
263.473	263.613	21	ER0
263.613	263.693	49	DH
263.693	263.882	4	AE1
263.882	263.992	58	N
263.992	264.271	16	AY1
264.271	264.491	4	AE1
264.491	264.631	57	M
264.631	265.209	74	sp
265.209	267.594	73	ns
267.594	273.191	73	ns
273.191	273.241	49	DH
273.241	273.46629750859165	6	AH0
273.46629750859165	273.57	61	R
273.57	273.68	35	OW1
273.68	273.83	69	Z
273.83	273.949	6	AH0
273.949	274.009	69	Z
274.009	274.239	74	sp
274.239	274.279	62	S
274.279	274.408	57	M
274.408	274.588	19	EH1
274.588	274.728	56	L
274.728	274.797	48	D
274.797	275.316	74	sp
275.316	275.346	66	V
275.346	275.536	19	EH1
275.536	275.566	61	R
275.566	275.685	31	IY0
275.685	275.935	62	S
275.935	275.985	67	W
275.985	276.214	32	IY1
276.214	276.244	64	T
276.244	276.973	74	sp
276.973	279.277	73	ns
279.277	286.381	73	ns
286.381	286.411	62	S
286.411	286.441	64	T
286.441	286.67	19	EH1
286.67	286.76	50	F
286.76	287.269	74	sp
287.269	287.469	67	W
287.469	287.708	10	AO1
287.708	287.958	61	R
287.958	288.097	74	sp
288.097	288.496	25	EY1
288.496	288.696	74	sp
288.696	288.736	46	B
288.736	288.885	61	R
288.885	289.195	16	AY1
289.195	289.285	64	T
289.285	289.404	61	R
289.404	289.594	19	EH1
289.594	289.674	48	D
289.674	289.903	62	S
289.903	289.983	67	W
289.983	290.073	19	EH1
290.073	290.113	64	T
290.113	290.292	21	ER0
290.292	291.13	74	sp
291.13	295.131	73	ns
295.131	303.083	73	ns
303.083	303.193	49	DH
303.193	303.273	6	AH0
303.273	303.532	74	sp
303.532	303.602	64	T
303.602	303.762	44	UW1
303.762	303.851	65	TH
303.851	304.031	50	F
304.031	304.201	19	EH1
304.201	304.231	61	R
304.231	304.33	31	IY0
304.33	304.47	50	F
304.47	304.52	9	AO0
304.52	304.56	61	R
304.56	304.719	51	G
304.719	304.989	1	AA1
304.989	305.049	64	T
305.049	305.158	74	sp
305.158	305.278	64	T
305.278	305.478	44	UW1
305.478	305.647	54	K
305.647	305.797	7	AH1
305.797	306.007	57	M
306.007	306.146	67	W
306.146	306.266	19	EH1
306.266	306.456	58	N
306.456	306.535	61	R
306.535	306.705	1	AA1
306.705	306.895	53	JH
306.895	307.114	21	ER0
307.114	307.314	69	Z
307.314	307.713	74	sp
307.713	307.812	64	T
307.812	307.992	44	UW1
307.992	308.102	65	TH
308.102	308.202	50	F
308.202	308.281	19	EH1
308.281	308.381	56	L
308.381	308.7	13	AW1
308.7	308.75	64	T
308.75	309.359	74	sp
309.359	312.641	73	ns
312.641	322.599	73	ns
322.599	322.639	46	B
322.639	322.808	22	ER1
322.808	322.928	65	TH
322.928	322.968	48	D
322.968	323.237	26	EY2
323.237	324.235	74	sp
324.235	324.415	60	P
324.415	324.564	61	R
324.564	324.614	31	IY0
324.614	324.824	69	Z
324.824	324.973	19	EH1
324.973	325.053	58	N
325.053	325.123	64	T
325.123	325.163	62	S
325.163	325.432	52	HH
325.432	325.612	4	AE1
325.612	325.682	66	V
325.682	325.812	74	sp
325.812	325.951	54	K
325.951	326.031	7	AH1
326.031	326.081	60	P
326.081	326.28	54	K
326.28	326.5	26	EY2
326.5	326.59	54	K
326.59	326.62	62	S
326.62	326.729	74	sp
326.729	326.859	4	AE1
326.859	326.919	58	N
326.919	326.959	48	D
326.959	327.418	74	sp
327.418	327.637	16	AY1
327.637	327.897	62	S
327.897	327.957	74	sp
327.957	327.987	54	K
327.987	328.026	61	R
328.026	328.156	32	IY1
328.156	328.256	57	M
328.256	329.114	74	sp
329.114	333.983	73	ns
333.983	341.825	73	ns
341.825	341.865	46	B
341.865	342.174	1	AA1
342.174	342.384	46	B
342.384	342.414	56	L
342.414	342.553	41	UH1
342.553	342.663	54	K
342.663	342.713	64	T
342.713	343.262	74	sp
343.262	343.302	50	F
343.302	343.362	10	AO1
343.362	343.601	61	R
343.601	343.741	74	sp
343.741	343.97	63	SH
343.97	344.12	19	EH1
344.12	344.299	56	L
344.299	344.419	69	Z
344.419	344.499	74	sp
344.499	344.529	46	B
344.529	344.788	16	AY1
344.788	344.848	49	DH
344.848	344.988	7	AH1
344.988	345.217	35	OW1
345.217	345.397	63	SH
345.397	345.497	6	AH0
345.497	345.587	58	N
