368.2445351473923	368.4035351473923	48	D
368.4035351473923	368.6635351473923	44	UW1
368.6635351473923	368.7035351473923	74	sp
368.7035351473923	369.0325351473923	10	AO1
369.0325351473923	369.0925351473923	56	L
369.0925351473923	369.2815351473923	50	F
369.2815351473923	369.4515351473923	1	AA1
369.4515351473923	369.5515351473923	61	R
369.5515351473923	369.5915351473923	57	M
369.5915351473923	369.75053514739227	21	ER0
369.75053514739227	369.9305351473923	69	Z
369.9305351473923	369.9805351473923	51	G
369.9805351473923	370.0905351473923	61	R
370.0905351473923	370.2095351473923	35	OW1
370.2095351473923	370.3295351473923	60	P
370.3295351473923	370.3595351473923	6	AH0
370.3595351473923	370.4795351473923	64	T
370.4795351473923	370.6485351473923	25	EY1
370.6485351473923	370.67853514739227	64	T
370.67853514739227	370.8385351473923	34	OW0
370.8385351473923	371.1475351473923	69	Z
371.1475351473923	379.0443537414966	74	sp
379.0443537414966	379.19435374149657	67	W
379.19435374149657	379.4133537414966	32	IY1
379.4133537414966	379.6233537414966	1	AA1
379.6233537414966	379.7733537414966	61	R
379.7733537414966	379.9323537414966	74	sp
379.9323537414966	380.1923537414966	35	OW1
380.1923537414966	380.26235374149655	60	P
380.26235374149655	380.3813537414966	6	AH0
380.3813537414966	380.5013537414966	58	N
380.5013537414966	380.5913537414966	74	sp
380.5913537414966	380.7903537414966	19	EH1
380.7903537414966	380.8703537414966	66	V
380.8703537414966	380.93035374149656	61	R
380.93035374149656	381.0103537414966	31	IY0
381.0103537414966	381.1793537414966	57	M
381.1793537414966	381.2793537414966	7	AH1
381.2793537414966	381.3593537414966	58	N
381.3593537414966	381.3893537414966	48	D
381.3893537414966	381.6283537414966	31	IY0
381.6283537414966	381.8083537414966	32	IY1
381.8083537414966	381.8883537414966	66	V
381.8883537414966	381.9583537414966	58	N
381.9583537414966	382.0083537414966	27	IH0
382.0083537414966	382.2073537414966	59	NG
382.2073537414966	391.6559637188209	74	sp
391.6559637188209	391.68596371882086	57	M
391.68596371882086	391.83496371882086	16	AY1
391.83496371882086	391.9649637188209	54	K
391.9649637188209	391.99496371882094	6	AH0
391.99496371882094	392.12496371882094	56	L
392.12496371882094	392.5539637188209	74	sp
392.5539637188209	392.7029637188209	54	K
392.7029637188209	392.7629637188209	7	AH1
392.7629637188209	393.00296371882087	56	L
393.00296371882087	393.1819637188209	21	ER0
393.1819637188209	393.3119637188209	48	D
393.3119637188209	393.55096371882087	74	sp
393.55096371882087	393.60096371882094	49	DH
393.60096371882094	393.9299637188209	7	AH1
393.9299637188209	394.24996371882094	74	sp
394.24996371882094	394.2899637188209	46	B
394.2899637188209	394.4389637188209	19	EH1
394.4389637188209	394.6589637188209	48	D
394.6589637188209	394.7879637188209	61	R
394.7879637188209	394.8179637188209	45	UW2
394.8179637188209	394.9079637188209	57	M
394.9079637188209	395.0879637188209	67	W
395.0879637188209	395.3369637188209	10	AO1
395.3369637188209	395.4369637188209	56	L
395.4369637188209	395.9059637188209	74	sp
395.9059637188209	395.9459637188209	67	W
395.9459637188209	396.0359637188209	28	IH1
396.0359637188209	396.1549637188209	65	TH
396.1549637188209	396.2649637188209	54	K
396.2649637188209	396.3149637188209	61	R
396.3149637188209	396.45496371882086	25	EY1
396.45496371882086	396.5739637188209	2	AA2
396.5739637188209	396.7439637188209	58	N
396.7439637188209	396.90396371882093	69	Z
396.90396371882093	406.52299319727894	74	sp
406.52299319727894	406.55299319727897	62	S
406.55299319727897	406.58299319727894	64	T
406.58299319727894	406.811993197279	19	EH1
406.811993197279	406.90199319727895	50	F
406.90199319727895	407.41099319727897	74	sp
407.41099319727897	407.61099319727896	67	W
407.61099319727896	407.849993197279	10	AO1
407.849993197279	408.099993197279	61	R
408.099993197279	408.23899319727894	74	sp
408.23899319727894	408.63799319727894	25	EY1
408.63799319727894	408.837993197279	74	sp
408.837993197279	408.87799319727895	46	B
408.87799319727895	409.02699319727895	61	R
409.02699319727895	409.33699319727896	16	AY1
409.33699319727896	409.426993197279	64	T
409.426993197279	409.54599319727896	61	R
409.54599319727896	409.73599319727896	19	EH1
409.73599319727896	409.81599319727894	48	D
409.81599319727894	410.044993197279	62	S
410.044993197279	410.12499319727897	67	W
410.12499319727897	410.21499319727894	19	EH1
410.21499319727894	410.25499319727896	64	T
410.25499319727896	410.43399319727894	21	ER0
410.43399319727894	420.99809523809523	74	sp
420.99809523809523	421.03172133092215	48	D
421.03172133092215	421.13613919812155	6	AH0
421.13613919812155	421.21931953300924	48	D
421.21931953300924	421.3509312376003	68	Y
421.3509312376003	421.4899312376003	44	UW1
421.4899312376003	421.5399312376003	74	sp
421.5399312376003	421.80993123760027	32	IY1
421.80993123760027	421.8889312376003	64	T
421.8889312376003	422.0289312376003	56	L
422.0289312376003	422.1889312376003	7	AH1
422.1889312376003	422.2489312376003	58	N
422.2489312376003	422.41793123760027	47	CH
422.41793123760027	422.4579312376003	68	Y
422.4579312376003	422.5779312376003	19	EH1
422.5779312376003	422.7079312376003	62	S
422.7079312376003	422.7579312376003	64	T
422.7579312376003	422.8469312376003	21	ER0
422.8469312376003	422.89693123760026	48	D
422.89693123760026	423.0869312376003	26	EY2
423.0869312376003	433.9540136054422	74	sp
433.9540136054422	433.9940136054422	46	B
433.9940136054422	434.1630136054422	22	ER1
434.1630136054422	434.2830136054422	65	TH
434.2830136054422	434.3230136054422	48	D
434.3230136054422	434.5920136054422	26	EY2
434.5920136054422	435.5900136054422	74	sp
435.5900136054422	435.7700136054422	60	P
435.7700136054422	435.9190136054422	61	R
435.9190136054422	435.96901360544217	31	IY0
435.96901360544217	436.1790136054422	69	Z
436.1790136054422	436.3280136054422	19	EH1
436.3280136054422	436.4080136054422	58	N
436.4080136054422	436.4780136054422	64	T
436.4780136054422	436.5180136054422	62	S
436.5180136054422	436.7870136054422	52	HH
436.7870136054422	436.9670136054422	4	AE1
436.9670136054422	437.0370136054422	66	V
437.0370136054422	437.1670136054422	74	sp
437.1670136054422	437.3060136054422	54	K
437.3060136054422	437.3860136054422	7	AH1
437.3860136054422	437.4360136054422	60	P
437.4360136054422	437.63501360544217	54	K
437.63501360544217	437.8550136054422	26	EY2
437.8550136054422	437.94501360544217	54	K
437.94501360544217	437.9750136054422	62	S
437.9750136054422	438.0840136054422	74	sp
438.0840136054422	438.2140136054422	4	AE1
438.2140136054422	438.2740136054422	58	N
438.2740136054422	438.3140136054422	48	D
438.3140136054422	438.7730136054422	74	sp
438.7730136054422	438.9920136054422	16	AY1
438.9920136054422	439.2520136054422	62	S
439.2520136054422	439.3120136054422	74	sp
439.3120136054422	439.3420136054422	54	K
439.3420136054422	439.3810136054422	61	R
439.3810136054422	439.5110136054422	32	IY1
439.5110136054422	439.61101360544217	57	M
439.61101360544217	449.89551020408163	74	sp
449.89551020408163	449.95551020408163	49	DH
449.95551020408163	450.16451020408164	25	EY1
450.16451020408164	450.48351020408165	10	AO1
450.48351020408165	450.63351020408163	56	L
450.63351020408163	450.7135102040817	56	L
450.7135102040817	450.9825102040817	16	AY1
450.9825102040817	451.1025102040817	54	K
451.1025102040817	451.12251020408166	74	sp
451.12251020408166	451.24251020408167	56	L
451.24251020408167	451.54151020408165	10	AO1
451.54151020408165	451.72151020408165	59	NG
451.72151020408165	451.95051020408164	52	HH
451.95051020408164	452.2395102040816	1	AA1
452.2395102040816	452.31951020408167	64	T
452.31951020408167	452.52951020408165	74	sp
452.52951020408165	452.69851020408163	63	SH
452.69851020408163	452.97851020408166	13	AW1
452.97851020408166	453.13751020408165	21	ER0
453.13751020408165	453.4375102040816	69	Z
453.4375102040816	461.4075283446712	74	sp
461.4075283446712	461.5865283446712	4	AE1
461.5865283446712	461.6465283446712	48	D
461.6465283446712	461.7065283446712	74	sp
461.7065283446712	461.7665283446712	49	DH
461.7665283446712	461.8165283446712	6	AH0
461.8165283446712	461.9755283446712	58	N
461.9755283446712	462.0755283446712	7	AH1
462.0755283446712	462.1655283446712	57	M
462.1655283446712	462.2155283446712	46	B
462.2155283446712	462.31552834467124	21	ER0
462.31552834467124	462.4745283446712	69	Z
462.4745283446712	462.5445283446712	64	T
462.5445283446712	462.59452834467123	6	AH0
462.59452834467123	462.6945283446712	51	G
462.6945283446712	462.8535283446712	19	EH1
462.8535283446712	462.9435283446712	49	DH
462.9435283446712	463.04352834467124	21	ER0
463.04352834467124	463.1635283446712	67	W
463.1635283446712	463.24352834467123	7	AH1
463.24352834467123	463.3425283446712	58	N
463.3425283446712	463.39252834467123	46	B
463.39252834467123	463.5425283446712	16	AY1
463.5425283446712	463.69252834467125	67	W
463.69252834467125	463.7715283446712	7	AH1
463.7715283446712	463.9015283446712	58	N
463.9015283446712	473.3215419501134	74	sp
473.3215419501134	473.40154195011337	74	sp
473.40154195011337	473.5705419501134	53	JH
473.5705419501134	473.7905419501134	1	AA1
473.7905419501134	473.94954195011337	58	N
473.94954195011337	474.0595419501134	69	Z
474.0595419501134	474.1195419501134	74	sp
474.1195419501134	474.1595419501134	46	B
474.1595419501134	474.2495419501134	61	R
474.2495419501134	474.3595419501134	7	AH1
474.3595419501134	474.5085419501134	49	DH
474.5085419501134	474.6985419501134	21	ER0
474.6985419501134	475.1175419501134	74	sp
475.1175419501134	475.1475419501134	61	R
475.1475419501134	475.4965419501134	31	IY0
475.4965419501134	475.7955419501134	60	P
475.7955419501134	475.9555419501134	25	EY1
475.9555419501134	476.0055419501134	58	N
476.0055419501134	476.1055419501134	64	T
476.1055419501134	476.1945419501134	6	AH0
476.1945419501134	476.3145419501134	48	D
476.3145419501134	476.3545419501134	74	sp
476.3545419501134	476.4145419501134	49	DH
476.4145419501134	476.5345419501134	6	AH0
476.5345419501134	477.5915419501134	74	sp
477.5915419501134	477.6615419501134	51	G
477.6615419501134	477.8915419501134	21	ER0
477.8915419501134	478.05054195011337	1	AA1
478.05054195011337	478.3305419501134	70	ZH
478.3305419501134	478.38954195011337	48	D
478.38954195011337	478.5995419501134	10	AO1
478.5995419501134	478.6495419501134	61	R
478.6495419501134	488.35528344671195	74	sp
488.35528344671195	488.435283446712	67	W
488.435283446712	488.575283446712	32	IY1
488.575283446712	488.724283446712	67	W
488.724283446712	488.784283446712	19	EH1
488.784283446712	488.934283446712	56	L
488.934283446712	489.014283446712	54	K
489.014283446712	489.123283446712	6	AH0
489.123283446712	489.183283446712	57	M
489.183283446712	489.303283446712	57	M
489.303283446712	489.39328344671196	19	EH1
489.39328344671196	489.473283446712	58	N
489.473283446712	489.772283446712	31	IY0
489.772283446712	489.95128344671195	58	N
489.95128344671195	490.051283446712	68	Y
490.051283446712	490.171283446712	44	UW1
490.171283446712	490.390283446712	62	S
490.390283446712	490.440283446712	64	T
490.440283446712	490.570283446712	44	UW1
490.570283446712	490.61028344671195	48	D
490.61028344671195	490.670283446712	6	AH0
490.670283446712	490.760283446712	58	N
490.760283446712	490.800283446712	64	T
490.800283446712	490.899283446712	62	S
490.899283446712	491.089283446712	32	IY1
491.089283446712	491.25828344671197	47	CH
491.25828344671197	491.328283446712	68	Y
491.328283446712	491.50828344671197	28	IH1
491.50828344671197	491.558283446712	61	R
491.558283446712	500.78267573696144	74	sp
500.78267573696144	500.83267573696145	49	DH
500.83267573696145	501.0579732455531	6	AH0
501.0579732455531	501.16167573696146	61	R
501.16167573696146	501.27167573696147	35	OW1
501.27167573696147	501.42167573696145	69	Z
501.42167573696145	501.5406757369615	6	AH0
501.5406757369615	501.6006757369615	69	Z
501.6006757369615	501.83067573696144	74	sp
501.83067573696144	501.87067573696146	62	S
501.87067573696146	501.9996757369615	57	M
501.9996757369615	502.1796757369615	19	EH1
502.1796757369615	502.31967573696147	56	L
502.31967573696147	502.3886757369615	48	D
502.3886757369615	502.90767573696144	74	sp
502.90767573696144	502.93767573696147	66	V
502.93767573696147	503.12767573696146	19	EH1
503.12767573696146	503.15767573696144	61	R
503.15767573696144	503.27667573696147	31	IY0
503.27667573696147	503.52667573696147	62	S
503.52667573696147	503.5766757369615	67	W
503.5766757369615	503.80567573696146	32	IY1
503.80567573696146	503.8356757369615	64	T
503.8356757369615	512.9507482993197	74	sp
512.9507482993197	513.0507482993197	60	P
513.0507482993197	513.1607482993197	28	IH1
513.1607482993197	513.2097482993197	54	K
513.2097482993197	513.5197482993196	25	EY1
513.5197482993196	513.9787482993197	74	sp
513.9787482993197	514.0977482993197	60	P
514.0977482993197	514.2077482993197	61	R
514.2077482993197	514.4377482993197	16	AY1
514.4377482993197	514.5067482993197	69	Z
514.5067482993197	514.7067482993197	50	F
514.7067482993197	514.7467482993197	61	R
514.7467482993197	514.8667482993196	7	AH1
514.8667482993196	514.9957482993196	57	M
514.9957482993196	515.0457482993197	49	DH
515.0457482993197	515.0957482993197	6	AH0
515.0957482993197	515.2157482993197	46	B
515.2157482993197	515.4747482993197	4	AE1
515.4747482993197	515.5447482993197	51	G
515.5447482993197	524.0857142857143	74	sp
524.0857142857143	524.2357142857143	63	SH
524.2357142857143	524.5147142857143	32	IY1
524.5147142857143	524.5947142857143	74	sp
524.5947142857143	524.8137142857142	28	IH1
524.8137142857142	524.9937142857143	69	Z
524.9937142857143	525.0937142857142	64	T
525.0937142857142	525.2127142857144	10	AO1
525.2127142857144	525.3327142857142	56	L
525.3327142857142	525.4727142857143	21	ER0
525.4727142857143	525.5527142857143	49	DH
525.5527142857143	525.7417142857144	4	AE1
525.7417142857144	525.8517142857143	58	N
525.8517142857143	526.1307142857142	16	AY1
526.1307142857142	526.3507142857143	4	AE1
526.3507142857143	526.4907142857143	57	M
526.4907142857143	537.3325170068027	74	sp
537.3325170068027	537.6125170068027	54	K
537.6125170068027	538.2605170068027	1	AA1
538.2605170068027	538.2905170068027	61	R
538.2905170068027	538.5305170068027	56	L
538.5305170068027	538.5895170068027	56	L
538.5895170068027	538.8095170068027	28	IH1
538.8095170068027	538.9795170068028	66	V
538.9795170068028	539.0095170068028	69	Z
539.0095170068028	539.3285170068027	74	sp
539.3285170068027	539.5275170068028	28	IH1
539.5275170068028	539.6675170068028	58	N
539.6675170068028	539.8575170068027	25	EY1
539.8575170068027	539.9965170068027	66	V
539.9965170068027	540.2065170068028	19	EH1
540.2065170068028	540.2365170068027	61	R
540.2365170068027	540.3655170068027	31	IY0
540.3655170068027	540.5355170068027	62	S
540.5355170068027	540.6255170068027	57	M
540.6255170068027	540.8045170068027	10	AO1
540.8045170068027	540.8945170068027	56	L
540.8945170068027	541.2245170068028	74	sp
541.2245170068028	541.2535170068028	52	HH
541.2535170068028	541.4535170068027	35	OW1
541.4535170068027	541.5535170068027	57	M
541.5535170068027	555.442358276644	74	sp
555.442358276644	555.591358276644	63	SH
555.591358276644	555.661358276644	32	IY1
555.661358276644	555.861358276644	62	S
555.861358276644	556.010358276644	56	L
556.010358276644	556.230358276644	28	IH1
556.230358276644	556.260358276644	60	P
556.260358276644	556.360358276644	64	T
556.360358276644	556.439358276644	74	sp
556.439358276644	556.609358276644	1	AA1
556.609358276644	556.679358276644	58	N
556.679358276644	556.709358276644	49	DH
556.709358276644	556.739358276644	6	AH0
556.739358276644	556.878358276644	62	S
556.878358276644	556.918358276644	64	T
556.918358276644	557.068358276644	19	EH1
557.068358276644	557.128358276644	61	R
557.128358276644	557.168358276644	69	Z
557.168358276644	568.5574603174604	74	sp
568.5574603174604	568.6574603174604	52	HH
568.6574603174604	568.8374603174603	13	AW1
568.8374603174603	568.9964603174603	57	M
568.9964603174603	569.5750858147878	7	AH1
569.5750858147878	569.8971883881826	47	CH
569.8971883881826	570.4334603174603	74	sp
570.4334603174603	570.5234603174604	6	AH0
570.5234603174604	570.6724603174604	56	L
570.6724603174604	570.9824603174603	13	AW1
570.9824603174603	571.0424603174604	6	AH0
571.0424603174604	571.1714603174603	58	N
571.1714603174603	571.2014603174604	62	S
571.2014603174604	571.7704603174603	74	sp
571.7704603174603	571.9304603174603	48	D
571.9304603174603	572.2594603174604	44	UW1
572.2594603174604	572.3794603174604	68	Y
572.3794603174604	572.4284603174603	44	UW1
572.4284603174603	572.5584603174603	51	G
572.5584603174603	572.7584603174604	19	EH1
572.7584603174604	572.8084603174603	64	T
572.8084603174603	583.6203401360544	74	sp
583.6203401360544	583.6503401360544	74	sp
583.6503401360544	583.7793401360544	53	JH
583.7793401360544	584.0293401360544	25	EY1
584.0293401360544	584.1093401360545	58	N
584.1093401360545	584.4283401360544	52	HH
584.4283401360544	584.4683401360544	19	EH1
584.4683401360544	584.6473401360545	56	L
584.6473401360545	584.7973401360545	60	P
584.7973401360545	584.9173401360545	64	T
584.9173401360545	585.2563401360544	74	sp
585.2563401360544	585.3063401360545	52	HH
585.3063401360545	585.3963401360544	22	ER1
585.3963401360544	585.6253401360544	62	S
585.6253401360544	585.6853401360544	28	IH1
585.6853401360544	585.8153401360544	62	S
585.8153401360544	585.8553401360545	64	T
585.8553401360545	585.9643401360545	21	ER0
585.9643401360545	586.0743401360544	67	W
586.0743401360544	586.1443401360544	6	AH0
586.1443401360544	586.1843401360544	49	DH
586.1843401360544	586.3443401360544	52	HH
586.3443401360544	586.4033401360545	35	OW1
586.4033401360545	586.5133401360545	57	M
586.5133401360545	586.5833401360544	67	W
586.5833401360544	586.6633401360544	23	ER2
586.6633401360544	586.9063601333773	54	K
586.9063601333773	597.8760090702948	74	sp
597.8760090702948	597.9860090702948	49	DH
597.9860090702948	598.0660090702947	6	AH0
598.0660090702947	598.3250090702948	74	sp
598.3250090702948	598.3950090702947	64	T
598.3950090702947	598.5550090702948	44	UW1
598.5550090702948	598.6440090702947	65	TH
598.6440090702947	598.8240090702948	50	F
598.8240090702948	598.9940090702949	19	EH1
598.9940090702949	599.0240090702948	61	R
599.0240090702948	599.1230090702948	31	IY0
599.1230090702948	599.2630090702949	50	F
599.2630090702949	599.3130090702948	9	AO0
599.3130090702948	599.3530090702948	61	R
599.3530090702948	599.5120090702948	51	G
599.5120090702948	599.7820090702947	1	AA1
599.7820090702947	599.8420090702948	64	T
599.8420090702948	599.9510090702947	74	sp
599.9510090702947	600.0710090702948	64	T
600.0710090702948	600.2710090702948	44	UW1
600.2710090702948	600.4400090702948	54	K
600.4400090702948	600.5900090702949	7	AH1
600.5900090702949	600.8000090702948	57	M
600.8000090702948	600.9390090702948	67	W
600.9390090702948	601.0590090702948	19	EH1
601.0590090702948	601.2490090702947	58	N
601.2490090702947	601.3280090702948	61	R
601.3280090702948	601.4980090702948	1	AA1
601.4980090702948	601.6880090702948	53	JH
601.6880090702948	601.9070090702947	21	ER0
601.9070090702947	602.1070090702948	69	Z
602.1070090702948	602.5060090702948	74	sp
602.5060090702948	602.6050090702947	64	T
602.6050090702947	602.7850090702948	44	UW1
602.7850090702948	602.8950090702947	65	TH
602.8950090702947	602.9950090702948	50	F
602.9950090702948	603.0740090702948	19	EH1
603.0740090702948	603.1740090702947	56	L
603.1740090702947	603.4930090702948	13	AW1
603.4930090702948	603.5430090702948	64	T
603.5430090702948	613.7950113378685	74	sp
613.7950113378685	613.8950113378685	57	M
613.8950113378685	613.9950113378685	16	AY1
613.9950113378685	614.1450113378685	50	F
614.1450113378685	614.2740113378685	25	EY1
614.2740113378685	614.3640113378685	66	V
614.3640113378685	614.4640113378684	21	ER0
614.4640113378684	614.4940113378685	6	AH0
614.4940113378685	614.5240113378685	64	T
614.5240113378685	614.7430113378684	16	AY1
614.7430113378684	614.8530113378685	62	S
614.8530113378685	614.9630113378685	54	K
614.9630113378685	615.0030113378685	61	R
615.0030113378685	615.1320113378684	32	IY1
615.1320113378684	615.2020113378685	57	M
615.2020113378685	615.3720113378685	50	F
615.3720113378685	615.4520113378685	56	L
615.4520113378685	615.5610113378685	25	EY1
615.5610113378685	615.6510113378685	66	V
615.6510113378685	615.7810113378684	21	ER0
615.7810113378684	615.9210113378685	28	IH1
615.9210113378685	615.9900113378685	69	Z
615.9900113378685	616.0800113378685	66	V
616.0800113378685	616.1300113378685	6	AH0
616.1300113378685	616.2600113378685	58	N
616.2600113378685	616.3100113378684	28	IH1
616.3100113378684	616.4890113378685	56	L
616.4890113378685	616.5990113378684	6	AH0
616.5990113378684	625.3855782312925	74	sp
625.3855782312925	625.4255782312925	46	B
625.4255782312925	625.7345782312925	1	AA1
625.7345782312925	625.9445782312926	46	B
625.9445782312926	625.9745782312925	56	L
625.9745782312925	626.1135782312924	41	UH1
626.1135782312924	626.2235782312925	54	K
626.2235782312925	626.2735782312925	64	T
626.2735782312925	626.8225782312925	74	sp
626.8225782312925	626.8625782312924	50	F
626.8625782312924	626.9225782312925	10	AO1
626.9225782312925	627.1615782312924	61	R
627.1615782312924	627.3015782312925	74	sp
627.3015782312925	627.5305782312926	63	SH
627.5305782312926	627.6805782312924	19	EH1
627.6805782312924	627.8595782312925	56	L
627.8595782312925	627.9795782312924	69	Z
627.9795782312924	628.0595782312926	74	sp
628.0595782312926	628.0895782312925	46	B
628.0895782312925	628.3485782312925	16	AY1
628.3485782312925	628.4085782312925	49	DH
628.4085782312925	628.5485782312925	7	AH1
628.5485782312925	628.7775782312924	35	OW1
628.7775782312924	628.9575782312925	63	SH
628.9575782312925	629.0575782312925	6	AH0
629.0575782312925	629.1475782312925	58	N
629.1475782312925	638.1862131519274	74	sp
638.1862131519274	638.2852131519273	52	HH
638.2852131519273	638.4352131519273	32	IY1
638.4352131519273	638.5652131519273	67	W
638.5652131519273	638.6052131519274	28	IH1
638.6052131519274	638.8442131519273	56	L
638.8442131519273	639.5922131519274	74	sp
639.5922131519274	639.6722131519274	6	AH0
639.6722131519274	639.8522131519273	56	L
639.8522131519273	640.3212131519274	13	AW1
640.3212131519274	640.7002131519274	74	sp
640.7002131519274	641.1692131519274	25	EY1
641.1692131519274	641.3382131519273	61	R
641.3382131519273	641.5082131519274	19	EH1
641.5082131519274	641.6882131519274	61	R
641.6882131519274	641.9672131519274	74	sp
641.9672131519274	642.0772131519274	56	L
642.0772131519274	642.3862131519273	16	AY1
642.3862131519273	671.5367800453515	74	sp
671.5367800453515	671.5867800453515	52	HH
671.5867800453515	671.9057800453515	13	AW1
671.9057800453515	672.0157800453514	74	sp
672.0157800453514	672.0657800453515	48	D
672.0657800453515	672.8837800453515	44	UW1
672.8837800453515	676.9847800453515	74	sp
676.9847800453515	677.2437800453515	38	OY1
677.2437800453515	677.3637800453515	62	S
677.3637800453515	677.4237800453515	64	T
677.4237800453515	677.6027800453514	21	ER0
677.6027800453514	677.8027800453515	69	Z
677.8027800453515	677.9027800453515	57	M
677.9027800453515	678.1117800453515	25	EY1
678.1117800453515	678.1517800453514	54	K
678.1517800453514	678.3117800453515	60	P
678.3117800453515	678.4507800453515	22	ER1
678.4507800453515	678.5307800453515	56	L
678.5307800453515	678.5907800453515	69	Z
678.5907800453515	688.1246258503402	74	sp
688.1246258503402	688.2325833062582	52	HH
688.2325833062582	688.4259333400131	13	AW1
688.4259333400131	688.4746026848942	48	D
688.4746026848942	688.5781356549139	44	UW1
688.5781356549139	688.7216644591406	68	Y
688.7216644591406	688.7816644591406	44	UW1
688.7816644591406	688.8816644591407	58	N
688.8816644591407	689.0506644591406	35	OW1
689.0506644591406	689.1506644591407	57	M
689.1506644591407	689.2406644591406	16	AY1
689.2406644591406	689.3506644591406	58	N
689.3506644591406	689.5496644591407	25	EY1
689.5496644591407	689.6396644591406	57	M
689.6396644591406	699.9537414965987	74	sp
699.9537414965987	700.0737414965988	52	HH
700.0737414965988	700.2827414965988	32	IY1
700.2827414965988	700.3327414965987	74	sp
700.3327414965987	700.6427414965988	25	EY1
700.6427414965988	700.6927414965987	64	T
700.6927414965987	700.7517414965987	74	sp
700.7517414965987	700.8417414965987	50	F
700.8417414965987	701.0217414965988	10	AO1
701.0217414965988	701.1807414965988	61	R
701.1807414965988	701.3707414965987	74	sp
701.3707414965987	701.5107414965987	19	EH1
701.5107414965987	701.6097414965988	54	K
701.6097414965988	701.7397414965988	62	S
701.7397414965988	701.7697414965987	64	T
701.7697414965987	701.7997414965987	61	R
701.7997414965987	701.9497414965988	6	AH0
701.9497414965988	702.0187414965988	74	sp
702.0187414965988	702.2287414965988	19	EH1
702.2287414965988	702.2987414965987	51	G
702.2987414965987	702.3887414965988	69	Z
702.3887414965988	702.5177414965988	50	F
702.5177414965988	702.5977414965987	21	ER0
702.5977414965987	702.6977414965987	46	B
702.6977414965987	702.7477414965988	61	R
702.7477414965988	702.8177414965987	19	EH1
702.8177414965987	702.9067414965988	54	K
702.9067414965988	703.0267414965988	50	F
703.0267414965988	703.1067414965987	6	AH0
703.1067414965987	703.3167414965988	62	S
703.3167414965988	703.3657414965987	64	T
703.3657414965987	710.5170068027211	74	sp
