360.153	360.253	49	DH
360.253	360.373	31	IY0
360.373	360.503	54	K
360.503	360.742	4	AE1
360.742	360.912	64	T
360.912	361.141	57	M
361.141	361.241	31	IY0
361.241	361.54	13	AW1
361.54	362.638	74	sp
362.638	363.037	10	AO1
363.037	363.117	56	L
363.117	363.207	67	W
363.207	363.416	26	EY2
363.416	363.616	69	Z
363.616	364.284	74	sp
364.284	364.344	52	HH
364.344	364.484	22	ER1
364.484	364.563	64	T
364.563	364.673	62	S
364.673	364.713	57	M
364.713	364.883	16	AY1
364.883	365.162	28	IH1
365.162	365.192	61	R
365.192	365.352	69	Z
365.352	365.761	74	sp
365.761	368.255	73	ns
368.255	374.551	73	ns
374.551	374.72	52	HH
374.72	374.9	13	AW1
374.9	375.02	48	D
375.02	375.05	44	UW1
375.05	375.279	68	Y
375.279	375.339	44	UW1
375.339	375.449	58	N
375.449	375.608	35	OW1
375.608	375.688	57	M
375.688	375.788	16	AY1
375.788	375.878	58	N
375.878	376.087	25	EY1
376.087	376.177	57	M
376.177	376.686	74	sp
376.686	379.12	73	ns
379.12	385.177	73	ns
385.177	385.386	4	AE1
385.386	385.416	48	D
385.416	385.486	74	sp
385.486	385.566	49	DH
385.566	385.606	6	AH0
385.606	385.785	58	N
385.785	385.885	7	AH1
385.885	385.955	57	M
385.955	385.995	46	B
385.995	386.075	21	ER0
386.075	386.174	69	Z
386.174	386.264	64	T
386.264	386.304	6	AH0
386.304	386.394	51	G
386.394	386.524	19	EH1
386.524	386.593	49	DH
386.593	386.683	21	ER0
386.683	386.803	67	W
386.803	386.883	7	AH1
386.883	386.992	58	N
386.992	387.032	46	B
387.032	387.222	16	AY1
387.222	387.312	67	W
387.312	387.382	7	AH1
387.382	387.571	58	N
387.571	387.89	74	sp
387.89	391.712	73	ns
391.712	400.352	73	ns
400.352	400.382	52	HH
400.382	400.552	32	IY1
400.552	400.721	67	W
400.721	400.901	6	AH0
400.901	400.951	56	L
400.951	400.991	74	sp
400.991	401.051	6	AH0
401.051	401.22	56	L
401.22	401.599	13	AW1
401.599	401.829	25	EY1
401.829	402.028	61	R
402.028	402.198	19	EH1
402.198	402.358	61	R
402.358	402.457	56	L
402.457	402.757	16	AY1
402.757	407.546	73	ns
407.546	414.221	73	ns
414.221	414.35	53	JH
414.35	414.58	1	AA1
414.58	414.67	58	N
414.67	414.799	69	Z
414.799	414.899	74	sp
414.899	414.929	46	B
414.929	415.049	61	R
415.049	415.139	7	AH1
415.139	415.278	49	DH
415.278	415.458	21	ER0
415.458	415.977	74	sp
415.977	416.066	61	R
416.066	416.256	31	IY0
416.256	416.376	60	P
416.376	416.535	25	EY1
416.535	416.595	58	N
416.595	416.685	64	T
416.685	416.795	6	AH0
416.795	416.924	48	D
416.924	417.014	74	sp
417.014	417.064	49	DH
417.064	417.134	6	AH0
417.134	417.224	51	G
417.224	417.423	21	ER0
417.423	417.583	1	AA1
417.583	417.613	70	ZH
417.613	417.802	74	sp
417.802	417.852	48	D
417.852	418.072	10	AO1
418.072	418.122	61	R
418.122	418.651	74	sp
418.651	420.995	73	ns
420.995	427.091	73	ns
427.091	427.201	52	HH
427.201	427.51	32	IY1
427.51	427.76	25	EY1
427.76	427.79	64	T
427.79	427.929	50	F
427.929	428.069	10	AO1
428.069	428.129	61	R
428.129	428.329	19	EH1
428.329	428.408	54	K
428.408	428.498	62	S
428.498	428.538	64	T
428.538	428.578	61	R
428.578	428.628	6	AH0
428.628	428.887	19	EH1
428.887	428.957	51	G
428.957	428.987	69	Z
428.987	429.117	50	F
429.117	429.207	21	ER0
429.207	429.306	46	B
429.306	429.366	61	R
429.366	429.416	19	EH1
429.416	429.526	54	K
429.526	429.616	50	F
429.616	429.735	6	AH0
429.735	429.955	62	S
429.955	430.045	64	T
430.045	430.633	74	sp
430.633	435.682	73	ns
435.682	443.953	73	ns
443.953	444.103	53	JH
444.103	444.352	25	EY1
444.352	444.462	58	N
444.462	444.711	52	HH
444.711	444.741	19	EH1
444.741	444.881	56	L
444.881	444.951	60	P
444.951	445.031	64	T
445.031	445.09	52	HH
445.09	445.24	22	ER1
445.24	445.49	62	S
445.49	445.559	28	IH1
445.559	445.719	62	S
445.719	445.779	64	T
445.779	445.919	21	ER0
445.919	446.008	67	W
446.008	446.068	28	IH1
446.068	446.128	65	TH
446.128	446.278	52	HH
446.278	446.387	35	OW1
446.387	446.477	57	M
446.477	446.537	67	W
446.537	446.647	23	ER2
446.647	446.89999724803147	54	K
446.89999724803147	447.515	74	sp
447.515	449.939	73	ns
449.939	456.574	73	ns
456.574	456.604	48	D
456.604	456.704	28	IH1
456.704	456.734	48	D
456.734	457.023	68	Y
457.023	457.223	44	UW1
457.223	457.482	32	IY1
457.482	457.552	64	T
457.552	457.602	56	L
457.602	457.702	7	AH1
457.702	457.782	58	N
457.782	457.881	47	CH
457.881	457.911	68	Y
457.911	458.001	19	EH1
458.001	458.141	62	S
458.141	458.191	64	T
458.191	458.29	21	ER0
458.29	458.33	48	D
458.33	458.52	26	EY2
458.52	458.959	74	sp
458.959	461.393	73	ns
461.393	467.639	73	ns
467.639	467.669	48	D
467.669	467.859	44	UW1
467.859	468.038	10	AO1
468.038	468.168	56	L
468.168	468.208	74	sp
468.208	468.248	50	F
468.248	468.328	1	AA1
468.328	468.387	61	R
468.387	468.467	57	M
468.467	468.577	21	ER0
468.577	468.737	69	Z
468.737	468.777	51	G
468.777	468.876	61	R
468.876	468.926	35	OW1
468.926	469.016	60	P
469.016	469.046	6	AH0
469.046	469.176	64	T
469.176	469.335	25	EY1
469.335	469.375	64	T
469.375	469.525	34	OW0
469.525	469.754	69	Z
469.754	473.426	73	ns
473.426	473.536	74	sp
473.536	481.807	73	ns
481.807	481.877	57	M
481.877	481.977	16	AY1
481.977	482.106	50	F
482.106	482.246	25	EY1
482.246	482.316	66	V
482.316	482.475	21	ER0
482.475	482.505	6	AH0
482.505	482.545	64	T
482.545	482.745	16	AY1
482.745	482.924	62	S
482.924	482.974	74	sp
482.974	483.024	54	K
483.024	483.054	61	R
483.054	483.184	32	IY1
483.184	483.244	57	M
483.244	483.383	50	F
483.383	483.463	56	L
483.463	483.563	25	EY1
483.563	483.643	66	V
483.643	483.812	21	ER0
483.812	483.882	6	AH0
483.882	484.052	69	Z
484.052	484.092	66	V
484.092	484.142	6	AH0
484.142	484.251	58	N
484.251	484.331	28	IH1
484.331	484.491	56	L
484.491	484.581	6	AH0
484.581	488.392	73	ns
488.392	495.226	73	ns
495.226	495.306	60	P
495.306	495.436	28	IH1
495.436	495.526	54	K
495.526	495.715	25	EY1
495.715	495.815	60	P
495.815	495.865	61	R
495.865	496.035	16	AY1
496.035	496.124	69	Z
496.124	496.204	50	F
496.204	496.234	61	R
496.234	496.274	7	AH1
496.274	496.434	57	M
496.434	496.464	49	DH
496.464	496.543	6	AH0
496.543	496.953	74	sp
496.953	496.982	46	B
496.982	497.242	4	AE1
497.242	497.292	51	G
497.292	500.794	73	ns
500.794	507.259	73	ns
507.259	507.299	49	DH
507.299	507.568	25	EY1
507.568	507.588	74	sp
507.588	507.878	10	AO1
507.878	507.958	56	L
507.958	508.007	56	L
508.007	508.167	16	AY1
508.167	508.287	54	K
508.287	508.426	56	L
508.426	508.606	10	AO1
508.606	508.696	59	NG
508.696	508.836	52	HH
508.836	508.995	1	AA1
508.995	509.045	64	T
509.045	509.235	63	SH
509.235	509.474	13	AW1
509.474	509.624	21	ER0
509.624	509.903	69	Z
509.903	510.552	74	sp
510.552	514.064	73	ns
514.064	518.573	73	ns
518.573	518.733	67	W
518.733	518.913	32	IY1
518.913	519.072	1	AA1
519.072	519.182	61	R
519.182	519.232	74	sp
519.232	519.461	35	OW1
519.461	519.521	60	P
519.521	519.571	6	AH0
519.571	519.731	58	N
519.731	519.87	19	EH1
519.87	519.95	66	V
519.95	520.01	61	R
520.01	520.08	31	IY0
520.08	520.23	57	M
520.23	520.309	7	AH1
520.309	520.409	58	N
520.409	520.449	48	D
520.449	520.659	26	EY2
520.659	520.838	32	IY1
520.838	520.918	66	V
520.918	521.008	58	N
521.008	521.038	27	IH0
521.038	521.237	59	NG
521.237	521.756	74	sp
521.756	524.111	73	ns
524.111	529.848	73	ns
529.848	529.908	67	W
529.908	530.057	32	IY1
530.057	530.217	67	W
530.217	530.257	19	EH1
530.257	530.426	56	L
530.426	530.506	54	K
530.506	530.616	6	AH0
530.616	530.666	57	M
530.666	530.766	57	M
530.766	530.856	19	EH1
530.856	530.935	58	N
530.935	531.105	31	IY0
531.105	531.334	58	N
531.334	531.414	68	Y
531.414	531.534	44	UW1
531.534	531.724	62	S
531.724	531.773	64	T
531.773	531.913	44	UW1
531.913	531.953	48	D
531.953	532.063	6	AH0
532.063	532.123	58	N
532.123	532.182	64	T
532.182	532.332	62	S
532.332	532.641	74	sp
532.641	532.821	32	IY1
532.821	532.961	47	CH
532.961	533.08	68	Y
533.08	533.25	28	IH1
533.25	533.3	61	R
533.3	533.739	74	sp
533.739	537.69	73	ns
537.69	545.043	73	ns
545.043	545.223	63	SH
545.223	545.353	32	IY1
545.353	545.592	62	S
545.592	545.672	56	L
545.672	545.891	28	IH1
545.891	545.921	60	P
545.921	545.951	64	T
545.951	548.8709689165331	74	sp
548.8709689165331	548.9930847273256	62	S
548.9930847273256	549.0417540722067	56	L
549.0417540722067	549.0736103706743	28	IH1
549.0736103706743	549.1939563871075	60	P
549.1939563871075	549.2903337202739	64	T
549.2903337202739	549.3469671397719	1	AA1
549.3469671397719	549.3859026156767	58	N
549.3859026156767	549.4266078859409	49	DH
549.4266078859409	549.483	6	AH0
549.483	549.643	62	S
549.643	549.703	64	T
549.703	549.872	19	EH1
549.872	549.902	61	R
549.902	550.002	69	Z
550.002	555.34	73	ns
555.34	562.154	73	ns
562.154	562.244	74	sp
562.244	562.284	52	HH
562.284	562.444	13	AW1
562.444	562.593	57	M
562.593	562.663	7	AH1
562.663	562.693	47	CH
562.693	563.142	6	AH0
563.142	563.272	56	L
563.272	563.511	13	AW1
563.511	563.581	6	AH0
563.581	563.661	58	N
563.661	563.851	62	S
563.851	563.91	48	D
563.91	564.05	44	UW1
564.05	564.22	68	Y
564.22	564.3	44	UW1
564.3	564.399	51	G
564.399	564.579	19	EH1
564.579	564.609	64	T
564.609	568.64	73	ns
568.64	576.911	73	ns
576.911	577.041	54	K
577.041	577.16	1	AA1
577.16	577.36	61	R
577.36	577.539	56	L
577.539	577.569	56	L
577.569	577.729	28	IH1
577.729	577.759	66	V
577.759	577.889	69	Z
577.889	578.138	28	IH1
578.138	578.238	58	N
578.238	578.387	25	EY1
578.387	578.517	66	V
578.517	578.677	19	EH1
578.677	578.707	61	R
578.707	578.797	31	IY0
578.797	578.946	62	S
578.946	579.046	57	M
579.046	579.216	10	AO1
579.216	579.275	56	L
579.275	579.405	52	HH
579.405	579.535	13	AW1
579.535	579.784	58	N
579.784	579.814	48	D
579.814	580.253	74	sp
580.253	580.303	52	HH
580.303	580.393	35	OW1
580.393	580.493	57	M
580.493	581.021	74	sp
581.021	583.656	73	ns
583.656	591.767	73	ns
591.767	591.847	52	HH
591.847	592.017	13	AW1
592.017	592.276	48	D
592.276	592.595	44	UW1
592.595	592.805	38	OY1
592.805	592.964	62	S
592.964	593.014	64	T
593.014	593.134	21	ER0
593.134	593.244	69	Z
593.244	593.324	57	M
593.324	593.413	25	EY1
593.413	593.453	54	K
593.453	593.623	60	P
593.623	593.802	22	ER1
593.802	593.902	56	L
593.902	594.112	69	Z
594.112	594.571	74	sp
594.571	597.893	73	ns
597.893	607.132	73	ns
607.132	607.262	57	M
607.262	607.392	16	AY1
607.392	607.531	54	K
607.531	607.561	6	AH0
607.561	607.701	56	L
607.701	607.741	74	sp
607.741	607.91	54	K
607.91	608.03	7	AH1
608.03	608.14	56	L
608.14	608.28	21	ER0
608.28	608.349	48	D
608.349	608.489	74	sp
608.489	608.569	49	DH
608.569	608.719	7	AH1
608.719	608.888	46	B
608.888	609.018	19	EH1
609.018	609.138	48	D
609.138	609.247	61	R
609.247	609.307	45	UW2
609.307	609.467	57	M
609.467	609.497	67	W
609.497	609.736	10	AO1
609.736	609.826	56	L
609.826	609.946	67	W
609.946	610.065	28	IH1
610.065	610.175	65	TH
610.175	610.375	74	sp
610.375	610.485	54	K
610.485	610.534	61	R
610.534	610.654	25	EY1
610.654	610.804	2	AA2
610.804	610.963	58	N
610.963	611.153	69	Z
611.153	611.363	74	sp
611.363	613.897	73	ns
613.897	620.302	73	ns
620.302	620.432	63	SH
620.432	620.552	32	IY1
620.552	620.651	28	IH1
620.651	620.761	69	Z
620.761	620.841	64	T
620.841	620.951	10	AO1
620.951	621.041	56	L
621.041	621.13	21	ER0
621.13	621.21	49	DH
621.21	621.28	4	AE1
621.28	621.37	58	N
621.37	621.47	74	sp
621.47	621.679	16	AY1
621.679	621.899	4	AE1
621.899	622.038	57	M
622.038	626.857	73	ns
626.857	632.554	73	ns
632.554	632.624	49	DH
632.624	632.754	7	AH1
632.754	632.904	61	R
632.904	632.993	35	OW1
632.993	633.153	69	Z
633.153	633.243	6	AH0
633.243	633.412	69	Z
633.412	633.532	74	sp
633.532	633.582	62	S
633.582	633.692	57	M
633.692	633.821	19	EH1
633.821	633.911	56	L
633.911	633.961	48	D
633.961	634.051	66	V
634.051	634.181	19	EH1
634.181	634.211	61	R
634.211	634.34	31	IY0
634.34	634.57	62	S
634.57	634.62	67	W
634.62	634.789	32	IY1
634.789	634.819	64	T
634.819	639.678	73	ns
639.678	639.708	74	sp
639.708	647.241	73	ns
647.241	647.271	62	S
647.271	647.311	64	T
647.311	647.57	19	EH1
647.57	647.82	50	F
647.82	647.949	74	sp
647.949	648.079	67	W
648.079	648.299	10	AO1
648.299	648.378	61	R
648.378	648.658	25	EY1
648.658	648.857	46	B
648.857	649.027	61	R
649.027	649.236	16	AY1
649.236	649.446	64	T
649.446	649.496	61	R
649.496	649.705	19	EH1
649.705	649.935	48	D
649.935	650.104	62	S
650.104	650.174	67	W
650.174	650.274	19	EH1
650.274	650.314	64	T
650.314	650.494	21	ER0
664.1131711591025	664.1574160180853	49	DH
664.1574160180853	664.3166975104234	6	AH0
664.3166975104234	664.342	64	T
664.342	664.452	44	UW1
664.452	664.512	65	TH
664.512	664.582	50	F
664.582	664.661	19	EH1
664.661	664.691	61	R
664.691	664.901	31	IY0
664.901	664.941	50	F
664.941	665.011	21	ER0
665.011	665.15	51	G
665.15	665.39	1	AA1
665.39	665.5	64	T
665.5	665.579	64	T
665.579	665.689	44	UW1
665.689	665.849	54	K
665.849	665.968	7	AH1
665.968	666.138	57	M
666.138	666.258	67	W
666.258	666.318	19	EH1
666.318	666.477	58	N
666.477	666.517	61	R
666.517	666.687	1	AA1
666.687	666.807	53	JH
666.807	666.996	21	ER0
666.996	667.246	69	Z
667.246	667.305	74	sp
667.305	667.395	64	T
667.395	667.605	44	UW1
667.605	667.744	65	TH
667.744	667.824	50	F
667.824	667.874	19	EH1
667.874	668.004	56	L
668.004	668.283	13	AW1
668.283	668.313	64	T
668.313	668.982	74	sp
668.982	671.556	73	ns
671.556	682.531	73	ns
682.531	682.571	46	B
682.571	682.72	22	ER1
682.72	682.81	65	TH
682.81	682.86	48	D
682.86	683.02	26	EY2
683.02	683.149	60	P
683.149	683.249	61	R
683.249	683.2950432573547	19	EH1
683.2950432573547	683.3755689007033	69	Z
683.3755689007033	683.4260080399438	6	AH0
683.4260080399438	683.4879508425197	58	N
683.4879508425197	683.5198071409873	64	T
683.5198071409873	683.569361383048	69	Z
683.569361383048	683.688	52	HH
683.688	683.758	4	AE1
683.758	684.007	66	V
684.007	684.047	74	sp
684.047	684.147	54	K
684.147	684.207	7	AH1
684.207	684.287	60	P
684.287	684.407	54	K
684.407	684.526	26	EY2
684.526	684.616	54	K
684.616	684.666	62	S
684.666	684.706	4	AE1
684.706	684.796	58	N
684.796	684.836	48	D
684.836	685.015	16	AY1
685.015	685.195	62	S
685.195	685.265	54	K
685.265	685.304	61	R
685.304	685.334	32	IY1
685.334	685.444	57	M
685.444	685.873	74	sp
685.873	688.358	73	ns
688.358	693.646	73	ns
693.646	693.685	46	B
693.685	693.885	1	AA1
693.885	694.164	46	B
694.164	694.204	56	L
694.204	694.374	41	UH1
694.374	694.444	54	K
694.444	694.534	64	T
694.534	694.723	74	sp
694.723	694.773	50	F
694.773	694.893	10	AO1
694.893	694.963	61	R
694.963	695.212	63	SH
695.212	695.352	19	EH1
695.352	695.501	56	L
695.501	695.581	69	Z
695.581	695.681	74	sp
695.681	695.721	46	B
695.721	696.05	16	AY1
696.05	696.24	74	sp
696.24	696.29	49	DH
696.29	696.449	7	AH1
696.449	696.619	35	OW1
696.619	696.818	63	SH
696.818	696.868	6	AH0
696.868	696.948	58	N
