0.0	47.600362811791385	74	sp
47.600362811791385	47.687099374725435	61	R
47.687099374725435	47.73709937472544	1	AA1
47.73709937472544	47.80709937472544	46	B
47.80709937472544	47.83709937472544	6	AH0
47.83709937472544	47.867099374725434	58	N
47.867099374725434	47.95709937472544	56	L
47.95709937472544	48.02709937472544	16	AY1
48.02709937472544	48.07609937472544	54	K
48.07609937472544	48.156099374725436	62	S
48.156099374725436	48.18609937472544	49	DH
48.18609937472544	48.226099374725436	6	AH0
48.226099374725436	48.32609937472544	54	K
48.32609937472544	48.51509937472544	10	AO1
48.51509937472544	48.54509937472544	56	L
48.54509937472544	48.595099374725436	21	ER0
48.595099374725436	48.68509937472544	68	Y
48.68509937472544	48.83339545018144	19	EH1
48.83339545018144	48.960777730153374	56	L
48.960777730153374	49.24376471140839	34	OW0
49.24376471140839	59.41786848072562	74	sp
59.41786848072562	59.517868480725625	28	IH1
59.517868480725625	59.557868480725624	69	Z
59.557868480725624	59.587868480725625	63	SH
59.587868480725625	59.71786848072562	32	IY1
59.71786848072562	59.74786848072562	51	G
59.74786848072562	59.81643270478504	35	OW1
59.81643270478504	59.902625505005574	27	IH0
59.902625505005574	60.01627795839371	59	NG
60.01627795839371	60.04700994660262	67	W
60.04700994660262	60.12481229724416	28	IH1
60.12481229724416	60.19041035758899	49	DH
60.19041035758899	60.28194253481433	68	Y
60.28194253481433	60.52586848072562	44	UW1
60.52586848072562	73.81006802721089	74	sp
73.81006802721089	73.84466192419605	67	W
73.84466192419605	73.9098786004691	28	IH1
73.9098786004691	74.02199386747115	47	CH
74.02199386747115	74.06838296642732	65	TH
74.06838296642732	74.22684499774975	32	IY1
74.22684499774975	74.25859064597638	64	T
74.25859064597638	74.67309050839934	21	ER0
74.67309050839934	74.78849069600679	63	SH
74.78849069600679	75.02266051607495	35	OW1
75.02266051607495	75.1119430378217	69	Z
75.1119430378217	75.20120220144155	57	M
75.20120220144155	75.29044607423626	7	AH1
75.29044607423626	75.33316109027474	49	DH
75.33316109027474	75.56655285137423	21	ER0
75.56655285137423	75.59921563066796	51	G
75.59921563066796	76.08433616996227	44	UW1
76.08433616996227	76.38760813245344	62	S
76.38760813245344	88.80380952380952	74	sp
88.80380952380952	88.83512535233068	54	K
88.83512535233068	88.8885191223788	7	AH1
88.8885191223788	88.90682555782385	64	T
88.90682555782385	89.02398258814684	25	EY1
89.02398258814684	89.05398258814684	62	S
89.05398258814684	89.08398258814684	57	M
89.08398258814684	89.21298258814683	10	AO1
89.21298258814683	89.26298258814684	56	L
89.26298258814684	89.34298258814684	54	K
89.34298258814684	89.51298258814684	10	AO1
89.51298258814684	89.57198258814684	61	R
89.57198258814684	89.60198258814684	58	N
89.60198258814684	89.66198258814683	21	ER0
89.66198258814683	89.85198258814684	10	AO1
89.85198258814684	89.94198258814683	50	F
89.94198258814683	90.15098258814683	32	IY1
90.15098258814683	90.29098258814683	74	sp
90.29098258814683	90.44998258814684	32	IY1
90.44998258814684	90.6339857997117	47	CH
90.6339857997117	90.98943575460345	19	EH1
90.98943575460345	91.21979173395388	53	JH
91.21979173395388	101.13895691609977	74	sp
101.13895691609977	101.17251871441573	49	DH
101.17251871441573	101.32202127055045	25	EY1
101.32202127055045	101.41965559292416	10	AO1
101.41965559292416	101.46056872353307	56	L
101.46056872353307	101.49272204187155	6	AH0
101.49272204187155	101.52018169503914	58	N
101.52018169503914	101.56289671107764	53	JH
101.56289671107764	101.7886760815668	38	OY1
101.7886760815668	101.91071898453393	74	sp
101.91071898453393	102.07242583096537	16	AY1
102.07242583096537	102.17616229848743	62	S
102.17616229848743	102.25243911284187	54	K
102.25243911284187	102.28600091115783	61	R
102.28600091115783	102.36532879808645	32	IY1
102.36532879808645	102.42024810442166	57	M
102.42024810442166	102.51483135422119	62	S
102.51483135422119	102.66433391035591	7	AH1
102.66433391035591	102.73145750698782	58	N
102.73145750698782	102.77112145045214	48	D
102.77112145045214	103.11284157876007	26	EY2
103.11284157876007	103.40574454588116	69	Z
103.40574454588116	145.0950566893424	74	sp
145.0950566893424	145.16075189597652	64	T
145.16075189597652	145.31883627831655	1	AA1
145.31883627831655	145.34883627831655	57	M
145.34883627831655	145.40883627831656	61	R
145.40883627831656	145.5036089754144	32	IY1
145.5036089754144	145.52649201972076	48	D
145.52649201972076	145.556239977319	69	Z
145.556239977319	145.57302087647696	49	DH
145.57302087647696	145.6233635739509	31	IY0
145.6233635739509	145.71337021488915	62	S
145.71337021488915	145.83465034971275	25	EY1
145.83465034971275	145.90783627831655	57	M
145.90783627831655	145.93783627831655	46	B
145.93783627831655	146.12840405821757	41	UH1
146.12840405821757	146.31917787564575	54	K
146.31917787564575	146.45800167777085	19	EH1
146.45800167777085	146.51139544781898	66	V
146.51139544781898	146.54953385499618	21	ER0
146.54953385499618	146.66852568538914	31	IY0
146.66852568538914	146.7295471368727	58	N
146.7295471368727	147.01482242255832	16	AY1
147.01482242255832	147.15059515210925	64	T
147.15059515210925	158.51718820861677	74	sp
158.51718820861677	158.55614500365743	52	HH
158.55614500365743	158.62168744428237	32	IY1
158.62168744428237	158.76614500365744	25	EY1
158.76614500365744	158.82684327055438	64	T
158.82684327055438	158.86025214835107	50	F
158.86025214835107	159.02514500365743	10	AO1
159.02514500365743	159.16514500365744	61	R
159.16514500365744	159.24514500365746	74	sp
159.24514500365746	159.54414500365743	19	EH1
159.54414500365743	159.57414500365743	51	G
159.57414500365743	159.64414500365743	69	Z
159.64414500365743	159.72414500365744	50	F
159.72414500365744	159.88314500365743	10	AO1
159.88314500365743	160.00314500365744	61	R
160.00314500365744	160.03314500365744	46	B
160.03314500365744	160.0961973409667	61	R
160.0961973409667	160.1869667500485	19	EH1
160.1869667500485	160.2540903466804	54	K
160.2540903466804	160.28612660870928	50	F
160.28612660870928	160.51953366063393	6	AH0
160.51953366063393	160.75114500365746	62	S
160.75114500365746	160.84162867750607	64	T
160.84162867750607	176.77632653061224	74	sp
176.77632653061224	176.8266692280862	49	DH
176.8266692280862	176.9258382382438	25	EY1
176.9258382382438	177.00603778040445	10	AO1
177.00603778040445	177.07316137703637	50	F
177.07316137703637	177.1746095401278	6	AH0
177.1746095401278	177.22647777388883	58	N
177.22647777388883	177.26803423554128	51	G
177.26803423554128	177.48008377944666	35	OW1
177.48008377944666	177.57771810182035	74	sp
177.57771810182035	177.73120718799527	13	AW1
177.73120718799527	177.88027405762068	64	T
177.88027405762068	177.98021498143575	28	IH1
177.98021498143575	178.04581304178058	58	N
178.04581304178058	178.0908163622497	49	DH
178.0908163622497	178.2402740576207	32	IY1
178.2402740576207	178.48232328018452	32	IY1
178.48232328018452	178.56564489823873	66	V
178.56564489823873	178.74389697919028	58	N
178.74389697919028	178.9439778974368	27	IH0
178.9439778974368	179.29727405762068	59	NG
179.29727405762068	197.0706575963719	74	sp
197.0706575963719	197.18065759637187	62	S
197.18065759637187	197.23065759637188	60	P
197.23065759637188	197.31965759637188	61	R
197.31965759637188	197.47965759637188	28	IH1
197.47965759637188	197.50965759637188	59	NG
197.50965759637188	197.61965759637187	62	S
197.61965759637187	197.64965759637187	64	T
197.64965759637187	197.71865759637188	61	R
197.71865759637188	197.90865759637188	32	IY1
197.90865759637188	197.98865759637187	64	T
197.98865759637187	198.12865759637188	28	IH1
198.12865759637188	198.15765759637188	69	Z
198.15765759637188	198.24765759637188	62	S
198.24765759637188	198.30765759637188	64	T
198.30765759637188	198.36765759637188	61	R
198.36765759637188	198.54765759637186	25	EY1
198.54765759637186	198.5766575963719	64	T
198.5766575963719	198.78430355661237	25	EY1
198.78430355661237	198.89948154628757	52	HH
198.89948154628757	199.17178977353296	19	EH1
199.17178977353296	199.2704864431746	48	D
199.2704864431746	210.1415873015873	74	sp
210.1415873015873	210.1915873015873	49	DH
210.1915873015873	210.2715873015873	28	IH1
210.2715873015873	210.3015873015873	62	S
210.3015873015873	210.3815873015873	62	S
210.3815873015873	210.49058730158728	32	IY1
210.49058730158728	210.6505873015873	62	S
210.6505873015873	210.74867728226744	11	AO2
210.74867728226744	210.8795873015873	62	S
210.8795873015873	211.1995873015873	25	EY1
211.1995873015873	211.2995873015873	50	F
211.2995873015873	223.24308390022676	74	sp
223.24308390022676	223.27308390022677	49	DH
223.27308390022677	223.35308390022675	28	IH1
223.35308390022675	223.41403568889433	62	S
223.41403568889433	223.4445464146361	67	W
223.4445464146361	223.59208390022675	1	AA1
223.59208390022675	223.79208390022674	69	Z
223.79208390022674	224.02970663704437	32	IY1
224.02970663704437	224.08157487080538	69	Z
224.08157487080538	224.27836905183986	31	IY0
224.27836905183986	224.34008390022674	50	F
224.34008390022674	224.56008390022674	10	AO1
224.56008390022674	224.62008390022675	61	R
224.62008390022675	224.94908390022675	7	AH1
224.94908390022675	225.08908390022677	62	S
225.08908390022677	236.7328798185941	74	sp
236.7328798185941	236.78287981859413	57	M
236.78287981859413	236.97287981859412	19	EH1
236.97287981859412	237.04287981859412	64	T
237.04287981859412	237.25187981859412	25	EY1
237.25187981859412	237.28187981859412	60	P
237.28187981859412	237.38187981859411	22	ER1
237.38187981859411	237.41187981859412	60	P
237.41187981859412	237.53087981859412	6	AH0
237.53087981859412	237.57087981859414	56	L
237.57087981859414	237.6608798185941	54	K
237.6608798185941	237.7208798185941	61	R
237.7208798185941	237.99987981859414	4	AE1
237.99987981859414	238.0298798185941	46	B
238.0298798185941	238.15987981859413	1	AA1
238.15987981859413	238.21987981859414	58	N
238.21987981859414	238.25987981859413	49	DH
238.25987981859413	238.28987981859413	6	AH0
238.28987981859413	238.3398798185941	46	B
238.3398798185941	238.58887981859414	32	IY1
238.58887981859414	238.94787981859412	47	CH
238.94787981859412	248.97333333333333	74	sp
248.97333333333333	249.03333333333333	48	D
249.03333333333333	249.17233333333334	35	OW1
249.17233333333334	249.20233333333334	58	N
249.20233333333334	249.28233333333333	48	D
249.28233333333333	249.32233333333335	44	UW1
249.32233333333335	249.40233333333333	47	CH
249.40233333333333	249.56133333333335	1	AA1
249.56133333333335	249.59133333333332	61	R
249.59133333333332	249.62133333333333	56	L
249.62133333333333	249.77133333333333	31	IY0
249.77133333333333	249.80133333333333	69	Z
249.80133333333333	249.83133333333333	48	D
249.83133333333333	249.92033333333333	22	ER1
249.92033333333333	249.95033333333333	64	T
249.95033333333333	250.13033333333334	31	IY0
250.13033333333334	250.16033333333334	48	D
250.16033333333334	250.28259972460054	28	IH1
250.28259972460054	250.3985404824193	63	SH
250.3985404824193	250.79517991706246	6	AH0
250.79517991706246	250.94833333333335	69	Z
250.94833333333335	262.0234920634921	74	sp
262.0234920634921	262.09623041187626	63	SH
262.09623041187626	262.22623041187626	41	UH1
262.22623041187626	262.37523041187626	48	D
262.37523041187626	262.47733067021727	53	JH
262.47733067021727	262.5752304118763	21	ER0
262.5752304118763	262.74887612931917	4	AE1
262.74887612931917	262.8642304118763	50	F
262.8642304118763	262.8942304118763	46	B
262.8942304118763	263.2049538704759	32	IY1
263.2049538704759	263.32928507787364	74	sp
263.32928507787364	263.3832304118763	54	K
263.3832304118763	263.4932304118763	19	EH1
263.4932304118763	263.5232304118763	60	P
263.5232304118763	263.6332304118763	64	T
263.6332304118763	263.8422304118763	28	IH1
263.8422304118763	263.8722304118763	58	N
263.8722304118763	263.9622304118763	62	S
263.9622304118763	264.0322304118763	57	M
264.0322304118763	264.273298766261	10	AO1
264.273298766261	264.35949156648155	56	L
264.35949156648155	264.5302304118763	69	Z
264.5302304118763	264.8502304118763	44	UW1
264.8502304118763	264.9654892532715	69	Z
264.9654892532715	281.1970975056689	74	sp
281.1970975056689	281.2995611017237	32	IY1
281.2995611017237	281.32396968231717	66	V
281.32396968231717	281.4185529321167	6	AH0
281.4185529321167	281.5060975056689	58	N
281.5060975056689	281.7229243912796	16	AY1
281.7229243912796	281.7755553931842	51	G
281.7755553931842	281.92509750566893	28	IH1
281.92509750566893	282.0750975056689	64	T
282.0750975056689	282.4907428143529	74	sp
282.4907428143529	282.5229404121795	57	M
282.5229404121795	282.625914111558	7	AH1
282.625914111558	282.65795037358686	58	N
282.65795037358686	282.68212328954235	48	D
282.68212328954235	282.9427961417007	25	EY1
282.9427961417007	282.9733068674425	46	B
282.9733068674425	283.08674342499603	56	L
283.08674342499603	283.4208358718685	44	UW1
283.4208358718685	283.7851375168	69	Z
283.7851375168	296.8943310657596	74	sp
296.8943310657596	296.9309439366498	49	DH
296.9309439366498	297.0712932750619	25	EY1
297.0712932750619	297.1719786700098	35	OW1
297.1719786700098	297.2146936860483	58	N
297.2146936860483	297.5295738263122	25	EY1
297.5295738263122	297.5844931326474	46	B
297.5844931326474	297.749251051653	28	IH1
297.749251051653	297.8163746482849	51	G
297.8163746482849	297.9079068255103	52	HH
297.9079068255103	298.02079651075485	13	AW1
298.02079651075485	298.13063512342524	62	S
298.13063512342524	298.2191162280764	28	IH1
298.2191162280764	298.4448955985656	58	N
298.4448955985656	298.6363182979914	10	AO1
298.6363182979914	298.72937601150386	62	S
298.72937601150386	298.79421130370514	64	T
298.79421130370514	298.9406627872657	6	AH0
298.9406627872657	299.01388852904597	58	N
299.01388852904597	299.0627056902328	64	T
299.0627056902328	299.21220824636754	19	EH1
299.21220824636754	299.3037404235929	54	K
299.3037404235929	299.392221528244	62	S
299.392221528244	299.6881755679393	6	AH0
299.6881755679393	299.956669954467	62	S
299.956669954467	310.4405442176871	74	sp
310.4405442176871	310.4705442176871	46	B
310.4705442176871	310.5005442176871	56	L
310.5005442176871	310.6405442176871	44	UW1
310.6405442176871	310.6805442176871	47	CH
310.6805442176871	310.8195442176871	32	IY1
310.8195442176871	310.8595442176871	69	Z
310.8595442176871	310.8895442176871	62	S
310.8895442176871	310.9195442176871	57	M
310.9195442176871	311.1595442176871	19	EH1
311.1595442176871	311.1885442176871	56	L
311.1885442176871	311.3764792265888	69	Z
311.3764792265888	311.5382472138828	50	F
311.5382472138828	311.643509217692	7	AH1
311.643509217692	311.73961800377856	58	N
311.73961800377856	311.9675442176871	31	IY0
311.9675442176871	325.4916099773243	74	sp
325.4916099773243	325.51563717384596	49	DH
325.51563717384596	325.5254032054502	6	AH0
325.5254032054502	325.5554032054502	46	B
325.5554032054502	325.7154032054502	28	IH1
325.7154032054502	325.7454032054502	51	G
325.7454032054502	325.7754032054502	48	D
325.7754032054502	325.9244032054502	10	AO1
325.9244032054502	325.9544032054502	51	G
325.9544032054502	326.1144032054502	56	L
326.1144032054502	326.2344032054502	7	AH1
326.2344032054502	326.2644032054502	66	V
326.2644032054502	326.2944032054502	48	D
326.2944032054502	326.3244032054502	64	T
326.3244032054502	326.4434032054502	44	UW1
326.4434032054502	326.53340320545016	47	CH
326.53340320545016	326.7034032054502	44	UW1
326.7034032054502	326.8224032054502	1	AA1
326.8224032054502	326.8524032054502	58	N
326.8524032054502	326.8824032054502	49	DH
326.8824032054502	327.0824032054502	31	IY0
327.0824032054502	327.26140320545016	35	OW1
327.26140320545016	327.2914032054502	56	L
327.2914032054502	327.4768923569181	48	D
327.4768923569181	327.57147560671757	61	R
327.57147560671757	327.76674425146496	4	AE1
327.76674425146496	327.85369981982905	51	G
327.85369981982905	327.92082341646096	48	D
327.92082341646096	328.2366094278884	1	AA1
328.2366094278884	328.3667862038014	56	L
328.3667862038014	339.4682993197279	74	sp
339.4682993197279	339.50338665433094	51	G
339.50338665433094	339.6063603537095	19	EH1
339.6063603537095	339.67513360280645	62	S
339.67513360280645	339.6972538789692	49	DH
339.6972538789692	339.73005290914165	6	AH0
339.73005290914165	339.81243186864447	54	K
339.81243186864447	339.82997553594595	67	W
339.82997553594595	339.8955735962908	19	EH1
339.8955735962908	339.9916823823774	63	SH
339.9916823823774	340.1015209950478	6	AH0
340.1015209950478	340.23819831505944	58	N
340.23819831505944	340.3526135365911	50	F
340.3526135365911	340.3800731897587	61	R
340.3800731897587	340.4349924960939	7	AH1
340.4349924960939	340.5188969918838	57	M
340.5188969918838	340.5646630804965	49	DH
340.5646630804965	340.74647824780254	31	IY0
340.74647824780254	340.95700225542083	4	AE1
340.95700225542083	341.06226425922995	58	N
341.06226425922995	341.1019282026943	62	S
341.1019282026943	341.4894144196149	21	ER0
341.4894144196149	353.9412244897959	74	sp
353.9412244897959	354.0342822033083	62	S
354.0342822033083	354.0846249007822	67	W
354.0846249007822	354.1456463522658	28	IH1
354.1456463522658	354.1859247064736	59	NG
354.1859247064736	354.2042311419186	68	Y
354.2042311419186	354.26960227658975	10	AO1
354.26960227658975	354.39461167355995	61	R
354.39461167355995	354.47699063306277	1	AA1
354.47699063306277	354.5231381057472	61	R
354.5231381057472	354.5593695925656	57	M
354.5593695925656	354.6580833041972	19	EH1
354.6580833041972	354.74961548142255	69	Z
354.74961548142255	354.85487748523167	52	HH
354.85487748523167	355.0009331825498	16	AY1
355.0009331825498	355.0473019177013	19	EH1
355.0473019177013	355.09306800631396	69	Z
355.09306800631396	355.17849803839096	68	Y
355.17849803839096	355.28833665106134	44	UW1
355.28833665106134	355.3902903144026	54	K
355.3902903144026	355.74268919672016	4	AE1
355.74268919672016	356.0419515768833	58	N
356.0419515768833	372.8554195011338	74	sp
372.8554195011338	372.90118558974643	60	P
372.90118558974643	372.93017077920115	56	L
372.93017077920115	372.995768839546	32	IY1
372.995768839546	373.03695831929736	69	Z
373.03695831929736	373.0918776256326	62	S
373.0918776256326	373.1651033674129	28	IH1
373.1651033674129	373.2456261835825	59	NG
373.2456261835825	373.2902481199798	53	JH
373.2902481199798	373.3634738617601	6	AH0
373.3634738617601	373.40771441408566	62	S
373.40771441408566	373.4351740672533	64	T
373.4351740672533	373.5068742727465	49	DH
373.5068742727465	373.61980349559764	6	AH0
373.61980349559764	373.7272926629748	54	K
373.7272926629748	373.7661938382956	56	L
373.7661938382956	373.9301889891576	7	AH1
373.9301889891576	374.0278336753683	46	B
374.0278336753683	374.07512530026804	65	TH
374.07512530026804	374.3863347028342	32	IY1
374.3863347028342	374.5777895068639	57	M
374.5777895068639	400.6426303854875	74	sp
400.6426303854875	400.7326370264258	49	DH
400.7326370264258	400.8851906551347	6	AH0
400.8851906551347	401.06978054587245	6	AH0
401.06978054587245	401.20860434799755	58	N
401.20860434799755	401.5241807255047	74	sp
401.5241807255047	401.5633384362069	49	DH
401.5633384362069	401.70564203237745	6	AH0
401.70564203237745	401.80975988397125	4	AE1
401.80975988397125	401.8776462487467	59	NG
401.8776462487467	401.8974782204789	51	G
401.8974782204789	401.976043339264	61	R
401.976043339264	402.049296050933	31	IY0
402.049296050933	402.10040151655045	46	B
402.10040151655045	402.3961669521321	22	ER1
402.3961669521321	402.55458940274343	74	sp
402.55458940274343	402.6766323057106	4	AE1
402.6766323057106	402.74604420677315	59	NG
402.74604420677315	402.778080468802	51	G
402.778080468802	402.9352107063722	61	R
402.9352107063722	403.03354418082995	31	IY0
403.03354418082995	403.15558708379706	46	B
403.15558708379706	403.5098131750077	38	OY1
403.5098131750077	403.5296451467399	48	D
403.5296451467399	403.7595548452564	7	AH1
403.7595548452564	404.1072953371706	74	sp
404.1072953371706	404.2796809376117	48	D
404.2796809376117	404.3757897236983	28	IH1
404.3757897236983	404.4718985097849	58	N
404.4718985097849	404.5515776013345	64	T
404.5515776013345	404.59480531870804	58	N
404.59480531870804	404.76337707843135	1	AA1
404.76337707843135	404.9303931187107	64	T
404.9303931187107	405.1819395621184	74	sp
405.1819395621184	405.2002459975634	48	D
405.2002459975634	405.31161014652093	28	IH1
405.31161014652093	405.3421208722627	48	D
405.3421208722627	405.45882439822503	6	AH0
405.45882439822503	405.7079489253573	58	N
405.7079489253573	405.82694075575023	48	D
405.82694075575023	406.00805498333	28	IH1
406.00805498333	406.19001839207743	58	N
406.19001839207743	406.3756652474577	64	T
406.3756652474577	406.43363562636705	56	L
406.43363562636705	406.569408355918	41	UH1
406.569408355918	406.6612887630406	54	K
406.6612887630406	406.8146714391769	7	AH1
406.8146714391769	407.0755381442691	60	P
407.0755381442691	511.2556916099773	74	sp
511.2556916099773	511.28925340829323	49	DH
511.28925340829323	511.43875596442797	25	EY1
511.43875596442797	511.5363902868017	10	AO1
511.5363902868017	511.5773034174106	56	L
511.5773034174106	511.60945673574906	6	AH0
511.60945673574906	511.6369163889167	58	N
511.6369163889167	511.67963140495516	53	JH
511.67963140495516	511.90541077544435	38	OY1
511.90541077544435	512.0274536784115	74	sp
512.0274536784115	512.1891605248429	16	AY1
512.1891605248429	512.292896992365	62	S
512.292896992365	512.3691738067193	54	K
512.3691738067193	512.4027356050353	61	R
512.4027356050353	512.482063491964	32	IY1
512.482063491964	512.5369827982992	57	M
512.5369827982992	512.6315660480988	62	S
512.6315660480988	512.7810686042335	7	AH1
512.7810686042335	512.8481922008654	58	N
512.8481922008654	512.8878561443297	48	D
512.8878561443297	513.2295762726376	26	EY2
513.2295762726376	513.5224792397587	69	Z
513.5224792397587	524.3956462585033	74	sp
524.3956462585033	524.5056462585034	62	S
524.5056462585034	524.5556462585033	60	P
524.5556462585033	524.6446462585034	61	R
524.6446462585034	524.8046462585033	28	IH1
524.8046462585033	524.8346462585033	59	NG
524.8346462585033	524.9446462585033	62	S
524.9446462585033	524.9746462585033	64	T
524.9746462585033	525.0436462585034	61	R
525.0436462585034	525.2336462585033	32	IY1
525.2336462585033	525.3136462585034	64	T
525.3136462585034	525.4536462585033	28	IH1
525.4536462585033	525.4826462585033	69	Z
525.4826462585033	525.5726462585034	62	S
525.5726462585034	525.6326462585033	64	T
525.6326462585033	525.6926462585034	61	R
525.6926462585034	525.8726462585033	25	EY1
525.8726462585033	525.9016462585033	64	T
525.9016462585033	526.1092922187438	25	EY1
526.1092922187438	526.224470208419	52	HH
526.224470208419	526.4967784356644	19	EH1
526.4967784356644	526.595475105306	48	D
526.595475105306	549.9769614512471	74	sp
549.9769614512471	550.0120487858501	51	G
550.0120487858501	550.1150224852287	19	EH1
550.1150224852287	550.1837957343257	62	S
550.1837957343257	550.2059160104884	49	DH
550.2059160104884	550.2387150406608	6	AH0
550.2387150406608	550.3210940001636	54	K
550.3210940001636	550.3386376674652	67	W
550.3386376674652	550.4042357278099	19	EH1
550.4042357278099	550.5003445138966	63	SH
550.5003445138966	550.610183126567	6	AH0
550.610183126567	550.7468604465787	58	N
550.7468604465787	550.8612756681102	50	F
550.8612756681102	550.8887353212779	61	R
550.8887353212779	550.9436546276131	7	AH1
550.9436546276131	551.0275591234031	57	M
551.0275591234031	551.0733252120157	49	DH
551.0733252120157	551.2551403793218	31	IY0
551.2551403793218	551.46566438694	4	AE1
551.46566438694	551.5709263907492	58	N
551.5709263907492	551.6105903342135	62	S
551.6105903342135	551.9980765511341	21	ER0
551.9980765511341	570.1179138321995	74	sp
570.1179138321995	570.1419410287212	49	DH
570.1419410287212	570.1517070603254	6	AH0
570.1517070603254	570.1817070603254	46	B
570.1817070603254	570.3417070603255	28	IH1
570.3417070603255	570.3717070603254	51	G
570.3717070603254	570.4017070603254	48	D
570.4017070603254	570.5507070603254	10	AO1
570.5507070603254	570.5807070603255	51	G
570.5807070603255	570.7407070603253	56	L
570.7407070603253	570.8607070603255	7	AH1
570.8607070603255	570.8907070603254	66	V
570.8907070603254	570.9207070603254	48	D
570.9207070603254	570.9507070603254	64	T
570.9507070603254	571.0697070603254	44	UW1
571.0697070603254	571.1597070603254	47	CH
571.1597070603254	571.3297070603254	44	UW1
571.3297070603254	571.4487070603254	1	AA1
571.4487070603254	571.4787070603254	58	N
571.4787070603254	571.5087070603254	49	DH
571.5087070603254	571.7087070603254	31	IY0
571.7087070603254	571.8877070603254	35	OW1
571.8877070603254	571.9177070603255	56	L
571.9177070603255	572.1031962117934	48	D
572.1031962117934	572.1977794615927	61	R
572.1977794615927	572.3930481063402	4	AE1
572.3930481063402	572.4800036747042	51	G
572.4800036747042	572.5471272713362	48	D
572.5471272713362	572.8629132827637	1	AA1
572.8629132827637	572.9930900586767	56	L
572.9930900586767	593.5424036281179	74	sp
593.5424036281179	593.6232716149447	16	AY1
593.6232716149447	593.6732716149447	64	T
593.6732716149447	593.8232716149447	41	UH1
593.8232716149447	593.8532716149447	54	K
593.8532716149447	593.9222716149447	52	HH
593.9222716149447	594.1022716149447	22	ER1
594.1022716149447	594.2022716149447	67	W
594.2022716149447	594.2922716149448	22	ER1
594.2922716149448	594.3322716149447	48	D
594.3322716149447	594.3912716149447	50	F
594.3912716149447	594.5301482177208	10	AO1
594.5301482177208	594.6281069582379	61	R
594.6281069582379	594.7612716149447	28	IH1
594.7612716149447	594.9585101677787	64	T
594.9585101677787	607.426485260771	74	sp
607.426485260771	607.4578010892922	54	K
607.4578010892922	607.5111948593402	7	AH1
607.5111948593402	607.5295012947853	64	T
607.5295012947853	607.6466583251083	25	EY1
607.6466583251083	607.6766583251083	62	S
607.6766583251083	607.7066583251083	57	M
607.7066583251083	607.8356583251083	10	AO1
607.8356583251083	607.8856583251082	56	L
607.8856583251082	607.9656583251083	54	K
607.9656583251083	608.1356583251082	10	AO1
608.1356583251082	608.1946583251083	61	R
608.1946583251083	608.2246583251083	58	N
608.2246583251083	608.2846583251082	21	ER0
608.2846583251082	608.4746583251083	10	AO1
608.4746583251083	608.5646583251082	50	F
608.5646583251082	608.7736583251083	32	IY1
608.7736583251083	608.9136583251083	74	sp
608.9136583251083	609.0726583251083	32	IY1
609.0726583251083	609.2566615366732	47	CH
609.2566615366732	609.6121114915649	19	EH1
609.6121114915649	609.8424674709154	53	JH
609.8424674709154	635.9975510204082	74	sp
635.9975510204082	636.0875576613464	49	DH
636.0875576613464	636.2401112900554	6	AH0
636.2401112900554	636.4247011807931	6	AH0
636.4247011807931	636.5635249829182	58	N
636.5635249829182	636.8791013604255	74	sp
636.8791013604255	636.9182590711275	49	DH
636.9182590711275	637.0605626672982	6	AH0
637.0605626672982	637.1646805188919	4	AE1
637.1646805188919	637.2325668836675	59	NG
637.2325668836675	637.2523988553996	51	G
637.2523988553996	637.3309639741847	61	R
637.3309639741847	637.4042166858537	31	IY0
637.4042166858537	637.4553221514711	46	B
637.4553221514711	637.7510875870528	22	ER1
637.7510875870528	637.9095100376642	74	sp
637.9095100376642	638.0315529406313	4	AE1
638.0315529406313	638.1009648416939	59	NG
638.1009648416939	638.1330011037227	51	G
638.1330011037227	638.2901313412929	61	R
638.2901313412929	638.3884648157507	31	IY0
638.3884648157507	638.5105077187177	46	B
638.5105077187177	638.8647338099283	38	OY1
638.8647338099283	638.8845657816605	48	D
638.8845657816605	639.1144754801771	7	AH1
639.1144754801771	639.4622159720914	74	sp
639.4622159720914	639.6346015725323	48	D
639.6346015725323	639.730710358619	28	IH1
639.730710358619	639.8268191447056	58	N
639.8268191447056	639.9064982362552	64	T
639.9064982362552	639.9497259536288	58	N
639.9497259536288	640.118297713352	1	AA1
640.118297713352	640.2853137536314	64	T
640.2853137536314	640.536860197039	74	sp
640.536860197039	640.5551666324841	48	D
640.5551666324841	640.6665307814417	28	IH1
640.6665307814417	640.6970415071834	48	D
640.6970415071834	640.8137450331458	6	AH0
640.8137450331458	641.0628695602779	58	N
641.0628695602779	641.181861390671	48	D
641.181861390671	641.3629756182506	28	IH1
641.3629756182506	641.5449390269981	58	N
641.5449390269981	641.7305858823784	64	T
641.7305858823784	641.7885562612878	56	L
641.7885562612878	641.9243289908386	41	UH1
641.9243289908386	642.0162093979613	54	K
642.0162093979613	642.1695920740976	7	AH1
642.1695920740976	642.4304587791898	60	P
642.4304587791898	669.7715192743764	74	sp
669.7715192743764	669.8715192743764	28	IH1
669.8715192743764	669.9115192743764	69	Z
669.9115192743764	669.9415192743763	63	SH
669.9415192743763	670.0715192743763	32	IY1
670.0715192743763	670.1015192743764	51	G
670.1015192743764	670.1700834984358	35	OW1
670.1700834984358	670.2562762986563	27	IH0
670.2562762986563	670.3699287520444	59	NG
670.3699287520444	670.4006607402533	67	W
670.4006607402533	670.4784630908949	28	IH1
670.4784630908949	670.5440611512397	49	DH
670.5440611512397	670.6355933284651	68	Y
670.6355933284651	670.8795192743763	44	UW1
670.8795192743763	700.6507029478458	74	sp
700.6507029478458	700.6896597428865	52	HH
700.6896597428865	700.7552021835114	32	IY1
700.7552021835114	700.8996597428866	25	EY1
700.8996597428866	700.9603580097835	64	T
700.9603580097835	700.9937668875801	50	F
700.9937668875801	701.1586597428865	10	AO1
701.1586597428865	701.2986597428865	61	R
701.2986597428865	701.3786597428865	74	sp
701.3786597428865	701.6776597428865	19	EH1
701.6776597428865	701.7076597428866	51	G
701.7076597428866	701.7776597428865	69	Z
701.7776597428865	701.8576597428865	50	F
701.8576597428865	702.0166597428865	10	AO1
702.0166597428865	702.1366597428865	61	R
702.1366597428865	702.1666597428865	46	B
702.1666597428865	702.2297120801958	61	R
702.2297120801958	702.3204814892775	19	EH1
702.3204814892775	702.3876050859095	54	K
702.3876050859095	702.4196413479383	50	F
702.4196413479383	702.653048399863	6	AH0
702.653048399863	702.8846597428865	62	S
702.8846597428865	702.9751434167351	64	T
702.9751434167351	723.0796371882086	74	sp
723.0796371882086	723.1821007842634	32	IY1
723.1821007842634	723.2065093648569	66	V
723.2065093648569	723.3010926146565	6	AH0
723.3010926146565	723.3886371882086	58	N
723.3886371882086	723.6054640738193	16	AY1
723.6054640738193	723.6580950757238	51	G
723.6580950757238	723.8076371882087	28	IH1
723.8076371882087	723.9576371882085	64	T
723.9576371882085	724.3732824968927	74	sp
724.3732824968927	724.4054800947192	57	M
724.4054800947192	724.5084537940977	7	AH1
724.5084537940977	724.5404900561266	58	N
724.5404900561266	724.564662972082	48	D
724.564662972082	724.8253358242404	25	EY1
724.8253358242404	724.8558465499822	46	B
724.8558465499822	724.9692831075357	56	L
724.9692831075357	725.3033755544081	44	UW1
725.3033755544081	725.6676771993397	69	Z
725.6676771993397	743.9411337868481	74	sp
743.9411337868481	744.0341915003605	62	S
744.0341915003605	744.0845341978345	67	W
744.0845341978345	744.1455556493181	28	IH1
744.1455556493181	744.1858340035258	59	NG
744.1858340035258	744.2041404389709	68	Y
744.2041404389709	744.2695115736419	10	AO1
744.2695115736419	744.3945209706121	61	R
744.3945209706121	744.476899930115	1	AA1
744.476899930115	744.5230474027994	61	R
744.5230474027994	744.5592788896179	57	M
744.5592788896179	744.6579926012494	19	EH1
744.6579926012494	744.7495247784748	69	Z
744.7495247784748	744.8547867822839	52	HH
744.8547867822839	745.0008424796019	16	AY1
745.0008424796019	745.0472112147536	19	EH1
745.0472112147536	745.0929773033662	69	Z
745.0929773033662	745.1784073354431	68	Y
745.1784073354431	745.2882459481136	44	UW1
745.2882459481136	745.3901996114548	54	K
745.3901996114548	745.7425984937724	4	AE1
745.7425984937724	746.0418608739355	58	N
746.0418608739355	757.7466666666667	74	sp
757.7466666666667	757.8334032296007	61	R
757.8334032296007	757.8834032296007	1	AA1
757.8834032296007	757.9534032296008	46	B
757.9534032296008	757.9834032296008	6	AH0
757.9834032296008	758.0134032296007	58	N
758.0134032296007	758.1034032296008	56	L
758.1034032296008	758.1734032296007	16	AY1
758.1734032296007	758.2224032296007	54	K
758.2224032296007	758.3024032296007	62	S
758.3024032296007	758.3324032296007	49	DH
758.3324032296007	758.3724032296008	6	AH0
758.3724032296008	758.4724032296007	54	K
758.4724032296007	758.6614032296008	10	AO1
758.6614032296008	758.6914032296007	56	L
758.6914032296007	758.7414032296007	21	ER0
758.7414032296007	758.8314032296007	68	Y
758.8314032296007	758.9796993050568	19	EH1
758.9796993050568	759.1070815850287	56	L
759.1070815850287	759.3900685662836	34	OW0
759.3900685662836	779.8565079365079	74	sp
779.8565079365079	779.906507936508	49	DH
779.906507936508	779.9865079365079	28	IH1
779.9865079365079	780.0165079365079	62	S
780.0165079365079	780.0965079365079	62	S
780.0965079365079	780.205507936508	32	IY1
780.205507936508	780.3655079365079	62	S
780.3655079365079	780.463597917188	11	AO2
780.463597917188	780.5945079365079	62	S
780.5945079365079	780.9145079365079	25	EY1
780.9145079365079	781.0145079365079	50	F
781.0145079365079	791.0790929705215	74	sp
791.0790929705215	791.1518313189057	63	SH
791.1518313189057	791.2818313189057	41	UH1
791.2818313189057	791.4308313189057	48	D
791.4308313189057	791.5329315772467	53	JH
791.5329315772467	791.6308313189057	21	ER0
791.6308313189057	791.8044770363485	4	AE1
791.8044770363485	791.9198313189057	50	F
791.9198313189057	791.9498313189058	46	B
791.9498313189058	792.2605547775054	32	IY1
792.2605547775054	792.3848859849031	74	sp
792.3848859849031	792.4388313189057	54	K
792.4388313189057	792.5488313189057	19	EH1
792.5488313189057	792.5788313189057	60	P
792.5788313189057	792.6888313189057	64	T
792.6888313189057	792.8978313189057	28	IH1
792.8978313189057	792.9278313189056	58	N
792.9278313189056	793.0178313189058	62	S
793.0178313189058	793.0878313189057	57	M
793.0878313189057	793.3288996732904	10	AO1
793.3288996732904	793.415092473511	56	L
793.415092473511	793.5858313189058	69	Z
793.5858313189058	793.9058313189057	44	UW1
793.9058313189057	794.0210901603009	69	Z
794.0210901603009	816.5606349206349	74	sp
816.5606349206349	816.6064010092475	60	P
816.6064010092475	816.6353861987022	56	L
816.6353861987022	816.7009842590471	32	IY1
816.7009842590471	816.7421737387986	69	Z
816.7421737387986	816.7970930451338	62	S
816.7970930451338	816.870318786914	28	IH1
816.870318786914	816.9508416030836	59	NG
816.9508416030836	816.995463539481	53	JH
816.995463539481	817.0686892812612	6	AH0
817.0686892812612	817.1129298335868	62	S
817.1129298335868	817.1403894867544	64	T
817.1403894867544	817.2120896922477	49	DH
817.2120896922477	817.3250189150988	6	AH0
817.3250189150988	817.4325080824759	54	K
817.4325080824759	817.4714092577967	56	L
817.4714092577967	817.6354044086588	7	AH1
817.6354044086588	817.7330490948694	46	B
817.7330490948694	817.7803407197691	65	TH
817.7803407197691	818.0915501223353	32	IY1
818.0915501223353	818.283004926365	57	M
818.283004926365	851.7877551020408	74	sp
851.7877551020408	851.853450308675	64	T
851.853450308675	852.011534691015	1	AA1
852.011534691015	852.0415346910149	57	M
852.0415346910149	852.101534691015	61	R
852.101534691015	852.1963073881128	32	IY1
852.1963073881128	852.2191904324192	48	D
852.2191904324192	852.2489383900174	69	Z
852.2489383900174	852.2657192891754	49	DH
852.2657192891754	852.3160619866493	31	IY0
852.3160619866493	852.4060686275876	62	S
852.4060686275876	852.5273487624112	25	EY1
852.5273487624112	852.6005346910149	57	M
852.6005346910149	852.630534691015	46	B
852.630534691015	852.821102470916	41	UH1
852.821102470916	853.0118762883442	54	K
853.0118762883442	853.1507000904693	19	EH1
853.1507000904693	853.2040938605173	66	V
853.2040938605173	853.2422322676946	21	ER0
853.2422322676946	853.3612240980875	31	IY0
853.3612240980875	853.4222455495711	58	N
853.4222455495711	853.7075208352568	16	AY1
853.7075208352568	853.8432935648077	64	T
853.8432935648077	866.9760544217687	74	sp
866.9760544217687	867.0060544217688	46	B
867.0060544217688	867.0360544217688	56	L
867.0360544217688	867.1760544217686	44	UW1
867.1760544217686	867.2160544217687	47	CH
867.2160544217687	867.3550544217687	32	IY1
867.3550544217687	867.3950544217687	69	Z
867.3950544217687	867.4250544217687	62	S
867.4250544217687	867.4550544217686	57	M
867.4550544217686	867.6950544217686	19	EH1
867.6950544217686	867.7240544217686	56	L
867.7240544217686	867.9119894306705	69	Z
867.9119894306705	868.0737574179644	50	F
868.0737574179644	868.1790194217735	7	AH1
868.1790194217735	868.2751282078602	58	N
868.2751282078602	868.5030544217686	31	IY0
868.5030544217686	878.0689342403629	74	sp
878.0689342403629	878.105547111253	49	DH
878.105547111253	878.2458964496652	25	EY1
878.2458964496652	878.3465818446131	35	OW1
878.3465818446131	878.3892968606515	58	N
878.3892968606515	878.7041770009155	25	EY1
878.7041770009155	878.7590963072507	46	B
878.7590963072507	878.9238542262563	28	IH1
878.9238542262563	878.9909778228882	51	G
878.9909778228882	879.0825100001135	52	HH
879.0825100001135	879.1953996853581	13	AW1
879.1953996853581	879.3052382980285	62	S
879.3052382980285	879.3937194026796	28	IH1
879.3937194026796	879.6194987731689	58	N
879.6194987731689	879.8109214725946	10	AO1
879.8109214725946	879.9039791861071	62	S
879.9039791861071	879.9688144783083	64	T
879.9688144783083	880.115265961869	6	AH0
880.115265961869	880.1884917036492	58	N
880.1884917036492	880.237308864836	64	T
880.237308864836	880.3868114209708	19	EH1
880.3868114209708	880.4783435981961	54	K
880.4783435981961	880.5668247028473	62	S
880.5668247028473	880.8627787425426	6	AH0
880.8627787425426	881.1312731290702	62	S
881.1312731290702	892.8313832199547	74	sp
892.8313832199547	892.8659771169398	67	W
892.8659771169398	892.9311937932129	28	IH1
892.9311937932129	893.0433090602149	47	CH
893.0433090602149	893.0896981591711	65	TH
893.0896981591711	893.2481601904935	32	IY1
893.2481601904935	893.2799058387202	64	T
893.2799058387202	893.6944057011431	21	ER0
893.6944057011431	893.8098058887506	63	SH
893.8098058887506	894.0439757088187	35	OW1
894.0439757088187	894.1332582305655	69	Z
894.1332582305655	894.2225173941853	57	M
894.2225173941853	894.31176126698	7	AH1
894.31176126698	894.3544762830185	49	DH
894.3544762830185	894.587868044118	21	ER0
894.587868044118	894.6205308234117	51	G
894.6205308234117	895.105651362706	44	UW1
895.105651362706	895.4089233251972	62	S
895.4089233251972	906.1607256235827	74	sp
906.1607256235827	906.2207256235827	48	D
906.2207256235827	906.3597256235828	35	OW1
906.3597256235828	906.3897256235828	58	N
906.3897256235828	906.4697256235827	48	D
906.4697256235827	906.5097256235828	44	UW1
906.5097256235828	906.5897256235827	47	CH
906.5897256235827	906.7487256235827	1	AA1
906.7487256235827	906.7787256235827	61	R
906.7787256235827	906.8087256235827	56	L
906.8087256235827	906.9587256235827	31	IY0
906.9587256235827	906.9887256235827	69	Z
906.9887256235827	907.0187256235827	48	D
907.0187256235827	907.1077256235827	22	ER1
907.1077256235827	907.1377256235827	64	T
907.1377256235827	907.3177256235828	31	IY0
907.3177256235828	907.3477256235827	48	D
907.3477256235827	907.4699920148499	28	IH1
907.4699920148499	907.5859327726687	63	SH
907.5859327726687	907.9825722073118	6	AH0
907.9825722073118	908.1357256235827	69	Z
908.1357256235827	955.8278458049887	74	sp
955.8278458049887	955.8781885024626	49	DH
955.8781885024626	955.9773575126203	25	EY1
955.9773575126203	956.0575570547809	10	AO1
956.0575570547809	956.1246806514127	50	F
956.1246806514127	956.2261288145042	6	AH0
956.2261288145042	956.2779970482652	58	N
956.2779970482652	956.3195535099177	51	G
956.3195535099177	956.5316030538231	35	OW1
956.5316030538231	956.6292373761968	74	sp
956.6292373761968	956.7827264623717	13	AW1
956.7827264623717	956.9317933319971	64	T
956.9317933319971	957.0317342558121	28	IH1
957.0317342558121	957.097332316157	58	N
957.097332316157	957.1423356366262	49	DH
957.1423356366262	957.2917933319972	32	IY1
957.2917933319972	957.5338425545609	32	IY1
957.5338425545609	957.6171641726152	66	V
957.6171641726152	957.7954162535667	58	N
957.7954162535667	957.9954971718132	27	IH0
957.9954971718132	958.3487933319971	59	NG
958.3487933319971	965.0003628117914	74	sp
