502.4363830744138	502.5035066710457	58	N
502.5035066710457	502.5658809694936	4	AE1
502.5658809694936	502.60554491295795	58	N
502.60554491295795	502.6558876104319	62	S
502.6558876104319	502.7733539045377	31	IY0
502.7733539045377	502.83474953900793	52	HH
502.83474953900793	502.9289855757095	4	AE1
502.9289855757095	502.99229533162367	69	Z
502.99229533162367	503.03577311580574	49	DH
503.03577311580574	503.12272868416983	32	IY1
503.12272868416983	503.22265131097413	46	B
503.22265131097413	503.33630376436224	19	EH1
503.33630376436224	503.37673047597013	62	S
503.37673047597013	503.51257154746895	64	T
503.51257154746895	503.588	51	G
503.588	503.658	61	R
503.658	503.80993957499146	25	EY1
503.80993957499146	503.8305343148672	48	D
503.8305343148672	503.997	69	Z
503.997	504.0694048599745	28	IH1
504.0694048599745	504.1243241663097	58	N
504.1243241663097	504.1426306017548	49	DH
504.1426306017548	504.3118319779055	32	IY1
504.3118319779055	504.416	54	K
504.416	504.47658989691115	56	L
504.47658989691115	504.9571338273442	4	AE1
504.9571338273442	505.2469857218911	62	S
517.4294912589289	517.5118702184318	16	AY1
517.5118702184318	517.5728916699153	64	T
517.5728916699153	517.6369641939731	41	UH1
517.6369641939731	517.7364821833183	54	K
517.7364821833183	517.8020802436632	52	HH
517.8020802436632	517.9027656386111	21	ER0
517.9027656386111	518.0034510335589	67	W
518.0034510335589	518.1438003719711	22	ER1
518.1438003719711	518.192617533158	48	D
518.192617533158	518.2475368394931	50	F
518.2475368394931	518.3405945530056	10	AO1
518.3405945530056	518.4753291278471	61	R
518.4753291278471	518.7560278046715	28	IH1
518.7560278046715	518.8323046190259	64	T
543.717	543.820063985476	10	AO1
543.820063985476	543.852100247505	61	R
543.852100247505	543.8749832918113	6	AH0
543.8749832918113	543.895578031687	58	N
543.895578031687	543.912358930845	53	JH
543.912358930845	543.9504973380222	53	JH
543.9504973380222	544.036	44	UW1
544.036	544.1297334495845	62	S
544.1297334495845	544.1678718567617	64	T
544.1678718567617	544.2914402960159	25	EY1
544.2914402960159	544.3127978040352	62	S
544.3127978040352	544.3295787031932	64	T
544.3295787031932	544.3677171103704	62	S
544.3677171103704	544.405	50	F
544.405	544.4980802865159	7	AH1
544.4980802865159	544.5423208388414	58	N
544.5423208388414	544.7860252607039	31	IY0
545.2906394135553	545.4691271591447	4	AE1
545.4691271591447	545.52404646548	50	F
545.52404646548	545.5591338000829	64	T
545.5591338000829	545.7324302294935	21	ER0
545.7324302294935	545.776670781819	64	T
545.776670781819	545.9688883539923	44	UW1
545.9688883539923	546.0691923648684	65	TH
546.0691923648684	546.1637756146679	60	P
546.1637756146679	546.4589938561082	26	EY2
546.4589938561082	546.5367962067498	62	S
546.5367962067498	546.6011251662238	64	T
564.0378563446777	564.0653159978452	61	R
564.0653159978452	564.1324395944772	1	AA1
564.1324395944772	564.179731219377	46	B
564.179731219377	564.2285483805638	6	AH0
564.2285483805638	564.2605846425927	58	N
564.2605846425927	564.3566934286793	56	L
564.3566934286793	564.4131382713016	16	AY1
564.4131382713016	564.4772107953593	54	K
564.4772107953593	564.5351811742687	62	S
564.5351811742687	564.6068813797618	49	DH
564.6068813797618	564.7331935379314	6	AH0
564.7331935379314	564.810995888573	54	K
564.810995888573	564.9620239809948	7	AH1
564.9620239809948	565.0093156058945	56	L
565.0093156058945	565.2910886747726	21	ER0
565.2910886747726	565.3582122714045	68	Y
565.3582122714045	565.5260212629843	19	EH1
565.5260212629843	565.6358598756547	56	L
565.6358598756547	566.3143511748755	34	OW0
588.2836121129591	588.369042145036	6	AH0
588.369042145036	588.4268687333707	69	Z
588.4268687333707	588.5382328823282	63	SH
588.5382328823282	588.6328161321277	32	IY1
588.6328161321277	588.6648523941566	51	G
588.6648523941566	588.722822773066	35	OW1
588.722822773066	588.8341869220235	27	IH0
588.8341869220235	588.9226680266746	59	NG
588.9226680266746	589.0157257401871	67	W
589.0157257401871	589.1286154254317	28	IH1
589.1286154254317	589.236928501815	65	TH
589.236928501815	589.3223585338919	68	Y
589.3223585338919	589.662	44	UW1
600.198	600.238	67	W
600.238	600.358	28	IH1
600.358	600.398	47	CH
600.398	600.478	65	TH
600.478	600.867	32	IY1
600.867	600.947	6	AH0
600.947	600.977	64	T
600.977	601.076	21	ER0
601.226	601.336	63	SH
601.336	601.555	35	OW1
601.555	601.585	69	Z
601.585	601.675	57	M
601.675	601.795	7	AH1
601.795	601.885	49	DH
601.885	602.0453435818439	21	ER0
602.0453435818439	602.134	51	G
602.134	602.623	44	UW1
602.623	602.962	62	S
622.2000944070902	622.2534881771384	54	K
622.2534881771384	622.3145096286219	7	AH1
622.3145096286219	622.3358671366411	64	T
622.3358671366411	622.488	25	EY1
622.488	622.578	62	S
622.578	622.627	57	M
622.627	622.817	10	AO1
622.817	622.847	56	L
622.847	622.927	54	K
622.927	623.017	10	AO1
623.017	623.0676226331847	61	R
623.0676226331847	623.1951684762406	58	N
623.1951684762406	623.3995903387106	21	ER0
623.3995903387106	623.5612971851419	10	AO1
623.5612971851419	623.8114851362246	50	F
623.8114851362246	623.9853962729527	32	IY1
623.9853962729527	624.211175643442	47	CH
624.211175643442	624.6657854569944	19	EH1
624.6657854569944	624.8763094646127	53	JH
662.9539811771666	663.0338436474142	49	DH
663.0338436474142	663.0567266917204	25	EY1
663.0567266917204	663.1922244546505	10	AO1
663.1922244546505	663.3264716479143	56	L
663.3264716479143	663.3752888091012	48	D
663.3752888091012	663.5308935103843	44	UW1
663.817694332357	663.8878690015631	49	DH
663.8878690015631	664.0099119045302	25	EY1
664.0099119045302	664.2143337670002	10	AO1
664.2143337670002	664.3333255973931	56	L
664.3333255973931	664.4950324438245	6	AH0
664.4950324438245	664.5636719004615	58	N
664.5636719004615	664.6811478708494	53	JH
664.6811478708494	664.8905036477995	38	OY1
664.8905036477995	665.1016062235043	16	AY1
665.1016062235043	665.2267001990456	62	S
665.2267001990456	665.2633130699356	54	K
665.2633130699356	665.2907727231033	61	R
665.2907727231033	665.3639984648836	32	IY1
665.3639984648836	665.4219688437929	57	M
665.4219688437929	665.4982456581474	62	S
665.4982456581474	665.7057185931915	7	AH1
665.7057185931915	665.74843360923	58	N
665.74843360923	665.7728421898235	48	D
665.7728421898235	666.3189841806013	26	EY2
666.3189841806013	666.4837420996068	69	Z
676.445	676.505	64	T
676.505	676.734	1	AA1
676.734	676.764	57	M
676.764	676.804	61	R
676.804	676.8743373648756	32	IY1
676.8743373648756	676.9323077437849	48	D
676.9323077437849	677.0017196448475	69	Z
677.0017196448475	677.0299420661587	49	DH
677.0299420661587	677.0894379813551	31	IY0
677.0894379813551	677.233	62	S
677.233	677.333	25	EY1
677.333	677.363	57	M
677.363	677.393	46	B
677.393	677.553	41	UH1
677.553	677.732	54	K
677.732	677.902	19	EH1
677.902	677.932	66	V
677.932	677.962	61	R
677.962	678.171	31	IY0
678.171	678.2379976483905	58	N
678.2379976483905	678.5300353344464	16	AY1
678.5300353344464	678.7405593420648	64	T
693.407	693.456	52	HH
693.456	693.7061584909943	32	IY1
693.90752928089	694.0326232564313	52	HH
694.0326232564313	694.2339940463271	32	IY1
694.2339940463271	694.4079051830553	25	EY1
694.4079051830553	694.498740871421	64	T
694.498740871421	694.5963751937946	50	F
694.5963751937946	694.7092648790392	10	AO1
694.7092648790392	694.8877526246287	61	R
694.8877526246287	695.0708169790794	19	EH1
695.0708169790794	695.150144866008	51	G
695.150144866008	695.3186098302716	69	Z
695.3186098302716	695.3735291366067	50	F
695.3735291366067	695.4383158069993	10	AO1
695.4383158069993	695.5016741847222	61	R
695.5016741847222	695.5687977813542	46	B
695.5687977813542	695.6267681602635	61	R
695.6267681602635	695.6938917568955	19	EH1
695.6938917568955	695.7640664261015	54	K
695.7640664261015	695.8678028936237	50	F
695.8678028936237	696.1118886995579	6	AH0
696.1118886995579	696.2613912556926	62	S
696.2613912556926	696.3407191426212	64	T
713.75	713.84	49	DH
713.84	713.9680724153998	25	EY1
713.9680724153998	714.1114728263861	10	AO1
714.1114728263861	714.149	50	F
714.149	714.279	64	T
714.279	714.309	6	AH0
714.309	714.339	58	N
714.339	714.369	51	G
714.369	714.578	35	OW1
714.578	714.7261379994525	13	AW1
714.7261379994525	714.8237723218261	64	T
714.9727783448865	715.0631663698965	6	AH0
715.0631663698965	715.1106183680174	58	N
715.1106183680174	715.141887986338	49	DH
715.141887986338	715.2246213600239	32	IY1
715.2246213600239	715.4824484601725	32	IY1
715.4824484601725	715.5373677665076	66	V
715.5373677665076	715.6441553066038	58	N
715.6441553066038	715.9614668543184	27	IH0
715.9614668543184	716.185	59	NG
736.6292030286112	736.6444583914821	60	P
736.6444583914821	736.7142516766164	61	R
736.7142516766164	736.798	28	IH1
736.798	736.828	59	NG
736.828	736.888	62	S
736.888	736.918	64	T
736.918	736.948	61	R
736.948	737.0340723534374	32	IY1
737.0340723534374	737.146962038682	64	T
737.446	737.566	62	S
737.566	737.596	60	P
737.596	737.636	61	R
737.636	737.816	28	IH1
737.816	737.846	59	NG
737.846	737.955	62	S
737.955	737.985	64	T
737.985	738.035	61	R
738.035	738.275	32	IY1
738.275	738.344	64	T
738.344	738.484	28	IH1
738.484	738.514	69	Z
738.514	738.604	62	S
738.604	738.654	64	T
738.654	738.734	61	R
738.734	738.943	25	EY1
738.943	738.983	64	T
738.983	739.1963805200625	25	EY1
739.1963805200625	739.2894382335749	52	HH
739.2894382335749	739.5625092289638	19	EH1
739.5625092289638	739.6670084646295	48	D
752.7464207319681	752.860454569428	28	IH1
752.860454569428	752.8894397588826	69	Z
752.8894397588826	752.9245270934857	49	DH
752.9245270934857	753.0282635610077	6	AH0
753.0282635610077	753.0824056970289	62	S
753.0824056970289	753.1945326141299	32	IY1
753.1945326141299	753.3188638215277	62	S
753.3188638215277	753.52	11	AO2
753.52	753.67	62	S
753.67	753.9687548475457	25	EY1
753.9687548475457	754.119	50	F
765.672	765.702	49	DH
765.702	765.7816957083085	6	AH0
765.7816957083085	765.8300419527524	62	S
765.8300419527524	765.8712314325038	67	W
765.8712314325038	766.002	1	AA1
766.002	766.041	69	Z
766.041	766.2893919382503	32	IY1
766.2893919382503	766.3839751880498	69	Z
766.3839751880498	766.61	31	IY0
766.61	766.64	50	F
766.64	766.748578360664	10	AO1
766.748578360664	766.87	61	R
766.87	767.3647844421769	7	AH1
767.3647844421769	767.7553217316716	62	S
774.472	774.512	62	S
774.512	774.602	10	AO1
774.602	774.822	25	EY1
774.822	774.851	60	P
774.851	774.981	22	ER1
774.981	775.061	60	P
775.061	775.091	6	AH0
775.091	775.161	56	L
775.161	775.231	54	K
775.231	775.3	61	R
775.3	775.6	4	AE1
775.6	775.63	46	B
775.63	775.739	1	AA1
775.739	775.779	58	N
775.779	775.809	49	DH
775.809	775.869	6	AH0
775.869	775.899	46	B
775.899	776.099	32	IY1
776.099	776.5270789072571	47	CH
785.677	785.707	48	D
785.707	785.936	35	OW1
785.936	785.966	58	N
785.966	786.006	48	D
786.006	786.106	44	UW1
786.106	786.176	47	CH
786.176	786.335	1	AA1
786.335	786.395	61	R
786.395	786.425	56	L
786.425	786.455	31	IY0
786.455	786.5506561696477	69	Z
786.5506561696477	786.5842179679637	48	D
786.5842179679637	786.6711735363278	22	ER1
786.6711735363278	786.7032097983566	64	T
786.7032097983566	786.8526899261698	31	IY0
786.8526899261698	786.9213390590888	48	D
786.9213390590888	787.0311776717592	28	IH1
787.0311776717592	787.1486439658651	63	SH
787.1486439658651	787.5224003562018	6	AH0
787.5224003562018	787.692	69	Z
806.4353552032973	806.525638193378	63	SH
806.525638193378	806.6339512697613	41	UH1
806.6339512697613	806.6934471849578	48	D
806.6934471849578	806.7971836524798	53	JH
806.7971836524798	807.081373314105	32	IY1
807.367395865676	807.4757089420593	63	SH
807.4757089420593	807.5947007724523	41	UH1
807.5947007724523	807.6561621361625	48	D
807.6561621361625	807.7110814424976	53	JH
807.7110814424976	807.9353352766997	21	ER0
807.9353352766997	808.1336549940213	4	AE1
808.1336549940213	808.246	50	F
808.246	808.285	62	S
808.285	808.315	46	B
808.315	808.525	32	IY1
808.525	808.575	54	K
808.575	808.784	4	AE1
808.784	808.814	60	P
808.814	808.874	64	T
808.874	809.024	28	IH1
809.024	809.074	58	N
809.074	809.124	62	S
809.124	809.154	57	M
809.154	809.463	10	AO1
809.463	809.533	56	L
809.533	809.632	69	Z
809.632	810.071	44	UW1
810.071	810.201	69	Z
832.71	832.8135724665036	32	IY1
832.8135724665036	832.8440831922454	66	V
832.8440831922454	832.9165461658822	6	AH0
832.9165461658822	832.9907145662138	58	N
832.9907145662138	833.1432681949227	16	AY1
833.1432681949227	833.1707278480903	51	G
833.1707278480903	833.2291893250786	28	IH1
833.2291893250786	833.2673277322558	64	T
833.2673277322558	833.2900380872396	49	DH
833.2900380872396	833.3251254218427	6	AH0
833.3251254218427	833.3784634176609	57	M
833.3784634176609	833.4875392621877	7	AH1
833.4875392621877	833.5203382923602	58	N
833.5203382923602	833.5483520189222	48	D
833.5483520189222	833.7642154035453	26	EY2
833.7642154035453	833.8488826674787	46	B
833.8488826674787	833.9099868630809	56	L
833.9099868630809	834.3508668500497	44	UW1
834.3508668500497	834.5712411179998	69	Z
860.676	860.706	49	DH
860.706	860.926	19	EH1
860.926	861.0225208142416	61	R
861.1293083543379	861.1720233703763	49	DH
861.1720233703763	861.3707012183824	25	EY1
861.3707012183824	861.4588241923491	35	OW1
861.4588241923491	861.5213711801198	58	N
861.5213711801198	861.714	25	EY1
861.714	861.744	46	B
861.744	861.924	28	IH1
861.924	861.954	51	G
861.954	862.013	52	HH
862.013	862.153	13	AW1
862.153	862.2285743054952	62	S
862.2285743054952	862.393	28	IH1
862.393	862.502	58	N
862.502	862.7354922650352	10	AO1
862.7354922650352	862.8377031962701	62	S
862.8377031962701	862.8605862405765	64	T
862.8605862405765	862.9811036072565	6	AH0
862.9811036072565	863.0554347456068	58	N
863.0554347456068	863.1134051245161	64	T
863.1134051245161	863.2522289266412	19	EH1
863.2522289266412	863.3315568135699	54	K
863.3315568135699	863.4108847004985	62	S
863.4108847004985	863.883800949496	6	AH0
863.883800949496	864.0439822596404	62	S
872.978	873.008	46	B
873.008	873.078	56	L
873.078	873.2361401604669	44	UW1
873.2361401604669	873.3261468014051	47	CH
873.3261468014051	873.4451386317982	32	IY1
873.4451386317982	873.5420764653121	69	Z
873.5420764653121	873.7190386746145	62	S
873.7190386746145	873.7724324446625	57	M
873.7724324446625	873.8883732024813	19	EH1
873.8883732024813	873.982730880164	56	L
873.982730880164	874.0956205654086	69	Z
874.0956205654086	874.1856272063469	50	F
874.1856272063469	874.4037788954006	7	AH1
874.4037788954006	874.580741104703	58	N
874.580741104703	874.8568631726661	31	IY0
885.6732182371143	885.7075428035738	49	DH
885.7075428035738	885.7689456391291	6	AH0
885.7689456391291	885.784201002	46	B
885.784201002	885.909	28	IH1
885.909	885.939	51	G
885.939	885.969	48	D
885.969	886.1140133452309	10	AO1
886.1140133452309	886.168	51	G
886.168	886.2955521633945	56	L
886.2955521633945	886.356573614878	7	AH1
886.356573614878	886.4023397034907	66	V
886.4023397034907	886.478	48	D
886.478	886.558	64	T
886.558	886.727	44	UW1
886.727	886.837	47	CH
886.837	887.1041061680612	44	UW1
887.1041061680612	887.2353022887509	1	AA1
887.2353022887509	887.3390387562729	58	N
887.3390387562729	887.3787026997372	49	DH
887.3787026997372	887.5129498930011	7	AH1
887.5129498930011	887.7265249731935	35	OW1
887.7265249731935	887.769239989232	56	L
887.769239989232	887.9009720683499	48	D
887.9009720683499	887.9955553181494	61	R
887.9955553181494	888.1237003662649	4	AE1
888.1237003662649	888.2396411240836	51	G
888.2396411240836	888.279305067548	48	D
888.279305067548	888.7735788245648	1	AA1
888.7735788245648	888.9078260178286	56	L
900.6454728351462	900.6716007145909	51	G
900.6716007145909	900.733762785823	19	EH1
900.733762785823	900.7947059929134	62	S
900.7947059929134	900.8300530530257	49	DH
900.8300530530257	900.917876806081	6	AH0
900.917876806081	900.9532238661934	54	K
900.9532238661934	900.9885709263058	67	W
900.9885709263058	901.0775480086577	19	EH1
901.0775480086577	901.1518987213079	63	SH
901.1518987213079	901.1738382758605	64	T
901.1738382758605	901.2494078526524	6	AH0
901.2494078526524	901.3308264865839	58	N
901.3308264865839	901.3978640143832	50	F
901.3978640143832	901.4210224330775	61	R
901.4210224330775	901.5136561078548	7	AH1
901.5136561078548	901.619697288192	57	M
901.619697288192	901.657482076588	49	DH
901.657482076588	901.8122946984091	32	IY1
901.8122946984091	902.0292693876789	4	AE1
902.0292693876789	902.0780239533512	58	N
902.0780239533512	902.1267785190234	62	S
902.1267785190234	902.5338622703588	21	ER0
921.8566021257412	921.877322816152	62	S
921.877322816152	921.8980435065627	67	W
921.8980435065627	922.0083507113961	28	IH1
922.0083507113961	922.087	59	NG
922.1916568245922	922.246	62	S
922.246	922.306	67	W
922.306	922.3428181622157	28	IH1
922.3428181622157	922.4116839862279	59	NG
922.4116839862279	922.4555630953329	68	Y
922.4555630953329	922.6079211130586	22	ER1
922.6079211130586	922.795	1	AA1
922.795	922.835	61	R
922.835	922.8779217045087	57	M
922.8779217045087	923.005	4	AE1
923.005	923.035	69	Z
923.035	923.1604766184981	52	HH
923.1604766184981	923.3743872753852	16	AY1
923.3743872753852	923.444	19	EH1
923.444	923.474	69	Z
923.474	923.563	68	Y
923.563	923.643	44	UW1
923.643	923.780806491618	54	K
923.780806491618	924.2695710124825	6	AH0
924.2695710124825	924.4974986070002	58	N
934.7251412409514	934.7440336351494	60	P
934.7440336351494	934.7769429669783	56	L
934.7769429669783	934.8208220760832	32	IY1
934.8208220760832	934.8485346383028	69	Z
934.8485346383028	934.9088684133222	53	JH
934.9088684133222	934.9722493486962	6	AH0
934.9722493486962	934.9868757183979	62	S
934.9868757183979	934.999064359816	64	T
934.999064359816	935.097	62	S
935.097	935.2146814374411	28	IH1
935.2146814374411	935.2957359028711	59	NG
935.2957359028711	935.3371772836925	49	DH
935.3371772836925	935.446	6	AH0
935.446	935.526	54	K
935.526	935.696	56	L
935.696	935.876	7	AH1
935.876	935.905	46	B
935.905	935.995	65	TH
935.995	936.404	32	IY1
936.404	936.454	57	M
947.662458985775	947.7752039188921	4	AE1
947.7752039188921	947.8582639887602	59	NG
947.8582639887602	947.8930016168017	51	G
947.8930016168017	947.9771032425863	61	R
947.9771032425863	948.0976821658614	31	IY0
948.0976821658614	948.1519216201718	46	B
948.1519216201718	948.2953487137701	38	OY1
948.2953487137701	948.3380089587333	48	D
948.3380089587333	948.4611142370558	28	IH1
948.4611142370558	948.5007273216645	58	N
948.5007273216645	948.5653271211802	64	T
948.726	948.756	48	D
948.756	948.8712398914315	28	IH1
948.8712398914315	948.931573666451	48	D
948.931573666451	948.9986111942503	58	N
948.9986111942503	949.1538501834741	1	AA1
949.1538501834741	949.375	64	T
949.375	949.415	48	D
949.415	949.5075535255737	28	IH1
949.5075535255737	949.5416817215444	48	D
949.5416817215444	949.6781945054266	6	AH0
949.6781945054266	949.884	58	N
949.884	950.023	64	T
950.023	950.103	56	L
950.103	950.243	41	UH1
950.243	950.424172663621	54	K
950.424172663621	950.622	64	T
950.622	950.8324146437315	7	AH1
950.8324146437315	950.981	60	P
951.1958467149257	951.231	48	D
951.231	951.35	28	IH1
951.35	951.38	48	D
951.38	951.41	58	N
951.41	951.61	1	AA1
951.61	951.769	64	T
951.769	951.839	56	L
951.839	952.029	41	UH1
952.029	952.109	54	K
952.188	952.3892699433352	7	AH1
952.3892699433352	952.517250678225	60	P
952.657	952.697	48	D
952.697	952.7785197831149	28	IH1
952.7785197831149	952.8175234356527	58	N
952.8175234356527	952.9692720213076	64	T
952.9692720213076	953.116	56	L
953.116	953.156	41	UH1
953.156	953.206	54	K
953.206	953.525	7	AH1
953.525	953.555	60	P
