20.865	20.944	49	DH	22
20.944	21.024	6	AH0	22
21.024	21.204	54	K	22
21.204	21.483	4	AE1	22
21.483	21.613	64	T	22
21.613	21.743	62	S	22
21.743	21.812	74	sp	22
21.812	21.962	57	M	22
21.962	22.142	31	IY0	22
22.142	22.601	13	AW1	22
22.601	22.76	10	AO1	22
22.76	22.89	56	L	22
22.89	22.98	67	W	22
22.98	23.129	26	EY2	22
23.129	23.289	69	Z	22
23.289	23.429	52	HH	22
23.429	23.618	22	ER1	22
23.618	23.758	64	T	22
23.758	23.878	62	S	22
23.878	23.997	57	M	22
23.997	24.197	16	AY1	22
24.197	24.217	74	sp	22
24.217	24.526	28	IH1	22
24.526	24.706	61	R	22
24.706	24.885	69	Z	22
24.885	25.175	73	ns	22
34.437202688670126	34.53184079391547	52	HH	48
34.53184079391547	34.72277732204206	13	AW1	48
34.72277732204206	34.784209074569745	48	D	48
34.784209074569745	34.96020274397338	44	UW1	48
34.96020274397338	35.086041223536064	58	N	48
35.086041223536064	35.60904127883932	74	sp	48
35.60904127883932	35.705339701720554	68	Y	48
35.705339701720554	35.92	44	UW1	48
35.92	36.0	58	N	48
36.0	36.429	35	OW1	48
36.429	36.529	57	M	48
36.529	36.659	16	AY1	48
36.659	36.748	58	N	48
36.748	37.038	25	EY1	48
37.038	37.257	57	M	48
53.321	53.61	4	AE1	47
53.61	53.64	48	D	47
53.64	53.68	49	DH	47
53.68	53.77	7	AH1	47
53.77	53.88	58	N	47
53.88	53.979	7	AH1	47
53.979	54.049	57	M	47
54.049	54.079	46	B	47
54.079	54.159	21	ER0	47
54.159	54.289	69	Z	47
54.289	54.368	64	T	47
54.368	54.408	6	AH0	47
54.408	54.478	51	G	47
54.478	54.648	19	EH1	47
54.648	54.678	49	DH	47
54.678	54.857	21	ER0	47
54.857	54.987	67	W	47
54.987	55.097	7	AH1	47
55.097	55.207	58	N	47
55.207	55.236	46	B	47
55.236	55.436	16	AY1	47
55.436	55.566	67	W	47
55.566	55.656	7	AH1	47
55.656	55.905	58	N	47
55.905	56.085	74	sp	47
64.336	64.37336426556553	52	HH	10
64.37336426556553	64.59252619350214	32	IY1	10
64.59252619350214	64.665580169481	67	W	10
64.665580169481	64.80504685089521	27	IH0	10
64.80504685089521	64.8747801916023	56	L	10
64.8747801916023	64.94074693735317	6	AH0	10
64.94074693735317	65.064	56	L	10
65.064	65.483	13	AW1	10
65.483	66.012	25	EY1	10
66.012	66.341	74	sp	10
66.341	66.521	61	R	10
66.521	66.78	19	EH1	10
66.78	67.07559129815712	61	R	10
67.07559129815712	67.1403436859566	56	L	10
67.1403436859566	67.76296279941283	16	AY1	10
77.207	77.286	53	JH	2
77.286	77.536	1	AA1	2
77.536	77.586	58	N	2
77.586	77.715	69	Z	2
77.715	77.755	46	B	2
77.755	77.835	61	R	2
77.835	77.945	7	AH1	2
77.945	77.985	49	DH	2
77.985	78.354	21	ER0	2
78.354	78.623	74	sp	2
78.623	78.843	61	R	2
78.843	79.052	31	IY0	2
79.052	79.182	60	P	2
79.182	79.352	25	EY1	2
79.352	79.402	58	N	2
79.402	79.541	64	T	2
79.541	79.671	6	AH0	2
79.671	79.811	48	D	2
79.811	79.89	49	DH	2
79.89	80.24	6	AH0	2
80.24	80.369	74	sp	2
80.369	80.429	51	G	2
80.429	80.609	21	ER0	2
80.609	80.798	1	AA1	2
80.798	81.018	70	ZH	2
81.018	81.108	48	D	2
81.108	81.307	10	AO1	2
81.307	81.457	61	R	2
92.163	92.192	52	HH	21
92.192	92.322	32	IY1	21
92.322	92.522	25	EY1	21
92.522	92.572	64	T	21
92.572	92.691	50	F	21
92.691	92.811	10	AO1	21
92.811	92.901	61	R	21
92.901	93.11	19	EH1	21
93.11	93.18	54	K	21
93.18	93.25	62	S	21
93.25	93.31	64	T	21
93.31	93.39	61	R	21
93.39	93.42	6	AH0	21
93.42	93.46	74	sp	21
93.46	93.749	19	EH1	21
93.749	93.889	51	G	21
93.889	93.988	69	Z	21
93.988	94.058	50	F	21
94.058	94.108	61	R	21
94.108	94.168	21	ER0	21
94.168	94.208	46	B	21
94.208	94.258	61	R	21
94.258	94.348	19	EH1	21
94.348	94.427	54	K	21
94.427	94.537	50	F	21
94.537	94.647	6	AH0	21
94.647	94.797	62	S	21
94.797	95.01581771003119	64	T	21
95.01581771003119	95.246	74	sp	21
103.776	103.916	53	JH	38
103.916	104.115	25	EY1	38
104.115	104.195	58	N	38
104.195	104.385	52	HH	38
104.385	104.425	19	EH1	38
104.425	104.594	56	L	38
104.594	104.704	60	P	38
104.704	104.864	64	T	38
104.864	104.993	74	sp	38
104.993	105.063	25	EY1	38
105.063	105.113	47	CH	38
105.113	105.283	74	sp	38
105.283	105.442	52	HH	38
105.442	105.642	22	ER1	38
105.642	105.831	62	S	38
105.831	105.921	28	IH1	38
105.921	106.141	62	S	38
106.141	106.201	64	T	38
106.201	106.45	21	ER0	38
106.45	106.839	74	sp	38
106.839	106.949	67	W	38
106.949	107.029	28	IH1	38
107.029	107.079	65	TH	38
107.079	107.298	52	HH	38
107.298	107.418	35	OW1	38
107.418	107.488	57	M	38
107.488	107.548	67	W	38
107.548	107.607	23	ER2	38
107.607	107.91557800948628	54	K	38
117.655	117.704	48	D	16
117.704	117.804	28	IH1	16
117.804	117.874	48	D	16
117.874	117.984	68	Y	16
117.984	118.064	44	UW1	16
118.064	118.473	32	IY1	16
118.473	118.563	64	T	16
118.563	118.682	56	L	16
118.682	118.812	7	AH1	16
118.812	118.892	58	N	16
118.892	119.041	47	CH	16
119.041	119.121	68	Y	16
119.121	119.261	19	EH1	16
119.261	119.411	62	S	16
119.411	119.47	64	T	16
119.47	119.55	21	ER0	16
119.55	119.69	48	D	16
119.69	119.999	31	IY0	16
119.999	120.159	74	sp	16
128.021	128.101	48	D	39
128.101	128.32	44	UW1	39
128.32	128.749	10	AO1	39
128.749	128.789	56	L	39
128.789	128.949	50	F	39
128.949	129.069	1	AA1	39
129.069	129.139	61	R	39
129.139	129.188	57	M	39
129.188	129.338	21	ER0	39
129.338	129.468	69	Z	39
129.468	129.518	51	G	39
129.518	129.737	61	R	39
129.737	129.837	35	OW1	39
129.837	129.907	60	P	39
129.907	129.957	6	AH0	39
129.957	130.076	64	T	39
130.076	130.256	25	EY1	39
130.256	130.296	64	T	39
130.296	130.545	34	OW0	39
130.545	130.755	69	Z	39
130.755	130.994	74	sp	39
139.635	139.675	57	M	35
139.675	139.824	16	AY1	35
139.824	139.914	50	F	35
139.914	140.074	25	EY1	35
140.074	140.114	66	V	35
140.114	140.233	61	R	35
140.233	140.263	6	AH0	35
140.263	140.333	64	T	35
140.333	140.493	16	AY1	35
140.493	140.612	62	S	35
140.612	140.682	54	K	35
140.682	140.712	61	R	35
140.712	140.762	32	IY1	35
140.762	140.872	57	M	35
140.872	140.962	50	F	35
140.962	141.031	56	L	35
141.031	141.171	25	EY1	35
141.171	141.261	66	V	35
141.261	141.411	21	ER0	35
141.411	141.58	28	IH1	35
141.58	141.7	69	Z	35
141.7	141.73	66	V	35
141.73	141.77	6	AH0	35
141.77	141.85	58	N	35
141.85	141.969	28	IH1	35
141.969	142.059	56	L	35
142.059	142.219	6	AH0	35
142.219	142.678	74	sp	35
150.949	151.039	60	P	45
151.039	151.158	28	IH1	45
151.158	151.258	54	K	45
151.258	151.468	25	EY1	45
151.468	151.558	60	P	45
151.558	151.587	61	R	45
151.587	151.827	16	AY1	45
151.827	151.957	69	Z	45
151.957	152.066	50	F	45
152.066	152.126	61	R	45
152.126	152.186	7	AH1	45
152.186	152.356	57	M	45
152.356	152.396	49	DH	45
152.396	152.436	6	AH0	45
152.436	152.495	46	B	45
152.495	152.855	4	AE1	45
152.855	153.0845455737446	51	G	45
153.0845455737446	153.254	74	sp	45
160.697	160.747	49	DH	26
160.747	160.876	25	EY1	26
160.876	161.365	10	AO1	26
161.365	161.605	56	L	26
161.605	161.834	56	L	26
161.834	162.084	16	AY1	26
162.084	162.283	54	K	26
162.283	162.483	74	sp	26
162.483	162.612	56	L	26
162.612	163.002	10	AO1	26
163.002	163.141	59	NG	26
163.141	163.391	52	HH	26
163.391	163.6	1	AA1	26
163.6	163.67	64	T	26
163.67	163.999	74	sp	26
163.999	164.219	63	SH	26
164.219	164.488	13	AW1	26
164.488	164.748	21	ER0	26
164.748	165.017	69	Z	26
165.017	165.087	74	sp	26
174.745	174.855	67	W	0
174.855	175.174	32	IY1	0
175.174	175.403	74	sp	0
175.403	175.483	1	AA1	0
175.483	175.773	61	R	0
175.773	176.192	74	sp	0
176.192	176.401	35	OW1	0
176.401	176.461	60	P	0
176.461	176.591	6	AH0	0
176.591	176.72	58	N	0
176.72	176.79	74	sp	0
176.79	176.96	19	EH1	0
176.96	177.02	66	V	0
177.02	177.129	61	R	0
177.129	177.209	31	IY0	0
177.209	177.339	57	M	0
177.339	177.429	7	AH1	0
177.429	177.499	58	N	0
177.499	177.548	48	D	0
177.548	177.828	26	EY2	0
177.828	177.838	74	sp	0
177.838	178.127	32	IY1	0
178.127	178.227	66	V	0
178.227	178.287	58	N	0
178.287	178.426	27	IH0	0
178.426	178.616	59	NG	0
178.616	179.035	74	sp	0
188.563	188.643	67	W	1
188.643	188.763	32	IY1	1
188.763	188.923	67	W	1
188.923	188.953	19	EH1	1
188.953	189.072	56	L	1
189.072	189.192	54	K	1
189.192	189.302	6	AH0	1
189.302	189.342	57	M	1
189.342	189.372	57	M	1
189.372	189.621	19	EH1	1
189.621	189.661	58	N	1
189.661	189.801	31	IY0	1
189.801	189.89	58	N	1
189.89	190.05	68	Y	1
190.05	190.339	44	UW1	1
190.339	190.489	62	S	1
190.489	190.559	64	T	1
190.559	190.669	44	UW1	1
190.669	190.719	48	D	1
190.719	190.858	6	AH0	1
190.858	190.918	58	N	1
190.918	190.948	64	T	1
190.948	191.028	62	S	1
191.028	191.068	74	sp	1
191.068	191.267	32	IY1	1
191.267	191.437	47	CH	1
191.437	191.587	68	Y	1
191.587	191.686	28	IH1	1
191.686	191.786	61	R	1
191.786	192.155	74	sp	1
200.836	200.995	63	SH	42
200.995	201.135	32	IY1	42
201.135	201.344	62	S	42
201.344	201.444	56	L	42
201.444	201.564	28	IH1	42
201.564	201.604	60	P	42
201.604	201.634	64	T	42
201.634	201.783	74	sp	42
201.783	201.973	1	AA1	42
201.973	202.043	58	N	42
202.043	202.073	49	DH	42
202.073	202.123	7	AH1	42
202.123	202.302	62	S	42
202.302	202.342	64	T	42
202.342	202.691	19	EH1	42
202.691	202.721	61	R	42
202.721	203.011	69	Z	42
203.011	203.13	74	sp	42
210.763	210.803	74	sp	5
210.803	210.913	52	HH	5
210.913	211.072	13	AW1	5
211.072	211.172	57	M	5
211.172	211.322	7	AH1	5
211.322	211.521	47	CH	5
211.521	211.741	6	AH0	5
211.741	211.88	56	L	5
211.88	212.2	13	AW1	5
212.2	212.359	6	AH0	5
212.359	212.459	58	N	5
212.459	212.599	62	S	5
212.599	212.669	74	sp	5
212.669	212.739	48	D	5
212.739	212.988	44	UW1	5
212.988	213.158	68	Y	5
213.158	213.227	44	UW1	5
213.227	213.297	51	G	5
213.297	213.557	19	EH1	5
213.557	213.587	64	T	5
225.06	225.082085010391	19	EH1	44
225.082085010391	225.38	56	L	44
225.38	225.699	56	L	44
225.699	226.008	16	AY1	44
226.008	226.797	74	sp	44
226.797	226.936	56	L	44
226.936	227.126	28	IH1	44
227.126	227.186	66	V	44
227.186	227.445	69	Z	44
227.445	227.744	28	IH1	44
227.744	227.91221203586088	58	N	44
227.91221203586088	228.732	74	sp	44
228.732	228.842	74	sp	44
228.842	229.061	25	EY1	44
229.061	229.251	66	V	44
229.251	229.451	19	EH1	44
229.451	229.5	61	R	44
229.5	229.65	31	IY0	44
229.65	229.82	62	S	44
229.82	229.909	57	M	44
229.909	230.109	10	AO1	44
230.109	230.139	56	L	44
230.139	230.269	52	HH	44
230.269	230.478	13	AW1	44
230.478	230.748	62	S	44
246.31104099431283	246.44086321051978	52	HH	3
246.44086321051978	246.67631087420716	13	AW1	3
246.67631087420716	246.801	48	D	3
246.801	247.11	44	UW1	3
247.11	247.33	74	sp	3
247.33	247.579	38	OY1	3
247.579	247.729	62	S	3
247.729	247.829	64	T	3
247.829	248.198	21	ER0	3
248.198	248.228	69	Z	3
248.228	248.278	57	M	3
248.278	248.517	25	EY1	3
248.517	248.677	54	K	3
248.677	249.256	74	sp	3
249.256	249.355	60	P	3
249.355	249.595	22	ER1	3
249.595	249.814	56	L	3
249.814	250.004	69	Z	3
250.004	250.223	74	sp	3
259.103	259.153	57	M	23
259.153	259.253	27	IH0	23
259.253	259.452	63	SH	23
259.452	259.632	19	EH1	23
259.632	259.961	56	L	23
259.961	260.081	74	sp	23
260.081	260.211	54	K	23
260.211	260.32	7	AH1	23
260.32	260.41	56	L	23
260.41	260.64	21	ER0	23
260.64	260.849	48	D	23
260.849	260.909	49	DH	23
260.909	261.358	7	AH1	23
261.358	261.458	74	sp	23
261.458	261.498	46	B	23
261.498	261.677	19	EH1	23
261.677	261.747	48	D	23
261.747	261.867	61	R	23
261.867	261.897	45	UW2	23
261.897	262.026	57	M	23
262.026	262.056	67	W	23
262.056	262.276	10	AO1	23
262.276	262.396	56	L	23
262.396	262.485	67	W	23
262.485	262.545	28	IH1	23
262.545	262.595	65	TH	23
262.595	262.695	74	sp	23
262.695	262.805	54	K	23
262.805	262.835	61	R	23
262.835	262.974	25	EY1	23
262.974	263.144	2	AA2	23
263.144	263.334	58	N	23
263.334	263.463	69	Z	23
263.463	263.703	74	sp	23
273.49	273.63	63	SH	13
273.63	273.68	32	IY1	13
273.68	274.009	28	IH1	13
274.009	274.159	69	Z	13
274.159	274.299	64	T	13
274.299	274.478	10	AO1	13
274.478	274.508	56	L	13
274.508	274.698	21	ER0	13
274.698	274.768	49	DH	13
274.768	274.857	4	AE1	13
274.857	274.917	58	N	13
274.917	275.226	16	AY1	13
275.226	275.516	4	AE1	13
275.516	275.675	57	M	13
275.675	276.164	73	ns	13
283.68042635853965	283.71861366416493	49	DH	34
283.71861366416493	283.8149120870462	6	AH0	34
283.8149120870462	283.977	61	R	34
283.977	284.106	35	OW1	34
284.106	284.216	69	Z	34
284.216	284.306	6	AH0	34
284.306	284.585	69	Z	34
284.585	284.855	62	S	34
284.855	285.014	57	M	34
285.014	285.124	19	EH1	34
285.124	285.363	56	L	34
285.363	285.453	48	D	34
285.453	285.743	74	sp	34
285.743	285.892	66	V	34
285.892	286.052	19	EH1	34
286.052	286.082	61	R	34
286.082	286.241	31	IY0	34
286.241	286.481	62	S	34
286.481	286.551	67	W	34
286.551	286.69	32	IY1	34
286.69	286.99867599804776	64	T	34
286.99867599804776	287.389	74	sp	34
296.259	296.438	62	S	32
296.438	296.528	64	T	32
296.528	296.708	32	IY1	32
296.708	296.807	66	V	32
296.807	297.137	6	AH0	32
297.137	297.386	58	N	32
297.386	297.526	74	sp	32
297.526	297.765	61	R	32
297.765	297.935	35	OW1	32
297.935	298.015	64	T	32
298.015	298.045	74	sp	32
298.045	298.474	25	EY1	32
298.474	298.943	74	sp	32
298.943	298.982	46	B	32
298.982	299.132	61	R	32
299.132	299.421	16	AY1	32
299.421	299.451	64	T	32
299.451	299.701	61	R	32
299.701	299.94	19	EH1	32
299.94	300.07	48	D	32
300.07	300.3411053196669	74	sp	32
300.3411053196669	300.6216990001312	62	S	32
300.6216990001312	300.8109752106219	67	W	32
300.8109752106219	300.980327609482	1	AA1	32
300.980327609482	301.08160698527087	61	R	32
301.08160698527087	301.43857527698583	74	sp	32
319.4649067436065	319.4947924610524	49	DH	24
319.4947924610524	319.6674654951843	6	AH0	24
319.6674654951843	319.715	64	T	24
319.715	319.865	44	UW1	24
319.865	319.965	65	TH	24
319.965	320.045	50	F	24
320.045	320.244	19	EH1	24
320.244	320.274	61	R	24
320.274	320.304	31	IY0	24
320.304	320.414	50	F	24
320.414	320.514	21	ER0	24
320.514	320.563	51	G	24
320.563	320.783	1	AA1	24
320.783	320.813	64	T	24
320.813	320.893	74	sp	24
320.893	321.002	64	T	24
321.002	321.431	44	UW1	24
321.431	321.531	74	sp	24
321.531	321.681	54	K	24
321.681	321.831	7	AH1	24
321.831	321.97	57	M	24
321.97	322.13	67	W	24
322.13	322.25	19	EH1	24
322.25	322.399	58	N	24
322.399	322.908	74	sp	24
322.908	323.098	61	R	24
323.098	323.257	1	AA1	24
323.257	323.427	53	JH	24
323.427	323.636	21	ER0	24
323.636	323.836	69	Z	24
323.836	323.976	64	T	24
323.976	324.195	44	UW1	24
324.195	324.33955287819504	65	TH	24
324.33955287819504	324.5022640065116	50	F	24
324.5022640065116	324.625127511567	19	EH1	24
324.625127511567	324.6799179935511	56	L	24
324.6799179935511	324.9123624625748	13	AW1	24
324.9123624625748	324.973	64	T	24
336.717	336.747	46	B	20
336.747	336.916	22	ER1	20
336.916	336.996	65	TH	20
336.996	337.076	48	D	20
337.076	337.236	26	EY2	20
337.236	337.335	60	P	20
337.335	337.425	1	AA1	20
337.425	337.505	61	R	20
337.505	337.535	64	T	20
337.535	337.734	31	IY0	20
337.734	337.854	69	Z	20
337.854	337.994	52	HH	20
337.994	338.253	4	AE1	20
338.253	338.323	66	V	20
338.323	338.582	74	sp	20
338.582	338.712	54	K	20
338.712	338.782	7	AH1	20
338.782	338.842	60	P	20
338.842	338.962	54	K	20
338.962	339.111	26	EY2	20
339.111	339.211	54	K	20
339.211	339.281	62	S	20
339.281	339.56	4	AE1	20
339.56	339.6	58	N	20
339.6	339.63	48	D	20
339.63	339.86	16	AY1	20
339.86	339.999	62	S	20
339.999	340.069	54	K	20
340.069	340.139	61	R	20
340.139	340.289	32	IY1	20
340.289	340.368	57	M	20
340.368	340.718	74	sp	20
349.837	349.887	46	B	49
349.887	350.246	1	AA1	49
350.246	350.316	46	B	49
350.316	350.994	74	sp	49
350.994	351.214	56	L	49
351.214	351.363	41	UH1	49
351.363	351.393	54	K	49
351.393	351.423	64	T	49
351.423	351.733	74	sp	49
351.733	352.062	50	F	49
352.062	352.192	10	AO1	49
352.192	352.481	61	R	49
352.481	352.72	63	SH	49
352.72	352.84	19	EH1	49
352.84	353.0	56	L	49
353.0	353.139	69	Z	49
353.139	353.209	74	sp	49
353.209	353.249	46	B	49
353.249	353.469	16	AY1	49
353.469	353.539	49	DH	49
353.539	353.748	7	AH1	49
353.748	353.828	35	OW1	49
353.828	354.017	63	SH	49
354.017	354.057	6	AH0	49
354.057	354.287	58	N	49
