20.736961451247165	20.806961451247165	52	HH
20.806961451247165	20.895961451247167	13	AW1
20.895961451247167	21.035961451247164	57	M
21.035961451247164	21.115961451247166	7	AH1
21.115961451247166	21.275961451247163	47	CH
21.275961451247163	21.314961451247164	6	AH0
21.314961451247164	21.474961451247164	56	L
21.474961451247164	21.694961451247167	13	AW1
21.694961451247167	21.783961451247166	6	AH0
21.783961451247166	21.843961451247168	58	N
21.843961451247168	22.003961451247164	62	S
22.003961451247164	22.063961451247167	48	D
22.063961451247167	22.103961451247166	44	UW1
22.103961451247166	22.232961451247164	68	Y
22.232961451247164	22.292961451247166	44	UW1
22.292961451247166	22.332961451247165	74	sp
22.332961451247165	22.412961451247167	51	G
22.412961451247167	22.681961451247165	28	IH1
22.681961451247165	22.811961451247164	64	T
22.811961451247164	37.486167800453515	74	sp
37.486167800453515	37.75616780045351	62	S
37.75616780045351	37.94516780045352	16	AY1
37.94516780045352	38.08516780045352	54	K
38.08516780045352	38.12516780045351	56	L
38.12516780045351	38.15516780045351	27	IH0
38.15516780045351	39.20216780045351	54	K
39.20216780045351	39.23216780045351	6	AH0
39.23216780045351	39.50216780045351	56	L
39.50216780045351	39.73116780045351	74	sp
39.73116780045351	39.91116780045351	60	P
39.91116780045351	40.011167800453514	61	R
40.011167800453514	40.11016780045351	35	OW1
40.11016780045351	40.190167800453516	51	G
40.190167800453516	40.40016780045352	61	R
40.40016780045352	40.54916780045352	5	AE2
40.54916780045352	40.72916780045351	57	M
40.72916780045351	40.86916780045351	69	Z
40.86916780045351	40.919167800453515	74	sp
40.919167800453515	40.95816780045351	67	W
40.95816780045351	40.98816780045351	28	IH1
40.98816780045351	41.01816780045351	56	L
41.01816780045351	41.15816780045351	58	N
41.15816780045351	41.248167800453515	19	EH1
41.248167800453515	41.328167800453514	66	V
41.328167800453514	41.437167800453516	21	ER0
41.437167800453516	41.49716780045351	54	K
41.49716780045351	41.54716780045351	6	AH0
41.54716780045351	41.62716780045352	57	M
41.62716780045352	41.757167800453516	60	P
41.757167800453516	41.81716780045352	56	L
41.81716780045352	42.13616780045352	16	AY1
42.13616780045352	54.3740589569161	74	sp
54.3740589569161	54.4040589569161	49	DH
54.4040589569161	54.4540589569161	6	AH0
54.4540589569161	54.5730589569161	46	B
54.5730589569161	54.7830589569161	1	AA1
54.7830589569161	54.9330589569161	62	S
54.9330589569161	54.9620589569161	64	T
54.9620589569161	55.0120589569161	6	AH0
55.0120589569161	55.1420589569161	58	N
55.1420589569161	55.1820589569161	46	B
55.1820589569161	55.2620589569161	3	AE0
55.2620589569161	55.501058956916104	56	L
55.501058956916104	55.821058956916104	25	EY1
55.821058956916104	55.9300589569161	35	OW1
55.9300589569161	56.040058956916106	66	V
56.040058956916106	56.150058956916105	21	ER0
56.150058956916105	56.309058956916104	54	K
56.309058956916104	56.489058956916104	25	EY1
56.489058956916104	56.589058956916105	57	M
56.589058956916105	56.629058956916104	49	DH
56.629058956916104	56.6790589569161	19	EH1
56.6790589569161	56.7180589569161	61	R
56.7180589569161	56.888058956916105	50	F
56.888058956916105	57.0180589569161	7	AH1
57.0180589569161	57.068058956916104	58	N
57.068058956916104	57.138058956916105	48	D
57.138058956916105	57.2070589569161	27	IH0
57.2070589569161	57.2770589569161	59	NG
57.2770589569161	57.4770589569161	63	SH
57.4770589569161	57.626058956916104	10	AO1
57.626058956916104	57.656058956916105	61	R
57.656058956916105	57.696058956916104	64	T
57.696058956916104	57.7760589569161	6	AH0
57.7760589569161	58.0550589569161	53	JH
58.0550589569161	69.46666666666667	74	sp
69.46666666666667	69.63666666666667	19	EH1
69.63666666666667	69.74566666666666	66	V
69.74566666666666	69.81566666666666	61	R
69.81566666666666	69.90566666666666	31	IY0
69.90566666666666	70.06566666666666	54	K
70.06566666666666	70.30466666666666	4	AE1
70.30466666666666	70.33466666666666	46	B
70.33466666666666	70.45466666666667	58	N
70.45466666666667	70.67366666666666	32	IY1
70.67366666666666	70.70366666666666	48	D
70.70366666666666	70.79366666666667	69	Z
70.79366666666667	70.88366666666667	61	R
70.88366666666667	70.96366666666667	31	IY0
70.96366666666667	71.07266666666666	60	P
71.07266666666666	71.28266666666667	25	EY1
71.28266666666667	71.32266666666666	58	N
71.32266666666666	71.38266666666667	64	T
71.38266666666667	71.43166666666667	27	IH0
71.43166666666667	71.54166666666667	59	NG
71.54166666666667	71.71166666666667	10	AO1
71.71166666666667	71.86166666666666	50	F
71.86166666666666	71.91066666666667	64	T
71.91066666666667	71.98066666666666	6	AH0
71.98066666666666	72.04066666666667	58	N
72.04066666666667	84.30267573696145	74	sp
84.30267573696145	84.36267573696145	52	HH
84.36267573696145	84.41267573696145	19	EH1
84.41267573696145	84.59167573696145	56	L
84.59167573696145	84.62167573696145	60	P
84.62167573696145	84.69167573696146	74	sp
84.69167573696146	84.76167573696145	51	G
84.76167573696145	84.89167573696145	61	R
84.89167573696145	84.95067573696146	19	EH1
84.95067573696146	85.04067573696145	51	G
85.04067573696145	85.15067573696145	64	T
85.15067573696145	85.18067573696145	6	AH0
85.18067573696145	85.21067573696145	74	sp
85.21067573696145	85.29067573696145	60	P
85.29067573696145	85.33067573696145	28	IH1
85.33067573696145	85.40967573696145	54	K
85.40967573696145	85.43967573696145	6	AH0
85.43967573696145	85.60967573696145	60	P
85.60967573696145	85.67967573696146	19	EH1
85.67967573696146	85.79967573696145	54	K
85.79967573696145	85.83867573696145	6	AH0
85.83867573696145	85.88867573696145	66	V
85.88867573696145	85.98867573696145	60	P
85.98867573696145	86.02867573696145	6	AH0
86.02867573696145	86.83667573696145	64	T
86.83667573696145	87.00667573696145	25	EY1
87.00667573696145	87.09667573696146	64	T
87.09667573696146	87.34567573696145	34	OW0
87.34567573696145	87.59467573696145	69	Z
87.59467573696145	99.68798185941043	74	sp
99.68798185941043	99.75698185941043	67	W
99.75698185941043	99.83698185941043	32	IY1
99.83698185941043	99.89698185941043	56	L
99.89698185941043	100.02698185941043	16	AY1
100.02698185941043	100.11698185941043	54	K
100.11698185941043	100.19598185941044	74	sp
100.19598185941044	100.25598185941044	46	B
100.25598185941044	100.31598185941043	56	L
100.31598185941043	100.42598185941043	44	UW1
100.42598185941043	100.67498185941044	47	CH
100.67498185941044	100.93498185941043	32	IY1
100.93498185941043	101.04398185941044	69	Z
101.04398185941044	101.07398185941044	74	sp
101.07398185941044	101.11398185941043	46	B
101.11398185941043	101.21398185941044	7	AH1
101.21398185941044	101.32398185941044	64	T
101.32398185941044	101.35398185941044	66	V
101.35398185941044	101.42398185941043	28	IH1
101.42398185941043	101.49298185941043	54	K
101.49298185941043	101.56298185941043	64	T
101.56298185941043	101.61298185941044	21	ER0
101.61298185941044	101.70298185941043	56	L
101.70298185941043	101.83298185941044	16	AY1
101.83298185941044	101.91198185941043	54	K
101.91198185941043	102.06198185941044	62	S
102.06198185941044	102.14198185941044	74	sp
102.14198185941044	102.17198185941044	46	B
102.17198185941044	102.31198185941044	61	R
102.31198185941044	102.52098185941043	32	IY1
102.52098185941043	114.80634920634921	74	sp
114.80634920634921	114.9063492063492	54	K
114.9063492063492	114.99634920634921	13	AW1
114.99634920634921	115.05634920634921	58	N
115.05634920634921	115.0963492063492	64	T
115.0963492063492	115.1263492063492	49	DH
115.1263492063492	115.1553492063492	6	AH0
115.1553492063492	115.28534920634921	58	N
115.28534920634921	115.36534920634921	7	AH1
115.36534920634921	115.4453492063492	57	M
115.4453492063492	115.47534920634921	46	B
115.47534920634921	115.60434920634921	21	ER0
115.60434920634921	115.6343492063492	6	AH0
115.6343492063492	115.7243492063492	66	V
115.7243492063492	115.8343492063492	64	T
115.8343492063492	115.9743492063492	32	IY1
115.9743492063492	116.1833492063492	62	S
116.1833492063492	116.2533492063492	60	P
116.2533492063492	116.30334920634921	45	UW2
116.30334920634921	116.4533492063492	58	N
116.4533492063492	116.5223492063492	69	Z
116.5223492063492	116.5523492063492	6	AH0
116.5523492063492	116.6023492063492	66	V
116.6023492063492	116.78234920634921	62	S
116.78234920634921	116.9413492063492	38	OY1
116.9413492063492	117.1413492063492	62	S
117.1413492063492	117.3113492063492	11	AO2
117.3113492063492	117.47034920634921	62	S
117.47034920634921	117.52034920634921	49	DH
117.52034920634921	117.5703492063492	6	AH0
117.5703492063492	117.6503492063492	64	T
117.6503492063492	117.7103492063492	68	Y
117.7103492063492	117.80934920634921	44	UW1
117.80934920634921	118.22834920634921	4	AE1
118.22834920634921	118.3283492063492	48	D
118.3283492063492	131.41260770975057	74	sp
131.41260770975057	131.45260770975057	46	B
131.45260770975057	131.61160770975056	4	AE1
131.61160770975056	131.69160770975057	51	G
131.69160770975057	131.88160770975057	60	P
131.88160770975057	132.28060770975057	17	AY2
132.28060770975057	132.81860770975055	60	P
132.81860770975055	133.0886077097506	62	S
133.0886077097506	133.20860770975057	74	sp
133.20860770975057	133.32760770975057	6	AH0
133.32760770975057	133.43760770975058	58	N
133.43760770975058	133.46760770975055	48	D
133.46760770975055	133.50760770975057	46	B
133.50760770975057	133.71660770975058	1	AA1
133.71660770975058	133.81660770975057	59	NG
133.81660770975057	133.91660770975056	51	G
133.91660770975056	134.09660770975057	36	OW2
134.09660770975057	134.17560770975058	69	Z
134.17560770975058	134.23560770975058	21	ER0
134.23560770975058	134.34560770975057	57	M
134.34560770975057	134.40560770975057	68	Y
134.40560770975057	134.45560770975055	44	UW1
134.45560770975055	134.59460770975056	69	Z
134.59460770975056	134.6246077097506	27	IH0
134.6246077097506	134.68460770975057	54	K
134.68460770975057	134.71460770975057	6	AH0
134.71460770975057	134.8146077097506	56	L
134.8146077097506	134.89460770975057	28	IH1
134.89460770975057	134.95460770975058	58	N
134.95460770975058	135.11360770975057	62	S
135.11360770975057	135.17360770975057	64	T
135.17360770975057	135.2136077097506	61	R
135.2136077097506	135.24360770975056	6	AH0
135.24360770975056	135.39360770975057	57	M
135.39360770975057	135.42360770975057	6	AH0
135.42360770975057	135.46260770975056	58	N
135.46260770975056	135.4926077097506	64	T
135.4926077097506	135.72260770975058	62	S
135.72260770975058	145.28680272108843	74	sp
145.28680272108843	145.39472063759868	52	HH
145.39472063759868	145.66446348898893	13	AW1
145.66446348898893	145.71239924785309	51	G
145.71239924785309	145.88092148789522	41	UH1
145.88092148789522	145.93343494600202	48	D
145.93343494600202	146.0085438368335	28	IH1
146.0085438368335	146.09946670959036	69	Z
146.09946670959036	146.15795074700824	68	Y
146.15795074700824	146.28693737792574	22	ER1
146.28693737792574	146.3374722375367	6	AH0
146.3374722375367	146.37150874907232	58	N
146.37150874907232	146.3930928783388	48	D
146.3930928783388	146.54584210084008	22	ER1
146.54584210084008	146.73345799369488	6	AH0
146.73345799369488	146.85051038702463	58	N
146.85051038702463	147.12556326266272	62	S
147.12556326266272	160.14204081632653	74	sp
160.14204081632653	160.1835487572236	49	DH
160.1835487572236	160.31305353282252	7	AH1
160.31305353282252	160.4525202142367	18	EH0
160.4525202142367	160.69990754198332	62	S
160.69990754198332	161.0138367610917	25	EY1
161.0138367610917	161.1428367610917	8	AH2
161.1428367610917	161.2228367610917	58	N
161.2228367610917	161.28283676109172	48	D
161.28283676109172	161.3228367610917	6	AH0
161.3228367610917	161.4428367610917	58	N
161.4428367610917	161.6918367610917	16	AY1
161.6918367610917	161.7418367610917	6	AH0
161.7418367610917	161.8218367610917	46	B
161.8218367610917	161.8918367610917	56	L
161.8918367610917	161.9708367610917	31	IY0
161.9708367610917	162.0708367610917	61	R
162.0708367610917	162.1008367610917	6	AH0
162.1008367610917	162.30083676109172	50	F
162.30083676109172	162.3608367610917	56	L
162.3608367610917	162.4498367610917	19	EH1
162.4498367610917	162.5498367610917	54	K
162.5498367610917	162.6598367610917	62	S
162.6598367610917	162.7698367610917	1	AA1
162.7698367610917	162.8488367610917	61	R
162.8488367610917	162.9188367610917	66	V
162.9188367610917	163.1288367610917	68	Y
163.1288367610917	163.40783676109172	44	UW1
163.40783676109172	163.4578367610917	6	AH0
163.4578367610917	163.5578367610917	46	B
163.5578367610917	163.6378367610917	28	IH1
163.6378367610917	163.8068367610917	56	L
163.8068367610917	163.8468367610917	6	AH0
163.8468367610917	163.8968367610917	64	T
163.8968367610917	164.0868367610917	31	IY0
164.0868367610917	177.33977324263037	74	sp
177.33977324263037	177.41977324263038	6	AH0
177.41977324263038	177.51977324263038	46	B
177.51977324263038	177.71977324263037	10	AO1
177.71977324263037	177.79877324263038	61	R
177.79877324263038	177.85877324263038	27	IH0
177.85877324263038	177.94877324263038	59	NG
177.94877324263038	177.98877324263037	58	N
177.98877324263037	178.20777324263037	1	AA1
178.20777324263037	178.34777324263038	66	V
178.34777324263038	178.38777324263037	6	AH0
178.38777324263037	178.43777324263039	56	L
178.43777324263039	178.4677732426304	6	AH0
178.4677732426304	178.6177732426304	69	Z
178.6177732426304	178.6467732426304	6	AH0
178.6467732426304	178.6767732426304	19	EH1
178.6767732426304	178.84677324263038	62	S
178.84677324263038	179.1357732426304	62	S
179.1357732426304	179.1657732426304	40	UH0
179.1657732426304	179.21577324263038	60	P
179.21577324263038	179.46577324263038	22	ER1
179.46577324263038	179.52477324263037	46	B
179.52477324263037	179.7247732426304	62	S
179.7247732426304	179.7847732426304	56	L
179.7847732426304	179.89477324263038	32	IY1
179.89477324263038	179.98377324263038	60	P
179.98377324263038	180.02377324263037	27	IH0
180.02377324263037	180.0937732426304	59	NG
180.0937732426304	180.26377324263038	62	S
180.26377324263038	180.3137732426304	60	P
180.3137732426304	180.54277324263037	28	IH1
180.54277324263037	180.66277324263038	56	L
180.66277324263038	192.5765986394558	74	sp
192.5765986394558	192.7555986394558	10	AO1
192.7555986394558	192.7855986394558	61	R
192.7855986394558	192.8155986394558	6	AH0
192.8155986394558	192.8455986394558	58	N
192.8455986394558	192.9955986394558	53	JH
192.9955986394558	193.0945986394558	53	JH
193.0945986394558	193.2245986394558	44	UW1
193.2245986394558	193.3845986394558	62	S
193.3845986394558	193.4845986394558	64	T
193.4845986394558	193.5935986394558	25	EY1
193.5935986394558	193.7835986394558	62	S
193.7835986394558	193.8235986394558	64	T
193.8235986394558	193.8535986394558	62	S
193.8535986394558	193.8835986394558	50	F
193.8835986394558	194.0025986394558	7	AH1
194.0025986394558	194.0625986394558	58	N
194.0625986394558	194.1725986394558	31	IY0
194.1725986394558	194.3125986394558	4	AE1
194.3125986394558	194.3915986394558	50	F
194.3915986394558	194.46159863945581	64	T
194.46159863945581	194.5215986394558	21	ER0
194.5215986394558	194.6415986394558	64	T
194.6415986394558	194.7515986394558	44	UW1
194.7515986394558	194.8505986394558	65	TH
194.8505986394558	194.9905986394558	60	P
194.9905986394558	195.1905986394558	26	EY2
195.1905986394558	195.44959863945581	62	S
195.44959863945581	195.5095986394558	64	T
195.5095986394558	209.5911111111111	74	sp
209.5911111111111	209.6211111111111	49	DH
209.6211111111111	209.6811111111111	6	AH0
209.6811111111111	209.8511111111111	67	W
209.8511111111111	209.8811111111111	28	IH1
209.8811111111111	210.0301111111111	56	L
210.0301111111111	210.0601111111111	6	AH0
210.0601111111111	210.1801111111111	67	W
210.1801111111111	210.2501111111111	31	IY0
210.2501111111111	210.3801111111111	67	W
210.3801111111111	210.4201111111111	41	UH1
210.4201111111111	210.5691111111111	57	M
210.5691111111111	210.5991111111111	6	AH0
210.5991111111111	210.8091111111111	58	N
210.8091111111111	210.9081111111111	67	W
210.9081111111111	211.4771111111111	10	AO1
211.4771111111111	211.5271111111111	61	R
211.5271111111111	211.7561111111111	74	sp
211.7561111111111	212.1261111111111	6	AH0
212.1261111111111	212.4951111111111	74	sp
212.4951111111111	212.6051111111111	57	M
212.6051111111111	212.6541111111111	7	AH1
212.6541111111111	212.78411111111112	62	S
212.78411111111112	212.8541111111111	54	K
212.8541111111111	212.9241111111111	61	R
212.9241111111111	213.0441111111111	5	AE2
213.0441111111111	213.1331111111111	64	T
213.1331111111111	213.2631111111111	54	K
213.2631111111111	213.5031111111111	35	OW1
213.5031111111111	213.5421111111111	64	T
213.5421111111111	228.19845804988663	74	sp
228.19845804988663	228.22845804988663	49	DH
228.22845804988663	228.25845804988663	6	AH0
228.25845804988663	228.40745804988663	57	M
228.40745804988663	228.47745804988662	29	IH2
228.47745804988662	228.65745804988663	62	S
228.65745804988663	228.7774580498866	54	K
228.7774580498866	228.81645804988662	67	W
228.81645804988662	229.06645804988662	35	OW1
229.06645804988662	229.1464580498866	64	T
229.1464580498866	229.2654580498866	67	W
229.2654580498866	229.2954580498866	6	AH0
229.2954580498866	229.42545804988663	69	Z
229.42545804988663	229.5054580498866	61	R
229.5054580498866	229.5754580498866	31	IY0
229.5754580498866	229.7244580498866	64	T
229.7244580498866	229.83445804988662	61	R
229.83445804988662	229.98445804988663	4	AE1
229.98445804988663	230.0644580498866	54	K
230.0644580498866	230.1834580498866	64	T
230.1834580498866	230.3134580498866	6	AH0
230.3134580498866	230.5334580498866	48	D
230.5334580498866	230.6524580498866	74	sp
230.6524580498866	230.7124580498866	67	W
230.7124580498866	230.76245804988662	28	IH1
230.76245804988662	230.9024580498866	65	TH
230.9024580498866	230.94245804988662	6	AH0
230.94245804988662	231.01245804988662	58	N
231.01245804988662	231.06145804988662	6	AH0
231.06145804988662	231.2314580498866	60	P
231.2314580498866	231.3014580498866	1	AA1
231.3014580498866	231.4514580498866	56	L
231.4514580498866	231.5104580498866	6	AH0
231.5104580498866	231.6604580498866	53	JH
231.6604580498866	231.78045804988662	31	IY0
231.78045804988662	251.24444444444444	74	sp
251.24444444444444	251.44444444444446	16	AY1
251.44444444444446	251.62444444444444	53	JH
251.62444444444444	251.71344444444443	6	AH0
251.71344444444443	252.30244444444443	62	S
252.30244444444443	252.33244444444443	64	T
252.33244444444443	252.75144444444445	74	sp
252.75144444444445	253.05044444444445	62	S
253.05044444444445	253.32044444444443	10	AO1
253.32044444444443	253.52944444444444	53	JH
253.52944444444444	253.64944444444444	28	IH1
253.64944444444444	253.89844444444444	57	M
253.89844444444444	254.01844444444444	74	sp
254.01844444444444	254.70744444444443	58	N
254.70744444444443	254.88644444444444	28	IH1
254.88644444444444	254.94644444444444	61	R
254.94644444444444	255.10644444444443	49	DH
255.10644444444443	255.14644444444446	6	AH0
255.14644444444446	255.31544444444444	58	N
255.31544444444444	255.59544444444444	44	UW1
255.59544444444444	255.66444444444446	2	AA2
255.66444444444446	255.81444444444443	61	R
255.81444444444443	255.87444444444444	54	K
255.87444444444444	255.92444444444445	31	IY0
255.92444444444445	255.95444444444445	6	AH0
255.95444444444445	256.09344444444446	56	L
256.09344444444446	256.24344444444444	1	AA1
256.24344444444444	256.36344444444444	53	JH
256.36344444444444	256.3934444444444	27	IH0
256.3934444444444	256.42344444444444	54	K
256.42344444444444	256.4534444444445	6	AH0
256.4534444444445	256.51244444444444	56	L
256.51244444444444	256.5924444444445	57	M
256.5924444444445	256.62244444444445	68	Y
256.62244444444445	256.6724444444444	44	UW1
256.6724444444444	256.81244444444445	69	Z
256.81244444444445	257.01144444444446	31	IY0
257.01144444444446	257.04144444444444	6	AH0
257.04144444444444	257.1727016625041	57	M
257.1727016625041	270.1641723356009	74	sp
270.1641723356009	270.2931723356009	61	R
270.2931723356009	270.4131723356009	16	AY1
270.4131723356009	270.46317233560086	64	T
270.46317233560086	270.6421723356009	58	N
270.6421723356009	270.9621723356009	13	AW1
270.9621723356009	271.1011723356009	57	M
271.1011723356009	271.2411723356009	25	EY1
271.2411723356009	271.2911723356009	58	N
271.2911723356009	271.44117233560087	1	AA1
271.44117233560087	271.5001723356009	64	T
271.5001723356009	271.5601723356009	46	B
271.5601723356009	271.7101723356009	32	IY1
271.7101723356009	271.7401723356009	49	DH
271.7401723356009	271.7701723356009	6	AH0
271.7701723356009	271.90017233560087	46	B
271.90017233560087	272.0091723356009	19	EH1
272.0091723356009	272.17917233560087	62	S
272.17917233560087	272.24917233560086	64	T
272.24917233560086	272.2791723356009	64	T
272.2791723356009	272.4781723356009	16	AY1
272.4781723356009	272.5681723356009	57	M
272.5681723356009	272.6581723356009	50	F
272.6581723356009	272.7281723356009	21	ER0
272.7281723356009	272.8371723356009	46	B
272.8371723356009	272.9571723356009	28	IH1
272.9571723356009	273.1271723356009	69	Z
273.1271723356009	273.16717233560087	58	N
273.16717233560087	273.1971723356009	6	AH0
273.1971723356009	273.3561723356009	62	S
273.3561723356009	273.4361723356009	57	M
273.4361723356009	273.6161723356009	22	ER1
273.6161723356009	273.7451723356009	53	JH
273.7451723356009	273.8551723356009	21	ER0
273.8551723356009	274.1641723356009	69	Z
274.1641723356009	288.2578684807256	74	sp
288.2578684807256	288.2878684807256	49	DH
288.2878684807256	288.35786848072564	6	AH0
288.35786848072564	288.48786848072564	57	M
288.48786848072564	288.55786848072563	28	IH1
288.55786848072563	288.7168684807256	62	S
288.7168684807256	288.8368684807256	60	P
288.8368684807256	288.9168684807256	61	R
288.9168684807256	288.94686848072564	28	IH1
288.94686848072564	289.04586848072563	58	N
289.04586848072563	289.0758684807256	64	T
289.0758684807256	289.1958684807256	60	P
289.1958684807256	289.2658684807256	61	R
289.2658684807256	289.29586848072563	6	AH0
289.29586848072563	289.41586848072563	66	V
289.41586848072563	289.63486848072563	35	OW1
289.63486848072563	289.69486848072563	54	K
289.69486848072563	289.7948684807256	64	T
289.7948684807256	289.8448684807256	6	AH0
289.8448684807256	289.9138684807256	58	N
289.9138684807256	289.95386848072565	29	IH2
289.95386848072565	290.1038684807256	57	M
290.1038684807256	290.2238684807256	32	IY1
290.2238684807256	290.26386848072565	48	D
290.26386848072565	290.4028684807256	31	IY0
290.4028684807256	290.4528684807256	6	AH0
290.4528684807256	290.49286848072563	64	T
290.49286848072563	290.5328684807256	74	sp
290.5328684807256	290.5928684807256	48	D
290.5928684807256	290.6528684807256	29	IH2
290.6528684807256	290.7828684807256	62	S
290.7828684807256	290.95186848072564	54	K
290.95186848072564	291.0418684807256	56	L
291.0418684807256	291.1618684807256	25	EY1
291.1618684807256	291.2408684807256	57	M
291.2408684807256	291.4410657864185	21	ER0
291.4410657864185	301.9714285714286	74	sp
301.9714285714286	302.05142857142863	49	DH
302.05142857142863	302.1514285714286	25	EY1
302.1514285714286	302.3404285714286	10	AO1
302.3404285714286	302.3704285714286	56	L
302.3704285714286	302.4004285714286	6	AH0
302.4004285714286	302.4804285714286	58	N
302.4804285714286	302.5804285714286	53	JH
302.5804285714286	302.7794285714286	38	OY1
302.7794285714286	303.0594285714286	16	AY1
303.0594285714286	303.2184285714286	62	S
303.2184285714286	303.30842857142864	54	K
303.30842857142864	303.3784285714286	61	R
303.3784285714286	303.4184285714286	32	IY1
303.4184285714286	303.49842857142863	57	M
303.49842857142863	303.6674285714286	62	S
303.6674285714286	303.7674285714286	7	AH1
303.7674285714286	303.8674285714286	58	N
303.8674285714286	303.9374285714286	48	D
303.9374285714286	304.1864285714286	26	EY2
304.1864285714286	304.4754285714286	69	Z
304.4754285714286	315.9254421768708	74	sp
315.9254421768708	315.9854421768708	48	D
315.9854421768708	316.2744421768708	44	UW1
316.2744421768708	316.39444217687077	24	EY0
316.39444217687077	316.5734421768708	64	T
316.5734421768708	316.6034421768708	28	IH1
316.6034421768708	316.7134421768708	60	P
316.7134421768708	316.7534421768708	27	IH0
316.7534421768708	316.8434421768708	54	K
316.8434421768708	316.8734421768708	6	AH0
316.8734421768708	316.9124421768708	56	L
316.9124421768708	317.0824421768708	50	F
317.0824421768708	317.2224421768708	1	AA1
317.2224421768708	317.2524421768708	61	R
317.2524421768708	317.3614421768708	57	M
317.3614421768708	317.5114421768708	21	ER0
317.5114421768708	317.6814421768708	69	Z
317.6814421768708	317.78144217687077	74	sp
317.78144217687077	317.8204421768708	51	G
317.8204421768708	317.9704421768708	61	R
317.9704421768708	318.2104421768708	35	OW1
318.2104421768708	318.51944217687077	74	sp
318.51944217687077	318.7884421768708	35	OW1
318.7884421768708	318.8884421768708	64	T
318.8884421768708	319.1874421768708	62	S
319.1874421768708	340.2419954648526	74	sp
340.2419954648526	340.3119954648526	52	HH
340.3119954648526	340.4009954648526	13	AW1
340.4009954648526	340.5409954648526	57	M
340.5409954648526	340.62099546485257	7	AH1
340.62099546485257	340.7809954648526	47	CH
340.7809954648526	340.8199954648526	6	AH0
340.8199954648526	340.97999546485255	56	L
340.97999546485255	341.1999954648526	13	AW1
341.1999954648526	341.2889954648526	6	AH0
341.2889954648526	341.3489954648526	58	N
341.3489954648526	341.5089954648526	62	S
341.5089954648526	341.5689954648526	48	D
341.5689954648526	341.60899546485257	44	UW1
341.60899546485257	341.7379954648526	68	Y
341.7379954648526	341.7979954648526	44	UW1
341.7979954648526	341.83799546485255	74	sp
341.83799546485255	341.9179954648526	51	G
341.9179954648526	342.1869954648526	28	IH1
342.1869954648526	342.3169954648526	64	T
342.3169954648526	352.63256235827663	74	sp
352.63256235827663	352.80256235827665	19	EH1
352.80256235827665	352.9115623582766	66	V
352.9115623582766	352.9815623582766	61	R
352.9815623582766	353.07156235827665	31	IY0
353.07156235827665	353.2315623582766	54	K
353.2315623582766	353.47056235827665	4	AE1
353.47056235827665	353.5005623582766	46	B
353.5005623582766	353.62056235827663	58	N
353.62056235827663	353.8395623582766	32	IY1
353.8395623582766	353.86956235827665	48	D
353.86956235827665	353.9595623582766	69	Z
353.9595623582766	354.0495623582766	61	R
354.0495623582766	354.12956235827664	31	IY0
354.12956235827664	354.2385623582766	60	P
354.2385623582766	354.4485623582766	25	EY1
354.4485623582766	354.4885623582766	58	N
354.4885623582766	354.5485623582766	64	T
354.5485623582766	354.5975623582766	27	IH0
354.5975623582766	354.7075623582766	59	NG
354.7075623582766	354.87756235827663	10	AO1
354.87756235827663	355.0275623582766	50	F
355.0275623582766	355.07656235827665	64	T
355.07656235827665	355.14656235827664	6	AH0
355.14656235827664	355.20656235827664	58	N
355.20656235827664	370.6639455782313	74	sp
370.6639455782313	370.8639455782313	16	AY1
370.8639455782313	371.0439455782313	53	JH
371.0439455782313	371.1329455782313	6	AH0
371.1329455782313	371.72194557823127	62	S
371.72194557823127	371.75194557823124	64	T
371.75194557823124	372.1709455782313	74	sp
372.1709455782313	372.4699455782313	62	S
372.4699455782313	372.7399455782313	10	AO1
372.7399455782313	372.94894557823125	53	JH
372.94894557823125	373.06894557823125	28	IH1
373.06894557823125	373.3179455782313	57	M
373.3179455782313	373.4379455782313	74	sp
373.4379455782313	374.12694557823124	58	N
374.12694557823124	374.3059455782313	28	IH1
374.3059455782313	374.3659455782313	61	R
374.3659455782313	374.52594557823124	49	DH
374.52594557823124	374.5659455782313	6	AH0
374.5659455782313	374.7349455782313	58	N
374.7349455782313	375.0149455782313	44	UW1
375.0149455782313	375.0839455782313	2	AA2
375.0839455782313	375.23394557823127	61	R
375.23394557823127	375.2939455782313	54	K
375.2939455782313	375.3439455782313	31	IY0
375.3439455782313	375.3739455782313	6	AH0
375.3739455782313	375.5129455782313	56	L
375.5129455782313	375.6629455782313	1	AA1
375.6629455782313	375.7829455782313	53	JH
375.7829455782313	375.8129455782313	27	IH0
375.8129455782313	375.84294557823125	54	K
375.84294557823125	375.8729455782313	6	AH0
375.8729455782313	375.9319455782313	56	L
375.9319455782313	376.0119455782313	57	M
376.0119455782313	376.0419455782313	68	Y
376.0419455782313	376.0919455782313	44	UW1
376.0919455782313	376.23194557823126	69	Z
376.23194557823126	376.4309455782313	31	IY0
376.4309455782313	376.4609455782313	6	AH0
376.4609455782313	376.5922027962909	57	M
376.5922027962909	389.85732426303855	74	sp
389.85732426303855	389.91732426303855	48	D
389.91732426303855	390.2063242630386	44	UW1
390.2063242630386	390.32632426303854	24	EY0
390.32632426303854	390.5053242630386	64	T
390.5053242630386	390.53532426303855	28	IH1
390.53532426303855	390.64532426303856	60	P
390.64532426303856	390.6853242630386	27	IH0
390.6853242630386	390.77532426303856	54	K
390.77532426303856	390.8053242630386	6	AH0
390.8053242630386	390.8443242630386	56	L
390.8443242630386	391.0143242630386	50	F
391.0143242630386	391.1543242630386	1	AA1
391.1543242630386	391.18432426303855	61	R
391.18432426303855	391.2933242630386	57	M
391.2933242630386	391.44332426303856	21	ER0
391.44332426303856	391.6133242630386	69	Z
391.6133242630386	391.71332426303854	74	sp
391.71332426303854	391.7523242630386	51	G
391.7523242630386	391.90232426303857	61	R
391.90232426303857	392.1423242630386	35	OW1
392.1423242630386	392.45132426303854	74	sp
392.45132426303854	392.72032426303855	35	OW1
392.72032426303855	392.8203242630386	64	T
392.8203242630386	393.11932426303855	62	S
393.11932426303855	403.7749659863945	74	sp
403.7749659863945	403.8439659863945	67	W
403.8439659863945	403.9239659863945	32	IY1
403.9239659863945	403.98396598639454	56	L
403.98396598639454	404.11396598639453	16	AY1
404.11396598639453	404.2039659863945	54	K
404.2039659863945	404.2829659863945	74	sp
404.2829659863945	404.3429659863945	46	B
404.3429659863945	404.4029659863945	56	L
404.4029659863945	404.51296598639453	44	UW1
404.51296598639453	404.7619659863945	47	CH
404.7619659863945	405.0219659863945	32	IY1
405.0219659863945	405.13096598639453	69	Z
405.13096598639453	405.1609659863945	74	sp
405.1609659863945	405.2009659863945	46	B
405.2009659863945	405.30096598639454	7	AH1
405.30096598639454	405.4109659863945	64	T
405.4109659863945	405.44096598639453	66	V
405.44096598639453	405.5109659863945	28	IH1
405.5109659863945	405.57996598639454	54	K
405.57996598639454	405.6499659863945	64	T
405.6499659863945	405.69996598639455	21	ER0
405.69996598639455	405.7899659863945	56	L
405.7899659863945	405.9199659863945	16	AY1
405.9199659863945	405.9989659863945	54	K
405.9989659863945	406.1489659863945	62	S
406.1489659863945	406.22896598639454	74	sp
406.22896598639454	406.2589659863945	46	B
406.2589659863945	406.3989659863945	61	R
406.3989659863945	406.6079659863945	32	IY1
406.6079659863945	417.7687074829932	74	sp
417.7687074829932	417.84870748299323	49	DH
417.84870748299323	417.9487074829932	25	EY1
417.9487074829932	418.1377074829932	10	AO1
418.1377074829932	418.1677074829932	56	L
418.1677074829932	418.1977074829932	6	AH0
418.1977074829932	418.2777074829932	58	N
418.2777074829932	418.37770748299323	53	JH
418.37770748299323	418.5767074829932	38	OY1
418.5767074829932	418.8567074829932	16	AY1
418.8567074829932	419.0157074829932	62	S
419.0157074829932	419.10570748299324	54	K
419.10570748299324	419.17570748299323	61	R
419.17570748299323	419.2157074829932	32	IY1
419.2157074829932	419.29570748299324	57	M
419.29570748299324	419.4647074829932	62	S
419.4647074829932	419.5647074829932	7	AH1
419.5647074829932	419.6647074829932	58	N
419.6647074829932	419.7347074829932	48	D
419.7347074829932	419.9837074829932	26	EY2
419.9837074829932	420.2727074829932	69	Z
420.2727074829932	431.05333333333334	74	sp
431.05333333333334	431.1612512498436	52	HH
431.1612512498436	431.43099410123386	13	AW1
431.43099410123386	431.478929860098	51	G
431.478929860098	431.64745210014013	41	UH1
431.64745210014013	431.69996555824696	48	D
431.69996555824696	431.7750744490784	28	IH1
431.7750744490784	431.86599732183527	69	Z
431.86599732183527	431.92448135925315	68	Y
431.92448135925315	432.05346799017065	22	ER1
432.05346799017065	432.10400284978164	6	AH0
432.10400284978164	432.1380393613172	58	N
432.1380393613172	432.1596234905837	48	D
432.1596234905837	432.312372713085	22	ER1
432.312372713085	432.4999886059398	6	AH0
432.4999886059398	432.61704099926953	58	N
432.61704099926953	432.89209387490763	62	S
432.89209387490763	446.5809523809524	74	sp
446.5809523809524	446.6109523809524	49	DH
446.6109523809524	446.6409523809524	6	AH0
446.6409523809524	446.7899523809524	57	M
446.7899523809524	446.8599523809524	29	IH2
446.8599523809524	447.0399523809524	62	S
447.0399523809524	447.1599523809524	54	K
447.1599523809524	447.1989523809524	67	W
447.1989523809524	447.4489523809524	35	OW1
447.4489523809524	447.5289523809524	64	T
447.5289523809524	447.64795238095235	67	W
447.64795238095235	447.6779523809524	6	AH0
447.6779523809524	447.80795238095243	69	Z
447.80795238095243	447.88795238095236	61	R
447.88795238095236	447.9579523809524	31	IY0
447.9579523809524	448.1069523809524	64	T
448.1069523809524	448.2169523809524	61	R
448.2169523809524	448.3669523809524	4	AE1
448.3669523809524	448.4469523809524	54	K
448.4469523809524	448.56595238095235	64	T
448.56595238095235	448.69595238095235	6	AH0
448.69595238095235	448.9159523809524	48	D
448.9159523809524	449.0349523809524	74	sp
449.0349523809524	449.09495238095235	67	W
449.09495238095235	449.1449523809524	28	IH1
449.1449523809524	449.2849523809524	65	TH
449.2849523809524	449.32495238095237	6	AH0
449.32495238095237	449.3949523809524	58	N
449.3949523809524	449.4439523809524	6	AH0
449.4439523809524	449.61395238095236	60	P
449.61395238095236	449.6839523809524	1	AA1
449.6839523809524	449.8339523809524	56	L
449.8339523809524	449.89295238095235	6	AH0
449.89295238095235	450.0429523809524	53	JH
450.0429523809524	450.1629523809524	31	IY0
450.1629523809524	462.0912471655329	74	sp
462.0912471655329	462.12124716553285	49	DH
462.12124716553285	462.17124716553286	6	AH0
462.17124716553286	462.2902471655329	46	B
462.2902471655329	462.50024716553287	1	AA1
462.50024716553287	462.65024716553285	62	S
462.65024716553285	462.6792471655329	64	T
462.6792471655329	462.72924716553285	6	AH0
462.72924716553285	462.8592471655329	58	N
462.8592471655329	462.89924716553287	46	B
462.89924716553287	462.97924716553285	3	AE0
462.97924716553285	463.2182471655329	56	L
463.2182471655329	463.5382471655329	25	EY1
463.5382471655329	463.64724716553286	35	OW1
463.64724716553286	463.7572471655329	66	V
463.7572471655329	463.8672471655329	21	ER0
463.8672471655329	464.0262471655329	54	K
464.0262471655329	464.2062471655329	25	EY1
464.2062471655329	464.3062471655329	57	M
464.3062471655329	464.3462471655329	49	DH
464.3462471655329	464.3962471655329	19	EH1
464.3962471655329	464.43524716553287	61	R
464.43524716553287	464.6052471655329	50	F
464.6052471655329	464.7352471655329	7	AH1
464.7352471655329	464.7852471655329	58	N
464.7852471655329	464.8552471655329	48	D
464.8552471655329	464.92424716553285	27	IH0
464.92424716553285	464.9942471655329	59	NG
464.9942471655329	465.1942471655329	63	SH
465.1942471655329	465.3432471655329	10	AO1
465.3432471655329	465.37324716553286	61	R
465.37324716553286	465.4132471655329	64	T
465.4132471655329	465.49324716553286	6	AH0
465.49324716553286	465.77224716553286	53	JH
465.77224716553286	488.8791836734694	74	sp
488.8791836734694	488.97918367346944	54	K
488.97918367346944	489.0691836734694	13	AW1
489.0691836734694	489.1291836734694	58	N
489.1291836734694	489.16918367346943	64	T
489.16918367346943	489.1991836734694	49	DH
489.1991836734694	489.2281836734694	6	AH0
489.2281836734694	489.3581836734694	58	N
489.3581836734694	489.43818367346944	7	AH1
489.43818367346944	489.5181836734694	57	M
489.5181836734694	489.54818367346945	46	B
489.54818367346945	489.6771836734694	21	ER0
489.6771836734694	489.70718367346944	6	AH0
489.70718367346944	489.7971836734694	66	V
489.7971836734694	489.90718367346943	64	T
489.90718367346943	490.0471836734694	32	IY1
490.0471836734694	490.2561836734694	62	S
490.2561836734694	490.3261836734694	60	P
490.3261836734694	490.3761836734694	45	UW2
490.3761836734694	490.5261836734694	58	N
490.5261836734694	490.5951836734694	69	Z
490.5951836734694	490.62518367346945	6	AH0
490.62518367346945	490.6751836734694	66	V
490.6751836734694	490.8551836734694	62	S
490.8551836734694	491.0141836734694	38	OY1
491.0141836734694	491.2141836734694	62	S
491.2141836734694	491.3841836734694	11	AO2
491.3841836734694	491.54318367346946	62	S
491.54318367346946	491.5931836734694	49	DH
491.5931836734694	491.6431836734694	6	AH0
491.6431836734694	491.7231836734694	64	T
491.7231836734694	491.7831836734694	68	Y
491.7831836734694	491.8821836734694	44	UW1
491.8821836734694	492.30118367346944	4	AE1
492.30118367346944	492.4011836734694	48	D
492.4011836734694	505.04154195011336	74	sp
505.04154195011336	505.0715419501134	49	DH
505.0715419501134	505.1315419501134	6	AH0
505.1315419501134	505.30154195011335	67	W
505.30154195011335	505.3315419501134	28	IH1
505.3315419501134	505.4805419501134	56	L
505.4805419501134	505.5105419501134	6	AH0
505.5105419501134	505.6305419501134	67	W
505.6305419501134	505.70054195011335	31	IY0
505.70054195011335	505.83054195011334	67	W
505.83054195011334	505.8705419501134	41	UH1
505.8705419501134	506.0195419501134	57	M
506.0195419501134	506.0495419501134	6	AH0
506.0495419501134	506.2595419501134	58	N
506.2595419501134	506.35854195011336	67	W
506.35854195011336	506.9275419501134	10	AO1
506.9275419501134	506.9775419501134	61	R
506.9775419501134	507.2065419501134	74	sp
507.2065419501134	507.5765419501134	6	AH0
507.5765419501134	507.94554195011335	74	sp
507.94554195011335	508.05554195011337	57	M
508.05554195011337	508.10454195011334	7	AH1
508.10454195011334	508.2345419501134	62	S
508.2345419501134	508.3045419501134	54	K
508.3045419501134	508.3745419501134	61	R
508.3745419501134	508.4945419501134	5	AE2
508.4945419501134	508.5835419501134	64	T
508.5835419501134	508.7135419501134	54	K
508.7135419501134	508.9535419501134	35	OW1
508.9535419501134	508.9925419501134	64	T
508.9925419501134	520.6145124716553	74	sp
520.6145124716553	520.7435124716553	61	R
520.7435124716553	520.8635124716553	16	AY1
520.8635124716553	520.9135124716553	64	T
520.9135124716553	521.0925124716553	58	N
521.0925124716553	521.4125124716553	13	AW1
521.4125124716553	521.5515124716553	57	M
521.5515124716553	521.6915124716553	25	EY1
521.6915124716553	521.7415124716554	58	N
521.7415124716554	521.8915124716552	1	AA1
521.8915124716552	521.9505124716553	64	T
521.9505124716553	522.0105124716554	46	B
522.0105124716554	522.1605124716552	32	IY1
522.1605124716552	522.1905124716553	49	DH
522.1905124716553	522.2205124716553	6	AH0
522.2205124716553	522.3505124716553	46	B
522.3505124716553	522.4595124716553	19	EH1
522.4595124716553	522.6295124716553	62	S
522.6295124716553	522.6995124716552	64	T
522.6995124716552	522.7295124716553	64	T
522.7295124716553	522.9285124716553	16	AY1
522.9285124716553	523.0185124716553	57	M
523.0185124716553	523.1085124716553	50	F
523.1085124716553	523.1785124716553	21	ER0
523.1785124716553	523.2875124716553	46	B
523.2875124716553	523.4075124716553	28	IH1
523.4075124716553	523.5775124716554	69	Z
523.5775124716554	523.6175124716553	58	N
523.6175124716553	523.6475124716553	6	AH0
523.6475124716553	523.8065124716553	62	S
523.8065124716553	523.8865124716554	57	M
523.8865124716554	524.0665124716553	22	ER1
524.0665124716553	524.1955124716553	53	JH
524.1955124716553	524.3055124716553	21	ER0
524.3055124716553	524.6145124716553	69	Z
524.6145124716553	536.9462131519274	74	sp
536.9462131519274	537.2162131519274	62	S
537.2162131519274	537.4052131519275	16	AY1
537.4052131519275	537.5452131519274	54	K
537.5452131519274	537.5852131519274	56	L
537.5852131519274	537.6152131519274	27	IH0
537.6152131519274	538.6622131519274	54	K
538.6622131519274	538.6922131519274	6	AH0
538.6922131519274	538.9622131519274	56	L
538.9622131519274	539.1912131519274	74	sp
539.1912131519274	539.3712131519273	60	P
539.3712131519273	539.4712131519274	61	R
539.4712131519274	539.5702131519274	35	OW1
539.5702131519274	539.6502131519275	51	G
539.6502131519275	539.8602131519274	61	R
539.8602131519274	540.0092131519274	5	AE2
540.0092131519274	540.1892131519274	57	M
540.1892131519274	540.3292131519274	69	Z
540.3292131519274	540.3792131519274	74	sp
540.3792131519274	540.4182131519274	67	W
540.4182131519274	540.4482131519273	28	IH1
540.4482131519273	540.4782131519274	56	L
540.4782131519274	540.6182131519274	58	N
540.6182131519274	540.7082131519275	19	EH1
540.7082131519275	540.7882131519274	66	V
540.7882131519274	540.8972131519274	21	ER0
540.8972131519274	540.9572131519274	54	K
540.9572131519274	541.0072131519274	6	AH0
541.0072131519274	541.0872131519274	57	M
541.0872131519274	541.2172131519274	60	P
541.2172131519274	541.2772131519274	56	L
541.2772131519274	541.5962131519274	16	AY1
541.5962131519274	553.460589569161	74	sp
553.460589569161	553.639589569161	10	AO1
553.639589569161	553.669589569161	61	R
553.669589569161	553.6995895691609	6	AH0
553.6995895691609	553.729589569161	58	N
553.729589569161	553.879589569161	53	JH
553.879589569161	553.9785895691609	53	JH
553.9785895691609	554.108589569161	44	UW1
554.108589569161	554.268589569161	62	S
554.268589569161	554.368589569161	64	T
554.368589569161	554.477589569161	25	EY1
554.477589569161	554.667589569161	62	S
554.667589569161	554.707589569161	64	T
554.707589569161	554.737589569161	62	S
554.737589569161	554.767589569161	50	F
554.767589569161	554.8865895691611	7	AH1
554.8865895691611	554.946589569161	58	N
554.946589569161	555.056589569161	31	IY0
555.056589569161	555.196589569161	4	AE1
555.196589569161	555.275589569161	50	F
555.275589569161	555.345589569161	64	T
555.345589569161	555.405589569161	21	ER0
555.405589569161	555.525589569161	64	T
555.525589569161	555.635589569161	44	UW1
555.635589569161	555.734589569161	65	TH
555.734589569161	555.874589569161	60	P
555.874589569161	556.0745895691609	26	EY2
556.0745895691609	556.333589569161	62	S
556.333589569161	556.393589569161	64	T
556.393589569161	569.439455782313	74	sp
569.439455782313	569.48096372321	49	DH
569.48096372321	569.6104684988089	7	AH1
569.6104684988089	569.7499351802231	18	EH0
569.7499351802231	569.9973225079698	62	S
569.9973225079698	570.3112517270781	25	EY1
570.3112517270781	570.4402517270781	8	AH2
570.4402517270781	570.5202517270782	58	N
570.5202517270782	570.5802517270781	48	D
570.5802517270781	570.6202517270781	6	AH0
570.6202517270781	570.7402517270782	58	N
570.7402517270782	570.9892517270781	16	AY1
570.9892517270781	571.0392517270782	6	AH0
571.0392517270782	571.1192517270781	46	B
571.1192517270781	571.1892517270782	56	L
571.1892517270782	571.2682517270781	31	IY0
571.2682517270781	571.3682517270781	61	R
571.3682517270781	571.3982517270781	6	AH0
571.3982517270781	571.5982517270781	50	F
571.5982517270781	571.6582517270781	56	L
571.6582517270781	571.7472517270782	19	EH1
571.7472517270782	571.8472517270782	54	K
571.8472517270782	571.9572517270781	62	S
571.9572517270781	572.0672517270782	1	AA1
572.0672517270782	572.1462517270782	61	R
572.1462517270782	572.2162517270781	66	V
572.2162517270781	572.4262517270781	68	Y
572.4262517270781	572.7052517270781	44	UW1
572.7052517270781	572.7552517270781	6	AH0
572.7552517270781	572.8552517270781	46	B
572.8552517270781	572.9352517270781	28	IH1
572.9352517270781	573.1042517270781	56	L
573.1042517270781	573.1442517270782	6	AH0
573.1442517270782	573.1942517270782	64	T
573.1942517270782	573.3842517270781	31	IY0
573.3842517270781	586.6884353741497	74	sp
586.6884353741497	586.7484353741497	52	HH
586.7484353741497	586.7984353741497	19	EH1
586.7984353741497	586.9774353741496	56	L
586.9774353741496	587.0074353741496	60	P
587.0074353741496	587.0774353741497	74	sp
587.0774353741497	587.1474353741496	51	G
587.1474353741496	587.2774353741497	61	R
587.2774353741497	587.3364353741497	19	EH1
587.3364353741497	587.4264353741496	51	G
587.4264353741496	587.5364353741496	64	T
587.5364353741496	587.5664353741497	6	AH0
587.5664353741497	587.5964353741497	74	sp
587.5964353741497	587.6764353741496	60	P
587.6764353741496	587.7164353741497	28	IH1
587.7164353741497	587.7954353741496	54	K
587.7954353741496	587.8254353741497	6	AH0
587.8254353741497	587.9954353741497	60	P
587.9954353741497	588.0654353741497	19	EH1
588.0654353741497	588.1854353741496	54	K
588.1854353741496	588.2244353741496	6	AH0
588.2244353741496	588.2744353741497	66	V
588.2744353741497	588.3744353741497	60	P
588.3744353741497	588.4144353741497	6	AH0
588.4144353741497	589.2224353741497	64	T
589.2224353741497	589.3924353741497	25	EY1
589.3924353741497	589.4824353741496	64	T
589.4824353741496	589.7314353741497	34	OW0
589.7314353741497	589.9804353741497	69	Z
589.9804353741497	602.5860317460317	74	sp
602.5860317460317	602.6160317460317	49	DH
602.6160317460317	602.6860317460317	6	AH0
602.6860317460317	602.8160317460317	57	M
602.8160317460317	602.8860317460317	28	IH1
602.8860317460317	603.0450317460318	62	S
603.0450317460318	603.1650317460317	60	P
603.1650317460317	603.2450317460317	61	R
603.2450317460317	603.2750317460318	28	IH1
603.2750317460318	603.3740317460317	58	N
603.3740317460317	603.4040317460317	64	T
603.4040317460317	603.5240317460317	60	P
603.5240317460317	603.5940317460318	61	R
603.5940317460318	603.6240317460317	6	AH0
603.6240317460317	603.7440317460317	66	V
603.7440317460317	603.9630317460317	35	OW1
603.9630317460317	604.0230317460317	54	K
604.0230317460317	604.1230317460318	64	T
604.1230317460318	604.1730317460317	6	AH0
604.1730317460317	604.2420317460317	58	N
604.2420317460317	604.2820317460317	29	IH2
604.2820317460317	604.4320317460317	57	M
604.4320317460317	604.5520317460317	32	IY1
604.5520317460317	604.5920317460318	48	D
604.5920317460318	604.7310317460317	31	IY0
604.7310317460317	604.7810317460317	6	AH0
604.7810317460317	604.8210317460317	64	T
604.8210317460317	604.8610317460317	74	sp
604.8610317460317	604.9210317460318	48	D
604.9210317460318	604.9810317460317	29	IH2
604.9810317460317	605.1110317460317	62	S
605.1110317460317	605.2800317460317	54	K
605.2800317460317	605.3700317460317	56	L
605.3700317460317	605.4900317460317	25	EY1
605.4900317460317	605.5690317460317	57	M
605.5690317460317	605.7692290517246	21	ER0
605.7692290517246	618.3554648526077	74	sp
618.3554648526077	618.4354648526078	6	AH0
618.4354648526078	618.5354648526077	46	B
618.5354648526077	618.7354648526077	10	AO1
618.7354648526077	618.8144648526077	61	R
618.8144648526077	618.8744648526077	27	IH0
618.8744648526077	618.9644648526078	59	NG
618.9644648526078	619.0044648526077	58	N
619.0044648526077	619.2234648526077	1	AA1
619.2234648526077	619.3634648526076	66	V
619.3634648526076	619.4034648526077	6	AH0
619.4034648526077	619.4534648526077	56	L
619.4534648526077	619.4834648526078	6	AH0
619.4834648526078	619.6334648526077	69	Z
619.6334648526077	619.6624648526077	6	AH0
619.6624648526077	619.6924648526077	19	EH1
619.6924648526077	619.8624648526077	62	S
619.8624648526077	620.1514648526077	62	S
620.1514648526077	620.1814648526077	40	UH0
620.1814648526077	620.2314648526077	60	P
620.2314648526077	620.4814648526077	22	ER1
620.4814648526077	620.5404648526077	46	B
620.5404648526077	620.7404648526077	62	S
620.7404648526077	620.8004648526078	56	L
620.8004648526078	620.9104648526077	32	IY1
620.9104648526077	620.9994648526077	60	P
620.9994648526077	621.0394648526077	27	IH0
621.0394648526077	621.1094648526077	59	NG
621.1094648526077	621.2794648526077	62	S
621.2794648526077	621.3294648526078	60	P
621.3294648526078	621.5584648526077	28	IH1
621.5584648526077	621.6784648526077	56	L
621.6784648526077	634.5413151927438	74	sp
634.5413151927438	634.5813151927438	46	B
634.5813151927438	634.7403151927438	4	AE1
634.7403151927438	634.8203151927438	51	G
634.8203151927438	635.0103151927437	60	P
635.0103151927437	635.4093151927439	17	AY2
635.4093151927439	635.9473151927438	60	P
635.9473151927438	636.2173151927439	62	S
636.2173151927439	636.3373151927437	74	sp
636.3373151927437	636.4563151927438	6	AH0
636.4563151927438	636.5663151927438	58	N
636.5663151927438	636.5963151927438	48	D
636.5963151927438	636.6363151927438	46	B
636.6363151927438	636.8453151927438	1	AA1
636.8453151927438	636.9453151927438	59	NG
636.9453151927438	637.0453151927438	51	G
637.0453151927438	637.2253151927438	36	OW2
637.2253151927438	637.3043151927438	69	Z
637.3043151927438	637.3643151927438	21	ER0
637.3643151927438	637.4743151927438	57	M
637.4743151927438	637.5343151927439	68	Y
637.5343151927439	637.5843151927438	44	UW1
637.5843151927438	637.7233151927438	69	Z
637.7233151927438	637.7533151927438	27	IH0
637.7533151927438	637.8133151927439	54	K
637.8133151927439	637.8433151927438	6	AH0
637.8433151927438	637.9433151927439	56	L
637.9433151927439	638.0233151927438	28	IH1
638.0233151927438	638.0833151927438	58	N
638.0833151927438	638.2423151927438	62	S
638.2423151927438	638.3023151927438	64	T
638.3023151927438	638.3423151927439	61	R
638.3423151927439	638.3723151927438	6	AH0
638.3723151927438	638.5223151927438	57	M
638.5223151927438	638.5523151927438	6	AH0
638.5523151927438	638.5913151927438	58	N
638.5913151927438	638.6213151927439	64	T
638.6213151927439	638.8513151927439	62	S
638.8513151927439	644.3307029478458	74	sp
