3.065	3.155	6	AH0
3.155	3.295	48	D
3.295	3.374	28	IH1
3.374	3.584	63	SH
3.584	3.614	6	AH0
3.614	3.654	58	N
3.654	3.684	6	AH0
3.684	3.753	58	N
3.753	3.783	48	D
3.783	3.883	62	S
3.883	3.953	6	AH0
3.953	4.023	46	B
4.023	4.083	64	T
4.083	4.133	61	R
4.133	4.312	4	AE1
4.312	4.402	54	K
4.402	4.691	63	SH
4.691	4.841	6	AH0
4.841	5.07	58	N
5.07	5.39	74	sp
5.39	5.609	21	ER0
5.609	5.689	56	L
5.689	5.879	22	ER1
5.879	5.939	58	N
5.939	5.968	48	D
5.968	6.248	62	S
6.248	6.318	54	K
6.318	6.457	28	IH1
6.457	6.627	56	L
6.627	6.866	69	Z
6.866	14.619	73	ns
14.619	14.689	52	HH
14.689	14.778	13	AW1
14.778	14.918	57	M
14.918	14.998	7	AH1
14.998	15.158	47	CH
15.158	15.197	6	AH0
15.197	15.357	56	L
15.357	15.577	13	AW1
15.577	15.666	6	AH0
15.666	15.726	58	N
15.726	15.886	62	S
15.886	15.946	48	D
15.946	15.986	44	UW1
15.986	16.115	68	Y
16.115	16.175	44	UW1
16.175	16.215	74	sp
16.215	16.295	51	G
16.295	16.564	28	IH1
16.564	16.694	64	T
16.694	20.795	73	ns
20.795	27.998	73	ns
27.998	28.268	62	S
28.268	28.457	16	AY1
28.457	28.597	54	K
28.597	28.637	56	L
28.637	28.667	27	IH0
28.667	29.714	54	K
29.714	29.744	6	AH0
29.744	30.014	56	L
30.014	30.243	74	sp
30.243	30.423	60	P
30.423	30.523	61	R
30.523	30.622	35	OW1
30.622	30.702	51	G
30.702	30.912	61	R
30.912	31.061	5	AE2
31.061	31.241	57	M
31.241	31.381	69	Z
31.381	31.431	74	sp
31.431	31.47	67	W
31.47	31.5	28	IH1
31.5	31.53	56	L
31.53	31.67	58	N
31.67	31.76	19	EH1
31.76	31.84	66	V
31.84	31.949	21	ER0
31.949	32.009	54	K
32.009	32.059	6	AH0
32.059	32.139	57	M
32.139	32.269	60	P
32.269	32.329	56	L
32.329	32.648	16	AY1
32.648	39.921	73	ns
39.921	46.726	73	ns
46.726	46.756	49	DH
46.756	46.806	6	AH0
46.806	46.925	46	B
46.925	47.135	1	AA1
47.135	47.285	62	S
47.285	47.314	64	T
47.314	47.364	6	AH0
47.364	47.494	58	N
47.494	47.534	46	B
47.534	47.614	3	AE0
47.614	47.853	56	L
47.853	48.173	25	EY1
48.173	48.282	35	OW1
48.282	48.392	66	V
48.392	48.502	21	ER0
48.502	48.661	54	K
48.661	48.841	25	EY1
48.841	48.941	57	M
48.941	48.981	49	DH
48.981	49.031	19	EH1
49.031	49.07	61	R
49.07	49.24	50	F
49.24	49.37	7	AH1
49.37	49.42	58	N
49.42	49.49	48	D
49.49	49.559	27	IH0
49.559	49.629	59	NG
49.629	49.829	63	SH
49.829	49.978	10	AO1
49.978	50.008	61	R
50.008	50.048	64	T
50.048	50.128	6	AH0
50.128	50.407	53	JH
50.407	54.708	73	ns
54.708	62.5	73	ns
62.5	62.67	19	EH1
62.67	62.779	66	V
62.779	62.849	61	R
62.849	62.939	31	IY0
62.939	63.099	54	K
63.099	63.338	4	AE1
63.338	63.368	46	B
63.368	63.488	58	N
63.488	63.707	32	IY1
63.707	63.737	48	D
63.737	63.827	69	Z
63.827	63.917	61	R
63.917	63.997	31	IY0
63.997	64.106	60	P
64.106	64.316	25	EY1
64.316	64.356	58	N
64.356	64.416	64	T
64.416	64.465	27	IH0
64.465	64.575	59	NG
64.575	64.745	10	AO1
64.745	64.895	50	F
64.895	64.944	64	T
64.944	65.014	6	AH0
65.014	65.074	58	N
65.074	69.624	73	ns
69.624	77.017	73	ns
77.017	77.077	52	HH
77.077	77.127	19	EH1
77.127	77.306	56	L
77.306	77.336	60	P
77.336	77.406	74	sp
77.406	77.476	51	G
77.476	77.606	61	R
77.606	77.665	19	EH1
77.665	77.755	51	G
77.755	77.865	64	T
77.865	77.895	6	AH0
77.895	77.925	74	sp
77.925	78.005	60	P
78.005	78.045	28	IH1
78.045	78.124	54	K
78.124	78.154	6	AH0
78.154	78.324	60	P
78.324	78.394	19	EH1
78.394	78.514	54	K
78.514	78.553	6	AH0
78.553	78.603	66	V
78.603	78.703	60	P
78.703	78.743	6	AH0
78.743	79.551	64	T
79.551	79.721	25	EY1
79.721	79.811	64	T
79.811	80.06	34	OW0
80.06	80.309	69	Z
80.309	84.37	73	ns
84.37	92.612	73	ns
92.612	92.681	67	W
92.681	92.761	32	IY1
92.761	92.821	56	L
92.821	92.951	16	AY1
92.951	93.041	54	K
93.041	93.12	74	sp
93.12	93.18	46	B
93.18	93.24	56	L
93.24	93.35	44	UW1
93.35	93.599	47	CH
93.599	93.859	32	IY1
93.859	93.968	69	Z
93.968	93.998	74	sp
93.998	94.038	46	B
94.038	94.138	7	AH1
94.138	94.248	64	T
94.248	94.278	66	V
94.278	94.348	28	IH1
94.348	94.417	54	K
94.417	94.487	64	T
94.487	94.537	21	ER0
94.537	94.627	56	L
94.627	94.757	16	AY1
94.757	94.836	54	K
94.836	94.986	62	S
94.986	95.066	74	sp
95.066	95.096	46	B
95.096	95.236	61	R
95.236	95.445	32	IY1
95.445	99.725	73	ns
99.725	107.248	73	ns
107.248	107.348	54	K
107.348	107.438	13	AW1
107.438	107.498	58	N
107.498	107.538	64	T
107.538	107.568	49	DH
107.568	107.597	6	AH0
107.597	107.727	58	N
107.727	107.807	7	AH1
107.807	107.887	57	M
107.887	107.917	46	B
107.917	108.046	21	ER0
108.046	108.076	6	AH0
108.076	108.166	66	V
108.166	108.276	64	T
108.276	108.416	32	IY1
108.416	108.625	62	S
108.625	108.695	60	P
108.695	108.745	45	UW2
108.745	108.895	58	N
108.895	108.964	69	Z
108.964	108.994	6	AH0
108.994	109.044	66	V
109.044	109.224	62	S
109.224	109.383	38	OY1
109.383	109.583	62	S
109.583	109.753	11	AO2
109.753	109.912	62	S
109.912	109.962	49	DH
109.962	110.012	6	AH0
110.012	110.092	64	T
110.092	110.152	68	Y
110.152	110.251	44	UW1
110.251	110.67	4	AE1
110.67	110.77	48	D
110.77	114.821	73	ns
114.821	122.923	73	ns
122.923	122.963	46	B
122.963	123.122	4	AE1
123.122	123.202	51	G
123.202	123.392	60	P
123.392	123.791	17	AY2
123.791	124.329	60	P
124.329	124.599	62	S
124.599	124.719	74	sp
124.719	124.838	6	AH0
124.838	124.948	58	N
124.948	124.978	48	D
124.978	125.018	46	B
125.018	125.227	1	AA1
125.227	125.327	59	NG
125.327	125.427	51	G
125.427	125.607	36	OW2
125.607	125.686	69	Z
125.686	125.746	21	ER0
125.746	125.856	57	M
125.856	125.916	68	Y
125.916	125.966	44	UW1
125.966	126.105	69	Z
126.105	126.135	27	IH0
126.135	126.195	54	K
126.195	126.225	6	AH0
126.225	126.325	56	L
126.325	126.405	28	IH1
126.405	126.465	58	N
126.465	126.624	62	S
126.624	126.684	64	T
126.684	126.724	61	R
126.724	126.754	6	AH0
126.754	126.904	57	M
126.904	126.934	6	AH0
126.934	126.973	58	N
126.973	127.003	64	T
127.003	127.233	62	S
127.233	139.784	73	ns
139.784	139.89191791651024	52	HH
139.89191791651024	140.16166076790049	13	AW1
140.16166076790049	140.20959652676464	51	G
140.20959652676464	140.37811876680678	41	UH1
140.37811876680678	140.43063222491358	48	D
140.43063222491358	140.50574111574505	28	IH1
140.50574111574505	140.59666398850192	69	Z
140.59666398850192	140.6551480259198	68	Y
140.6551480259198	140.7841346568373	22	ER1
140.7841346568373	140.83466951644826	6	AH0
140.83466951644826	140.86870602798388	58	N
140.86870602798388	140.89029015725035	48	D
140.89029015725035	141.04303937975163	22	ER1
141.04303937975163	141.23065527260644	6	AH0
141.23065527260644	141.34770766593618	58	N
141.34770766593618	141.62276054157428	62	S
141.62276054157428	151.96320405523483	74	sp
151.96320405523483	152.0047119961319	49	DH
152.0047119961319	152.13421677173082	7	AH1
152.13421677173082	152.273683453145	18	EH0
152.273683453145	152.52107078089162	62	S
152.52107078089162	152.835	25	EY1
152.835	152.964	8	AH2
152.964	153.044	58	N
153.044	153.104	48	D
153.104	153.144	6	AH0
153.144	153.264	58	N
153.264	153.513	16	AY1
153.513	153.563	6	AH0
153.563	153.643	46	B
153.643	153.713	56	L
153.713	153.792	31	IY0
153.792	153.892	61	R
153.892	153.922	6	AH0
153.922	154.122	50	F
154.122	154.182	56	L
154.182	154.271	19	EH1
154.271	154.371	54	K
154.371	154.481	62	S
154.481	154.591	1	AA1
154.591	154.67	61	R
154.67	154.74	66	V
154.74	154.95	68	Y
154.95	155.229	44	UW1
155.229	155.279	6	AH0
155.279	155.379	46	B
155.379	155.459	28	IH1
155.459	155.628	56	L
155.628	155.668	6	AH0
155.668	155.718	64	T
155.718	155.908	31	IY0
168.778	168.858	6	AH0
168.858	168.958	46	B
168.958	169.158	10	AO1
169.158	169.237	61	R
169.237	169.297	27	IH0
169.297	169.387	59	NG
169.387	169.427	58	N
169.427	169.646	1	AA1
169.646	169.786	66	V
169.786	169.826	6	AH0
169.826	169.876	56	L
169.876	169.906	6	AH0
169.906	170.056	69	Z
170.056	170.085	6	AH0
170.085	170.115	19	EH1
170.115	170.285	62	S
170.285	170.574	62	S
170.574	170.604	40	UH0
170.604	170.654	60	P
170.654	170.904	22	ER1
170.904	170.963	46	B
170.963	171.163	62	S
171.163	171.223	56	L
171.223	171.333	32	IY1
171.333	171.422	60	P
171.422	171.462	27	IH0
171.462	171.532	59	NG
171.532	171.702	62	S
171.702	171.752	60	P
171.752	171.981	28	IH1
171.981	172.101	56	L
172.101	172.36	74	sp
172.36	172.48	60	P
172.48	172.61	28	IH1
172.61	172.759	56	L
172.759	177.479	73	ns
177.479	185.85	73	ns
185.85	186.029	10	AO1
186.029	186.059	61	R
186.059	186.089	6	AH0
186.089	186.119	58	N
186.119	186.269	53	JH
186.269	186.368	53	JH
186.368	186.498	44	UW1
186.498	186.658	62	S
186.658	186.758	64	T
186.758	186.867	25	EY1
186.867	187.057	62	S
187.057	187.097	64	T
187.097	187.127	62	S
187.127	187.157	50	F
187.157	187.276	7	AH1
187.276	187.336	58	N
187.336	187.446	31	IY0
187.446	187.586	4	AE1
187.586	187.665	50	F
187.665	187.735	64	T
187.735	187.795	21	ER0
187.795	187.915	64	T
187.915	188.025	44	UW1
188.025	188.124	65	TH
188.124	188.264	60	P
188.264	188.464	26	EY2
188.464	188.723	62	S
188.723	188.783	64	T
188.783	192.584	73	ns
192.584	200.905	73	ns
200.905	200.935	49	DH
200.935	200.995	6	AH0
200.995	201.165	67	W
201.165	201.195	28	IH1
201.195	201.344	56	L
201.344	201.374	6	AH0
201.374	201.494	67	W
201.494	201.564	31	IY0
201.564	201.694	67	W
201.694	201.734	41	UH1
201.734	201.883	57	M
201.883	201.913	6	AH0
201.913	202.123	58	N
202.123	202.222	67	W
202.222	202.791	10	AO1
202.791	202.841	61	R
202.841	203.07	74	sp
203.07	203.44	6	AH0
203.44	203.809	74	sp
203.809	203.919	57	M
203.919	203.968	7	AH1
203.968	204.098	62	S
204.098	204.168	54	K
204.168	204.238	61	R
204.238	204.358	5	AE2
204.358	204.447	64	T
204.447	204.577	54	K
204.577	204.817	35	OW1
204.817	204.856	64	T
204.856	209.815	73	ns
209.815	219.603	73	ns
219.603	219.633	49	DH
219.633	219.663	6	AH0
219.663	219.812	57	M
219.812	219.882	29	IH2
219.882	220.062	62	S
220.062	220.182	54	K
220.182	220.221	67	W
220.221	220.471	35	OW1
220.471	220.551	64	T
220.551	220.67	67	W
220.67	220.7	6	AH0
220.7	220.83	69	Z
220.83	220.91	61	R
220.91	220.98	31	IY0
220.98	221.129	64	T
221.129	221.239	61	R
221.239	221.389	4	AE1
221.389	221.469	54	K
221.469	221.588	64	T
221.588	221.718	6	AH0
221.718	221.938	48	D
221.938	222.057	74	sp
222.057	222.117	67	W
222.117	222.167	28	IH1
222.167	222.307	65	TH
222.307	222.347	6	AH0
222.347	222.417	58	N
222.417	222.466	6	AH0
222.466	222.636	60	P
222.636	222.706	1	AA1
222.706	222.856	56	L
222.856	222.915	6	AH0
222.915	223.065	53	JH
223.065	223.185	31	IY0
238.719	238.919	16	AY1
238.919	239.099	53	JH
239.099	239.188	6	AH0
239.188	239.777	62	S
239.777	239.807	64	T
239.807	240.226	74	sp
240.226	240.525	62	S
240.525	240.795	10	AO1
240.795	241.004	53	JH
241.004	241.124	28	IH1
241.124	241.373	57	M
241.373	241.493	74	sp
241.493	242.182	58	N
242.182	242.361	28	IH1
242.361	242.421	61	R
242.421	242.581	49	DH
242.581	242.621	6	AH0
242.621	242.79	58	N
242.79	243.07	44	UW1
243.07	243.139	2	AA2
243.139	243.289	61	R
243.289	243.349	54	K
243.349	243.399	31	IY0
243.399	243.429	6	AH0
243.429	243.568	56	L
243.568	243.718	1	AA1
243.718	243.838	53	JH
243.838	243.868	27	IH0
243.868	243.898	54	K
243.898	243.928	6	AH0
243.928	243.987	56	L
243.987	244.067	57	M
244.067	244.097	68	Y
244.097	244.147	44	UW1
244.147	244.287	69	Z
244.287	244.486	31	IY0
244.486	244.516	6	AH0
244.516	244.64725721805962	57	M
244.64725721805962	251.76	73	ns
251.76	251.939	74	sp
251.939	262.017	73	ns
262.017	262.146	61	R
262.146	262.266	16	AY1
262.266	262.316	64	T
262.316	262.495	58	N
262.495	262.815	13	AW1
262.815	262.954	57	M
262.954	263.094	25	EY1
263.094	263.144	58	N
263.144	263.294	1	AA1
263.294	263.353	64	T
263.353	263.413	46	B
263.413	263.563	32	IY1
263.563	263.593	49	DH
263.593	263.623	6	AH0
263.623	263.753	46	B
263.753	263.862	19	EH1
263.862	264.032	62	S
264.032	264.102	64	T
264.102	264.132	64	T
264.132	264.331	16	AY1
264.331	264.421	57	M
264.421	264.511	50	F
264.511	264.581	21	ER0
264.581	264.69	46	B
264.69	264.81	28	IH1
264.81	264.98	69	Z
264.98	265.02	58	N
265.02	265.05	6	AH0
265.05	265.209	62	S
265.209	265.289	57	M
265.289	265.469	22	ER1
265.469	265.598	53	JH
265.598	265.708	21	ER0
265.708	266.017	69	Z
266.017	270.198	73	ns
270.198	279.726	73	ns
279.726	279.756	49	DH
279.756	279.826	6	AH0
279.826	279.956	57	M
279.956	280.026	28	IH1
280.026	280.185	62	S
280.185	280.305	60	P
280.305	280.385	61	R
280.385	280.415	28	IH1
280.415	280.514	58	N
280.514	280.544	64	T
280.544	280.664	60	P
280.664	280.734	61	R
280.734	280.764	6	AH0
280.764	280.884	66	V
280.884	281.103	35	OW1
281.103	281.163	54	K
281.163	281.263	64	T
281.263	281.313	6	AH0
281.313	281.382	58	N
281.382	281.422	29	IH2
281.422	281.572	57	M
281.572	281.692	32	IY1
281.692	281.732	48	D
281.732	281.871	31	IY0
281.871	281.921	6	AH0
281.921	281.961	64	T
281.961	282.001	74	sp
282.001	282.061	48	D
282.061	282.121	29	IH2
282.121	282.251	62	S
282.251	282.42	54	K
282.42	282.51	56	L
282.51	282.63	25	EY1
282.63	282.709	57	M
282.709	282.9091973056929	21	ER0
282.9091973056929	288.446	73	ns
288.446	296.109	73	ns
296.109	296.189	49	DH
296.189	296.289	25	EY1
296.289	296.478	10	AO1
296.478	296.508	56	L
296.508	296.538	6	AH0
296.538	296.618	58	N
296.618	296.718	53	JH
296.718	296.917	38	OY1
296.917	297.197	16	AY1
297.197	297.356	62	S
297.356	297.446	54	K
297.446	297.516	61	R
297.516	297.556	32	IY1
297.556	297.636	57	M
297.636	297.805	62	S
297.805	297.905	7	AH1
297.905	298.005	58	N
298.005	298.075	48	D
298.075	298.324	26	EY2
298.324	298.613	69	Z
298.613	302.006	73	ns
302.006	308.561	73	ns
308.561	308.621	48	D
308.621	308.91	44	UW1
308.91	309.03	24	EY0
309.03	309.209	64	T
309.209	309.239	28	IH1
309.239	309.349	60	P
309.349	309.389	27	IH0
309.389	309.479	54	K
309.479	309.509	6	AH0
309.509	309.548	56	L
309.548	309.718	50	F
309.718	309.858	1	AA1
309.858	309.888	61	R
309.888	309.997	57	M
309.997	310.147	21	ER0
310.147	310.317	69	Z
310.317	310.417	74	sp
310.417	310.456	51	G
310.456	310.606	61	R
310.606	310.846	35	OW1
310.846	311.155	74	sp
311.155	311.424	35	OW1
311.424	311.524	64	T
311.524	311.823	62	S
