245.9466875	246.0166875	67	W	46
246.0166875	246.08668749999998	32	IY1	46
246.08668749999998	246.14668749999998	56	L	46
246.14668749999998	246.2566875	16	AY1	46
246.2566875	246.3166875	54	K	46
246.3166875	246.40668749999998	46	B	46
246.40668749999998	246.49668749999998	56	L	46
246.49668749999998	246.61668749999998	44	UW1	46
246.61668749999998	246.77668749999998	47	CH	46
246.77668749999998	246.9566875	32	IY1	46
246.9566875	247.0666875	69	Z	46
247.0666875	247.1266875	46	B	46
247.1266875	247.2066875	7	AH1	46
247.2066875	247.24668749999998	64	T	46
247.24668749999998	247.40668749999998	66	V	46
247.40668749999998	247.47668749999997	28	IH1	46
247.47668749999997	247.5466875	54	K	46
247.5466875	247.60668749999996	64	T	46
247.60668749999996	247.6966875	21	ER0	46
247.6966875	247.80668749999998	56	L	46
247.80668749999998	247.89668749999998	16	AY1	46
247.89668749999998	247.9366875	54	K	46
247.9366875	248.0466875	62	S	46
248.0466875	248.0766875	46	B	46
248.0766875	248.1966875	61	R	46
248.1966875	248.3766875	32	IY1	46
255.7333125	255.8333125	19	EH1	44
255.8333125	255.9233125	66	V	44
255.9233125	256.0133125	61	R	44
256.0133125	256.08331250000003	31	IY0	44
256.08331250000003	256.20331250000004	54	K	44
256.20331250000004	256.4233125	4	AE1	44
256.4233125	256.4733125	46	B	44
256.4733125	256.5633125	58	N	44
256.5633125	256.70331250000004	32	IY1	44
256.70331250000004	256.7333125	48	D	44
256.7333125	256.7833125	69	Z	44
256.7833125	256.8633125	61	R	44
256.8633125	256.89331250000004	6	AH0	44
256.89331250000004	257.0033125	60	P	44
257.0033125	257.0933125	19	EH1	44
257.0933125	257.1733125	61	R	44
257.1733125	257.21331250000003	27	IH0	44
257.21331250000003	257.2933125	59	NG	44
257.2933125	257.4333125	10	AO1	44
257.4333125	257.5333125	50	F	44
257.5333125	257.6033125	64	T	44
257.6033125	257.64331250000004	6	AH0	44
257.64331250000004	257.7533125	58	N	44
265.4898125	265.5397416461385	52	HH	41
265.5397416461385	265.6038892477204	13	AW1	41
265.6038892477204	265.6654194190508	57	M	41
265.6654194190508	265.7272915534076	7	AH1	41
265.7272915534076	265.81803291748383	47	CH	41
265.81803291748383	265.89150607703255	6	AH0	41
265.89150607703255	265.98431427856775	56	L	41
265.98431427856775	266.11965957247327	13	AW1	41
266.11965957247327	266.26273888317337	6	AH0	41
266.26273888317337	266.30140896714636	58	N	41
266.30140896714636	266.41935272326407	62	S	41
266.41935272326407	266.4676903282303	48	D	41
266.4676903282303	266.5546980171696	44	UW1	41
266.5546980171696	266.5875675885466	68	Y	41
266.5875675885466	266.6668412606913	44	UW1	41
266.6668412606913	266.73451390764404	51	G	41
266.73451390764404	266.9239973191118	19	EH1	41
266.9239973191118	266.97233492407804	64	T	41
277.38	277.47	6	AH0	51
277.47	277.6	46	B	51
277.6	277.75	10	AO1	51
277.75	277.8	61	R	51
277.8	277.83000000000004	27	IH0	51
277.83000000000004	277.92	59	NG	51
277.92	277.96000000000004	58	N	51
277.96000000000004	278.14	1	AA1	51
278.14	278.21000000000004	66	V	51
278.21000000000004	278.24	6	AH0	51
278.24	278.42	56	L	51
278.42	278.48	28	IH1	51
278.48	278.61	69	Z	51
278.61	278.65	6	AH0	51
278.65	278.83000000000004	62	S	51
278.83000000000004	278.86	40	UH0	51
278.86	279.01	60	P	51
279.01	279.17	22	ER1	51
279.17	279.21000000000004	46	B	51
279.21000000000004	279.39	62	S	51
279.39	279.42	56	L	51
279.42	279.48	32	IY1	51
279.48	279.54	60	P	51
279.54	279.59000000000003	27	IH0	51
279.59000000000003	279.68	59	NG	51
279.68	279.72	60	P	51
279.72	279.77	28	IH1	51
279.77	279.89	56	L	51
287.6314375	287.6714375	49	DH	43
287.6714375	287.7114375	6	AH0	43
287.7114375	287.8414375	46	B	43
287.8414375	288.0014375	1	AA1	43
288.0014375	288.1214375	62	S	43
288.1214375	288.1714375	64	T	43
288.1714375	288.2114375	6	AH0	43
288.2114375	288.29143750000003	58	N	43
288.29143750000003	288.3514375	46	B	43
288.3514375	288.3814375	3	AE0	43
288.3814375	288.6014375	56	L	43
288.6014375	288.8614375	25	EY1	43
288.8614375	289.0614375	35	OW1	43
289.0614375	289.1214375	66	V	43
289.1214375	289.2414375	21	ER0	43
289.2414375	289.3514375	54	K	43
289.3514375	289.5114375	25	EY1	43
289.5114375	289.6414375	57	M	43
289.6414375	289.7114375	49	DH	43
289.7114375	289.7614375	19	EH1	43
289.7614375	289.8014375	61	R	43
289.8014375	289.9314375	50	F	43
289.9314375	289.9914375	7	AH1	43
289.9914375	290.04143750000003	58	N	43
290.04143750000003	290.0814375	48	D	43
290.0814375	290.1114375	27	IH0	43
290.1114375	290.1914375	59	NG	43
290.1914375	290.3114375	63	SH	43
290.3114375	290.3914375	10	AO1	43
290.3914375	290.4214375	61	R	43
290.4214375	290.4914375	64	T	43
290.4914375	290.5214375	6	AH0	43
290.5214375	290.8714375	53	JH	43
307.87625	307.9829391069976	54	K	47
307.9829391069976	308.08293910699757	13	AW1	47
308.08293910699757	308.15293910699756	58	N	47
308.15293910699756	308.1829391069976	64	T	47
308.1829391069976	308.21293910699757	49	DH	47
308.21293910699757	308.2429391069976	6	AH0	47
308.2429391069976	308.3529391069976	58	N	47
308.3529391069976	308.41293910699756	7	AH1	47
308.41293910699756	308.5029391069976	57	M	47
308.5029391069976	308.54293910699755	46	B	47
308.54293910699755	308.7629391069976	21	ER0	47
308.7629391069976	308.8829391069976	7	AH1	47
308.8829391069976	308.9329391069976	66	V	47
308.9329391069976	308.96293910699757	74	sp	47
308.96293910699757	309.1029391069976	64	T	47
309.1029391069976	309.1829391069976	32	IY1	47
309.1829391069976	309.27293910699757	62	S	47
309.27293910699757	309.3229391069976	60	P	47
309.3229391069976	309.4229391069976	45	UW2	47
309.4229391069976	309.5029391069976	58	N	47
309.5029391069976	309.5929391069976	69	Z	47
309.5929391069976	309.6329391069976	6	AH0	47
309.6329391069976	309.66293910699756	66	V	47
309.66293910699756	309.8129391069976	62	S	47
309.8129391069976	309.9229391069976	38	OY1	47
309.9229391069976	310.0629391069976	62	S	47
310.0629391069976	310.16293910699756	11	AO2	47
310.16293910699756	310.29293910699755	62	S	47
310.29293910699755	310.3229391069976	49	DH	47
310.3229391069976	310.3829391069976	6	AH0	47
310.3829391069976	310.41293910699756	64	T	47
310.41293910699756	310.4729391069976	68	Y	47
310.4729391069976	310.5629391069976	44	UW1	47
310.5629391069976	310.8129391069976	4	AE1	47
310.8129391069976	310.8429391069976	48	D	47
319.6204375	319.8004375	61	R	56
319.8004375	319.9304375	16	AY1	56
319.9304375	319.9704375	64	T	56
319.9704375	320.0604375	58	N	56
320.0604375	320.5004375	13	AW1	56
320.5004375	320.6004375	74	sp	56
320.6004375	320.76043749999997	57	M	56
320.76043749999997	320.91043749999994	25	EY1	56
320.91043749999994	321.26043749999997	58	N	56
321.26043749999997	321.39043749999996	1	AA1	56
321.39043749999996	321.4304375	64	T	56
321.4304375	321.4804375	46	B	56
321.4804375	321.6004375	32	IY1	56
321.6004375	321.64043749999996	49	DH	56
321.64043749999996	321.6904375	6	AH0	56
321.6904375	321.8104375	64	T	56
321.8104375	321.9604375	16	AY1	56
321.9604375	322.1704375	57	M	56
322.1704375	322.2904375	46	B	56
322.2904375	322.38043749999997	19	EH1	56
322.38043749999997	322.5004375	62	S	56
322.5004375	322.53043749999995	64	T	56
322.53043749999995	322.5604375	64	T	56
322.5604375	322.6904375	16	AY1	56
322.6904375	322.7904375	57	M	56
322.7904375	322.8404375	50	F	56
322.8404375	322.89043749999996	21	ER0	56
322.89043749999996	322.9604375	46	B	56
322.9604375	323.0004375	28	IH1	56
323.0004375	323.1204375	69	Z	56
323.1204375	323.15043749999995	58	N	56
323.15043749999995	323.1804375	6	AH0	56
323.1804375	323.28043749999995	62	S	56
323.28043749999995	323.3304375	57	M	56
323.3304375	323.4504375	22	ER1	56
323.4504375	323.5404375	53	JH	56
323.5404375	323.6204375	21	ER0	56
323.6204375	323.88043749999997	69	Z	56
332.2195625	332.3495625	10	AO1	52
332.3495625	332.3995625	61	R	52
332.3995625	332.4295625	6	AH0	52
332.4295625	332.4795625	58	N	52
332.4795625	332.5895625	53	JH	52
332.5895625	332.6695625	53	JH	52
332.6695625	332.7495625	44	UW1	52
332.7495625	332.8795625	62	S	52
332.8795625	332.9795625	64	T	52
332.9795625	333.05956249999997	25	EY1	52
333.05956249999997	333.11956250000003	62	S	52
333.11956250000003	333.1495625	64	T	52
333.1495625	333.18956249999997	62	S	52
333.18956249999997	333.2595625	50	F	52
333.2595625	333.3395625	7	AH1	52
333.3395625	333.3795625	58	N	52
333.3795625	333.4295625	31	IY0	52
333.4295625	333.6395625	4	AE1	52
333.6395625	333.70956249999995	50	F	52
333.70956249999995	333.7595625	64	T	52
333.7595625	333.82956249999995	21	ER0	52
333.82956249999995	333.9295625	64	T	52
333.9295625	334.0195625	44	UW1	52
334.0195625	334.0995625	65	TH	52
334.0995625	334.1795625	60	P	52
334.1795625	334.2995625	26	EY2	52
334.2995625	334.5295625	62	S	52
334.5295625	334.6295625	64	T	52
342.121375	342.181375	49	DH	58
342.181375	342.281375	25	EY1	58
342.281375	342.511375	10	AO1	58
342.511375	342.59137499999997	56	L	58
342.59137499999997	342.621375	6	AH0	58
342.621375	342.711375	58	N	58
342.711375	342.761375	53	JH	58
342.761375	342.921375	38	OY1	58
342.921375	343.09137499999997	16	AY1	58
343.09137499999997	343.22137499999997	62	S	58
343.22137499999997	343.261375	54	K	58
343.261375	343.311375	61	R	58
343.311375	343.34137499999997	32	IY1	58
343.34137499999997	343.431375	57	M	58
343.431375	343.541375	62	S	58
343.541375	343.60137499999996	7	AH1	58
343.60137499999996	343.691375	58	N	58
343.691375	343.73137499999996	48	D	58
343.73137499999996	343.831375	26	EY2	58
343.831375	344.191375	69	Z	58
353.74075	353.85075	49	DH	50
353.85075	354.06075	31	IY0	50
354.06075	354.19075	18	EH0	50
354.19075	354.34075	62	S	50
354.34075	354.56075	25	EY1	50
354.56075	354.68075	8	AH2	50
354.68075	354.76075000000003	58	N	50
354.76075000000003	354.82075	48	D	50
354.82075	354.86075	6	AH0	50
354.86075	354.91075	58	N	50
354.91075	355.11075	16	AY1	50
355.11075	355.14075	6	AH0	50
355.14075	355.22075	46	B	50
355.22075	355.28075	56	L	50
355.28075	355.43075	31	IY0	50
355.43075	355.49075	61	R	50
355.49075	355.52075	6	AH0	50
355.52075	355.62075	50	F	50
355.62075	355.66075	56	L	50
355.66075	355.70074999999997	19	EH1	50
355.70074999999997	355.76075000000003	54	K	50
355.76075000000003	355.84075	62	S	50
355.84075	355.92075	1	AA1	50
355.92075	356.02075	61	R	50
356.02075	356.07075	66	V	50
356.07075	356.28075	68	Y	50
356.28075	356.46075	44	UW1	50
356.46075	356.73075	74	sp	50
356.73075	356.92075	1	AA1	50
356.92075	357.08075	74	sp	50
357.08075	357.22075	1	AA1	50
357.22075	357.32075	61	R	50
357.32075	357.36075	66	V	50
357.36075	357.58075	68	Y	50
357.58075	357.94075	44	UW1	50
357.94075	358.19075	74	sp	50
358.19075	358.35075	25	EY1	50
358.35075	358.44075	46	B	50
358.44075	358.50075	56	L	50
358.50075	358.62075	31	IY0	50
367.0554869436145	367.10548694361444	49	DH	54
367.10548694361444	367.1354869436144	6	AH0	54
367.1354869436144	367.21548694361445	57	M	54
367.21548694361445	367.2454869436144	6	AH0	54
367.2454869436144	367.41548694361444	62	S	54
367.41548694361444	367.45548694361446	54	K	54
367.45548694361446	367.57548694361446	32	IY1	54
367.57548694361446	367.6354869436144	64	T	54
367.6354869436144	367.8154869436145	34	OW0	54
367.8154869436145	367.92548694361443	67	W	54
367.92548694361443	367.95548694361446	6	AH0	54
367.95548694361446	368.1854869436145	69	Z	54
368.1854869436145	368.29548694361443	74	sp	54
368.29548694361443	368.47548694361444	61	R	54
368.47548694361444	368.59548694361445	25	EY1	54
368.59548694361445	369.48548694361443	74	sp	54
369.48548694361443	369.5654869436145	61	R	54
369.5654869436145	369.59548694361445	31	IY0	54
369.59548694361445	369.7454869436144	64	T	54
369.7454869436144	369.78548694361444	61	R	54
369.78548694361444	369.8854869436144	4	AE1	54
369.8854869436144	369.94548694361447	54	K	54
369.94548694361447	370.03548694361444	64	T	54
370.03548694361444	370.0654869436145	6	AH0	54
370.0654869436145	370.1154869436144	48	D	54
370.1154869436144	370.21548694361445	67	W	54
370.21548694361445	370.2454869436144	28	IH1	54
370.2454869436144	370.3154869436145	65	TH	54
370.3154869436145	370.34548694361445	4	AE1	54
370.34548694361445	370.3854869436144	58	N	54
370.3854869436144	370.42548694361443	6	AH0	54
370.42548694361443	370.5654869436145	60	P	54
370.5654869436145	370.60548694361444	1	AA1	54
370.60548694361444	370.71548694361445	56	L	54
370.71548694361445	370.7454869436144	6	AH0	54
370.7454869436144	370.8054869436145	53	JH	54
370.8054869436145	370.97548694361444	31	IY0	54
379.3749375	379.4249375	48	D	59
379.4249375	379.5749375	44	UW1	59
379.5749375	379.7249375	24	EY0	59
379.7249375	379.8549375	64	T	59
379.8549375	379.91493749999995	28	IH1	59
379.91493749999995	379.9849375	60	P	59
379.9849375	380.0149375	27	IH0	59
380.0149375	380.0949375	54	K	59
380.0949375	380.1249375	6	AH0	59
380.1249375	380.15493749999996	56	L	59
380.15493749999996	380.27493749999996	50	F	59
380.27493749999996	380.3449375	1	AA1	59
380.3449375	380.54493749999995	61	R	59
380.54493749999995	380.5749375	57	M	59
380.5749375	380.6049375	21	ER0	59
380.6049375	380.6949375	69	Z	59
380.6949375	380.7449375	51	G	59
380.7449375	380.8349375	61	R	59
380.8349375	380.9849375	35	OW1	59
380.9849375	381.1749375	35	OW1	59
381.1749375	381.27493749999996	64	T	59
381.27493749999996	381.5749375	62	S	59
389.504875	389.56487500000003	49	DH	57
389.56487500000003	389.594875	6	AH0	57
389.594875	389.744875	57	M	57
389.744875	389.78487500000006	28	IH1	57
389.78487500000006	389.904875	62	S	57
389.904875	389.984875	60	P	57
389.984875	390.114875	61	R	57
390.114875	390.144875	28	IH1	57
390.144875	390.17487500000004	58	N	57
390.17487500000004	390.224875	64	T	57
390.224875	390.234875	74	sp	57
390.234875	390.28487500000006	60	P	57
390.28487500000006	390.354875	61	R	57
390.354875	390.384875	6	AH0	57
390.384875	390.43487500000003	66	V	57
390.43487500000003	390.594875	35	OW1	57
390.594875	390.644875	54	K	57
390.644875	390.744875	64	T	57
390.744875	390.844875	4	AE1	57
390.844875	391.104875	58	N	57
391.104875	391.17487500000004	74	sp	57
391.17487500000004	391.264875	29	IH2	57
391.264875	391.394875	57	M	57
391.394875	391.484875	32	IY1	57
391.484875	391.514875	48	D	57
391.514875	391.644875	31	IY0	57
391.644875	391.68487500000003	6	AH0	57
391.68487500000003	391.724875	64	T	57
391.724875	391.834875	48	D	57
391.834875	391.894875	29	IH2	57
391.894875	391.994875	62	S	57
391.994875	392.04487500000005	54	K	57
392.04487500000005	392.074875	56	L	57
392.074875	392.124875	25	EY1	57
392.124875	392.224875	57	M	57
392.224875	392.354875	21	ER0	57
400.355	400.485	52	HH	49
400.485	400.695	13	AW1	49
400.695	400.775	51	G	49
400.775	400.915	41	UH1	49
400.915	400.96500000000003	48	D	49
400.96500000000003	401.03499999999997	28	IH1	49
401.03499999999997	401.115	69	Z	49
401.115	401.175	68	Y	49
401.175	401.235	41	UH1	49
401.235	401.28499999999997	61	R	49
401.28499999999997	401.315	19	EH1	49
401.315	401.405	58	N	49
401.405	401.475	48	D	49
401.475	401.615	21	ER0	49
401.615	401.655	6	AH0	49
401.655	401.735	58	N	49
401.735	402.065	62	S	49
410.630375	410.680375	46	B	48
410.680375	410.86037500000003	4	AE1	48
410.86037500000003	410.92037500000004	51	G	48
410.92037500000004	411.03037500000005	60	P	48
411.03037500000005	411.16037500000004	17	AY2	48
411.16037500000004	411.210375	60	P	48
411.210375	411.320375	62	S	48
411.320375	411.380375	4	AE1	48
411.380375	411.450375	58	N	48
411.450375	411.48037500000004	48	D	48
411.48037500000004	411.52037500000006	46	B	48
411.52037500000006	411.66037500000004	1	AA1	48
411.66037500000004	411.750375	59	NG	48
411.750375	411.810375	51	G	48
411.810375	411.89037500000006	36	OW2	48
411.89037500000006	412.010375	69	Z	48
412.010375	412.080375	21	ER0	48
412.080375	412.15037500000005	57	M	48
412.15037500000005	412.250375	68	Y	48
412.250375	412.28037500000005	44	UW1	48
412.28037500000005	412.380375	69	Z	48
412.380375	412.41037500000004	27	IH0	48
412.41037500000004	412.47037500000005	54	K	48
412.47037500000005	412.500375	6	AH0	48
412.500375	412.580375	56	L	48
412.580375	412.61037500000003	28	IH1	48
412.61037500000003	412.700375	58	N	48
412.700375	412.79037500000004	62	S	48
412.79037500000004	412.830375	64	T	48
412.830375	412.86037500000003	61	R	48
412.86037500000003	412.89037500000006	6	AH0	48
412.89037500000006	412.940375	57	M	48
412.940375	412.99037500000003	6	AH0	48
412.99037500000003	413.080375	58	N	48
413.080375	413.11037500000003	64	T	48
413.11037500000003	413.41037500000004	62	S	48
422.392476447975	422.602476447975	62	S	42
422.602476447975	422.652476447975	28	IH1	42
422.652476447975	422.75247644797497	54	K	42
422.75247644797497	422.782476447975	56	L	42
422.782476447975	422.82247644797496	27	IH0	42
422.82247644797496	422.902476447975	54	K	42
422.902476447975	422.94247644797497	6	AH0	42
422.94247644797497	423.042476447975	56	L	42
423.042476447975	423.162476447975	60	P	42
423.162476447975	423.282476447975	61	R	42
423.282476447975	423.312476447975	35	OW1	42
423.312476447975	423.342476447975	51	G	42
423.342476447975	423.412476447975	61	R	42
423.412476447975	423.492476447975	5	AE2	42
423.492476447975	423.542476447975	57	M	42
423.542476447975	423.642476447975	69	Z	42
423.642476447975	423.682476447975	67	W	42
423.682476447975	423.712476447975	6	AH0	42
423.712476447975	423.742476447975	56	L	42
423.742476447975	423.88247644797497	58	N	42
423.88247644797497	423.95247644797496	19	EH1	42
423.95247644797496	424.022476447975	66	V	42
424.022476447975	424.162476447975	21	ER0	42
424.162476447975	424.292476447975	54	K	42
424.292476447975	424.32247644797496	6	AH0	42
424.32247644797496	424.45247644797496	57	M	42
424.45247644797496	424.652476447975	60	P	42
424.652476447975	424.842476447975	16	AY1	42
424.842476447975	424.95247644797496	56	L	42
433.86425	433.96425	52	HH	45
433.96425	434.00425	19	EH1	45
434.00425	434.07425	56	L	45
434.07425	434.12425	60	P	45
434.12425	434.20425	74	sp	45
434.20425	434.23425000000003	51	G	45
434.23425000000003	434.41425000000004	61	R	45
434.41425000000004	434.50425	19	EH1	45
434.50425	434.58425	51	G	45
434.58425	434.72425	64	T	45
434.72425	434.77425	6	AH0	45
434.77425	434.91425000000004	60	P	45
434.91425000000004	434.98425000000003	28	IH1	45
434.98425000000003	435.07425	54	K	45
435.07425	435.13425	6	AH0	45
435.13425	435.26425	60	P	45
435.26425	435.32425	19	EH1	45
435.32425	435.41425000000004	54	K	45
435.41425000000004	435.47425	6	AH0	45
435.47425	435.55425	66	V	45
435.55425	435.60425000000004	60	P	45
435.60425000000004	435.65425	6	AH0	45
435.65425	435.77425	64	T	45
435.77425	435.93425	25	EY1	45
435.93425	436.03425000000004	64	T	45
436.03425000000004	436.06425	34	OW0	45
436.06425	436.39425	69	Z	45
443.5601875	443.6801875	16	AY1	55
443.6801875	443.9101875	53	JH	55
443.9101875	443.95018749999997	7	AH1	55
443.95018749999997	444.0501875	62	S	55
444.0501875	444.08018749999997	64	T	55
444.08018749999997	444.1201875	62	S	55
444.1201875	444.2301875	10	AO1	55
444.2301875	444.4001875	53	JH	55
444.4001875	444.4801875	28	IH1	55
444.4801875	444.5401875	57	M	55
444.5401875	444.6401875	58	N	55
444.6401875	444.7801875	28	IH1	55
444.7801875	444.8101875	61	R	55
444.8101875	444.88018750000003	49	DH	55
444.88018750000003	444.9101875	6	AH0	55
444.9101875	445.01018750000003	58	N	55
445.01018750000003	445.0701875	68	Y	55
445.0701875	445.1901875	44	UW1	55
445.1901875	445.2801875	2	AA2	55
445.2801875	445.3601875	61	R	55
445.3601875	445.4801875	54	K	55
445.4801875	445.5601875	31	IY0	55
445.5601875	445.7401875	35	OW1	55
445.7401875	446.08018749999997	74	sp	55
446.08018749999997	446.1701875	2	AA2	55
446.1701875	446.2701875	61	R	55
446.2701875	446.3601875	54	K	55
446.3601875	446.4101875	31	IY0	55
446.4101875	446.45018749999997	6	AH0	55
446.45018749999997	446.5301875	56	L	55
446.5301875	446.63018750000003	1	AA1	55
446.63018750000003	446.6901875	53	JH	55
446.6901875	446.7301875	27	IH0	55
446.7301875	446.8201875	54	K	55
446.8201875	446.8501875	6	AH0	55
446.8501875	446.8901875	56	L	55
446.8901875	446.95018749999997	57	M	55
446.95018749999997	447.0201875	68	Y	55
447.0201875	447.0501875	43	UW0	55
447.0501875	447.1201875	69	Z	55
447.1201875	447.2201875	32	IY1	55
447.2201875	447.25018750000004	6	AH0	55
447.25018750000004	447.3701875	57	M	55
455.5294375	455.5594375	49	DH	53
455.5594375	455.6294375	6	AH0	53
455.6294375	455.8094375	67	W	53
455.8094375	455.8494375	28	IH1	53
455.8494375	455.92943749999995	56	L	53
455.92943749999995	455.9694375	6	AH0	53
455.9694375	456.04943749999995	67	W	53
456.04943749999995	456.1094375	31	IY0	53
456.1094375	456.2394375	67	W	53
456.2394375	456.28943749999996	41	UH1	53
456.28943749999996	456.3494375	57	M	53
456.3494375	456.3994375	6	AH0	53
456.3994375	456.4894375	58	N	53
456.4894375	456.5194375	67	W	53
456.5194375	456.6394375	10	AO1	53
456.6394375	456.67943749999995	61	R	53
456.67943749999995	456.7094375	6	AH0	53
456.7094375	456.8594375	57	M	53
456.8594375	456.90943749999997	7	AH1	53
456.90943749999997	457.04943749999995	62	S	53
457.04943749999995	457.1194375	54	K	53
457.1194375	457.2394375	6	AH0	53
457.2394375	457.2794375	64	T	53
457.2794375	457.4794375	74	sp	53
457.4794375	457.5894375	57	M	53
457.5894375	457.6294375	7	AH1	53
457.6294375	457.7494375	62	S	53
457.7494375	457.78943749999996	54	K	53
457.78943749999996	457.8494375	61	R	53
457.8494375	457.90943749999997	5	AE2	53
457.90943749999997	457.9394375	64	T	53
457.9394375	458.0894375	54	K	53
458.0894375	458.2794375	35	OW1	53
458.2794375	458.4994375	64	T	53
