18.0821875	18.132116646138503	52	HH	41
18.132116646138503	18.196264247720364	13	AW1	41
18.196264247720364	18.257794419050768	57	M	41
18.257794419050768	18.319666553407576	7	AH1	41
18.319666553407576	18.410407917483788	47	CH	41
18.410407917483788	18.483881077032493	6	AH0	41
18.483881077032493	18.576689278567706	56	L	41
18.576689278567706	18.71203457247322	13	AW1	41
18.71203457247322	18.855113883173342	6	AH0	41
18.855113883173342	18.893783967146348	58	N	41
18.893783967146348	19.01172772326401	62	S	41
19.01172772326401	19.060065328230266	48	D	41
19.060065328230266	19.14707301716953	44	UW1	41
19.14707301716953	19.17994258854658	68	Y	41
19.17994258854658	19.259216260691243	44	UW1	41
19.259216260691243	19.326888907644	51	G	41
19.326888907644	19.516372319111724	19	EH1	41
19.516372319111724	19.56470992407798	64	T	41
28.164476447974945	28.374476447974942	62	S	42
28.374476447974942	28.424476447974943	28	IH1	42
28.424476447974943	28.524476447974944	54	K	42
28.524476447974944	28.554476447974942	56	L	42
28.554476447974942	28.594476447974944	27	IH0	42
28.594476447974944	28.674476447974943	54	K	42
28.674476447974943	28.714476447974942	6	AH0	42
28.714476447974942	28.814476447974943	56	L	42
28.814476447974943	28.934476447974944	60	P	42
28.934476447974944	29.054476447974942	61	R	42
29.054476447974942	29.084476447974943	35	OW1	42
29.084476447974943	29.114476447974944	51	G	42
29.114476447974944	29.184476447974944	61	R	42
29.184476447974944	29.264476447974943	5	AE2	42
29.264476447974943	29.314476447974943	57	M	42
29.314476447974943	29.414476447974945	69	Z	42
29.414476447974945	29.454476447974944	67	W	42
29.454476447974944	29.48447644797494	6	AH0	42
29.48447644797494	29.514476447974943	56	L	42
29.514476447974943	29.654476447974943	58	N	42
29.654476447974943	29.724476447974943	19	EH1	42
29.724476447974943	29.794476447974944	66	V	42
29.794476447974944	29.934476447974944	21	ER0	42
29.934476447974944	30.064476447974943	54	K	42
30.064476447974943	30.094476447974944	6	AH0	42
30.094476447974944	30.224476447974943	57	M	42
30.224476447974943	30.424476447974943	60	P	42
30.424476447974943	30.614476447974944	16	AY1	42
30.614476447974944	30.724476447974943	56	L	42
39.2021875	39.2421875	49	DH	43
39.2421875	39.2821875	6	AH0	43
39.2821875	39.4121875	46	B	43
39.4121875	39.5721875	1	AA1	43
39.5721875	39.6921875	62	S	43
39.6921875	39.7421875	64	T	43
39.7421875	39.7821875	6	AH0	43
39.7821875	39.8621875	58	N	43
39.8621875	39.9221875	46	B	43
39.9221875	39.9521875	3	AE0	43
39.9521875	40.1721875	56	L	43
40.1721875	40.4321875	25	EY1	43
40.4321875	40.6321875	35	OW1	43
40.6321875	40.6921875	66	V	43
40.6921875	40.8121875	21	ER0	43
40.8121875	40.9221875	54	K	43
40.9221875	41.0821875	25	EY1	43
41.0821875	41.2121875	57	M	43
41.2121875	41.2821875	49	DH	43
41.2821875	41.3321875	19	EH1	43
41.3321875	41.3721875	61	R	43
41.3721875	41.5021875	50	F	43
41.5021875	41.5621875	7	AH1	43
41.5621875	41.6121875	58	N	43
41.6121875	41.652187500000004	48	D	43
41.652187500000004	41.6821875	27	IH0	43
41.6821875	41.7621875	59	NG	43
41.7621875	41.8821875	63	SH	43
41.8821875	41.9621875	10	AO1	43
41.9621875	41.9921875	61	R	43
41.9921875	42.0621875	64	T	43
42.0621875	42.0921875	6	AH0	43
42.0921875	42.4421875	53	JH	43
49.7035	49.8035	19	EH1	44
49.8035	49.8935	66	V	44
49.8935	49.9835	61	R	44
49.9835	50.0535	31	IY0	44
50.0535	50.1735	54	K	44
50.1735	50.3935	4	AE1	44
50.3935	50.4435	46	B	44
50.4435	50.5335	58	N	44
50.5335	50.6735	32	IY1	44
50.6735	50.7035	48	D	44
50.7035	50.7535	69	Z	44
50.7535	50.8335	61	R	44
50.8335	50.8635	6	AH0	44
50.8635	50.9735	60	P	44
50.9735	51.0635	19	EH1	44
51.0635	51.1435	61	R	44
51.1435	51.1835	27	IH0	44
51.1835	51.2635	59	NG	44
51.2635	51.4035	10	AO1	44
51.4035	51.5035	50	F	44
51.5035	51.5735	64	T	44
51.5735	51.6135	6	AH0	44
51.6135	51.7235	58	N	44
59.373125	59.473125	52	HH	45
59.473125	59.513125	19	EH1	45
59.513125	59.583125	56	L	45
59.583125	59.633125	60	P	45
59.633125	59.713125000000005	74	sp	45
59.713125000000005	59.743125	51	G	45
59.743125	59.923125	61	R	45
59.923125	60.013125	19	EH1	45
60.013125	60.093125	51	G	45
60.093125	60.233125	64	T	45
60.233125	60.283125	6	AH0	45
60.283125	60.423125	60	P	45
60.423125	60.493125	28	IH1	45
60.493125	60.583125	54	K	45
60.583125	60.643125000000005	6	AH0	45
60.643125000000005	60.773125	60	P	45
60.773125	60.833125	19	EH1	45
60.833125	60.923125	54	K	45
60.923125	60.983125	6	AH0	45
60.983125	61.063125	66	V	45
61.063125	61.113125000000004	60	P	45
61.113125000000004	61.163125	6	AH0	45
61.163125	61.283125	64	T	45
61.283125	61.443125	25	EY1	45
61.443125	61.543125	64	T	45
61.543125	61.573125000000005	34	OW0	45
61.573125000000005	61.903125	69	Z	45
69.499	69.569	67	W	46
69.569	69.639	32	IY1	46
69.639	69.699	56	L	46
69.699	69.809	16	AY1	46
69.809	69.869	54	K	46
69.869	69.959	46	B	46
69.959	70.04899999999999	56	L	46
70.04899999999999	70.169	44	UW1	46
70.169	70.329	47	CH	46
70.329	70.509	32	IY1	46
70.509	70.619	69	Z	46
70.619	70.679	46	B	46
70.679	70.759	7	AH1	46
70.759	70.79899999999999	64	T	46
70.79899999999999	70.959	66	V	46
70.959	71.029	28	IH1	46
71.029	71.099	54	K	46
71.099	71.15899999999999	64	T	46
71.15899999999999	71.249	21	ER0	46
71.249	71.359	56	L	46
71.359	71.449	16	AY1	46
71.449	71.489	54	K	46
71.489	71.599	62	S	46
71.599	71.62899999999999	46	B	46
71.62899999999999	71.749	61	R	46
71.749	71.929	32	IY1	46
87.5444375	87.65112660699756	54	K	47
87.65112660699756	87.75112660699756	13	AW1	47
87.75112660699756	87.82112660699755	58	N	47
87.82112660699755	87.85112660699755	64	T	47
87.85112660699755	87.88112660699755	49	DH	47
87.88112660699755	87.91112660699756	6	AH0	47
87.91112660699756	88.02112660699756	58	N	47
88.02112660699756	88.08112660699756	7	AH1	47
88.08112660699756	88.17112660699756	57	M	47
88.17112660699756	88.21112660699755	46	B	47
88.21112660699755	88.43112660699757	21	ER0	47
88.43112660699757	88.55112660699756	7	AH1	47
88.55112660699756	88.60112660699755	66	V	47
88.60112660699755	88.63112660699755	74	sp	47
88.63112660699755	88.77112660699756	64	T	47
88.77112660699756	88.85112660699755	32	IY1	47
88.85112660699755	88.94112660699756	62	S	47
88.94112660699756	88.99112660699755	60	P	47
88.99112660699755	89.09112660699756	45	UW2	47
89.09112660699756	89.17112660699756	58	N	47
89.17112660699756	89.26112660699756	69	Z	47
89.26112660699756	89.30112660699756	6	AH0	47
89.30112660699756	89.33112660699756	66	V	47
89.33112660699756	89.48112660699756	62	S	47
89.48112660699756	89.59112660699756	38	OY1	47
89.59112660699756	89.73112660699756	62	S	47
89.73112660699756	89.83112660699756	11	AO2	47
89.83112660699756	89.96112660699755	62	S	47
89.96112660699755	89.99112660699755	49	DH	47
89.99112660699755	90.05112660699756	6	AH0	47
90.05112660699756	90.08112660699756	64	T	47
90.08112660699756	90.14112660699756	68	Y	47
90.14112660699756	90.23112660699756	44	UW1	47
90.23112660699756	90.48112660699756	4	AE1	47
90.48112660699756	90.51112660699756	48	D	47
98.5801875	98.63018749999999	46	B	48
98.63018749999999	98.8101875	4	AE1	48
98.8101875	98.8701875	51	G	48
98.8701875	98.9801875	60	P	48
98.9801875	99.1101875	17	AY2	48
99.1101875	99.16018749999999	60	P	48
99.16018749999999	99.27018749999999	62	S	48
99.27018749999999	99.3301875	4	AE1	48
99.3301875	99.4001875	58	N	48
99.4001875	99.43018749999999	48	D	48
99.43018749999999	99.4701875	46	B	48
99.4701875	99.6101875	1	AA1	48
99.6101875	99.7001875	59	NG	48
99.7001875	99.7601875	51	G	48
99.7601875	99.8401875	36	OW2	48
99.8401875	99.96018749999999	69	Z	48
99.96018749999999	100.0301875	21	ER0	48
100.0301875	100.10018749999999	57	M	48
100.10018749999999	100.2001875	68	Y	48
100.2001875	100.2301875	44	UW1	48
100.2301875	100.3301875	69	Z	48
100.3301875	100.3601875	27	IH0	48
100.3601875	100.4201875	54	K	48
100.4201875	100.4501875	6	AH0	48
100.4501875	100.5301875	56	L	48
100.5301875	100.5601875	28	IH1	48
100.5601875	100.6501875	58	N	48
100.6501875	100.74018749999999	62	S	48
100.74018749999999	100.7801875	64	T	48
100.7801875	100.8101875	61	R	48
100.8101875	100.8401875	6	AH0	48
100.8401875	100.8901875	57	M	48
100.8901875	100.9401875	6	AH0	48
100.9401875	101.0301875	58	N	48
101.0301875	101.0601875	64	T	48
101.0601875	101.3601875	62	S	48
108.15775	108.28774999999999	52	HH	49
108.28774999999999	108.49775	13	AW1	49
108.49775	108.57775	51	G	49
108.57775	108.71775	41	UH1	49
108.71775	108.76774999999999	48	D	49
108.76774999999999	108.83774999999999	28	IH1	49
108.83774999999999	108.91774999999998	69	Z	49
108.91774999999998	108.97774999999999	68	Y	49
108.97774999999999	109.03774999999999	41	UH1	49
109.03774999999999	109.08774999999999	61	R	49
109.08774999999999	109.11774999999999	19	EH1	49
109.11774999999999	109.20774999999999	58	N	49
109.20774999999999	109.27775	48	D	49
109.27775	109.41774999999998	21	ER0	49
109.41774999999998	109.45774999999999	6	AH0	49
109.45774999999999	109.53774999999999	58	N	49
109.53774999999999	109.86774999999999	62	S	49
120.568375	120.678375	49	DH	50
120.678375	120.888375	31	IY0	50
120.888375	121.018375	18	EH0	50
121.018375	121.168375	62	S	50
121.168375	121.388375	25	EY1	50
121.388375	121.508375	8	AH2	50
121.508375	121.588375	58	N	50
121.588375	121.648375	48	D	50
121.648375	121.688375	6	AH0	50
121.688375	121.738375	58	N	50
121.738375	121.938375	16	AY1	50
121.938375	121.968375	6	AH0	50
121.968375	122.048375	46	B	50
122.048375	122.108375	56	L	50
122.108375	122.258375	31	IY0	50
122.258375	122.318375	61	R	50
122.318375	122.348375	6	AH0	50
122.348375	122.448375	50	F	50
122.448375	122.488375	56	L	50
122.488375	122.528375	19	EH1	50
122.528375	122.588375	54	K	50
122.588375	122.668375	62	S	50
122.668375	122.748375	1	AA1	50
122.748375	122.848375	61	R	50
122.848375	122.898375	66	V	50
122.898375	123.108375	68	Y	50
123.108375	123.288375	44	UW1	50
123.288375	123.558375	74	sp	50
123.558375	123.748375	1	AA1	50
123.748375	123.908375	74	sp	50
123.908375	124.048375	1	AA1	50
124.048375	124.148375	61	R	50
124.148375	124.188375	66	V	50
124.188375	124.408375	68	Y	50
124.408375	124.768375	44	UW1	50
124.768375	125.018375	74	sp	50
125.018375	125.178375	25	EY1	50
125.178375	125.268375	46	B	50
125.268375	125.328375	56	L	50
125.328375	125.448375	31	IY0	50
134.0929375	134.1829375	6	AH0	51
134.1829375	134.31293750000003	46	B	51
134.31293750000003	134.4629375	10	AO1	51
134.4629375	134.51293750000002	61	R	51
134.51293750000002	134.54293750000002	27	IH0	51
134.54293750000002	134.63293750000003	59	NG	51
134.63293750000003	134.67293750000002	58	N	51
134.67293750000002	134.85293750000002	1	AA1	51
134.85293750000002	134.92293750000002	66	V	51
134.92293750000002	134.95293750000002	6	AH0	51
134.95293750000002	135.13293750000003	56	L	51
135.13293750000003	135.19293750000003	28	IH1	51
135.19293750000003	135.32293750000002	69	Z	51
135.32293750000002	135.36293750000002	6	AH0	51
135.36293750000002	135.54293750000002	62	S	51
135.54293750000002	135.57293750000002	40	UH0	51
135.57293750000002	135.72293750000003	60	P	51
135.72293750000003	135.88293750000003	22	ER1	51
135.88293750000003	135.92293750000002	46	B	51
135.92293750000002	136.10293750000002	62	S	51
136.10293750000002	136.13293750000003	56	L	51
136.13293750000003	136.19293750000003	32	IY1	51
136.19293750000003	136.25293750000003	60	P	51
136.25293750000003	136.3029375	27	IH0	51
136.3029375	136.39293750000002	59	NG	51
136.39293750000002	136.4329375	60	P	51
136.4329375	136.48293750000002	28	IH1	51
136.48293750000002	136.60293750000002	56	L	51
144.395625	144.525625	10	AO1	52
144.525625	144.57562499999997	61	R	52
144.57562499999997	144.60562499999997	6	AH0	52
144.60562499999997	144.655625	58	N	52
144.655625	144.765625	53	JH	52
144.765625	144.84562499999998	53	JH	52
144.84562499999998	144.925625	44	UW1	52
144.925625	145.055625	62	S	52
145.055625	145.155625	64	T	52
145.155625	145.235625	25	EY1	52
145.235625	145.295625	62	S	52
145.295625	145.32562499999997	64	T	52
145.32562499999997	145.365625	62	S	52
145.365625	145.435625	50	F	52
145.435625	145.515625	7	AH1	52
145.515625	145.555625	58	N	52
145.555625	145.60562499999997	31	IY0	52
145.60562499999997	145.81562499999998	4	AE1	52
145.81562499999998	145.88562499999998	50	F	52
145.88562499999998	145.935625	64	T	52
145.935625	146.00562499999998	21	ER0	52
146.00562499999998	146.10562499999997	64	T	52
146.10562499999997	146.19562499999998	44	UW1	52
146.19562499999998	146.275625	65	TH	52
146.275625	146.35562499999997	60	P	52
146.35562499999997	146.47562499999998	26	EY2	52
146.47562499999998	146.705625	62	S	52
146.705625	146.805625	64	T	52
155.1123125	155.1423125	49	DH	53
155.1423125	155.2123125	6	AH0	53
155.2123125	155.3923125	67	W	53
155.3923125	155.4323125	28	IH1	53
155.4323125	155.51231249999998	56	L	53
155.51231249999998	155.5523125	6	AH0	53
155.5523125	155.63231249999998	67	W	53
155.63231249999998	155.69231249999999	31	IY0	53
155.69231249999999	155.82231249999998	67	W	53
155.82231249999998	155.8723125	41	UH1	53
155.8723125	155.9323125	57	M	53
155.9323125	155.98231249999998	6	AH0	53
155.98231249999998	156.07231249999998	58	N	53
156.07231249999998	156.10231249999998	67	W	53
156.10231249999998	156.2223125	10	AO1	53
156.2223125	156.26231249999998	61	R	53
156.26231249999998	156.29231249999998	6	AH0	53
156.29231249999998	156.44231249999999	57	M	53
156.44231249999999	156.4923125	7	AH1	53
156.4923125	156.63231249999998	62	S	53
156.63231249999998	156.70231249999998	54	K	53
156.70231249999998	156.82231249999998	6	AH0	53
156.82231249999998	156.8623125	64	T	53
156.8623125	157.0623125	74	sp	53
157.0623125	157.17231249999998	57	M	53
157.17231249999998	157.2123125	7	AH1	53
157.2123125	157.3323125	62	S	53
157.3323125	157.3723125	54	K	53
157.3723125	157.4323125	61	R	53
157.4323125	157.4923125	5	AE2	53
157.4923125	157.5223125	64	T	53
157.5223125	157.67231249999998	54	K	53
157.67231249999998	157.8623125	35	OW1	53
157.8623125	158.0823125	64	T	53
167.41261194361445	167.46261194361443	49	DH	54
167.46261194361443	167.49261194361443	6	AH0	54
167.49261194361443	167.57261194361445	57	M	54
167.57261194361445	167.60261194361445	6	AH0	54
167.60261194361445	167.77261194361444	62	S	54
167.77261194361444	167.81261194361443	54	K	54
167.81261194361443	167.93261194361443	32	IY1	54
167.93261194361443	167.99261194361443	64	T	54
167.99261194361443	168.17261194361444	34	OW0	54
168.17261194361444	168.28261194361443	67	W	54
168.28261194361443	168.31261194361443	6	AH0	54
168.31261194361443	168.54261194361445	69	Z	54
168.54261194361445	168.65261194361443	74	sp	54
168.65261194361443	168.83261194361444	61	R	54
168.83261194361444	168.95261194361444	25	EY1	54
168.95261194361444	169.84261194361443	74	sp	54
169.84261194361443	169.92261194361444	61	R	54
169.92261194361444	169.95261194361444	31	IY0	54
169.95261194361444	170.10261194361445	64	T	54
170.10261194361445	170.14261194361444	61	R	54
170.14261194361444	170.24261194361443	4	AE1	54
170.24261194361443	170.30261194361444	54	K	54
170.30261194361444	170.39261194361444	64	T	54
170.39261194361444	170.42261194361444	6	AH0	54
170.42261194361444	170.47261194361442	48	D	54
170.47261194361442	170.57261194361445	67	W	54
170.57261194361445	170.60261194361445	28	IH1	54
170.60261194361445	170.67261194361444	65	TH	54
170.67261194361444	170.70261194361444	4	AE1	54
170.70261194361444	170.74261194361443	58	N	54
170.74261194361443	170.78261194361443	6	AH0	54
170.78261194361443	170.92261194361444	60	P	54
170.92261194361444	170.96261194361443	1	AA1	54
170.96261194361443	171.07261194361445	56	L	54
171.07261194361445	171.10261194361445	6	AH0	54
171.10261194361445	171.16261194361445	53	JH	54
171.16261194361445	171.33261194361444	31	IY0	54
181.4094375	181.52943749999997	16	AY1	55
181.52943749999997	181.7594375	53	JH	55
181.7594375	181.79943749999998	7	AH1	55
181.79943749999998	181.89943749999998	62	S	55
181.89943749999998	181.92943749999998	64	T	55
181.92943749999998	181.96943749999997	62	S	55
181.96943749999997	182.07943749999998	10	AO1	55
182.07943749999998	182.24943749999997	53	JH	55
182.24943749999997	182.32943749999998	28	IH1	55
182.32943749999998	182.38943749999999	57	M	55
182.38943749999999	182.48943749999998	58	N	55
182.48943749999998	182.6294375	28	IH1	55
182.6294375	182.6594375	61	R	55
182.6594375	182.7294375	49	DH	55
182.7294375	182.7594375	6	AH0	55
182.7594375	182.85943749999998	58	N	55
182.85943749999998	182.9194375	68	Y	55
182.9194375	183.0394375	44	UW1	55
183.0394375	183.1294375	2	AA2	55
183.1294375	183.20943749999998	61	R	55
183.20943749999998	183.32943749999998	54	K	55
183.32943749999998	183.4094375	31	IY0	55
183.4094375	183.58943749999997	35	OW1	55
183.58943749999997	183.92943749999998	74	sp	55
183.92943749999998	184.01943749999998	2	AA2	55
184.01943749999998	184.11943749999998	61	R	55
184.11943749999998	184.20943749999998	54	K	55
184.20943749999998	184.2594375	31	IY0	55
184.2594375	184.29943749999998	6	AH0	55
184.29943749999998	184.3794375	56	L	55
184.3794375	184.4794375	1	AA1	55
184.4794375	184.5394375	53	JH	55
184.5394375	184.57943749999998	27	IH0	55
184.57943749999998	184.6694375	54	K	55
184.6694375	184.6994375	6	AH0	55
184.6994375	184.73943749999998	56	L	55
184.73943749999998	184.79943749999998	57	M	55
184.79943749999998	184.86943749999998	68	Y	55
184.86943749999998	184.89943749999998	43	UW0	55
184.89943749999998	184.96943749999997	69	Z	55
184.96943749999997	185.0694375	32	IY1	55
185.0694375	185.0994375	6	AH0	55
185.0994375	185.21943749999997	57	M	55
195.4653125	195.64531250000002	61	R	56
195.64531250000002	195.7753125	16	AY1	56
195.7753125	195.8153125	64	T	56
195.8153125	195.9053125	58	N	56
195.9053125	196.3453125	13	AW1	56
196.3453125	196.4453125	74	sp	56
196.4453125	196.60531250000003	57	M	56
196.60531250000003	196.7553125	25	EY1	56
196.7553125	197.10531250000003	58	N	56
197.10531250000003	197.23531250000002	1	AA1	56
197.23531250000002	197.2753125	64	T	56
197.2753125	197.32531250000002	46	B	56
197.32531250000002	197.4453125	32	IY1	56
197.4453125	197.48531250000002	49	DH	56
197.48531250000002	197.5353125	6	AH0	56
197.5353125	197.6553125	64	T	56
197.6553125	197.8053125	16	AY1	56
197.8053125	198.01531250000002	57	M	56
198.01531250000002	198.13531250000003	46	B	56
198.13531250000003	198.2253125	19	EH1	56
198.2253125	198.3453125	62	S	56
198.3453125	198.3753125	64	T	56
198.3753125	198.4053125	64	T	56
198.4053125	198.5353125	16	AY1	56
198.5353125	198.63531250000003	57	M	56
198.63531250000003	198.6853125	50	F	56
198.6853125	198.73531250000002	21	ER0	56
198.73531250000002	198.8053125	46	B	56
198.8053125	198.8453125	28	IH1	56
198.8453125	198.9653125	69	Z	56
198.9653125	198.9953125	58	N	56
198.9953125	199.0253125	6	AH0	56
199.0253125	199.1253125	62	S	56
199.1253125	199.17531250000002	57	M	56
199.17531250000002	199.29531250000002	22	ER1	56
199.29531250000002	199.38531250000003	53	JH	56
199.38531250000003	199.4653125	21	ER0	56
199.4653125	199.7253125	69	Z	56
208.11275	208.17275	49	DH	57
208.17275	208.20275	6	AH0	57
208.20275	208.35275	57	M	57
208.35275	208.39275	28	IH1	57
208.39275	208.51274999999998	62	S	57
208.51274999999998	208.59275	60	P	57
208.59275	208.72275	61	R	57
208.72275	208.75275	28	IH1	57
208.75275	208.78275	58	N	57
208.78275	208.83275	64	T	57
208.83275	208.84275	74	sp	57
208.84275	208.89275	60	P	57
208.89275	208.96275	61	R	57
208.96275	208.99275	6	AH0	57
208.99275	209.04274999999998	66	V	57
209.04274999999998	209.20275	35	OW1	57
209.20275	209.25275	54	K	57
209.25275	209.35275	64	T	57
209.35275	209.45275	4	AE1	57
209.45275	209.71275	58	N	57
209.71275	209.78275	74	sp	57
209.78275	209.87275	29	IH2	57
209.87275	210.00275	57	M	57
210.00275	210.09275	32	IY1	57
210.09275	210.12275	48	D	57
210.12275	210.25275	31	IY0	57
210.25275	210.29274999999998	6	AH0	57
210.29274999999998	210.33275	64	T	57
210.33275	210.44275	48	D	57
210.44275	210.50275	29	IH2	57
210.50275	210.60275	62	S	57
210.60275	210.65275	54	K	57
210.65275	210.68275	56	L	57
210.68275	210.73274999999998	25	EY1	57
210.73274999999998	210.83275	57	M	57
210.83275	210.96275	21	ER0	57
219.0111875	219.0711875	49	DH	58
219.0711875	219.1711875	25	EY1	58
219.1711875	219.4011875	10	AO1	58
219.4011875	219.4811875	56	L	58
219.4811875	219.5111875	6	AH0	58
219.5111875	219.6011875	58	N	58
219.6011875	219.6511875	53	JH	58
219.6511875	219.8111875	38	OY1	58
219.8111875	219.9811875	16	AY1	58
219.9811875	220.1111875	62	S	58
220.1111875	220.1511875	54	K	58
220.1511875	220.2011875	61	R	58
220.2011875	220.2311875	32	IY1	58
220.2311875	220.3211875	57	M	58
220.3211875	220.4311875	62	S	58
220.4311875	220.4911875	7	AH1	58
220.4911875	220.5811875	58	N	58
220.5811875	220.6211875	48	D	58
220.6211875	220.72118749999998	26	EY2	58
220.72118749999998	221.0811875	69	Z	58
229.7011875	229.75118750000001	48	D	59
229.75118750000001	229.9011875	44	UW1	59
229.9011875	230.0511875	24	EY0	59
230.0511875	230.1811875	64	T	59
230.1811875	230.2411875	28	IH1	59
230.2411875	230.31118750000002	60	P	59
230.31118750000002	230.34118750000002	27	IH0	59
230.34118750000002	230.4211875	54	K	59
230.4211875	230.4511875	6	AH0	59
230.4511875	230.4811875	56	L	59
230.4811875	230.6011875	50	F	59
230.6011875	230.6711875	1	AA1	59
230.6711875	230.8711875	61	R	59
230.8711875	230.9011875	57	M	59
230.9011875	230.9311875	21	ER0	59
230.9311875	231.0211875	69	Z	59
231.0211875	231.0711875	51	G	59
231.0711875	231.1611875	61	R	59
231.1611875	231.31118750000002	35	OW1	59
231.31118750000002	231.50118750000001	35	OW1	59
231.50118750000001	231.6011875	64	T	59
231.6011875	231.9011875	62	S	59
