5.87838759314099	6.292	88888	DR
6.292	6.726347828895673	99999	sp
6.726347828895673	7.0871329080439684	88888	DR
7.0871329080439684	7.202	99999	sp
7.202	7.732	130	DRAW
7.732	8.122	145	EVERY
8.122	8.602	88888	CUTER
8.602	8.932	244	LINE
8.932	9.472	156	FIRST
9.472	9.702	436	THEN
9.702	10.0	154	FILL
10.0	10.19290181674232	217	IN
10.19290181674232	10.319814109863204	434	THE
10.319814109863204	10.849605907830973	222	INTERIOR
10.849605907830973	15.822	99999	sp
15.822	15.852	88888	OH
15.852	16.002	99999	{NS}
16.002	16.092	434	THE
16.092	16.502	475	WATER
16.502	17.042	103	CONTAINED
17.042	17.272	448	TOO
17.272	17.532	269	MUCH
17.532	18.072	90	CHLORINE
18.072	18.232	20	AND
18.232	18.522	409	STUNG
18.522	18.742	208	HIS
18.742	19.392	149	EYES
19.392	19.712	99999	sp
19.712	21.872	99999	{NS}
21.872	27.872	99999	{NS}
27.872	28.302	229	JOHN'S
28.302	28.882	66	BROTHER
28.882	29.402	363	REPAINTED
29.402	29.482	434	THE
29.482	29.922	173	GARAGE
29.922	30.202	129	DOOR
30.202	30.852	99999	sp
30.852	32.832	99999	{NS}
32.832	39.012	99999	{NS}
39.012	39.15594840851807	99999	sp
39.15594840851807	39.692	84	CHALLENGE
39.692	39.792	88888	E
39.792	40.432	132	EACH
40.432	40.942	175	GENERAL'S
40.942	41.742	221	INTELLIGENCE
41.742	44.232	99999	{NS}
44.232	49.212	99999	{NS}
49.212	49.7918047597797	99999	sp
49.7918047597797	50.572	17	AMBIDEXTROUS
50.572	51.612	327	PICKPOCKETS
51.612	51.642	99999	sp
51.642	52.212	6	ACCOMPLISH
52.212	52.492	267	MORE
52.492	52.982	99999	sp
52.982	55.192	99999	{NS}
55.192	60.302	99999	{NS}
60.302	60.552	99999	sp
60.552	60.652	1	A
60.652	61.292	271	MUSCULAR
61.292	61.832	2	ABDOMEN
61.832	62.032	224	IS
62.032	62.222	189	GOOD
62.222	62.372	161	FOR
62.372	62.512	496	YOUR
62.512	62.932	43	BACK
62.932	63.382	99999	sp
63.382	65.362	99999	{NS}
65.362	68.872	99999	{NS}
68.872	70.622	99999	sp
70.622	70.842	438	THEY
70.842	71.012	317	OWN
71.012	71.072	1	A
71.072	71.352	52	BIG
71.352	71.772	209	HOUSE
71.772	71.892	217	IN
71.892	71.952	434	THE
71.952	72.352	361	REMOTE
72.352	73.062	109	COUNTRYSIDE
73.062	75.582	99999	{NS}
75.582	75.702	99999	sp
75.702	80.902	99999	{NS}
80.902	81.332	99999	sp
81.332	81.522	434	THE
81.522	82.062	369	ROSE
82.062	82.632	106	CORSAGE
82.632	83.002	393	SMELLED
83.002	83.582	421	SWEET
83.582	84.262	99999	sp
84.262	86.662	99999	{NS}
86.662	91.192	99999	{NS}
91.192	91.642	99999	sp
91.642	91.882	433	THAT
91.882	92.492	326	PICKPOCKET
92.492	92.662	472	WAS
92.662	92.992	80	CAUGHT
92.992	93.372	356	RED
93.372	93.422	99999	sp
93.422	93.632	356	RED
93.632	94.102	199	HANDED
94.102	97.352	99999	{NS}
97.352	102.202	99999	{NS}
102.202	102.49624665777613	99999	sp
102.49624665777613	102.602	19	AN
102.602	103.012	9	ADULT
103.012	103.412	255	MALE
103.412	103.562	99999	sp
103.562	103.822	88888	BA
103.822	104.592	99999	sp
104.592	105.232	42	BABOON'S
105.232	105.562	430	TEETH
105.562	105.702	30	ARE
105.702	105.842	285	NOT
105.842	106.302	415	SUITABLE
106.302	106.412	161	FOR
106.412	106.682	135	EATING
106.682	107.302	376	SHELLFISH
107.302	112.082	99999	{NS}
112.082	117.422	99999	{NS}
117.422	117.692	99999	sp
117.692	117.902	204	HER
117.902	118.522	470	WARDROBE
118.522	119.022	102	CONSISTS
119.022	119.102	294	OF
119.102	119.332	298	ONLY
119.332	119.832	385	SKIRTS
119.832	119.962	20	AND
119.962	120.702	54	BLOUSES
120.702	123.932	99999	{NS}
123.932	131.002	99999	{NS}
131.002	131.102	434	THE
131.102	131.472	453	TWO
131.472	131.922	33	ARTISTS
131.922	132.552	147	EXCHANGED
132.552	133.432	39	AUTOGRAPHS
133.432	133.952	99999	sp
133.952	136.172	99999	{NS}
136.172	136.282	99999	sp
136.282	141.89787386394238	99999	{NS}
141.89787386394238	142.472	71	BUTTERSCOTCH
142.472	142.892	169	FUDGE
142.892	143.172	186	GOES
143.172	143.452	481	WELL
143.452	143.642	487	WITH
143.642	144.012	463	VANILLA
144.012	144.362	212	ICE
144.362	144.602	112	CREAM
144.602	147.322	99999	{NS}
147.322	152.862	99999	{NS}
152.862	153.262	366	RICH
153.262	153.782	349	PURCHASED
153.782	154.292	374	SEVERAL
154.292	154.842	382	SIGNED
154.842	154.982	99999	sp
154.982	155.212	88888	LI
155.212	155.552	99999	sp
155.552	156.392	245	LITHOGRAPHS
156.392	157.112	99999	sp
157.112	159.602	99999	{NS}
159.602	165.70924546116584	99999	{NS}
165.70924546116584	165.962	24	ANY
165.962	166.772	105	CONTRIBUTIONS
166.772	166.862	485	WILL
166.862	167.012	47	BE
167.012	167.462	88888	GEN
167.462	167.792	195	GREATLY
167.792	168.452	28	APPRECIATED
168.452	171.192	99999	{NS}
171.192	177.372	99999	{NS}
177.372	177.562	434	THE
177.562	178.142	111	CRANBERRY
178.142	178.522	57	BOG
178.522	178.792	178	GETS
178.792	179.082	465	VERY
179.082	179.542	88888	PRET
179.542	179.612	99999	sp
179.612	179.942	340	PRETTY
179.942	180.082	217	IN
180.082	180.462	40	AUTUMN
180.462	183.252	99999	{NS}
183.252	196.472	99999	{NS}
196.472	198.342	99999	sp
198.342	198.682	210	HOW
198.682	198.882	128	DO
198.882	199.392	318	OYSTERS
199.392	199.712	253	MAKE
199.712	200.332	320	PEARLS
200.332	200.912	99999	sp
200.912	203.012	99999	{NS}
203.012	203.092	99999	sp
203.092	207.382	99999	{NS}
207.382	207.742	99999	sp
207.742	208.002	257	MAY
208.002	208.182	211	I
208.182	208.572	304	ORDER
208.572	208.642	1	A
208.642	209.152	319	PARFAIT
209.152	209.512	10	AFTER
209.512	209.582	211	I
209.582	209.942	134	EAT
209.942	210.092	88888	DI
210.092	210.242	99999	sp
210.242	210.592	124	DINNER
210.592	211.372	99999	sp
211.372	213.402	99999	{NS}
213.402	218.942	99999	{NS}
218.942	219.16851323783325	99999	sp
219.16851323783325	219.292	224	IS
219.292	219.492	375	SHE
219.492	219.872	187	GOING
219.872	220.052	487	WITH
220.052	220.222	495	YOU
220.222	223.282	99999	{NS}
223.282	227.552	99999	{NS}
227.552	227.9296124337545	99999	sp
227.9296124337545	228.092	76	CAN
228.092	228.242	434	THE
228.242	228.822	11	AGENCY
228.822	229.432	315	OVERTHROW
229.432	229.822	13	ALIEN
229.822	230.542	162	FORCES
252.89027489477508	253.402	130	DRAW
253.402	253.912	145	EVERY
253.912	254.242	308	OUTER
254.242	254.532	244	LINE
254.532	255.002	156	FIRST
255.002	255.242	436	THEN
255.242	255.472	154	FILL
255.472	255.582	217	IN
255.582	255.712	434	THE
255.712	256.222	222	INTERIOR
256.222	256.652	99999	sp
256.652	259.012	99999	{NS}
259.012	264.872	99999	{NS}
264.872	265.062	99999	sp
265.062	265.152	434	THE
265.152	265.542	475	WATER
265.542	266.052	103	CONTAINED
266.052	266.212	448	TOO
266.212	266.452	269	MUCH
266.452	266.952	90	CHLORINE
266.952	267.092	20	AND
267.092	267.422	409	STUNG
267.422	267.642	208	HIS
267.642	268.292	149	EYES
268.292	268.552	99999	sp
268.552	270.322	99999	{NS}
270.322	270.552	99999	sp
270.552	275.652	99999	{NS}
275.652	276.112	99999	sp
276.112	276.592	229	JOHN'S
276.592	277.002	66	BROTHER
277.002	277.542	363	REPAINTED
277.542	277.642	434	THE
277.642	278.082	173	GARAGE
278.082	278.322	129	DOOR
278.322	278.802	99999	sp
278.802	281.202	99999	{NS}
281.202	286.112	99999	{NS}
286.112	286.132	99999	sp
286.132	286.592	84	CHALLENGE
286.592	286.962	132	EACH
286.962	287.472	175	GENERAL'S
287.472	288.352	221	INTELLIGENCE
288.352	288.562	99999	sp
288.562	290.722	99999	{NS}
290.722	296.202	99999	{NS}
296.202	296.832	99999	sp
296.832	297.582	17	AMBIDEXTROUS
297.582	298.282	327	PICKPOCKETS
298.282	298.782	6	ACCOMPLISH
298.782	299.102	267	MORE
299.102	299.622	99999	sp
299.622	301.632	99999	{NS}
301.632	307.062	99999	{NS}
307.062	307.4782037158381	99999	sp
307.4782037158381	307.532	1	A
307.532	308.182	271	MUSCULAR
308.182	308.692	2	ABDOMEN
308.692	308.892	224	IS
308.892	309.062	189	GOOD
309.062	309.232	161	FOR
309.232	309.382	496	YOUR
309.382	309.852	43	BACK
309.852	310.392	99999	sp
310.392	312.392	99999	{NS}
312.392	317.75741779848585	99999	{NS}
317.75741779848585	317.932	438	THEY
317.932	318.112	317	OWN
318.112	318.152	1	A
318.152	318.452	52	BIG
318.452	318.862	209	HOUSE
318.862	319.012	217	IN
319.012	319.072	434	THE
319.072	319.482	361	REMOTE
319.482	320.252	109	COUNTRYSIDE
320.252	320.472	99999	sp
320.472	322.472	99999	{NS}
322.472	328.572	99999	{NS}
328.572	328.732	434	THE
328.732	329.112	369	ROSE
329.112	329.692	106	CORSAGE
329.692	330.062	393	SMELLED
330.062	330.582	421	SWEET
330.582	331.122	99999	sp
331.122	333.622	99999	{NS}
333.622	339.532	99999	{NS}
339.532	339.792	99999	sp
339.792	340.0	433	THAT
340.0	340.572	326	PICKPOCKET
340.572	340.732	472	WAS
340.732	341.032	80	CAUGHT
341.032	341.262	356	RED
341.262	341.722	199	HANDED
341.722	342.342	99999	sp
342.342	344.412	99999	{NS}
344.412	350.0	99999	{NS}
350.0	350.202	99999	sp
350.202	350.322	19	AN
350.322	350.702	9	ADULT
350.702	350.952	255	MALE
350.952	351.562	42	BABOON'S
351.562	351.922	430	TEETH
351.922	352.052	30	ARE
352.052	352.252	285	NOT
352.252	352.652	415	SUITABLE
352.652	352.782	161	FOR
352.782	353.082	135	EATING
353.082	353.762	376	SHELLFISH
353.762	354.092	99999	sp
354.092	356.032	99999	{NS}
356.032	362.222	99999	{NS}
362.222	362.242	99999	sp
362.242	362.402	204	HER
362.402	362.982	470	WARDROBE
362.982	363.572	102	CONSISTS
363.572	363.682	294	OF
363.682	363.902	298	ONLY
363.902	364.362	385	SKIRTS
364.362	364.532	20	AND
364.532	365.252	54	BLOUSES
365.252	366.022	99999	sp
366.022	370.172	99999	{NS}
370.172	375.562	99999	{NS}
375.562	375.9384986641756	99999	sp
375.9384986641756	376.022	434	THE
376.022	376.352	453	TWO
376.352	376.782	33	ARTISTS
376.782	377.382	147	EXCHANGED
377.382	378.242	39	AUTOGRAPHS
378.242	378.672	99999	sp
378.672	380.662	99999	{NS}
380.662	385.712	99999	{NS}
385.712	386.162	99999	sp
386.162	386.762	71	BUTTERSCOTCH
386.762	387.182	169	FUDGE
387.182	387.452	186	GOES
387.452	387.722	481	WELL
387.722	387.902	487	WITH
387.902	388.252	463	VANILLA
388.252	388.582	212	ICE
388.582	388.812	112	CREAM
388.812	389.172	99999	sp
389.172	391.292	99999	{NS}
391.292	397.1100111082143	99999	{NS}
397.1100111082143	397.452	366	RICH
397.452	397.952	349	PURCHASED
397.952	398.612	374	SEVERAL
398.612	399.122	382	SIGNED
399.122	400.002	245	LITHOGRAPHS
400.002	400.322	99999	sp
400.322	402.502	99999	{NS}
402.502	402.632	99999	sp
402.632	407.322	99999	{NS}
407.322	407.492	99999	sp
407.492	407.762	24	ANY
407.762	408.582	105	CONTRIBUTIONS
408.582	408.672	485	WILL
408.672	408.812	47	BE
408.812	409.252	195	GREATLY
409.252	410.022	28	APPRECIATED
410.022	410.542	99999	sp
410.542	413.072	99999	{NS}
413.072	417.732	99999	{NS}
417.732	418.072	99999	sp
418.072	418.162	434	THE
418.162	418.692	111	CRANBERRY
418.692	419.082	57	BOG
419.082	419.342	178	GETS
419.342	419.592	465	VERY
419.592	419.972	340	PRETTY
419.972	420.052	217	IN
420.052	420.432	40	AUTUMN
420.432	421.002	99999	sp
421.002	422.662	99999	{NS}
422.662	423.012	99999	sp
423.012	426.982	99999	{NS}
426.982	428.74297737288776	99999	sp
428.74297737288776	428.922	210	HOW
428.922	429.102	128	DO
429.102	429.612	318	OYSTERS
429.612	429.832	88888	MA
429.832	429.912	99999	sp
429.912	430.182	253	MAKE
430.182	430.912	320	PEARLS
430.912	431.252	99999	sp
431.252	433.382	99999	{NS}
433.382	439.2292398525616	99999	{NS}
439.2292398525616	439.392	257	MAY
439.392	439.542	211	I
439.542	439.852	304	ORDER
439.852	439.882	1	A
439.882	440.442	319	PARFAIT
440.442	440.852	10	AFTER
440.852	440.882	211	I
440.882	441.172	134	EAT
441.172	441.592	124	DINNER
441.592	441.862	99999	sp
441.862	445.842	99999	{NS}
445.842	447.452	99999	{NS}
447.452	447.71896454098317	99999	sp
447.71896454098317	447.872	224	IS
447.872	448.082	375	SHE
448.082	448.392	187	GOING
448.392	448.592	487	WITH
448.592	448.742	495	YOU
448.742	449.772	99999	{NS}
449.772	452.722	99999	{NS}
452.722	456.2689698194067	99999	sp
456.2689698194067	456.4255836594974	76	CAN
456.4255836594974	456.52805938202584	434	THE
456.52805938202584	457.142	11	AGENCY
457.142	457.612	315	OVERTHROW
457.612	458.002	13	ALIEN
458.002	458.692	162	FORCES
