21.653125	21.693125000000002	49	DH	21
21.693125000000002	21.743125	6	AH0	21
21.743125	21.933125	67	W	21
21.933125	22.003125	10	AO1	21
22.003125	22.033125000000002	64	T	21
22.033125000000002	22.153125	21	ER0	21
22.153125	22.263125	54	K	21
22.263125	22.293125	6	AH0	21
22.293125	22.353125000000002	58	N	21
22.353125000000002	22.443125000000002	64	T	21
22.443125000000002	22.563125	25	EY1	21
22.563125	22.663125	58	N	21
22.663125	22.693125000000002	48	D	21
22.693125000000002	22.833125	64	T	21
22.833125	22.923125	44	UW1	21
22.923125	23.023125	57	M	21
23.023125	23.083125	7	AH1	21
23.083125	23.183125	47	CH	21
23.183125	23.303125	54	K	21
23.303125	23.403125	56	L	21
23.403125	23.463125	10	AO1	21
23.463125	23.523125	61	R	21
23.523125	23.633125	31	IY0	21
23.633125	23.723125	58	N	21
23.723125	23.783125000000002	4	AE1	21
23.783125000000002	23.853125000000002	58	N	21
23.853125000000002	23.883125	48	D	21
23.883125	23.993125	62	S	21
23.993125	24.033125000000002	64	T	21
24.033125000000002	24.103125000000002	7	AH1	21
24.103125000000002	24.173125	59	NG	21
24.173125	24.263125	52	HH	21
24.263125	24.293125	6	AH0	21
24.293125	24.393125	69	Z	21
24.393125	24.673125	16	AY1	21
24.673125	25.043125	69	Z	21
32.7973125	32.9273125	53	JH	22
32.9273125	33.0773125	1	AA1	22
33.0773125	33.1173125	58	N	22
33.1173125	33.2273125	69	Z	22
33.2273125	33.307312499999995	46	B	22
33.307312499999995	33.407312499999996	61	R	22
33.407312499999996	33.4873125	7	AH1	22
33.4873125	33.5473125	49	DH	22
33.5473125	33.807312499999995	21	ER0	22
33.807312499999995	33.8773125	61	R	22
33.8773125	33.99731249999999	31	IY0	22
33.99731249999999	34.10731249999999	60	P	22
34.10731249999999	34.167312499999994	25	EY1	22
34.167312499999994	34.197312499999995	58	N	22
34.197312499999995	34.2273125	64	T	22
34.2273125	34.277312499999994	6	AH0	22
34.277312499999994	34.3273125	48	D	22
34.3273125	34.3673125	49	DH	22
34.3673125	34.407312499999996	6	AH0	22
34.407312499999996	34.4673125	51	G	22
34.4673125	34.6173125	21	ER0	22
34.6173125	34.74731249999999	1	AA1	22
34.74731249999999	34.8473125	70	ZH	22
34.8473125	34.8973125	48	D	22
34.8973125	35.027312499999994	10	AO1	22
35.027312499999994	35.1273125	61	R	22
44.210625	44.31667659148193	47	CH	23
44.31667659148193	44.43667659148193	4	AE1	23
44.43667659148193	44.49667659148193	56	L	23
44.49667659148193	44.56667659148193	6	AH0	23
44.56667659148193	44.656676591481926	58	N	23
44.656676591481926	44.74667659148193	53	JH	23
44.74667659148193	44.84667659148193	32	IY1	23
44.84667659148193	45.30667659148193	32	IY1	23
45.30667659148193	45.48667659148193	47	CH	23
45.48667659148193	45.60667659148193	53	JH	23
45.60667659148193	45.67667659148193	19	EH1	23
45.67667659148193	45.71667659148193	58	N	23
45.71667659148193	45.836676591481925	61	R	23
45.836676591481925	45.86667659148193	6	AH0	23
45.86667659148193	45.93667659148193	56	L	23
45.93667659148193	45.99667659148193	69	Z	23
45.99667659148193	46.02667659148193	29	IH2	23
46.02667659148193	46.086676591481925	58	N	23
46.086676591481925	46.156676591481926	64	T	23
46.156676591481926	46.19667659148193	19	EH1	23
46.19667659148193	46.28667659148193	56	L	23
46.28667659148193	46.32667659148193	6	AH0	23
46.32667659148193	46.38667659148193	53	JH	23
46.38667659148193	46.44667659148193	6	AH0	23
46.44667659148193	46.53667659148193	58	N	23
46.53667659148193	46.796676591481926	62	S	23
55.0474375	55.1676327402203	5	AE2	24
55.1676327402203	55.1976327402203	57	M	24
55.1976327402203	55.2276327402203	46	B	24
55.2276327402203	55.2556327402203	6	AH0	24
55.2556327402203	55.3676327402203	48	D	24
55.3676327402203	55.4476327402203	19	EH1	24
55.4476327402203	55.5176327402203	54	K	24
55.5176327402203	55.5876327402203	62	S	24
55.5876327402203	55.6376327402203	64	T	24
55.6376327402203	55.6776327402203	61	R	24
55.6776327402203	55.7176327402203	6	AH0	24
55.7176327402203	55.8276327402203	62	S	24
55.8276327402203	55.9376327402203	60	P	24
55.9376327402203	55.9876327402203	28	IH1	24
55.9876327402203	56.0476327402203	54	K	24
56.0476327402203	56.1576327402203	60	P	24
56.1576327402203	56.2576327402203	2	AA2	24
56.2576327402203	56.3476327402203	54	K	24
56.3476327402203	56.4076327402203	6	AH0	24
56.4076327402203	56.5476327402203	64	T	24
56.5476327402203	56.8676327402203	62	S	24
56.8676327402203	56.8976327402203	74	sp	24
56.8976327402203	57.0076327402203	6	AH0	24
57.0076327402203	57.0976327402203	54	K	24
57.0976327402203	57.1776327402203	1	AA1	24
57.1776327402203	57.2376327402203	57	M	24
57.2376327402203	57.2676327402203	60	P	24
57.2676327402203	57.3276327402203	56	L	24
57.3276327402203	57.357632740220296	27	IH0	24
57.357632740220296	57.4676327402203	63	SH	24
57.4676327402203	57.5276327402203	57	M	24
57.5276327402203	57.6476327402203	10	AO1	24
57.6476327402203	57.7476327402203	61	R	24
65.315625	65.415625	6	AH0	25
65.415625	65.585625	57	M	25
65.585625	65.625625	7	AH1	25
65.625625	65.74562499999999	62	S	25
65.74562499999999	65.77562499999999	54	K	25
65.77562499999999	65.855625	68	Y	25
65.855625	65.885625	6	AH0	25
65.885625	65.93562499999999	56	L	25
65.93562499999999	66.05562499999999	21	ER0	25
66.05562499999999	66.205625	4	AE1	25
66.205625	66.24562499999999	46	B	25
66.24562499999999	66.325625	48	D	25
66.325625	66.365625	6	AH0	25
66.365625	66.455625	57	M	25
66.455625	66.505625	6	AH0	25
66.505625	66.595625	58	N	25
66.595625	66.695625	28	IH1	25
66.695625	66.795625	69	Z	25
66.795625	66.855625	51	G	25
66.855625	66.925625	41	UH1	25
66.925625	66.985625	48	D	25
66.985625	67.075625	50	F	25
67.075625	67.135625	21	ER0	25
67.135625	67.205625	68	Y	25
67.205625	67.24562499999999	41	UH1	25
67.24562499999999	67.27562499999999	61	R	25
67.27562499999999	67.345625	46	B	25
67.345625	67.515625	4	AE1	25
67.515625	67.695625	54	K	25
75.650375	75.730375	49	DH	26
75.730375	75.870375	25	EY1	26
75.870375	76.00037499999999	35	OW1	26
76.00037499999999	76.040375	58	N	26
76.040375	76.100375	6	AH0	26
76.100375	76.230375	46	B	26
76.230375	76.320375	28	IH1	26
76.320375	76.380375	51	G	26
76.380375	76.520375	52	HH	26
76.520375	76.660375	13	AW1	26
76.660375	76.800375	62	S	26
76.800375	76.86037499999999	28	IH1	26
76.86037499999999	76.92037499999999	58	N	26
76.92037499999999	76.950375	49	DH	26
76.950375	76.980375	6	AH0	26
76.980375	77.060375	61	R	26
77.060375	77.090375	6	AH0	26
77.090375	77.200375	57	M	26
77.200375	77.350375	35	OW1	26
77.350375	77.380375	64	T	26
77.380375	77.490375	54	K	26
77.490375	77.550375	7	AH1	26
77.550375	77.61037499999999	58	N	26
77.61037499999999	77.660375	64	T	26
77.660375	77.690375	61	R	26
77.690375	77.75037499999999	31	IY0	26
77.75037499999999	77.870375	62	S	26
77.870375	78.040375	17	AY2	26
78.040375	78.090375	48	D	26
86.31725	86.46725	49	DH	27
86.46725	86.50725000000001	6	AH0	27
86.50725000000001	86.72725000000001	61	R	27
86.72725000000001	86.92725	35	OW1	27
86.92725	87.04725	69	Z	27
87.04725	87.12725	54	K	27
87.12725	87.16725000000001	9	AO0	27
87.16725000000001	87.22725000000001	61	R	27
87.22725000000001	87.36725000000001	62	S	27
87.36725000000001	87.54725	1	AA1	27
87.54725	87.61725000000001	70	ZH	27
87.61725000000001	87.74725000000001	62	S	27
87.74725000000001	87.79725	57	M	27
87.79725	87.83725000000001	19	EH1	27
87.83725000000001	87.95725	56	L	27
87.95725	87.98725	48	D	27
87.98725	88.15725	62	S	27
88.15725	88.23725	67	W	27
88.23725	88.34725	32	IY1	27
88.34725	88.56725	64	T	27
96.83259246421304	96.86655076883947	49	DH	28
96.86655076883947	96.95079938633116	4	AE1	28
96.95079938633116	97.06698713268001	64	T	28
97.06698713268001	97.15099412096487	60	P	28
97.15099412096487	97.22273056754196	27	IH0	28
97.22273056754196	97.25049319737653	54	K	28
97.25049319737653	97.35142470942102	60	P	28
97.35142470942102	97.46403424765249	7	AH1	28
97.46403424765249	97.53410240477429	54	K	28
97.53410240477429	97.61000957498958	27	IH0	28
97.61000957498958	97.64421528420723	64	T	28
97.64421528420723	97.70014914366982	67	W	28
97.70014914366982	97.74602710369005	6	AH0	28
97.74602710369005	97.81271251919061	69	Z	28
97.81271251919061	97.96946862013567	54	K	28
97.96946862013567	98.10042934237522	1	AA1	28
98.10042934237522	98.17806790989715	64	T	28
98.17806790989715	98.28123751984754	61	R	28
98.28123751984754	98.43490230511773	18	EH0	28
98.43490230511773	98.60339954010111	74	sp	28
98.60339954010111	98.66244166037924	61	R	28
98.66244166037924	98.73834883059452	18	EH0	28
98.73834883059452	98.78255850115947	48	D	28
98.78255850115947	98.86004200296632	52	HH	28
98.86004200296632	98.9626418044661	4	AE1	28
98.9626418044661	99.02770509322207	58	N	28
99.02770509322207	99.10444640816499	48	D	28
99.10444640816499	99.1728462758315	6	AH0	28
99.1728462758315	99.35838269950844	48	D	28
109.9478125	110.01356584222387	4	AE1	29
110.01356584222387	110.05356584222388	58	N	29
110.05356584222388	110.11356584222388	4	AE1	29
110.11356584222388	110.24356584222387	48	D	29
110.24356584222387	110.29356584222387	6	AH0	29
110.29356584222387	110.41356584222387	56	L	29
110.41356584222387	110.46356584222387	64	T	29
110.46356584222387	110.58356584222388	57	M	29
110.58356584222388	110.65356584222387	25	EY1	29
110.65356584222387	110.86356584222388	56	L	29
110.86356584222388	111.01356584222387	74	sp	29
111.01356584222387	111.05356584222388	46	B	29
111.05356584222388	111.27356584222387	4	AE1	29
111.27356584222387	112.04356584222387	74	sp	29
112.04356584222387	112.09356584222387	46	B	29
112.09356584222387	112.21356584222387	3	AE0	29
112.21356584222387	112.32356584222387	46	B	29
112.32356584222387	112.54356584222387	44	UW1	29
112.54356584222387	112.58356584222388	58	N	29
112.58356584222388	112.68356584222387	69	Z	29
112.68356584222387	112.78356584222387	64	T	29
112.78356584222387	112.91356584222387	32	IY1	29
112.91356584222387	113.01356584222387	65	TH	29
113.01356584222387	113.09356584222387	1	AA1	29
113.09356584222387	113.15356584222387	61	R	29
113.15356584222387	113.18356584222387	58	N	29
113.18356584222387	113.26356584222387	1	AA1	29
113.26356584222387	113.29356584222387	64	T	29
113.29356584222387	113.41356584222387	62	S	29
113.41356584222387	113.49356584222387	44	UW1	29
113.49356584222387	113.52356584222387	64	T	29
113.52356584222387	113.55356584222388	6	AH0	29
113.55356584222388	113.62356584222387	46	B	29
113.62356584222387	113.65356584222387	6	AH0	29
113.65356584222387	113.75356584222388	56	L	29
113.75356584222388	113.81356584222387	50	F	29
113.81356584222387	113.86356584222388	21	ER0	29
113.86356584222388	113.99356584222387	32	IY1	29
113.99356584222387	114.02356584222387	64	T	29
114.02356584222387	114.05356584222388	27	IH0	29
114.05356584222388	114.13356584222387	59	NG	29
114.13356584222387	114.23356584222387	63	SH	29
114.23356584222387	114.27356584222387	19	EH1	29
114.27356584222387	114.34356584222387	56	L	29
114.34356584222387	114.44356584222388	50	F	29
114.44356584222388	114.50356584222388	29	IH2	29
114.50356584222388	114.75356584222388	63	SH	29
123.8656875	123.94568750000002	52	HH	30
123.94568750000002	124.07568750000002	22	ER1	30
124.07568750000002	124.21568750000002	67	W	30
124.21568750000002	124.34568750000001	10	AO1	30
124.34568750000001	124.40568750000001	61	R	30
124.40568750000001	124.47568750000002	48	D	30
124.47568750000002	124.56568750000001	61	R	30
124.56568750000001	124.59568750000001	36	OW2	30
124.59568750000001	124.69568750000002	46	B	30
124.69568750000002	124.74568750000002	54	K	30
124.74568750000002	124.78568750000001	6	AH0	30
124.78568750000001	124.82568750000002	58	N	30
124.82568750000002	124.97568750000002	62	S	30
124.97568750000002	125.02568750000002	28	IH1	30
125.02568750000002	125.19568750000002	62	S	30
125.19568750000002	125.23568750000001	6	AH0	30
125.23568750000001	125.27568750000002	66	V	30
125.27568750000002	125.37568750000001	35	OW1	30
125.37568750000001	125.42568750000001	58	N	30
125.42568750000001	125.45568750000001	56	L	30
125.45568750000001	125.50568750000001	31	IY0	30
125.50568750000001	125.65568750000001	62	S	30
125.65568750000001	125.70568750000001	54	K	30
125.70568750000001	125.85568750000002	22	ER1	30
125.85568750000002	125.90568750000001	64	T	30
125.90568750000001	126.00568750000001	62	S	30
126.00568750000001	126.04568750000001	4	AE1	30
126.04568750000001	126.10568750000002	58	N	30
126.10568750000002	126.13568750000002	48	D	30
126.13568750000002	126.19568750000002	46	B	30
126.19568750000002	126.26568750000001	56	L	30
126.26568750000001	126.37568750000001	13	AW1	30
126.37568750000001	126.51568750000001	62	S	30
126.51568750000001	126.54568750000001	6	AH0	30
126.54568750000001	126.87568750000001	69	Z	30
135.9848125	136.0348125	49	DH	31
136.0348125	136.0848125	6	AH0	31
136.0848125	136.2848125	64	T	31
136.2848125	136.4548125	44	UW1	31
136.4548125	136.5848125	1	AA1	31
136.5848125	136.6448125	61	R	31
136.6448125	136.6848125	64	T	31
136.6848125	136.7348125	6	AH0	31
136.7348125	136.9048125	62	S	31
136.9048125	136.9948125	27	IH0	31
136.9948125	137.0448125	54	K	31
137.0448125	137.0848125	62	S	31
137.0848125	137.1848125	47	CH	31
137.1848125	137.3248125	25	EY1	31
137.3248125	137.38481249999998	58	N	31
137.38481249999998	137.47481249999998	53	JH	31
137.47481249999998	137.5348125	48	D	31
137.5348125	137.69481249999998	10	AO1	31
137.69481249999998	137.72481249999998	64	T	31
137.72481249999998	137.7848125	6	AH0	31
137.7848125	137.8348125	51	G	31
137.8348125	137.9048125	61	R	31
137.9048125	138.0248125	5	AE2	31
138.0248125	138.1148125	50	F	31
138.1148125	138.41481249999998	62	S	31
147.3005625	147.34468863605764	46	B	32
147.34468863605764	147.39468863605762	7	AH1	32
147.39468863605762	147.42468863605762	64	T	32
147.42468863605762	147.50468863605764	21	ER0	32
147.50468863605764	147.60468863605763	62	S	32
147.60468863605763	147.64468863605762	54	K	32
147.64468863605762	147.74468863605765	2	AA2	32
147.74468863605765	147.87468863605764	47	CH	32
147.87468863605764	147.97468863605764	50	F	32
147.97468863605764	148.14468863605762	7	AH1	32
148.14468863605762	148.29468863605763	53	JH	32
148.29468863605763	148.38468863605763	51	G	32
148.38468863605763	148.50468863605764	35	OW1	32
148.50468863605764	148.57468863605763	69	Z	32
148.57468863605763	148.69468863605763	67	W	32
148.69468863605763	148.72468863605764	19	EH1	32
148.72468863605764	148.85468863605763	56	L	32
148.85468863605763	148.91468863605763	67	W	32
148.91468863605763	148.94468863605763	28	IH1	32
148.94468863605763	149.04468863605763	65	TH	32
149.04468863605763	149.08468863605762	66	V	32
149.08468863605762	149.14468863605762	6	AH0	32
149.14468863605762	149.24468863605765	58	N	32
149.24468863605765	149.29468863605763	28	IH1	32
149.29468863605763	149.38468863605763	56	L	32
149.38468863605763	149.41468863605763	6	AH0	32
149.41468863605763	149.63468863605763	16	AY1	32
149.63468863605763	149.76468863605763	62	S	32
149.76468863605763	149.80468863605762	54	K	32
149.80468863605762	149.86468863605762	61	R	32
149.86468863605762	149.89468863605762	32	IY1	32
149.89468863605762	150.00468863605764	57	M	32
159.067875	159.247875	61	R	33
159.247875	159.307875	28	IH1	33
159.307875	159.467875	47	CH	33
159.467875	159.587875	60	P	33
159.587875	159.69787499999998	22	ER1	33
159.69787499999998	159.827875	47	CH	33
159.827875	159.867875	6	AH0	33
159.867875	159.957875	62	S	33
159.957875	159.987875	64	T	33
159.987875	160.097875	62	S	33
160.097875	160.157875	19	EH1	33
160.157875	160.25787499999998	66	V	33
160.25787499999998	160.35787499999998	61	R	33
160.35787499999998	160.38787499999998	6	AH0	33
160.38787499999998	160.497875	56	L	33
160.497875	160.657875	62	S	33
160.657875	160.85787499999998	16	AY1	33
160.85787499999998	160.937875	58	N	33
160.937875	161.047875	48	D	33
161.047875	161.187875	74	sp	33
161.187875	161.337875	56	L	33
161.337875	161.41787499999998	32	IY1	33
161.41787499999998	161.75787499999998	74	sp	33
161.75787499999998	161.847875	56	L	33
161.847875	161.88787499999998	28	IH1	33
161.88787499999998	161.997875	65	TH	33
161.997875	162.047875	6	AH0	33
162.047875	162.117875	51	G	33
162.117875	162.147875	61	R	33
162.147875	162.28787499999999	5	AE2	33
162.28787499999999	162.337875	50	F	33
162.337875	162.597875	62	S	33
171.1672270791917	171.24998161802586	19	EH1	34
171.24998161802586	171.27998161802586	58	N	34
171.27998161802586	171.41998161802584	31	IY0	34
171.41998161802584	171.50998161802585	54	K	34
171.50998161802585	171.59998161802585	2	AA2	34
171.59998161802585	171.62998161802585	58	N	34
171.62998161802585	171.68998161802585	64	T	34
171.68998161802585	171.71998161802586	61	R	34
171.71998161802586	171.74998161802586	6	AH0	34
171.74998161802586	171.80998161802586	46	B	34
171.80998161802586	171.83998161802586	68	Y	34
171.83998161802586	171.89998161802586	44	UW1	34
171.89998161802586	172.02998161802586	63	SH	34
172.02998161802586	172.06998161802585	6	AH0	34
172.06998161802585	172.12998161802585	58	N	34
172.12998161802585	172.22998161802585	69	Z	34
172.22998161802585	172.25998161802585	67	W	34
172.25998161802585	172.28998161802585	6	AH0	34
172.28998161802585	172.31998161802585	56	L	34
172.31998161802585	172.35998161802584	46	B	34
172.35998161802584	172.46998161802586	32	IY1	34
172.46998161802586	172.65998161802585	53	JH	34
172.65998161802585	172.70998161802586	19	EH1	34
172.70998161802586	172.73998161802587	58	N	34
172.73998161802587	172.81998161802585	21	ER0	34
172.81998161802585	172.88998161802584	6	AH0	34
172.88998161802584	172.91998161802584	56	L	34
172.91998161802584	172.96998161802586	51	G	34
172.96998161802586	173.05998161802586	61	R	34
173.05998161802586	173.11998161802586	25	EY1	34
173.11998161802586	173.14998161802586	64	T	34
173.14998161802586	173.18998161802585	56	L	34
173.18998161802585	173.24998161802586	31	IY0	34
173.24998161802586	173.28998161802585	6	AH0	34
173.28998161802585	173.38998161802584	60	P	34
173.38998161802584	173.42998161802586	61	R	34
173.42998161802586	173.45998161802586	32	IY1	34
173.45998161802586	173.56998161802585	63	SH	34
173.56998161802585	173.63998161802584	31	IY0	34
173.63998161802584	173.72998161802585	26	EY2	34
173.72998161802585	173.75998161802585	64	T	34
173.75998161802585	173.84998161802585	6	AH0	34
173.84998161802585	173.90998161802585	48	D	34
183.1264375	183.2664375	49	DH	35
183.2664375	183.3164375	6	AH0	35
183.3164375	183.46643749999998	54	K	35
183.46643749999998	183.5264375	61	R	35
183.5264375	183.6164375	4	AE1	35
183.6164375	183.6764375	58	N	35
183.6764375	183.7264375	46	B	35
183.7264375	183.7664375	20	EH2	35
183.7664375	183.8664375	61	R	35
183.8664375	183.8964375	31	IY0	35
183.8964375	183.99643749999998	46	B	35
183.99643749999998	184.2364375	1	AA1	35
184.2364375	184.2764375	51	G	35
184.2764375	184.3364375	51	G	35
184.3364375	184.40643749999998	28	IH1	35
184.40643749999998	184.4564375	64	T	35
184.4564375	184.5464375	62	S	35
184.5464375	184.6164375	66	V	35
184.6164375	184.71643749999998	19	EH1	35
184.71643749999998	184.7664375	61	R	35
184.7664375	184.8364375	31	IY0	35
184.8364375	184.96643749999998	60	P	35
184.96643749999998	185.0564375	61	R	35
185.0564375	185.24643749999998	19	EH1	35
185.24643749999998	185.2964375	64	T	35
185.2964375	185.3664375	74	sp	35
185.3664375	185.4564375	60	P	35
185.4564375	185.5364375	61	R	35
185.5364375	185.5864375	28	IH1	35
185.5864375	185.6164375	64	T	35
185.6164375	185.6964375	31	IY0	35
185.6964375	185.7764375	28	IH1	35
185.7764375	185.8364375	58	N	35
185.8364375	186.0164375	10	AO1	35
186.0164375	186.0564375	64	T	35
186.0564375	186.0964375	6	AH0	35
186.0964375	186.21643749999998	57	M	35
202.91025	203.08024999999998	52	HH	36
203.08024999999998	203.25024999999997	13	AW1	36
203.25024999999997	203.30024999999998	48	D	36
203.30024999999998	203.45024999999998	44	UW1	36
203.45024999999998	203.62024999999997	38	OY1	36
203.62024999999997	203.72024999999996	62	S	36
203.72024999999996	203.78024999999997	64	T	36
203.78024999999997	203.89024999999998	21	ER0	36
203.89024999999998	203.96024999999997	69	Z	36
203.96024999999997	204.02024999999998	57	M	36
204.02024999999998	204.11024999999998	25	EY1	36
204.11024999999998	204.28024999999997	54	K	36
204.28024999999997	204.34024999999997	60	P	36
204.34024999999997	204.48024999999998	22	ER1	36
204.48024999999998	204.59024999999997	56	L	36
204.59024999999997	204.90024999999997	69	Z	36
213.28475	213.42475000000002	57	M	37
213.42475000000002	213.54475000000002	25	EY1	37
213.54475000000002	213.72475	16	AY1	37
213.72475	213.85475000000002	10	AO1	37
213.85475000000002	213.89475000000002	61	R	37
213.89475000000002	213.92475000000002	48	D	37
213.92475000000002	214.11475000000002	21	ER0	37
214.11475000000002	214.18475	6	AH0	37
214.18475	214.27475	60	P	37
214.27475	214.32475000000002	1	AA1	37
214.32475000000002	214.39475000000002	61	R	37
214.39475000000002	214.50475	50	F	37
214.50475	214.69475	25	EY1	37
214.69475	214.83475	4	AE1	37
214.83475	214.88475000000003	50	F	37
214.88475000000003	214.92475000000002	64	T	37
214.92475000000002	215.05475	21	ER0	37
215.05475	215.12475	16	AY1	37
215.12475	215.37475	32	IY1	37
215.37475	215.48475000000002	64	T	37
215.48475000000002	215.51475000000002	48	D	37
215.51475000000002	215.63475000000003	16	AY1	37
215.63475000000003	215.78475	74	sp	37
215.78475	215.87475	48	D	37
215.87475	215.93475	28	IH1	37
215.93475	215.97475	58	N	37
215.97475	216.13475000000003	21	ER0	37
223.210375	223.28386176216674	28	IH1	38
223.28386176216674	223.33386176216675	69	Z	38
223.33386176216675	223.43386176216674	63	SH	38
223.43386176216674	223.53386176216674	32	IY1	38
223.53386176216674	223.66386176216676	51	G	38
223.66386176216676	223.78386176216674	35	OW1	38
223.78386176216674	223.83386176216675	27	IH0	38
223.83386176216675	223.91386176216676	59	NG	38
223.91386176216676	223.97386176216673	67	W	38
223.97386176216673	224.01386176216675	28	IH1	38
224.01386176216675	224.09386176216674	65	TH	38
224.09386176216674	224.21386176216674	68	Y	38
224.21386176216674	224.26386176216675	44	UW1	38
233.2984375	233.3908250662455	54	K	39
233.3908250662455	233.4208250662455	6	AH0	39
233.4208250662455	233.46082506624552	58	N	39
233.46082506624552	233.49082506624552	49	DH	39
233.49082506624552	233.6108250662455	31	IY0	39
233.6108250662455	233.7608250662455	25	EY1	39
233.7608250662455	233.84082506624551	53	JH	39
233.84082506624551	233.87082506624552	6	AH0	39
233.87082506624552	233.9108250662455	58	N	39
233.9108250662455	234.0408250662455	62	S	39
234.0408250662455	234.1908250662455	31	IY0	39
234.1908250662455	234.34082506624551	35	OW1	39
234.34082506624551	234.3808250662455	66	V	39
234.3808250662455	234.4708250662455	21	ER0	39
234.4708250662455	234.5808250662455	65	TH	39
234.5808250662455	234.68082506624552	61	R	39
234.68082506624552	234.8008250662455	36	OW2	39
234.8008250662455	234.9208250662455	25	EY1	39
234.9208250662455	235.0008250662455	56	L	39
235.0008250662455	235.09082506624551	31	IY0	39
235.09082506624551	235.12082506624552	6	AH0	39
235.12082506624552	235.1908250662455	58	N	39
235.1908250662455	235.2808250662455	50	F	39
235.2808250662455	235.3508250662455	10	AO1	39
235.3508250662455	235.40082506624552	61	R	39
235.40082506624552	235.5308250662455	62	S	39
235.5308250662455	235.5608250662455	6	AH0	39
235.5608250662455	235.9108250662455	69	Z	39
258.6048125	258.68481249999996	52	HH	30
258.68481249999996	258.81481249999996	22	ER1	30
258.81481249999996	258.9548125	67	W	30
258.9548125	259.0848125	10	AO1	30
259.0848125	259.14481249999994	61	R	30
259.14481249999994	259.2148125	48	D	30
259.2148125	259.30481249999997	61	R	30
259.30481249999997	259.3348125	36	OW2	30
259.3348125	259.43481249999996	46	B	30
259.43481249999996	259.4848125	54	K	30
259.4848125	259.52481249999994	6	AH0	30
259.52481249999994	259.56481249999996	58	N	30
259.56481249999996	259.7148125	62	S	30
259.7148125	259.76481249999995	28	IH1	30
259.76481249999995	259.93481249999996	62	S	30
259.93481249999996	259.9748125	6	AH0	30
259.9748125	260.01481249999995	66	V	30
260.01481249999995	260.11481249999997	35	OW1	30
260.11481249999997	260.1648125	58	N	30
260.1648125	260.19481249999995	56	L	30
260.19481249999995	260.24481249999997	31	IY0	30
260.24481249999997	260.39481249999994	62	S	30
260.39481249999994	260.44481249999995	54	K	30
260.44481249999995	260.5948125	22	ER1	30
260.5948125	260.64481249999994	64	T	30
260.64481249999994	260.74481249999997	62	S	30
260.74481249999997	260.7848125	4	AE1	30
260.7848125	260.8448125	58	N	30
260.8448125	260.87481249999996	48	D	30
260.87481249999996	260.93481249999996	46	B	30
260.93481249999996	261.00481249999996	56	L	30
261.00481249999996	261.11481249999997	13	AW1	30
261.11481249999997	261.25481249999996	62	S	30
261.25481249999996	261.2848125	6	AH0	30
261.2848125	261.61481249999997	69	Z	30
270.528875	270.634926591482	47	CH	23
270.634926591482	270.75492659148193	4	AE1	23
270.75492659148193	270.81492659148194	56	L	23
270.81492659148194	270.884926591482	6	AH0	23
270.884926591482	270.97492659148196	58	N	23
270.97492659148196	271.06492659148194	53	JH	23
271.06492659148194	271.16492659148196	32	IY1	23
271.16492659148196	271.62492659148194	32	IY1	23
271.62492659148194	271.80492659148194	47	CH	23
271.80492659148194	271.92492659148195	53	JH	23
271.92492659148195	271.99492659148194	19	EH1	23
271.99492659148194	272.03492659148196	58	N	23
272.03492659148196	272.15492659148197	61	R	23
272.15492659148197	272.18492659148194	6	AH0	23
272.18492659148194	272.25492659148193	56	L	23
272.25492659148193	272.31492659148194	69	Z	23
272.31492659148194	272.34492659148196	29	IH2	23
272.34492659148196	272.40492659148197	58	N	23
272.40492659148197	272.47492659148196	64	T	23
272.47492659148196	272.514926591482	19	EH1	23
272.514926591482	272.60492659148196	56	L	23
272.60492659148196	272.644926591482	6	AH0	23
272.644926591482	272.704926591482	53	JH	23
272.704926591482	272.764926591482	6	AH0	23
272.764926591482	272.85492659148196	58	N	23
272.85492659148196	273.11492659148195	62	S	23
280.8475625	280.99756249999996	49	DH	27
280.99756249999996	281.0375625	6	AH0	27
281.0375625	281.2575625	61	R	27
281.2575625	281.4575625	35	OW1	27
281.4575625	281.5775625	69	Z	27
281.5775625	281.6575625	54	K	27
281.6575625	281.6975625	9	AO0	27
281.6975625	281.7575625	61	R	27
281.7575625	281.8975625	62	S	27
281.8975625	282.0775625	1	AA1	27
282.0775625	282.1475625	70	ZH	27
282.1475625	282.2775625	62	S	27
282.2775625	282.3275625	57	M	27
282.3275625	282.36756249999996	19	EH1	27
282.36756249999996	282.48756249999997	56	L	27
282.48756249999997	282.5175625	48	D	27
282.5175625	282.6875625	62	S	27
282.6875625	282.7675625	67	W	27
282.7675625	282.87756249999995	32	IY1	27
282.87756249999995	283.0975625	64	T	27
290.5101875	290.5501875	49	DH	21
290.5501875	290.60018749999995	6	AH0	21
290.60018749999995	290.79018749999994	67	W	21
290.79018749999994	290.86018749999994	10	AO1	21
290.86018749999994	290.89018749999997	64	T	21
290.89018749999997	291.0101875	21	ER0	21
291.0101875	291.1201875	54	K	21
291.1201875	291.15018749999996	6	AH0	21
291.15018749999996	291.21018749999996	58	N	21
291.21018749999996	291.3001875	64	T	21
291.3001875	291.42018749999994	25	EY1	21
291.42018749999994	291.52018749999996	58	N	21
291.52018749999996	291.5501875	48	D	21
291.5501875	291.6901875	64	T	21
291.6901875	291.78018749999995	44	UW1	21
291.78018749999995	291.8801875	57	M	21
291.8801875	291.9401875	7	AH1	21
291.9401875	292.04018749999994	47	CH	21
292.04018749999994	292.16018749999995	54	K	21
292.16018749999995	292.2601875	56	L	21
292.2601875	292.3201875	10	AO1	21
292.3201875	292.3801875	61	R	21
292.3801875	292.49018749999993	31	IY0	21
292.49018749999993	292.58018749999997	58	N	21
292.58018749999997	292.64018749999997	4	AE1	21
292.64018749999997	292.71018749999996	58	N	21
292.71018749999996	292.74018749999993	48	D	21
292.74018749999993	292.85018749999995	62	S	21
292.85018749999995	292.89018749999997	64	T	21
292.89018749999997	292.96018749999996	7	AH1	21
292.96018749999996	293.03018749999995	59	NG	21
293.03018749999995	293.1201875	52	HH	21
293.1201875	293.15018749999996	6	AH0	21
293.15018749999996	293.2501875	69	Z	21
293.2501875	293.53018749999995	16	AY1	21
293.53018749999995	293.90018749999996	69	Z	21
301.5225625	301.66256250000004	57	M	37
301.66256250000004	301.78256250000004	25	EY1	37
301.78256250000004	301.9625625	16	AY1	37
301.9625625	302.0925625	10	AO1	37
302.0925625	302.1325625	61	R	37
302.1325625	302.16256250000004	48	D	37
302.16256250000004	302.3525625	21	ER0	37
302.3525625	302.4225625	6	AH0	37
302.4225625	302.5125625	60	P	37
302.5125625	302.5625625	1	AA1	37
302.5625625	302.6325625	61	R	37
302.6325625	302.74256249999996	50	F	37
302.74256249999996	302.9325625	25	EY1	37
302.9325625	303.0725625	4	AE1	37
303.0725625	303.1225625	50	F	37
303.1225625	303.16256250000004	64	T	37
303.16256250000004	303.29256250000003	21	ER0	37
303.29256250000003	303.36256249999997	16	AY1	37
303.36256249999997	303.61256249999997	32	IY1	37
303.61256249999997	303.7225625	64	T	37
303.7225625	303.7525625	48	D	37
303.7525625	303.8725625	16	AY1	37
303.8725625	304.0225625	74	sp	37
304.0225625	304.11256249999997	48	D	37
304.11256249999997	304.1725625	28	IH1	37
304.1725625	304.2125625	58	N	37
304.2125625	304.3725625	21	ER0	37
312.346	312.446	6	AH0	25
312.446	312.616	57	M	25
312.616	312.656	7	AH1	25
312.656	312.776	62	S	25
312.776	312.80600000000004	54	K	25
312.80600000000004	312.886	68	Y	25
312.886	312.916	6	AH0	25
312.916	312.966	56	L	25
312.966	313.086	21	ER0	25
313.086	313.236	4	AE1	25
313.236	313.276	46	B	25
313.276	313.356	48	D	25
313.356	313.396	6	AH0	25
313.396	313.486	57	M	25
313.486	313.536	6	AH0	25
313.536	313.62600000000003	58	N	25
313.62600000000003	313.726	28	IH1	25
313.726	313.826	69	Z	25
313.826	313.886	51	G	25
313.886	313.956	41	UH1	25
313.956	314.016	48	D	25
314.016	314.106	50	F	25
314.106	314.166	21	ER0	25
314.166	314.236	68	Y	25
314.236	314.276	41	UH1	25
314.276	314.30600000000004	61	R	25
314.30600000000004	314.37600000000003	46	B	25
314.37600000000003	314.546	4	AE1	25
314.546	314.726	54	K	25
322.441875	322.5342625662455	54	K	39
322.5342625662455	322.5642625662455	6	AH0	39
322.5642625662455	322.6042625662455	58	N	39
322.6042625662455	322.6342625662455	49	DH	39
322.6342625662455	322.7542625662455	31	IY0	39
322.7542625662455	322.9042625662455	25	EY1	39
322.9042625662455	322.9842625662455	53	JH	39
322.9842625662455	323.0142625662455	6	AH0	39
323.0142625662455	323.0542625662455	58	N	39
323.0542625662455	323.1842625662455	62	S	39
323.1842625662455	323.33426256624546	31	IY0	39
323.33426256624546	323.4842625662455	35	OW1	39
323.4842625662455	323.5242625662455	66	V	39
323.5242625662455	323.6142625662455	21	ER0	39
323.6142625662455	323.72426256624544	65	TH	39
323.72426256624544	323.82426256624547	61	R	39
323.82426256624547	323.94426256624547	36	OW2	39
323.94426256624547	324.0642625662455	25	EY1	39
324.0642625662455	324.1442625662455	56	L	39
324.1442625662455	324.2342625662455	31	IY0	39
324.2342625662455	324.2642625662455	6	AH0	39
324.2642625662455	324.33426256624546	58	N	39
324.33426256624546	324.4242625662455	50	F	39
324.4242625662455	324.4942625662455	10	AO1	39
324.4942625662455	324.5442625662455	61	R	39
324.5442625662455	324.6742625662455	62	S	39
324.6742625662455	324.70426256624546	6	AH0	39
324.70426256624546	325.0542625662455	69	Z	39
333.0950625	333.2750625	61	R	33
333.2750625	333.3350625	28	IH1	33
333.3350625	333.4950625	47	CH	33
333.4950625	333.6150625	60	P	33
333.6150625	333.7250625	22	ER1	33
333.7250625	333.85506250000003	47	CH	33
333.85506250000003	333.8950625	6	AH0	33
333.8950625	333.9850625	62	S	33
333.9850625	334.0150625	64	T	33
334.0150625	334.1250625	62	S	33
334.1250625	334.18506249999996	19	EH1	33
334.18506249999996	334.2850625	66	V	33
334.2850625	334.3850625	61	R	33
334.3850625	334.4150625	6	AH0	33
334.4150625	334.5250625	56	L	33
334.5250625	334.68506249999996	62	S	33
334.68506249999996	334.8850625	16	AY1	33
334.8850625	334.9650625	58	N	33
334.9650625	335.0750625	48	D	33
335.0750625	335.2150625	74	sp	33
335.2150625	335.3650625	56	L	33
335.3650625	335.44506249999995	32	IY1	33
335.44506249999995	335.7850625	74	sp	33
335.7850625	335.8750625	56	L	33
335.8750625	335.9150625	28	IH1	33
335.9150625	336.0250625	65	TH	33
336.0250625	336.0750625	6	AH0	33
336.0750625	336.1450625	51	G	33
336.1450625	336.17506249999997	61	R	33
336.17506249999997	336.31506249999995	5	AE2	33
336.31506249999995	336.3650625	50	F	33
336.3650625	336.6250625	62	S	33
344.40491457919165	344.48766911802585	19	EH1	34
344.48766911802585	344.5176691180259	58	N	34
344.5176691180259	344.65766911802586	31	IY0	34
344.65766911802586	344.74766911802584	54	K	34
344.74766911802584	344.8376691180258	2	AA2	34
344.8376691180258	344.86766911802584	58	N	34
344.86766911802584	344.92766911802585	64	T	34
344.92766911802585	344.9576691180258	61	R	34
344.9576691180258	344.98766911802585	6	AH0	34
344.98766911802585	345.04766911802585	46	B	34
345.04766911802585	345.0776691180258	68	Y	34
345.0776691180258	345.1376691180259	44	UW1	34
345.1376691180259	345.2676691180259	63	SH	34
345.2676691180259	345.30766911802584	6	AH0	34
345.30766911802584	345.36766911802584	58	N	34
345.36766911802584	345.4676691180258	69	Z	34
345.4676691180258	345.49766911802584	67	W	34
345.49766911802584	345.52766911802587	6	AH0	34
345.52766911802587	345.55766911802584	56	L	34
345.55766911802584	345.5976691180258	46	B	34
345.5976691180258	345.7076691180258	32	IY1	34
345.7076691180258	345.8976691180259	53	JH	34
345.8976691180259	345.94766911802583	19	EH1	34
345.94766911802583	345.97766911802586	58	N	34
345.97766911802586	346.05766911802584	21	ER0	34
346.05766911802584	346.12766911802584	6	AH0	34
346.12766911802584	346.15766911802586	56	L	34
346.15766911802586	346.2076691180258	51	G	34
346.2076691180258	346.29766911802585	61	R	34
346.29766911802585	346.35766911802585	25	EY1	34
346.35766911802585	346.3876691180259	64	T	34
346.3876691180259	346.42766911802585	56	L	34
346.42766911802585	346.48766911802585	31	IY0	34
346.48766911802585	346.52766911802587	6	AH0	34
346.52766911802587	346.62766911802584	60	P	34
346.62766911802584	346.66766911802586	61	R	34
346.66766911802586	346.69766911802583	32	IY1	34
346.69766911802583	346.80766911802584	63	SH	34
346.80766911802584	346.87766911802584	31	IY0	34
346.87766911802584	346.9676691180258	26	EY2	34
346.9676691180258	346.99766911802584	64	T	34
346.99766911802584	347.0876691180258	6	AH0	34
347.0876691180258	347.1476691180259	48	D	34
355.8996875	356.0396875	49	DH	35
356.0396875	356.0896875	6	AH0	35
356.0896875	356.2396875	54	K	35
356.2396875	356.2996875	61	R	35
356.2996875	356.38968750000004	4	AE1	35
356.38968750000004	356.4496875	58	N	35
356.4496875	356.49968750000005	46	B	35
356.49968750000005	356.5396875	20	EH2	35
356.5396875	356.63968750000004	61	R	35
356.63968750000004	356.6696875	31	IY0	35
356.6696875	356.76968750000003	46	B	35
356.76968750000003	357.00968750000004	1	AA1	35
357.00968750000004	357.0496875	51	G	35
357.0496875	357.1096875	51	G	35
357.1096875	357.1796875	28	IH1	35
357.1796875	357.2296875	64	T	35
357.2296875	357.3196875	62	S	35
357.3196875	357.38968750000004	66	V	35
357.38968750000004	357.4896875	19	EH1	35
357.4896875	357.5396875	61	R	35
357.5396875	357.6096875	31	IY0	35
357.6096875	357.7396875	60	P	35
357.7396875	357.8296875	61	R	35
357.8296875	358.01968750000003	19	EH1	35
358.01968750000003	358.0696875	64	T	35
358.0696875	358.13968750000004	74	sp	35
358.13968750000004	358.2296875	60	P	35
358.2296875	358.3096875	61	R	35
358.3096875	358.3596875	28	IH1	35
358.3596875	358.38968750000004	64	T	35
358.38968750000004	358.4696875	31	IY0	35
358.4696875	358.5496875	28	IH1	35
358.5496875	358.6096875	58	N	35
358.6096875	358.7896875	10	AO1	35
358.7896875	358.8296875	64	T	35
358.8296875	358.86968750000005	6	AH0	35
358.86968750000005	358.9896875	57	M	35
368.030875	368.0966283422239	4	AE1	29
368.0966283422239	368.13662834222384	58	N	29
368.13662834222384	368.1966283422239	4	AE1	29
368.1966283422239	368.3266283422239	48	D	29
368.3266283422239	368.37662834222385	6	AH0	29
368.37662834222385	368.49662834222386	56	L	29
368.49662834222386	368.54662834222387	64	T	29
368.54662834222387	368.6666283422239	57	M	29
368.6666283422239	368.73662834222387	25	EY1	29
368.73662834222387	368.9466283422239	56	L	29
368.9466283422239	369.0966283422239	74	sp	29
369.0966283422239	369.13662834222384	46	B	29
369.13662834222384	369.35662834222387	4	AE1	29
369.35662834222387	370.12662834222385	74	sp	29
370.12662834222385	370.17662834222386	46	B	29
370.17662834222386	370.29662834222387	3	AE0	29
370.29662834222387	370.4066283422239	46	B	29
370.4066283422239	370.62662834222385	44	UW1	29
370.62662834222385	370.6666283422239	58	N	29
370.6666283422239	370.76662834222384	69	Z	29
370.76662834222384	370.86662834222386	64	T	29
370.86662834222386	370.99662834222386	32	IY1	29
370.99662834222386	371.0966283422239	65	TH	29
371.0966283422239	371.17662834222386	1	AA1	29
371.17662834222386	371.23662834222387	61	R	29
371.23662834222387	371.26662834222384	58	N	29
371.26662834222384	371.3466283422239	1	AA1	29
371.3466283422239	371.37662834222385	64	T	29
371.37662834222385	371.49662834222386	62	S	29
371.49662834222386	371.5766283422239	44	UW1	29
371.5766283422239	371.60662834222387	64	T	29
371.60662834222387	371.63662834222384	6	AH0	29
371.63662834222384	371.7066283422239	46	B	29
371.7066283422239	371.73662834222387	6	AH0	29
371.73662834222387	371.8366283422239	56	L	29
371.8366283422239	371.89662834222383	50	F	29
371.89662834222383	371.9466283422239	21	ER0	29
371.9466283422239	372.0766283422239	32	IY1	29
372.0766283422239	372.10662834222387	64	T	29
372.10662834222387	372.13662834222384	27	IH0	29
372.13662834222384	372.2166283422239	59	NG	29
372.2166283422239	372.31662834222385	63	SH	29
372.31662834222385	372.35662834222387	19	EH1	29
372.35662834222387	372.42662834222386	56	L	29
372.42662834222386	372.5266283422239	50	F	29
372.5266283422239	372.5866283422239	29	IH2	29
372.5866283422239	372.8366283422239	63	SH	29
380.6143125	380.69431249999997	49	DH	26
380.69431249999997	380.83431249999995	25	EY1	26
380.83431249999995	380.96431249999995	35	OW1	26
380.96431249999995	381.00431249999997	58	N	26
381.00431249999997	381.06431249999997	6	AH0	26
381.06431249999997	381.19431249999997	46	B	26
381.19431249999997	381.28431249999994	28	IH1	26
381.28431249999994	381.3443125	51	G	26
381.3443125	381.4843125	52	HH	26
381.4843125	381.6243125	13	AW1	26
381.6243125	381.76431249999996	62	S	26
381.76431249999996	381.82431249999996	28	IH1	26
381.82431249999996	381.88431249999996	58	N	26
381.88431249999996	381.91431249999994	49	DH	26
381.91431249999994	381.94431249999997	6	AH0	26
381.94431249999997	382.02431249999995	61	R	26
382.02431249999995	382.0543125	6	AH0	26
382.0543125	382.16431249999994	57	M	26
382.16431249999994	382.31431249999997	35	OW1	26
382.31431249999997	382.3443125	64	T	26
382.3443125	382.45431249999996	54	K	26
382.45431249999996	382.51431249999996	7	AH1	26
382.51431249999996	382.57431249999996	58	N	26
382.57431249999996	382.6243125	64	T	26
382.6243125	382.65431249999995	61	R	26
382.65431249999995	382.71431249999995	31	IY0	26
382.71431249999995	382.83431249999995	62	S	26
382.83431249999995	383.00431249999997	17	AY2	26
383.00431249999997	383.0543125	48	D	26
391.26525	391.38544524022024	5	AE2	24
391.38544524022024	391.41544524022027	57	M	24
391.41544524022027	391.44544524022024	46	B	24
391.44544524022024	391.47344524022026	6	AH0	24
391.47344524022026	391.5854452402203	48	D	24
391.5854452402203	391.66544524022027	19	EH1	24
391.66544524022027	391.73544524022026	54	K	24
391.73544524022026	391.80544524022025	62	S	24
391.80544524022025	391.85544524022026	64	T	24
391.85544524022026	391.8954452402203	61	R	24
391.8954452402203	391.93544524022025	6	AH0	24
391.93544524022025	392.04544524022026	62	S	24
392.04544524022026	392.1554452402203	60	P	24
392.1554452402203	392.20544524022023	28	IH1	24
392.20544524022023	392.2654452402203	54	K	24
392.2654452402203	392.37544524022024	60	P	24
392.37544524022024	392.47544524022027	2	AA2	24
392.47544524022027	392.56544524022024	54	K	24
392.56544524022024	392.62544524022024	6	AH0	24
392.62544524022024	392.7654452402203	64	T	24
392.7654452402203	393.0854452402203	62	S	24
393.0854452402203	393.11544524022025	74	sp	24
393.11544524022025	393.22544524022027	6	AH0	24
393.22544524022027	393.31544524022024	54	K	24
393.31544524022024	393.3954452402203	1	AA1	24
393.3954452402203	393.45544524022023	57	M	24
393.45544524022023	393.48544524022026	60	P	24
393.48544524022026	393.54544524022026	56	L	24
393.54544524022026	393.57544524022023	27	IH0	24
393.57544524022023	393.68544524022025	63	SH	24
393.68544524022025	393.74544524022025	57	M	24
393.74544524022025	393.86544524022025	10	AO1	24
393.86544524022025	393.9654452402203	61	R	24
402.334125	402.3841249999999	49	DH	31
402.3841249999999	402.434125	6	AH0	31
402.434125	402.6341249999999	64	T	31
402.6341249999999	402.804125	44	UW1	31
402.804125	402.934125	1	AA1	31
402.934125	402.99412499999994	61	R	31
402.99412499999994	403.03412499999996	64	T	31
403.03412499999996	403.084125	6	AH0	31
403.084125	403.25412499999993	62	S	31
403.25412499999993	403.34412499999996	27	IH0	31
403.34412499999996	403.394125	54	K	31
403.394125	403.434125	62	S	31
403.434125	403.53412499999996	47	CH	31
403.53412499999996	403.674125	25	EY1	31
403.674125	403.73412499999995	58	N	31
403.73412499999995	403.824125	53	JH	31
403.824125	403.8841249999999	48	D	31
403.8841249999999	404.04412499999995	10	AO1	31
404.04412499999995	404.074125	64	T	31
404.074125	404.1341249999999	6	AH0	31
404.1341249999999	404.184125	51	G	31
404.184125	404.25412499999993	61	R	31
404.25412499999993	404.37412499999994	5	AE2	31
404.37412499999994	404.46412499999997	50	F	31
404.46412499999997	404.7641249999999	62	S	31
412.56616999673173	412.6002196909123	49	DH	28
412.6002196909123	412.6861365978593	4	AE1	28
412.6861365978593	412.7407730775197	64	T	28
412.7407730775197	412.8102975790168	60	P	28
412.8102975790168	412.9179022488824	27	IH0	28
412.9179022488824	412.9687850772685	54	K	28
412.9687850772685	413.0872336285934	60	P	28
413.0872336285934	413.2040138904631	7	AH1	28
413.2040138904631	413.27157961340197	54	K	28
413.27157961340197	413.33914533634083	27	IH0	28
413.33914533634083	413.364296261431	64	T	28
413.364296261431	413.44268315875837	67	W	28
413.44268315875837	413.4827221056851	6	AH0	28
413.4827221056851	413.6045072359206	69	Z	28
413.6045072359206	413.70794118214803	54	K	28
413.70794118214803	413.85391650948515	1	AA1	28
413.85391650948515	413.88477986440785	64	T	28
413.88477986440785	414.0257503233791	61	R	28
414.0257503233791	414.1433647299764	19	EH1	28
414.1433647299764	414.3443936093377	74	sp	28
414.3443936093377	414.4072768812249	61	R	28
414.4072768812249	414.4856864856231	19	EH1	28
414.4856864856231	414.5182181300011	48	D	28
414.5182181300011	414.5967370049613	52	HH	28
414.5967370049613	414.69266364864	4	AE1	28
414.69266364864	414.7443806217537	58	N	28
414.7443806217537	414.83780483124946	48	D	28
414.83780483124946	414.95124851420854	6	AH0	28
414.95124851420854	415.0686041796533	48	D	28
422.9781875	423.1081875	53	JH	22
423.1081875	423.25818749999996	1	AA1	22
423.25818749999996	423.2981875	58	N	22
423.2981875	423.4081875	69	Z	22
423.4081875	423.4881875	46	B	22
423.4881875	423.5881875	61	R	22
423.5881875	423.6681875	7	AH1	22
423.6681875	423.7281875	49	DH	22
423.7281875	423.9881875	21	ER0	22
423.9881875	424.0581875	61	R	22
424.0581875	424.1781875	31	IY0	22
424.1781875	424.2881875	60	P	22
424.2881875	424.3481875	25	EY1	22
424.3481875	424.37818749999997	58	N	22
424.37818749999997	424.4081875	64	T	22
424.4081875	424.45818749999995	6	AH0	22
424.45818749999995	424.50818749999996	48	D	22
424.50818749999996	424.5481875	49	DH	22
424.5481875	424.5881875	6	AH0	22
424.5881875	424.64818749999995	51	G	22
424.64818749999995	424.7981875	21	ER0	22
424.7981875	424.9281875	1	AA1	22
424.9281875	425.0281875	70	ZH	22
425.0281875	425.07818749999996	48	D	22
425.07818749999996	425.20818749999995	10	AO1	22
425.20818749999995	425.3081875	61	R	22
433.3635625	433.4076886360576	46	B	32
433.4076886360576	433.4576886360576	7	AH1	32
433.4576886360576	433.4876886360576	64	T	32
433.4876886360576	433.5676886360576	21	ER0	32
433.5676886360576	433.6676886360576	62	S	32
433.6676886360576	433.7076886360576	54	K	32
433.7076886360576	433.8076886360576	2	AA2	32
433.8076886360576	433.9376886360576	47	CH	32
433.9376886360576	434.0376886360576	50	F	32
434.0376886360576	434.2076886360576	7	AH1	32
434.2076886360576	434.3576886360576	53	JH	32
434.3576886360576	434.4476886360576	51	G	32
434.4476886360576	434.5676886360576	35	OW1	32
434.5676886360576	434.63768863605765	69	Z	32
434.63768863605765	434.75768863605765	67	W	32
434.75768863605765	434.7876886360576	19	EH1	32
434.7876886360576	434.9176886360576	56	L	32
434.9176886360576	434.9776886360576	67	W	32
434.9776886360576	435.00768863605765	28	IH1	32
435.00768863605765	435.1076886360576	65	TH	32
435.1076886360576	435.14768863605764	66	V	32
435.14768863605764	435.2076886360576	6	AH0	32
435.2076886360576	435.3076886360576	58	N	32
435.3076886360576	435.3576886360576	28	IH1	32
435.3576886360576	435.4476886360576	56	L	32
435.4476886360576	435.4776886360576	6	AH0	32
435.4776886360576	435.6976886360576	16	AY1	32
435.6976886360576	435.8276886360576	62	S	32
435.8276886360576	435.8676886360576	54	K	32
435.8676886360576	435.9276886360576	61	R	32
435.9276886360576	435.9576886360576	32	IY1	32
435.9576886360576	436.0676886360576	57	M	32
451.6411875	451.71467426216674	28	IH1	38
451.71467426216674	451.76467426216675	69	Z	38
451.76467426216675	451.8646742621668	63	SH	38
451.8646742621668	451.96467426216674	32	IY1	38
451.96467426216674	452.0946742621668	51	G	38
452.0946742621668	452.21467426216674	35	OW1	38
452.21467426216674	452.26467426216675	27	IH0	38
452.26467426216675	452.3446742621668	59	NG	38
452.3446742621668	452.40467426216674	67	W	38
452.40467426216674	452.44467426216676	28	IH1	38
452.44467426216676	452.52467426216674	65	TH	38
452.52467426216674	452.64467426216675	68	Y	38
452.64467426216675	452.69467426216676	44	UW1	38
461.27143749999993	461.44143749999995	52	HH	36
461.44143749999995	461.61143749999997	13	AW1	36
461.61143749999997	461.6614374999999	48	D	36
461.6614374999999	461.81143749999995	44	UW1	36
461.81143749999995	461.98143749999997	38	OY1	36
461.98143749999997	462.08143749999994	62	S	36
462.08143749999994	462.14143749999994	64	T	36
462.14143749999994	462.25143749999995	21	ER0	36
462.25143749999995	462.32143749999994	69	Z	36
462.32143749999994	462.38143749999995	57	M	36
462.38143749999995	462.4714375	25	EY1	36
462.4714375	462.64143749999994	54	K	36
462.64143749999994	462.70143749999994	60	P	36
462.70143749999994	462.8414375	22	ER1	36
462.8414375	462.95143749999994	56	L	36
462.95143749999994	463.26143749999994	69	Z	36
