21.653125	21.693125000000002	49	DH	21
21.693125000000002	21.743125	6	AH0	21
21.743125	21.933125	67	W	21
21.933125	22.003125	10	AO1	21
22.003125	22.033125000000002	64	T	21
22.033125000000002	22.153125	21	ER0	21
22.153125	22.263125	54	K	21
22.263125	22.293125	6	AH0	21
22.293125	22.353125000000002	58	N	21
22.353125000000002	22.443125000000002	64	T	21
22.443125000000002	22.563125	25	EY1	21
22.563125	22.663125	58	N	21
22.663125	22.693125000000002	48	D	21
22.693125000000002	22.833125	64	T	21
22.833125	22.923125	44	UW1	21
22.923125	23.023125	57	M	21
23.023125	23.083125	7	AH1	21
23.083125	23.183125	47	CH	21
23.183125	23.303125	54	K	21
23.303125	23.403125	56	L	21
23.403125	23.463125	10	AO1	21
23.463125	23.523125	61	R	21
23.523125	23.633125	31	IY0	21
23.633125	23.723125	58	N	21
23.723125	23.783125000000002	4	AE1	21
23.783125000000002	23.853125000000002	58	N	21
23.853125000000002	23.883125	48	D	21
23.883125	23.993125	62	S	21
23.993125	24.033125000000002	64	T	21
24.033125000000002	24.103125000000002	7	AH1	21
24.103125000000002	24.173125	59	NG	21
24.173125	24.263125	52	HH	21
24.263125	24.293125	6	AH0	21
24.293125	24.393125	69	Z	21
24.393125	24.673125	16	AY1	21
24.673125	25.043125	69	Z	21
32.7973125	32.9273125	53	JH	22
32.9273125	33.0773125	1	AA1	22
33.0773125	33.1173125	58	N	22
33.1173125	33.2273125	69	Z	22
33.2273125	33.307312499999995	46	B	22
33.307312499999995	33.407312499999996	61	R	22
33.407312499999996	33.4873125	7	AH1	22
33.4873125	33.5473125	49	DH	22
33.5473125	33.807312499999995	21	ER0	22
33.807312499999995	33.8773125	61	R	22
33.8773125	33.99731249999999	31	IY0	22
33.99731249999999	34.10731249999999	60	P	22
34.10731249999999	34.167312499999994	25	EY1	22
34.167312499999994	34.197312499999995	58	N	22
34.197312499999995	34.2273125	64	T	22
34.2273125	34.277312499999994	6	AH0	22
34.277312499999994	34.3273125	48	D	22
34.3273125	34.3673125	49	DH	22
34.3673125	34.407312499999996	6	AH0	22
34.407312499999996	34.4673125	51	G	22
34.4673125	34.6173125	21	ER0	22
34.6173125	34.74731249999999	1	AA1	22
34.74731249999999	34.8473125	70	ZH	22
34.8473125	34.8973125	48	D	22
34.8973125	35.027312499999994	10	AO1	22
35.027312499999994	35.1273125	61	R	22
44.210625	44.31667659148193	47	CH	23
44.31667659148193	44.43667659148193	4	AE1	23
44.43667659148193	44.49667659148193	56	L	23
44.49667659148193	44.56667659148193	6	AH0	23
44.56667659148193	44.656676591481926	58	N	23
44.656676591481926	44.74667659148193	53	JH	23
44.74667659148193	44.84667659148193	32	IY1	23
44.84667659148193	45.30667659148193	32	IY1	23
45.30667659148193	45.48667659148193	47	CH	23
45.48667659148193	45.60667659148193	53	JH	23
45.60667659148193	45.67667659148193	19	EH1	23
45.67667659148193	45.71667659148193	58	N	23
45.71667659148193	45.836676591481925	61	R	23
45.836676591481925	45.86667659148193	6	AH0	23
45.86667659148193	45.93667659148193	56	L	23
45.93667659148193	45.99667659148193	69	Z	23
45.99667659148193	46.02667659148193	29	IH2	23
46.02667659148193	46.086676591481925	58	N	23
46.086676591481925	46.156676591481926	64	T	23
46.156676591481926	46.19667659148193	19	EH1	23
46.19667659148193	46.28667659148193	56	L	23
46.28667659148193	46.32667659148193	6	AH0	23
46.32667659148193	46.38667659148193	53	JH	23
46.38667659148193	46.44667659148193	6	AH0	23
46.44667659148193	46.53667659148193	58	N	23
46.53667659148193	46.796676591481926	62	S	23
55.0474375	55.1676327402203	5	AE2	24
55.1676327402203	55.1976327402203	57	M	24
55.1976327402203	55.2276327402203	46	B	24
55.2276327402203	55.2556327402203	6	AH0	24
55.2556327402203	55.3676327402203	48	D	24
55.3676327402203	55.4476327402203	19	EH1	24
55.4476327402203	55.5176327402203	54	K	24
55.5176327402203	55.5876327402203	62	S	24
55.5876327402203	55.6376327402203	64	T	24
55.6376327402203	55.6776327402203	61	R	24
55.6776327402203	55.7176327402203	6	AH0	24
55.7176327402203	55.8276327402203	62	S	24
55.8276327402203	55.9376327402203	60	P	24
55.9376327402203	55.9876327402203	28	IH1	24
55.9876327402203	56.0476327402203	54	K	24
56.0476327402203	56.1576327402203	60	P	24
56.1576327402203	56.2576327402203	2	AA2	24
56.2576327402203	56.3476327402203	54	K	24
56.3476327402203	56.4076327402203	6	AH0	24
56.4076327402203	56.5476327402203	64	T	24
56.5476327402203	56.8676327402203	62	S	24
56.8676327402203	56.8976327402203	74	sp	24
56.8976327402203	57.0076327402203	6	AH0	24
57.0076327402203	57.0976327402203	54	K	24
57.0976327402203	57.1776327402203	1	AA1	24
57.1776327402203	57.2376327402203	57	M	24
57.2376327402203	57.2676327402203	60	P	24
57.2676327402203	57.3276327402203	56	L	24
57.3276327402203	57.357632740220296	27	IH0	24
57.357632740220296	57.4676327402203	63	SH	24
57.4676327402203	57.5276327402203	57	M	24
57.5276327402203	57.6476327402203	10	AO1	24
57.6476327402203	57.7476327402203	61	R	24
65.315625	65.415625	6	AH0	25
65.415625	65.585625	57	M	25
65.585625	65.625625	7	AH1	25
65.625625	65.74562499999999	62	S	25
65.74562499999999	65.77562499999999	54	K	25
65.77562499999999	65.855625	68	Y	25
65.855625	65.885625	6	AH0	25
65.885625	65.93562499999999	56	L	25
65.93562499999999	66.05562499999999	21	ER0	25
66.05562499999999	66.205625	4	AE1	25
66.205625	66.24562499999999	46	B	25
66.24562499999999	66.325625	48	D	25
66.325625	66.365625	6	AH0	25
66.365625	66.455625	57	M	25
66.455625	66.505625	6	AH0	25
66.505625	66.595625	58	N	25
66.595625	66.695625	28	IH1	25
66.695625	66.795625	69	Z	25
66.795625	66.855625	51	G	25
66.855625	66.925625	41	UH1	25
66.925625	66.985625	48	D	25
66.985625	67.075625	50	F	25
67.075625	67.135625	21	ER0	25
67.135625	67.205625	68	Y	25
67.205625	67.24562499999999	41	UH1	25
67.24562499999999	67.27562499999999	61	R	25
67.27562499999999	67.345625	46	B	25
67.345625	67.515625	4	AE1	25
67.515625	67.695625	54	K	25
75.650375	75.730375	49	DH	26
75.730375	75.870375	25	EY1	26
75.870375	76.00037499999999	35	OW1	26
76.00037499999999	76.040375	58	N	26
76.040375	76.100375	6	AH0	26
76.100375	76.230375	46	B	26
76.230375	76.320375	28	IH1	26
76.320375	76.380375	51	G	26
76.380375	76.520375	52	HH	26
76.520375	76.660375	13	AW1	26
76.660375	76.800375	62	S	26
76.800375	76.86037499999999	28	IH1	26
76.86037499999999	76.92037499999999	58	N	26
76.92037499999999	76.950375	49	DH	26
76.950375	76.980375	6	AH0	26
76.980375	77.060375	61	R	26
77.060375	77.090375	6	AH0	26
77.090375	77.200375	57	M	26
77.200375	77.350375	35	OW1	26
77.350375	77.380375	64	T	26
77.380375	77.490375	54	K	26
77.490375	77.550375	7	AH1	26
77.550375	77.61037499999999	58	N	26
77.61037499999999	77.660375	64	T	26
77.660375	77.690375	61	R	26
77.690375	77.75037499999999	31	IY0	26
77.75037499999999	77.870375	62	S	26
77.870375	78.040375	17	AY2	26
78.040375	78.090375	48	D	26
86.31725	86.46725	49	DH	27
86.46725	86.50725000000001	6	AH0	27
86.50725000000001	86.72725000000001	61	R	27
86.72725000000001	86.92725	35	OW1	27
86.92725	87.04725	69	Z	27
87.04725	87.12725	54	K	27
87.12725	87.16725000000001	9	AO0	27
87.16725000000001	87.22725000000001	61	R	27
87.22725000000001	87.36725000000001	62	S	27
87.36725000000001	87.54725	1	AA1	27
87.54725	87.61725000000001	70	ZH	27
87.61725000000001	87.74725000000001	62	S	27
87.74725000000001	87.79725	57	M	27
87.79725	87.83725000000001	19	EH1	27
87.83725000000001	87.95725	56	L	27
87.95725	87.98725	48	D	27
87.98725	88.15725	62	S	27
88.15725	88.23725	67	W	27
88.23725	88.34725	32	IY1	27
88.34725	88.56725	64	T	27
96.83259246421304	96.86655076883947	49	DH	28
96.86655076883947	96.95079938633116	4	AE1	28
96.95079938633116	97.06698713268001	64	T	28
97.06698713268001	97.15099412096487	60	P	28
97.15099412096487	97.22273056754196	27	IH0	28
97.22273056754196	97.25049319737653	54	K	28
97.25049319737653	97.35142470942102	60	P	28
97.35142470942102	97.46403424765249	7	AH1	28
97.46403424765249	97.53410240477429	54	K	28
97.53410240477429	97.61000957498958	27	IH0	28
97.61000957498958	97.64421528420723	64	T	28
97.64421528420723	97.70014914366982	67	W	28
97.70014914366982	97.74602710369005	6	AH0	28
97.74602710369005	97.81271251919061	69	Z	28
97.81271251919061	97.96946862013567	54	K	28
97.96946862013567	98.10042934237522	1	AA1	28
98.10042934237522	98.17806790989715	64	T	28
98.17806790989715	98.28123751984754	61	R	28
98.28123751984754	98.43490230511773	18	EH0	28
98.43490230511773	98.60339954010111	74	sp	28
98.60339954010111	98.66244166037924	61	R	28
98.66244166037924	98.73834883059452	18	EH0	28
98.73834883059452	98.78255850115947	48	D	28
98.78255850115947	98.86004200296632	52	HH	28
98.86004200296632	98.9626418044661	4	AE1	28
98.9626418044661	99.02770509322207	58	N	28
99.02770509322207	99.10444640816499	48	D	28
99.10444640816499	99.1728462758315	6	AH0	28
99.1728462758315	99.35838269950844	48	D	28
109.9478125	110.01356584222387	4	AE1	29
110.01356584222387	110.05356584222388	58	N	29
110.05356584222388	110.11356584222388	4	AE1	29
110.11356584222388	110.24356584222387	48	D	29
110.24356584222387	110.29356584222387	6	AH0	29
110.29356584222387	110.41356584222387	56	L	29
110.41356584222387	110.46356584222387	64	T	29
110.46356584222387	110.58356584222388	57	M	29
110.58356584222388	110.65356584222387	25	EY1	29
110.65356584222387	110.86356584222388	56	L	29
110.86356584222388	111.01356584222387	74	sp	29
111.01356584222387	111.05356584222388	46	B	29
111.05356584222388	111.27356584222387	4	AE1	29
111.27356584222387	112.04356584222387	74	sp	29
112.04356584222387	112.09356584222387	46	B	29
112.09356584222387	112.21356584222387	3	AE0	29
112.21356584222387	112.32356584222387	46	B	29
112.32356584222387	112.54356584222387	44	UW1	29
112.54356584222387	112.58356584222388	58	N	29
112.58356584222388	112.68356584222387	69	Z	29
112.68356584222387	112.78356584222387	64	T	29
112.78356584222387	112.91356584222387	32	IY1	29
112.91356584222387	113.01356584222387	65	TH	29
113.01356584222387	113.09356584222387	1	AA1	29
113.09356584222387	113.15356584222387	61	R	29
113.15356584222387	113.18356584222387	58	N	29
113.18356584222387	113.26356584222387	1	AA1	29
113.26356584222387	113.29356584222387	64	T	29
113.29356584222387	113.41356584222387	62	S	29
113.41356584222387	113.49356584222387	44	UW1	29
113.49356584222387	113.52356584222387	64	T	29
113.52356584222387	113.55356584222388	6	AH0	29
113.55356584222388	113.62356584222387	46	B	29
113.62356584222387	113.65356584222387	6	AH0	29
113.65356584222387	113.75356584222388	56	L	29
113.75356584222388	113.81356584222387	50	F	29
113.81356584222387	113.86356584222388	21	ER0	29
113.86356584222388	113.99356584222387	32	IY1	29
113.99356584222387	114.02356584222387	64	T	29
114.02356584222387	114.05356584222388	27	IH0	29
114.05356584222388	114.13356584222387	59	NG	29
114.13356584222387	114.23356584222387	63	SH	29
114.23356584222387	114.27356584222387	19	EH1	29
114.27356584222387	114.34356584222387	56	L	29
114.34356584222387	114.44356584222388	50	F	29
114.44356584222388	114.50356584222388	29	IH2	29
114.50356584222388	114.75356584222388	63	SH	29
123.8656875	123.94568750000002	52	HH	30
123.94568750000002	124.07568750000002	22	ER1	30
124.07568750000002	124.21568750000002	67	W	30
124.21568750000002	124.34568750000001	10	AO1	30
124.34568750000001	124.40568750000001	61	R	30
124.40568750000001	124.47568750000002	48	D	30
124.47568750000002	124.56568750000001	61	R	30
124.56568750000001	124.59568750000001	36	OW2	30
124.59568750000001	124.69568750000002	46	B	30
124.69568750000002	124.74568750000002	54	K	30
124.74568750000002	124.78568750000001	6	AH0	30
124.78568750000001	124.82568750000002	58	N	30
124.82568750000002	124.97568750000002	62	S	30
124.97568750000002	125.02568750000002	28	IH1	30
125.02568750000002	125.19568750000002	62	S	30
125.19568750000002	125.23568750000001	6	AH0	30
125.23568750000001	125.27568750000002	66	V	30
125.27568750000002	125.37568750000001	35	OW1	30
125.37568750000001	125.42568750000001	58	N	30
125.42568750000001	125.45568750000001	56	L	30
125.45568750000001	125.50568750000001	31	IY0	30
125.50568750000001	125.65568750000001	62	S	30
125.65568750000001	125.70568750000001	54	K	30
125.70568750000001	125.85568750000002	22	ER1	30
125.85568750000002	125.90568750000001	64	T	30
125.90568750000001	126.00568750000001	62	S	30
126.00568750000001	126.04568750000001	4	AE1	30
126.04568750000001	126.10568750000002	58	N	30
126.10568750000002	126.13568750000002	48	D	30
126.13568750000002	126.19568750000002	46	B	30
126.19568750000002	126.26568750000001	56	L	30
126.26568750000001	126.37568750000001	13	AW1	30
126.37568750000001	126.51568750000001	62	S	30
126.51568750000001	126.54568750000001	6	AH0	30
126.54568750000001	126.87568750000001	69	Z	30
135.9848125	136.0348125	49	DH	31
136.0348125	136.0848125	6	AH0	31
136.0848125	136.2848125	64	T	31
136.2848125	136.4548125	44	UW1	31
136.4548125	136.5848125	1	AA1	31
136.5848125	136.6448125	61	R	31
136.6448125	136.6848125	64	T	31
136.6848125	136.7348125	6	AH0	31
136.7348125	136.9048125	62	S	31
136.9048125	136.9948125	27	IH0	31
136.9948125	137.0448125	54	K	31
137.0448125	137.0848125	62	S	31
137.0848125	137.1848125	47	CH	31
137.1848125	137.3248125	25	EY1	31
137.3248125	137.38481249999998	58	N	31
137.38481249999998	137.47481249999998	53	JH	31
137.47481249999998	137.5348125	48	D	31
137.5348125	137.69481249999998	10	AO1	31
137.69481249999998	137.72481249999998	64	T	31
137.72481249999998	137.7848125	6	AH0	31
137.7848125	137.8348125	51	G	31
137.8348125	137.9048125	61	R	31
137.9048125	138.0248125	5	AE2	31
138.0248125	138.1148125	50	F	31
138.1148125	138.41481249999998	62	S	31
147.3005625	147.34468863605764	46	B	32
147.34468863605764	147.39468863605762	7	AH1	32
147.39468863605762	147.42468863605762	64	T	32
147.42468863605762	147.50468863605764	21	ER0	32
147.50468863605764	147.60468863605763	62	S	32
147.60468863605763	147.64468863605762	54	K	32
147.64468863605762	147.74468863605765	2	AA2	32
147.74468863605765	147.87468863605764	47	CH	32
147.87468863605764	147.97468863605764	50	F	32
147.97468863605764	148.14468863605762	7	AH1	32
148.14468863605762	148.29468863605763	53	JH	32
148.29468863605763	148.38468863605763	51	G	32
148.38468863605763	148.50468863605764	35	OW1	32
148.50468863605764	148.57468863605763	69	Z	32
148.57468863605763	148.69468863605763	67	W	32
148.69468863605763	148.72468863605764	19	EH1	32
148.72468863605764	148.85468863605763	56	L	32
148.85468863605763	148.91468863605763	67	W	32
148.91468863605763	148.94468863605763	28	IH1	32
148.94468863605763	149.04468863605763	65	TH	32
149.04468863605763	149.08468863605762	66	V	32
149.08468863605762	149.14468863605762	6	AH0	32
149.14468863605762	149.24468863605765	58	N	32
149.24468863605765	149.29468863605763	28	IH1	32
149.29468863605763	149.38468863605763	56	L	32
149.38468863605763	149.41468863605763	6	AH0	32
149.41468863605763	149.63468863605763	16	AY1	32
149.63468863605763	149.76468863605763	62	S	32
149.76468863605763	149.80468863605762	54	K	32
149.80468863605762	149.86468863605762	61	R	32
149.86468863605762	149.89468863605762	32	IY1	32
149.89468863605762	150.00468863605764	57	M	32
159.067875	159.247875	61	R	33
159.247875	159.307875	28	IH1	33
159.307875	159.467875	47	CH	33
159.467875	159.587875	60	P	33
159.587875	159.69787499999998	22	ER1	33
159.69787499999998	159.827875	47	CH	33
159.827875	159.867875	6	AH0	33
159.867875	159.957875	62	S	33
159.957875	159.987875	64	T	33
159.987875	160.097875	62	S	33
160.097875	160.157875	19	EH1	33
160.157875	160.25787499999998	66	V	33
160.25787499999998	160.35787499999998	61	R	33
160.35787499999998	160.38787499999998	6	AH0	33
160.38787499999998	160.497875	56	L	33
160.497875	160.657875	62	S	33
160.657875	160.85787499999998	16	AY1	33
160.85787499999998	160.937875	58	N	33
160.937875	161.047875	48	D	33
161.047875	161.187875	74	sp	33
161.187875	161.337875	56	L	33
161.337875	161.41787499999998	32	IY1	33
161.41787499999998	161.75787499999998	74	sp	33
161.75787499999998	161.847875	56	L	33
161.847875	161.88787499999998	28	IH1	33
161.88787499999998	161.997875	65	TH	33
161.997875	162.047875	6	AH0	33
162.047875	162.117875	51	G	33
162.117875	162.147875	61	R	33
162.147875	162.28787499999999	5	AE2	33
162.28787499999999	162.337875	50	F	33
162.337875	162.597875	62	S	33
171.1672270791917	171.24998161802586	19	EH1	34
171.24998161802586	171.27998161802586	58	N	34
171.27998161802586	171.41998161802584	31	IY0	34
171.41998161802584	171.50998161802585	54	K	34
171.50998161802585	171.59998161802585	2	AA2	34
171.59998161802585	171.62998161802585	58	N	34
171.62998161802585	171.68998161802585	64	T	34
171.68998161802585	171.71998161802586	61	R	34
171.71998161802586	171.74998161802586	6	AH0	34
171.74998161802586	171.80998161802586	46	B	34
171.80998161802586	171.83998161802586	68	Y	34
171.83998161802586	171.89998161802586	44	UW1	34
171.89998161802586	172.02998161802586	63	SH	34
172.02998161802586	172.06998161802585	6	AH0	34
172.06998161802585	172.12998161802585	58	N	34
172.12998161802585	172.22998161802585	69	Z	34
172.22998161802585	172.25998161802585	67	W	34
172.25998161802585	172.28998161802585	6	AH0	34
172.28998161802585	172.31998161802585	56	L	34
172.31998161802585	172.35998161802584	46	B	34
172.35998161802584	172.46998161802586	32	IY1	34
172.46998161802586	172.65998161802585	53	JH	34
172.65998161802585	172.70998161802586	19	EH1	34
172.70998161802586	172.73998161802587	58	N	34
172.73998161802587	172.81998161802585	21	ER0	34
172.81998161802585	172.88998161802584	6	AH0	34
172.88998161802584	172.91998161802584	56	L	34
172.91998161802584	172.96998161802586	51	G	34
172.96998161802586	173.05998161802586	61	R	34
173.05998161802586	173.11998161802586	25	EY1	34
173.11998161802586	173.14998161802586	64	T	34
173.14998161802586	173.18998161802585	56	L	34
173.18998161802585	173.24998161802586	31	IY0	34
173.24998161802586	173.28998161802585	6	AH0	34
173.28998161802585	173.38998161802584	60	P	34
173.38998161802584	173.42998161802586	61	R	34
173.42998161802586	173.45998161802586	32	IY1	34
173.45998161802586	173.56998161802585	63	SH	34
173.56998161802585	173.63998161802584	31	IY0	34
173.63998161802584	173.72998161802585	26	EY2	34
173.72998161802585	173.75998161802585	64	T	34
173.75998161802585	173.84998161802585	6	AH0	34
173.84998161802585	173.90998161802585	48	D	34
183.1264375	183.2664375	49	DH	35
183.2664375	183.3164375	6	AH0	35
183.3164375	183.46643749999998	54	K	35
183.46643749999998	183.5264375	61	R	35
183.5264375	183.6164375	4	AE1	35
183.6164375	183.6764375	58	N	35
183.6764375	183.7264375	46	B	35
183.7264375	183.7664375	20	EH2	35
183.7664375	183.8664375	61	R	35
183.8664375	183.8964375	31	IY0	35
183.8964375	183.99643749999998	46	B	35
183.99643749999998	184.2364375	1	AA1	35
184.2364375	184.2764375	51	G	35
184.2764375	184.3364375	51	G	35
184.3364375	184.40643749999998	28	IH1	35
184.40643749999998	184.4564375	64	T	35
184.4564375	184.5464375	62	S	35
184.5464375	184.6164375	66	V	35
184.6164375	184.71643749999998	19	EH1	35
184.71643749999998	184.7664375	61	R	35
184.7664375	184.8364375	31	IY0	35
184.8364375	184.96643749999998	60	P	35
184.96643749999998	185.0564375	61	R	35
185.0564375	185.24643749999998	19	EH1	35
185.24643749999998	185.2964375	64	T	35
185.2964375	185.3664375	74	sp	35
185.3664375	185.4564375	60	P	35
185.4564375	185.5364375	61	R	35
185.5364375	185.5864375	28	IH1	35
185.5864375	185.6164375	64	T	35
185.6164375	185.6964375	31	IY0	35
185.6964375	185.7764375	28	IH1	35
185.7764375	185.8364375	58	N	35
185.8364375	186.0164375	10	AO1	35
186.0164375	186.0564375	64	T	35
186.0564375	186.0964375	6	AH0	35
186.0964375	186.21643749999998	57	M	35
202.91025	203.08024999999998	52	HH	36
203.08024999999998	203.25024999999997	13	AW1	36
203.25024999999997	203.30024999999998	48	D	36
203.30024999999998	203.45024999999998	44	UW1	36
203.45024999999998	203.62024999999997	38	OY1	36
203.62024999999997	203.72024999999996	62	S	36
203.72024999999996	203.78024999999997	64	T	36
203.78024999999997	203.89024999999998	21	ER0	36
203.89024999999998	203.96024999999997	69	Z	36
203.96024999999997	204.02024999999998	57	M	36
204.02024999999998	204.11024999999998	25	EY1	36
204.11024999999998	204.28024999999997	54	K	36
204.28024999999997	204.34024999999997	60	P	36
204.34024999999997	204.48024999999998	22	ER1	36
204.48024999999998	204.59024999999997	56	L	36
204.59024999999997	204.90024999999997	69	Z	36
213.28475	213.42475000000002	57	M	37
213.42475000000002	213.54475000000002	25	EY1	37
213.54475000000002	213.72475	16	AY1	37
213.72475	213.85475000000002	10	AO1	37
213.85475000000002	213.89475000000002	61	R	37
213.89475000000002	213.92475000000002	48	D	37
213.92475000000002	214.11475000000002	21	ER0	37
214.11475000000002	214.18475	6	AH0	37
214.18475	214.27475	60	P	37
214.27475	214.32475000000002	1	AA1	37
214.32475000000002	214.39475000000002	61	R	37
214.39475000000002	214.50475	50	F	37
214.50475	214.69475	25	EY1	37
214.69475	214.83475	4	AE1	37
214.83475	214.88475000000003	50	F	37
214.88475000000003	214.92475000000002	64	T	37
214.92475000000002	215.05475	21	ER0	37
215.05475	215.12475	16	AY1	37
215.12475	215.37475	32	IY1	37
215.37475	215.48475000000002	64	T	37
215.48475000000002	215.51475000000002	48	D	37
215.51475000000002	215.63475000000003	16	AY1	37
215.63475000000003	215.78475	74	sp	37
215.78475	215.87475	48	D	37
215.87475	215.93475	28	IH1	37
215.93475	215.97475	58	N	37
215.97475	216.13475000000003	21	ER0	37
223.210375	223.28386176216674	28	IH1	38
223.28386176216674	223.33386176216675	69	Z	38
223.33386176216675	223.43386176216674	63	SH	38
223.43386176216674	223.53386176216674	32	IY1	38
223.53386176216674	223.66386176216676	51	G	38
223.66386176216676	223.78386176216674	35	OW1	38
223.78386176216674	223.83386176216675	27	IH0	38
223.83386176216675	223.91386176216676	59	NG	38
223.91386176216676	223.97386176216673	67	W	38
223.97386176216673	224.01386176216675	28	IH1	38
224.01386176216675	224.09386176216674	65	TH	38
224.09386176216674	224.21386176216674	68	Y	38
224.21386176216674	224.26386176216675	44	UW1	38
233.2984375	233.3908250662455	54	K	39
233.3908250662455	233.4208250662455	6	AH0	39
233.4208250662455	233.46082506624552	58	N	39
233.46082506624552	233.49082506624552	49	DH	39
233.49082506624552	233.6108250662455	31	IY0	39
233.6108250662455	233.7608250662455	25	EY1	39
233.7608250662455	233.84082506624551	53	JH	39
233.84082506624551	233.87082506624552	6	AH0	39
233.87082506624552	233.9108250662455	58	N	39
233.9108250662455	234.0408250662455	62	S	39
234.0408250662455	234.1908250662455	31	IY0	39
234.1908250662455	234.34082506624551	35	OW1	39
234.34082506624551	234.3808250662455	66	V	39
234.3808250662455	234.4708250662455	21	ER0	39
234.4708250662455	234.5808250662455	65	TH	39
234.5808250662455	234.68082506624552	61	R	39
234.68082506624552	234.8008250662455	36	OW2	39
234.8008250662455	234.9208250662455	25	EY1	39
234.9208250662455	235.0008250662455	56	L	39
235.0008250662455	235.09082506624551	31	IY0	39
235.09082506624551	235.12082506624552	6	AH0	39
235.12082506624552	235.1908250662455	58	N	39
235.1908250662455	235.2808250662455	50	F	39
235.2808250662455	235.3508250662455	10	AO1	39
235.3508250662455	235.40082506624552	61	R	39
235.40082506624552	235.5308250662455	62	S	39
235.5308250662455	235.5608250662455	6	AH0	39
235.5608250662455	235.9108250662455	69	Z	39
