252.89027489477508	253.012	48	D	20
253.012	253.162	61	R	20
253.162	253.402	10	AO1	20
253.402	253.532	19	EH1	20
253.532	253.642	66	V	20
253.642	253.722	61	R	20
253.722	253.912	31	IY0	20
253.912	254.082	13	AW1	20
254.082	254.112	64	T	20
254.112	254.242	21	ER0	20
254.242	254.362	56	L	20
254.362	254.482	16	AY1	20
254.482	254.532	58	N	20
254.532	254.652	50	F	20
254.652	254.782	22	ER1	20
254.782	254.932	62	S	20
254.932	255.002	64	T	20
255.002	255.072	49	DH	20
255.072	255.172	19	EH1	20
255.172	255.242	58	N	20
255.242	255.342	50	F	20
255.342	255.382	28	IH1	20
255.382	255.472	56	L	20
255.472	255.502	6	AH0	20
255.502	255.582	58	N	20
255.582	255.612	49	DH	20
255.612	255.712	31	IY0	20
255.712	255.742	29	IH2	20
255.742	255.832	58	N	20
255.832	255.902	64	T	20
255.902	255.982	28	IH1	20
255.982	256.022	61	R	20
256.022	256.092	31	IY0	20
256.092	256.222	21	ER0	20
256.222	256.652	74	sp	20
264.872	265.062	74	sp	21
265.062	265.112	49	DH	21
265.112	265.152	6	AH0	21
265.152	265.322	67	W	21
265.322	265.422	10	AO1	21
265.422	265.462	64	T	21
265.462	265.542	21	ER0	21
265.542	265.632	54	K	21
265.632	265.672	6	AH0	21
265.672	265.792	58	N	21
265.792	265.822	64	T	21
265.822	265.942	25	EY1	21
265.942	266.022	58	N	21
266.022	266.052	48	D	21
266.052	266.152	64	T	21
266.152	266.212	44	UW1	21
266.212	266.292	57	M	21
266.292	266.352	7	AH1	21
266.352	266.452	47	CH	21
266.452	266.562	54	K	21
266.562	266.622	56	L	21
266.622	266.722	10	AO1	21
266.722	266.772	61	R	21
266.772	266.872	31	IY0	21
266.872	266.952	58	N	21
266.952	267.012	4	AE1	21
267.012	267.062	58	N	21
267.062	267.092	48	D	21
267.092	267.232	62	S	21
267.232	267.272	64	T	21
267.272	267.352	7	AH1	21
267.352	267.422	59	NG	21
267.422	267.502	52	HH	21
267.502	267.532	6	AH0	21
267.532	267.642	69	Z	21
267.642	267.922	16	AY1	21
267.922	268.292	69	Z	21
268.292	268.552	74	sp	21
275.652	276.112	74	sp	22
276.112	276.272	53	JH	22
276.272	276.442	1	AA1	22
276.442	276.492	58	N	22
276.492	276.592	69	Z	22
276.592	276.662	46	B	22
276.662	276.752	61	R	22
276.752	276.812	7	AH1	22
276.812	276.872	49	DH	22
276.872	277.002	21	ER0	22
277.002	277.102	61	R	22
277.102	277.182	31	IY0	22
277.182	277.312	60	P	22
277.312	277.372	25	EY1	22
277.372	277.402	58	N	22
277.402	277.432	64	T	22
277.432	277.492	6	AH0	22
277.492	277.542	48	D	22
277.542	277.582	49	DH	22
277.582	277.642	6	AH0	22
277.642	277.692	51	G	22
277.692	277.842	21	ER0	22
277.842	277.982	1	AA1	22
277.982	278.082	70	ZH	22
278.082	278.132	48	D	22
278.132	278.242	10	AO1	22
278.242	278.322	61	R	22
278.322	278.802	74	sp	22
286.112	286.132	74	sp	23
286.132	286.262	47	CH	23
286.262	286.352	4	AE1	23
286.352	286.442	56	L	23
286.442	286.472	6	AH0	23
286.472	286.532	58	N	23
286.532	286.592	53	JH	23
286.592	286.802	32	IY1	23
286.802	286.962	47	CH	23
286.962	287.072	53	JH	23
287.072	287.142	19	EH1	23
287.142	287.182	58	N	23
287.182	287.292	21	ER0	23
287.292	287.322	6	AH0	23
287.322	287.392	56	L	23
287.392	287.472	69	Z	23
287.472	287.502	29	IH2	23
287.502	287.572	58	N	23
287.572	287.642	64	T	23
287.642	287.682	19	EH1	23
287.682	287.782	56	L	23
287.782	287.812	6	AH0	23
287.812	287.892	53	JH	23
287.892	287.932	6	AH0	23
287.932	288.032	58	N	23
288.032	288.352	62	S	23
288.352	288.562	74	sp	23
296.832	296.952	5	AE2	24
296.952	296.992	57	M	24
296.992	297.022	46	B	24
297.022	297.052	6	AH0	24
297.052	297.152	48	D	24
297.152	297.222	19	EH1	24
297.222	297.282	54	K	24
297.282	297.332	62	S	24
297.332	297.402	64	T	24
297.402	297.432	61	R	24
297.432	297.472	6	AH0	24
297.472	297.582	62	S	24
297.582	297.682	60	P	24
297.682	297.732	28	IH1	24
297.732	297.802	54	K	24
297.802	297.912	60	P	24
297.912	298.012	2	AA2	24
298.012	298.082	54	K	24
298.082	298.152	6	AH0	24
298.152	298.192	64	T	24
298.192	298.282	62	S	24
298.282	298.322	6	AH0	24
298.322	298.442	54	K	24
298.442	298.502	1	AA1	24
298.502	298.582	57	M	24
298.582	298.612	60	P	24
298.612	298.652	56	L	24
298.652	298.692	27	IH0	24
298.692	298.782	63	SH	24
298.782	298.862	57	M	24
298.862	298.992	10	AO1	24
298.992	299.102	61	R	24
307.062	307.4782037158381	74	sp	25
307.4782037158381	307.532	6	AH0	25
307.532	307.712	57	M	25
307.712	307.752	7	AH1	25
307.752	307.872	62	S	25
307.872	307.902	54	K	25
307.902	307.992	68	Y	25
307.992	308.022	6	AH0	25
308.022	308.052	56	L	25
308.052	308.182	21	ER0	25
308.182	308.332	4	AE1	25
308.332	308.382	46	B	25
308.382	308.452	48	D	25
308.452	308.482	6	AH0	25
308.482	308.562	57	M	25
308.562	308.612	6	AH0	25
308.612	308.692	58	N	25
308.692	308.762	28	IH1	25
308.762	308.892	69	Z	25
308.892	308.952	51	G	25
308.952	309.022	41	UH1	25
309.022	309.062	48	D	25
309.062	309.172	50	F	25
309.172	309.202	61	R	25
309.202	309.232	21	ER0	25
309.232	309.302	68	Y	25
309.302	309.342	41	UH1	25
309.342	309.382	61	R	25
309.382	309.452	46	B	25
309.452	309.632	4	AE1	25
309.632	309.852	54	K	25
317.75741779848585	317.792	49	DH	26
317.792	317.932	25	EY1	26
317.932	318.052	35	OW1	26
318.052	318.112	58	N	26
318.112	318.152	6	AH0	26
318.152	318.282	46	B	26
318.282	318.382	28	IH1	26
318.382	318.452	51	G	26
318.452	318.582	52	HH	26
318.582	318.722	13	AW1	26
318.722	318.862	62	S	26
318.862	318.912	28	IH1	26
318.912	319.012	58	N	26
319.012	319.042	49	DH	26
319.042	319.072	6	AH0	26
319.072	319.192	61	R	26
319.192	319.222	6	AH0	26
319.222	319.312	57	M	26
319.312	319.432	35	OW1	26
319.432	319.482	64	T	26
319.482	319.582	54	K	26
319.582	319.632	7	AH1	26
319.632	319.702	58	N	26
319.702	319.732	64	T	26
319.732	319.782	61	R	26
319.782	319.822	31	IY0	26
319.822	319.942	62	S	26
319.942	320.122	17	AY2	26
320.122	320.252	48	D	26
320.252	320.472	74	sp	26
328.572	328.622	49	DH	27
328.622	328.732	6	AH0	27
328.732	328.872	61	R	27
328.872	328.972	35	OW1	27
328.972	329.112	69	Z	27
329.112	329.202	54	K	27
329.202	329.232	9	AO0	27
329.232	329.292	61	R	27
329.292	329.422	62	S	27
329.422	329.602	1	AA1	27
329.602	329.692	70	ZH	27
329.692	329.832	62	S	27
329.832	329.882	57	M	27
329.882	329.912	19	EH1	27
329.912	330.032	56	L	27
330.032	330.062	48	D	27
330.062	330.242	62	S	27
330.242	330.302	67	W	27
330.302	330.422	32	IY1	27
330.422	330.582	64	T	27
339.532	339.792	74	sp	28
339.792	339.832	49	DH	28
339.832	339.962	4	AE1	28
339.962	340.0	64	T	28
340.0	340.122	60	P	28
340.122	340.172	28	IH1	28
340.172	340.232	54	K	28
340.232	340.282	60	P	28
340.282	340.432	2	AA2	28
340.432	340.462	54	K	28
340.462	340.542	6	AH0	28
340.542	340.572	64	T	28
340.572	340.622	67	W	28
340.622	340.652	6	AH0	28
340.652	340.732	69	Z	28
340.732	340.842	54	K	28
340.842	341.002	1	AA1	28
341.002	341.032	64	T	28
341.032	341.142	61	R	28
341.142	341.222	19	EH1	28
341.222	341.262	48	D	28
341.262	341.332	52	HH	28
341.332	341.442	4	AE1	28
341.442	341.532	58	N	28
341.532	341.572	48	D	28
341.572	341.652	6	AH0	28
341.652	341.722	48	D	28
350.0	350.202	74	sp	29
350.202	350.292	4	AE1	29
350.292	350.322	58	N	29
350.322	350.382	4	AE1	29
350.382	350.512	48	D	29
350.512	350.562	6	AH0	29
350.562	350.672	56	L	29
350.672	350.702	64	T	29
350.702	350.802	57	M	29
350.802	350.862	25	EY1	29
350.862	350.952	56	L	29
350.952	351.022	46	B	29
351.022	351.122	3	AE0	29
351.122	351.222	46	B	29
351.222	351.342	44	UW1	29
351.342	351.422	58	N	29
351.422	351.562	69	Z	29
351.562	351.672	64	T	29
351.672	351.822	32	IY1	29
351.822	351.922	65	TH	29
351.922	352.002	1	AA1	29
352.002	352.052	61	R	29
352.052	352.092	58	N	29
352.092	352.212	1	AA1	29
352.212	352.252	64	T	29
352.252	352.352	62	S	29
352.352	352.432	44	UW1	29
352.432	352.462	64	T	29
352.462	352.492	6	AH0	29
352.492	352.542	46	B	29
352.542	352.572	6	AH0	29
352.572	352.652	56	L	29
352.652	352.732	50	F	29
352.732	352.782	21	ER0	29
352.782	352.922	32	IY1	29
352.922	352.952	64	T	29
352.952	353.002	27	IH0	29
353.002	353.082	59	NG	29
353.082	353.212	63	SH	29
353.212	353.252	19	EH1	29
353.252	353.322	56	L	29
353.322	353.432	50	F	29
353.432	353.492	29	IH2	29
353.492	353.762	63	SH	29
353.762	354.092	74	sp	29
362.222	362.242	74	sp	30
362.242	362.312	52	HH	30
362.312	362.402	22	ER1	30
362.402	362.532	67	W	30
362.532	362.662	10	AO1	30
362.662	362.722	61	R	30
362.722	362.782	48	D	30
362.782	362.892	61	R	30
362.892	362.922	36	OW2	30
362.922	362.982	46	B	30
362.982	363.092	54	K	30
363.092	363.122	6	AH0	30
363.122	363.172	58	N	30
363.172	363.342	62	S	30
363.342	363.382	28	IH1	30
363.382	363.572	62	S	30
363.572	363.632	6	AH0	30
363.632	363.682	66	V	30
363.682	363.762	35	OW1	30
363.762	363.792	58	N	30
363.792	363.852	56	L	30
363.852	363.902	31	IY0	30
363.902	364.042	62	S	30
364.042	364.082	54	K	30
364.082	364.222	22	ER1	30
364.222	364.272	64	T	30
364.272	364.362	62	S	30
364.362	364.422	4	AE1	30
364.422	364.502	58	N	30
364.502	364.532	48	D	30
364.532	364.562	46	B	30
364.562	364.632	56	L	30
364.632	364.722	13	AW1	30
364.722	364.882	62	S	30
364.882	364.922	6	AH0	30
364.922	365.252	69	Z	30
375.562	375.9384986641756	74	sp	31
375.9384986641756	375.97523524394995	49	DH	31
375.97523524394995	376.022	6	AH0	31
376.022	376.202	64	T	31
376.202	376.352	44	UW1	31
376.352	376.462	1	AA1	31
376.462	376.522	61	R	31
376.522	376.562	64	T	31
376.562	376.622	6	AH0	31
376.622	376.782	62	S	31
376.782	376.852	27	IH0	31
376.852	376.892	54	K	31
376.892	376.992	62	S	31
376.992	377.072	47	CH	31
377.072	377.182	25	EY1	31
377.182	377.272	58	N	31
377.272	377.322	53	JH	31
377.322	377.382	48	D	31
377.382	377.522	10	AO1	31
377.522	377.562	64	T	31
377.562	377.622	6	AH0	31
377.622	377.652	51	G	31
377.652	377.732	61	R	31
377.732	377.852	5	AE2	31
377.852	377.932	50	F	31
377.932	378.242	62	S	31
378.242	378.672	74	sp	31
385.712	386.162	74	sp	32
386.162	386.252	46	B	32
386.252	386.292	7	AH1	32
386.292	386.322	64	T	32
386.322	386.402	21	ER0	32
386.402	386.512	62	S	32
386.512	386.552	54	K	32
386.552	386.632	2	AA2	32
386.632	386.762	47	CH	32
386.762	386.872	50	F	32
386.872	387.032	7	AH1	32
387.032	387.182	53	JH	32
387.182	387.262	51	G	32
387.262	387.352	35	OW1	32
387.352	387.452	69	Z	32
387.452	387.562	67	W	32
387.562	387.602	19	EH1	32
387.602	387.722	56	L	32
387.722	387.772	67	W	32
387.772	387.802	28	IH1	32
387.802	387.902	65	TH	32
387.902	387.932	66	V	32
387.932	387.972	6	AH0	32
387.972	388.072	58	N	32
388.072	388.102	28	IH1	32
388.102	388.222	56	L	32
388.222	388.252	6	AH0	32
388.252	388.442	16	AY1	32
388.442	388.582	62	S	32
388.582	388.612	54	K	32
388.612	388.692	61	R	32
388.692	388.722	32	IY1	32
388.722	388.812	57	M	32
388.812	389.172	74	sp	32
397.1100111082143	397.232	61	R	33
397.232	397.292	28	IH1	33
397.292	397.452	47	CH	33
397.452	397.552	60	P	33
397.552	397.682	22	ER1	33
397.682	397.802	47	CH	33
397.802	397.872	6	AH0	33
397.872	397.922	62	S	33
397.922	397.952	64	T	33
397.952	398.142	62	S	33
398.142	398.202	19	EH1	33
398.202	398.312	66	V	33
398.312	398.402	61	R	33
398.402	398.432	6	AH0	33
398.432	398.612	56	L	33
398.612	398.772	62	S	33
398.772	398.942	16	AY1	33
398.942	399.072	58	N	33
399.072	399.122	48	D	33
399.122	399.202	56	L	33
399.202	399.262	28	IH1	33
399.262	399.352	65	TH	33
399.352	399.392	6	AH0	33
399.392	399.432	51	G	33
399.432	399.502	61	R	33
399.502	399.622	5	AE2	33
399.622	399.702	50	F	33
399.702	400.002	62	S	33
400.002	400.322	74	sp	33
407.322	407.492	74	sp	34
407.492	407.592	19	EH1	34
407.592	407.652	58	N	34
407.652	407.762	31	IY0	34
407.762	407.862	54	K	34
407.862	407.952	2	AA2	34
407.952	407.982	58	N	34
407.982	408.042	64	T	34
408.042	408.072	61	R	34
408.072	408.102	6	AH0	34
408.102	408.172	46	B	34
408.172	408.222	68	Y	34
408.222	408.282	44	UW1	34
408.282	408.392	63	SH	34
408.392	408.422	6	AH0	34
408.422	408.462	58	N	34
408.462	408.582	69	Z	34
408.582	408.612	67	W	34
408.612	408.642	6	AH0	34
408.642	408.672	56	L	34
408.672	408.722	46	B	34
408.722	408.812	32	IY1	34
408.812	408.922	51	G	34
408.922	408.992	61	R	34
408.992	409.082	25	EY1	34
409.082	409.112	64	T	34
409.112	409.152	56	L	34
409.152	409.252	31	IY0	34
409.252	409.282	6	AH0	34
409.282	409.382	60	P	34
409.382	409.432	61	R	34
409.432	409.462	32	IY1	34
409.462	409.562	63	SH	34
409.562	409.632	31	IY0	34
409.632	409.742	26	EY2	34
409.742	409.792	64	T	34
409.792	409.842	6	AH0	34
409.842	410.022	48	D	34
417.732	418.072	74	sp	35
418.072	418.122	49	DH	35
418.122	418.162	6	AH0	35
418.162	418.322	54	K	35
418.322	418.382	61	R	35
418.382	418.472	4	AE1	35
418.472	418.512	58	N	35
418.512	418.542	46	B	35
418.542	418.582	20	EH2	35
418.582	418.662	61	R	35
418.662	418.692	31	IY0	35
418.692	418.792	46	B	35
418.792	419.022	1	AA1	35
419.022	419.082	51	G	35
419.082	419.142	51	G	35
419.142	419.212	28	IH1	35
419.212	419.262	64	T	35
419.262	419.342	62	S	35
419.342	419.382	66	V	35
419.382	419.472	19	EH1	35
419.472	419.522	61	R	35
419.522	419.592	31	IY0	35
419.592	419.732	60	P	35
419.732	419.772	61	R	35
419.772	419.802	28	IH1	35
419.802	419.832	64	T	35
419.832	419.972	31	IY0	35
419.972	420.002	6	AH0	35
420.002	420.052	58	N	35
420.052	420.242	10	AO1	35
420.242	420.282	64	T	35
420.282	420.332	6	AH0	35
420.332	420.432	57	M	35
428.74297737288776	428.832	52	HH	36
428.832	428.922	13	AW1	36
428.922	428.962	48	D	36
428.962	429.102	44	UW1	36
429.102	429.272	38	OY1	36
429.272	429.382	62	S	36
429.382	429.422	64	T	36
429.422	429.522	21	ER0	36
429.522	429.612	69	Z	36
429.612	429.692	57	M	36
429.692	429.832	1	AA1	36
429.832	429.912	74	sp	36
429.912	430.032	57	M	36
430.032	430.122	25	EY1	36
430.122	430.182	54	K	36
430.182	430.302	60	P	36
430.302	430.452	22	ER1	36
430.452	430.572	56	L	36
430.572	430.912	69	Z	36
430.912	431.252	74	sp	36
439.2292398525616	439.302	57	M	37
439.302	439.392	25	EY1	37
439.392	439.542	16	AY1	37
439.542	439.662	10	AO1	37
439.662	439.702	61	R	37
439.702	439.732	48	D	37
439.732	439.852	21	ER0	37
439.852	439.882	6	AH0	37
439.882	440.052	60	P	37
440.052	440.092	1	AA1	37
440.092	440.152	61	R	37
440.152	440.272	50	F	37
440.272	440.442	25	EY1	37
440.442	440.632	4	AE1	37
440.632	440.682	50	F	37
440.682	440.732	64	T	37
440.732	440.852	21	ER0	37
440.852	440.882	16	AY1	37
440.882	441.142	32	IY1	37
441.142	441.172	64	T	37
441.172	441.242	48	D	37
441.242	441.302	28	IH1	37
441.302	441.362	58	N	37
441.362	441.592	21	ER0	37
441.592	441.862	74	sp	37
447.452	447.71896454098317	74	sp	38
447.71896454098317	447.812	28	IH1	38
447.812	447.872	69	Z	38
447.872	447.942	63	SH	38
447.942	448.082	32	IY1	38
448.082	448.162	51	G	38
448.162	448.282	35	OW1	38
448.282	448.312	6	AH0	38
448.312	448.392	58	N	38
448.392	448.452	67	W	38
448.452	448.512	28	IH1	38
448.512	448.592	65	TH	38
448.592	448.682	68	Y	38
448.682	448.742	44	UW1	38
456.2689698194067	456.3308419537635	54	K	39
456.3308419537635	456.3714455419352	4	AE1	39
456.3714455419352	456.4255836594974	58	N	39
456.4255836594974	456.46812075186773	49	DH	39
456.46812075186773	456.52805938202584	31	IY0	39
456.52805938202584	456.692	25	EY1	39
456.692	456.792	53	JH	39
456.792	456.822	6	AH0	39
456.822	456.852	58	N	39
456.852	456.992	62	S	39
456.992	457.142	31	IY0	39
457.142	457.252	35	OW1	39
457.252	457.282	66	V	39
457.282	457.362	21	ER0	39
457.362	457.452	65	TH	39
457.452	457.532	61	R	39
457.532	457.612	36	OW2	39
457.612	457.712	25	EY1	39
457.712	457.802	56	L	39
457.802	457.882	31	IY0	39
457.882	457.912	6	AH0	39
457.912	458.002	58	N	39
458.002	458.062	50	F	39
458.062	458.132	10	AO1	39
458.132	458.192	61	R	39
458.192	458.302	62	S	39
458.302	458.342	6	AH0	39
458.342	458.692	69	Z	39
