6.318	6.338	74	sp
6.338	6.447	5	AE2
6.447	6.477	51	G
6.477	6.547	61	R
6.547	6.587	6	AH0
6.587	6.767	54	K
6.767	6.797	7	AH1
6.797	6.986	56	L
6.986	7.016	47	CH
7.016	7.136	21	ER0
7.136	7.166	6	AH0
7.166	7.226	56	L
7.226	7.405	60	P
7.405	7.465	61	R
7.465	7.655	1	AA1
7.655	7.685	48	D
7.685	7.824	6	AH0
7.824	7.894	54	K
7.894	7.924	64	T
7.924	8.034	62	S
8.034	8.403	21	ER0
8.403	8.563	6	AH0
8.563	8.652	58	N
8.652	8.822	32	IY1
8.822	8.912	66	V
8.912	8.942	6	AH0
8.942	9.061	58	N
9.061	9.101	56	L
9.101	9.161	31	IY0
9.161	9.211	48	D
9.211	9.261	29	IH2
9.261	9.421	62	S
9.421	9.49	64	T
9.49	9.52	61	R
9.52	9.6	28	IH1
9.6	9.7	46	B
9.7	9.82	68	Y
9.82	9.85	6	AH0
9.85	9.939	64	T
9.939	9.979	6	AH0
9.979	10.169	48	D
10.169	14.329	73	ns
14.329	14.439	74	sp
14.439	16.564	73	ns
16.564	16.634	46	B
16.634	16.764	16	AY1
16.764	16.963	32	IY1
16.963	17.003	64	T
17.003	17.053	27	IH0
17.053	17.083	59	NG
17.083	17.273	68	Y
17.273	17.452	35	OW1
17.452	17.552	51	G
17.552	17.702	21	ER0
17.702	17.742	64	T
17.742	17.871	68	Y
17.871	17.901	44	UW1
17.901	18.041	57	M
18.041	18.221	25	EY1
18.221	18.34	56	L
18.34	18.39	28	IH1
18.39	18.54	66	V
18.54	18.58	56	L
18.58	18.719	10	AO1
18.719	18.819	59	NG
18.819	18.869	51	G
18.869	19.019	21	ER0
19.019	22.621	73	ns
22.621	30.483	73	ns
30.483	30.533	49	DH
30.533	30.573	6	AH0
30.573	30.762	54	K
30.762	31.071	1	AA1
31.071	31.231	69	Z
31.231	31.371	67	W
31.371	31.74	26	EY2
31.74	31.81	74	sp
31.81	31.87	19	EH1
31.87	32.089	58	N
32.089	32.169	48	D
32.169	32.259	6	AH0
32.259	32.309	48	D
32.309	32.348	6	AH0
32.348	32.498	46	B
32.498	32.598	61	R
32.598	32.678	7	AH1
32.678	32.807	60	P
32.807	32.857	64	T
32.857	32.947	56	L
32.947	33.047	31	IY0
33.047	33.137	4	AE1
33.137	33.217	64	T
33.217	33.256	49	DH
33.256	33.286	6	AH0
33.286	33.536	63	SH
33.536	33.835	10	AO1
33.835	33.895	61	R
33.895	37.247	73	ns
37.247	45.748	73	ns
45.748	45.838	67	W
45.838	45.878	19	EH1
45.878	45.978	49	DH
45.978	46.057	21	ER0
46.057	46.197	60	P
46.197	46.257	61	R
46.257	46.377	45	UW2
46.377	46.546	50	F
46.546	46.945	74	sp
46.945	47.015	51	G
47.015	47.045	6	AH0
47.045	47.165	56	L
47.165	47.374	1	AA1
47.374	47.584	63	SH
47.584	47.614	6	AH0
47.614	47.873	69	Z
47.873	47.953	1	AA1
47.953	47.993	61	R
47.993	48.113	66	V
48.113	48.143	19	EH1
48.143	48.292	61	R
48.292	48.382	31	IY0
48.382	48.522	68	Y
48.522	48.562	44	UW1
48.562	48.731	62	S
48.731	48.801	50	F
48.801	48.831	6	AH0
48.831	48.861	56	L
48.861	48.891	6	AH0
48.891	49.011	58	N
49.011	49.19	62	S
49.19	49.29	31	IY0
49.29	49.47	4	AE1
49.47	49.539	64	T
49.539	49.569	6	AH0
49.569	49.599	56	L
49.599	53.211	73	ns
53.211	61.293	73	ns
61.293	61.373	49	DH
61.373	61.402	6	AH0
61.402	61.432	74	sp
61.432	61.672	62	S
61.672	61.752	60	P
61.752	62.041	32	IY1
62.041	62.37	47	CH
62.37	62.55	62	S
62.55	62.58	29	IH2
62.58	62.699	57	M
62.699	62.819	60	P
62.819	63.009	35	OW1
63.009	63.158	69	Z
63.158	63.308	31	IY0
63.308	63.338	6	AH0
63.338	63.468	57	M
63.468	63.617	74	sp
63.617	63.687	57	M
63.687	63.877	16	AY1
63.877	63.947	64	T
63.947	64.156	74	sp
64.156	64.186	46	B
64.186	64.256	27	IH0
64.256	64.436	51	G
64.436	64.605	28	IH1
64.605	64.775	58	N
64.775	64.904	1	AA1
64.904	65.024	58	N
65.024	65.094	57	M
65.094	65.184	7	AH1
65.184	65.324	58	N
65.324	65.513	48	D
65.513	65.593	31	IY0
65.593	69.314	73	ns
69.314	69.434	74	sp
69.434	77.306	73	ns
77.306	77.426	16	AY1
77.426	77.496	48	D
77.496	77.626	61	R
77.626	77.745	7	AH1
77.745	77.805	49	DH
77.805	77.835	21	ER0
77.835	77.985	58	N
77.985	78.214	1	AA1
78.214	78.294	64	T
78.294	78.364	74	sp
78.364	78.404	46	B
78.404	78.723	16	AY1
78.723	78.833	49	DH
78.833	78.923	32	IY1
78.923	79.022	69	Z
79.022	79.282	63	SH
79.282	79.631	44	UW1
79.631	79.821	69	Z
79.821	79.87	49	DH
79.87	79.9	6	AH0
79.9	80.0	58	N
80.0	80.08	46	B
80.08	80.24	31	IY0
80.24	80.349	35	OW1
80.349	80.449	66	V
80.449	80.519	21	ER0
80.519	80.689	47	CH
80.689	80.918	1	AA1
80.918	81.058	61	R
81.058	81.307	53	JH
81.307	81.367	48	D
81.367	84.66	73	ns
84.66	92.711	73	ns
92.711	92.761	46	B
92.761	92.861	31	IY0
92.861	93.031	54	K
93.031	93.13	19	EH1
93.13	93.19	61	R
93.19	93.33	50	F
93.33	93.36	6	AH0
93.36	93.4	56	L
93.4	93.47	58	N
93.47	93.589	1	AA1
93.589	93.629	64	T
93.629	93.689	64	T
93.689	93.719	6	AH0
93.719	93.769	74	sp
93.769	93.889	60	P
93.889	93.948	56	L
93.948	94.158	13	AW1
94.158	94.338	35	OW1
94.338	94.427	66	V
94.427	94.547	21	ER0
94.547	94.577	49	DH
94.577	94.607	6	AH0
94.607	94.787	50	F
94.787	94.856	56	L
94.856	95.096	13	AW1
95.096	95.176	21	ER0
95.176	95.315	46	B
95.315	95.515	19	EH1
95.515	95.665	48	D
95.665	95.934	69	Z
95.934	99.436	73	ns
99.436	106.69	73	ns
106.69	106.749	49	DH
106.749	106.999	7	AH1
106.999	107.089	36	OW2
107.089	107.198	66	V
107.198	107.248	21	ER0
107.248	107.428	67	W
107.428	107.587	25	EY1
107.587	107.617	64	T
107.617	107.657	74	sp
107.657	107.847	47	CH
107.847	108.076	1	AA1
108.076	108.126	61	R
108.126	108.266	57	M
108.266	108.465	21	ER0
108.465	108.525	74	sp
108.525	108.655	54	K
108.655	108.685	41	UH1
108.685	108.745	48	D
108.745	109.064	62	S
109.064	109.124	56	L
109.124	109.174	28	IH1
109.174	109.244	60	P
109.244	109.563	74	sp
109.563	109.673	60	P
109.673	109.862	38	OY1
109.862	110.002	69	Z
110.002	110.042	6	AH0
110.042	110.132	58	N
110.132	110.162	29	IH2
110.162	110.311	58	N
110.311	110.491	64	T
110.491	110.531	6	AH0
110.531	110.561	19	EH1
110.561	110.66	58	N
110.66	110.75	31	IY0
110.75	110.89	67	W
110.89	110.92	8	AH2
110.92	110.95	58	N
110.95	111.129	69	Z
111.129	111.269	64	T
111.269	111.479	32	IY1
111.479	114.602	73	ns
114.602	124.21	73	ns
124.21	124.25	49	DH
124.25	124.329	7	AH1
124.329	124.369	74	sp
124.369	124.469	4	AE1
124.469	124.669	59	NG
124.669	124.699	51	G
124.699	124.788	61	R
124.788	124.878	31	IY0
124.878	124.988	46	B
124.988	125.367	38	OY1
125.367	125.607	4	AE1
125.607	125.716	58	N
125.716	125.866	62	S
125.866	126.016	21	ER0
126.016	126.175	48	D
126.175	126.225	46	B
126.225	126.295	7	AH1
126.295	126.355	64	T
126.355	126.425	74	sp
126.425	126.485	48	D
126.485	126.584	28	IH1
126.584	126.644	48	D
126.644	126.674	6	AH0
126.674	126.834	58	N
126.834	126.874	56	L
126.874	126.934	41	UH1
126.934	127.063	54	K
127.063	127.273	7	AH1
127.273	127.303	60	P
127.303	131.204	73	ns
131.204	138.148	73	ns
138.148	138.238	67	W
138.238	138.268	28	IH1
138.268	138.437	47	CH
138.437	138.507	56	L
138.507	138.657	10	AO1
138.657	138.807	59	NG
138.807	138.836	74	sp
138.836	139.036	1	AA1
139.036	139.076	61	R
139.076	139.106	64	T
139.106	139.156	6	AH0
139.156	139.285	54	K
139.285	139.325	6	AH0
139.325	139.395	56	L
139.395	139.495	67	W
139.495	139.525	6	AH0
139.525	139.685	69	Z
139.685	139.844	34	OW0
139.844	140.064	60	P
140.064	140.273	25	EY1
140.273	140.423	54	K
140.423	140.453	6	AH0
140.453	140.553	58	N
140.553	140.582	48	D
140.582	140.662	58	N
140.662	140.842	32	IY1
140.842	140.922	48	D
140.922	140.952	6	AH0
140.952	141.021	48	D
141.021	141.181	54	K
141.181	141.221	56	L
141.221	141.311	20	EH2
141.311	141.351	61	R
141.351	141.401	6	AH0
141.401	141.55	50	F
141.55	141.58	27	IH0
141.58	141.72	54	K
141.72	141.87	25	EY1
141.87	142.099	63	SH
142.099	142.149	6	AH0
142.149	142.189	58	N
142.189	145.651	73	ns
145.651	154.162	73	ns
154.162	154.221	52	HH
154.221	154.251	19	EH1
154.251	154.401	56	L
154.401	154.491	60	P
154.491	154.72	62	S
154.72	154.75	19	EH1
154.75	154.9	56	L
154.9	154.94	6	AH0
154.94	155.07	46	B
155.07	155.179	61	R
155.179	155.309	26	EY2
155.309	155.399	64	T
155.399	155.449	68	Y
155.449	155.489	41	UH1
155.489	155.529	61	R
155.529	155.648	46	B
155.648	155.718	61	R
155.718	155.798	7	AH1
155.798	155.848	49	DH
155.848	155.928	21	ER0
155.928	155.958	69	Z
155.958	156.137	62	S
156.137	156.167	6	AH0
156.167	156.237	54	K
156.237	156.417	62	S
156.417	156.626	19	EH1
156.626	157.055	62	S
157.055	161.704	73	ns
161.704	161.854	74	sp
161.854	169.267	73	ns
169.267	169.297	67	W
169.297	169.327	6	AH0
169.327	169.367	56	L
169.367	169.487	68	Y
169.487	169.527	44	UW1
169.527	169.726	60	P
169.726	169.776	56	L
169.776	169.966	32	IY1
169.966	170.075	69	Z
170.075	170.165	54	K
170.165	170.205	6	AH0
170.205	170.265	58	N
170.265	170.415	50	F
170.415	170.634	22	ER1
170.634	170.754	57	M
170.754	170.864	51	G
170.864	170.914	7	AH1
170.914	170.993	66	V
170.993	171.043	21	ER0
171.043	171.143	57	M
171.143	171.193	6	AH0
171.193	171.243	58	N
171.243	171.293	64	T
171.293	171.412	60	P
171.412	171.532	1	AA1
171.532	171.642	56	L
171.642	171.672	6	AH0
171.672	171.871	62	S
171.871	172.001	31	IY0
172.001	172.071	61	R
172.071	172.101	6	AH0
172.101	172.221	51	G
172.221	172.37	1	AA1
172.37	172.41	61	R
172.41	172.44	48	D
172.44	172.51	27	IH0
172.51	172.58	59	NG
172.58	172.719	67	W
172.719	172.809	25	EY1
172.809	172.959	62	S
172.959	173.039	64	T
173.039	173.099	61	R
173.099	173.129	6	AH0
173.129	173.218	57	M
173.218	173.418	44	UW1
173.418	173.448	66	V
173.448	173.478	6	AH0
173.478	173.528	56	L
173.528	177.339	73	ns
177.339	186.678	73	ns
186.678	186.728	49	DH
186.728	186.897	25	EY1
186.897	186.927	6	AH0
186.927	187.187	62	S
187.187	187.386	44	UW1
187.386	187.416	57	M
187.416	187.626	58	N
187.626	187.825	35	OW1
187.825	187.975	46	B
187.975	188.204	22	ER1
188.204	188.264	51	G
188.264	188.394	56	L
188.394	188.524	21	ER0
188.524	188.833	67	W
188.833	188.863	6	AH0
188.863	188.893	56	L
188.893	189.092	74	sp
189.092	189.212	19	EH1
189.212	189.302	66	V
189.302	189.511	21	ER0
189.511	189.561	19	EH1
189.561	189.671	58	N
189.671	189.801	64	T
189.801	189.92	21	ER0
189.92	190.12	52	HH
190.12	190.22	28	IH1
190.22	190.28	61	R
190.28	194.799	73	ns
194.799	203.929	73	ns
203.929	203.958	74	sp
203.958	203.998	52	HH
203.998	204.09238603952866	32	IY1
204.09238603952866	204.12123405845213	67	W
204.12123405845213	204.198	28	IH1
204.198	204.228	56	L
204.228	204.358	6	AH0
204.358	204.757	56	L
204.757	205.216	13	AW1
205.216	205.365	6	AH0
205.365	205.635	61	R
205.635	205.665	19	EH1
205.665	205.854	61	R
205.854	205.984	56	L
205.984	206.403	16	AY1
206.403	211.082	73	ns
211.082	218.366	73	ns
218.366	218.436	54	K
218.436	218.585	68	Y
218.585	218.625	42	UH2
218.625	218.695	61	R
218.695	218.795	31	IY0
218.795	219.034	1	AA1
219.034	219.204	62	S
219.204	219.254	6	AH0
219.254	219.314	64	T
219.314	219.503	31	IY0
219.503	219.533	6	AH0
219.533	219.623	58	N
219.623	219.653	48	D
219.653	219.693	57	M
219.693	219.792	33	IY2
219.792	219.892	48	D
219.892	219.992	31	IY0
219.992	220.202	1	AA1
220.202	220.351	54	K
220.351	220.421	61	R
220.421	220.451	6	AH0
220.451	220.481	64	T
220.481	220.571	31	IY0
220.571	220.82	62	S
220.82	220.87	19	EH1
220.87	221.06	56	L
221.06	221.09	48	D
221.09	221.119	6	AH0
221.119	221.229	57	M
221.229	221.369	54	K
221.369	221.509	35	OW1
221.509	221.558	27	IH0
221.558	221.648	51	G
221.648	221.758	69	Z
221.758	222.017	28	IH1
222.017	222.307	62	S
222.307	222.656	64	T
222.656	225.001	73	ns
225.001	233.501	73	ns
233.501	233.551	52	HH
233.551	233.581	28	IH1
233.581	233.641	69	Z
233.641	233.851	62	S
233.851	233.9	7	AH1
233.9	233.93	48	D
233.93	233.96	6	AH0
233.96	234.12	58	N
234.12	234.21	48	D
234.21	234.26	6	AH0
234.26	234.459	60	P
234.459	234.589	1	AA1
234.589	234.699	61	R
234.699	234.808	47	CH
234.808	234.868	21	ER0
234.868	235.118	63	SH
235.118	235.327	1	AA1
235.327	235.357	54	K
235.357	235.387	64	T
235.387	235.537	74	sp
235.537	235.567	49	DH
235.567	235.597	6	AH0
235.597	235.766	54	K
235.766	236.065	4	AE1
236.065	236.375	62	S
236.375	236.45536116058008	64	T
236.45536116058008	240.036	73	ns
240.036	240.196	74	sp
240.196	246.492	73	ns
246.492	246.721	63	SH
246.721	246.771	32	IY1
246.771	247.08	62	S
247.08	247.17	56	L
247.17	247.28	28	IH1
247.28	247.43	60	P
247.43	247.46	64	T
247.46	247.5	6	AH0
247.5	247.539	58	N
247.539	247.579	48	D
247.579	247.809	62	S
247.809	247.919	60	P
247.919	248.058	61	R
248.058	248.138	25	EY1
248.138	248.198	58	N
248.198	248.228	48	D
248.228	248.258	52	HH
248.258	248.457	21	ER0
248.457	248.537	4	AE1
248.537	248.757	59	NG
248.757	248.826	54	K
248.826	248.866	6	AH0
248.866	248.956	56	L
248.956	248.986	1	AA1
248.986	249.176	58	N
249.176	249.206	49	DH
249.206	249.236	6	AH0
249.236	249.465	62	S
249.465	249.515	64	T
249.515	249.675	32	IY1
249.675	249.774	60	P
249.774	249.934	62	S
249.934	249.974	56	L
249.974	250.173	35	OW1
250.173	250.203	60	P
250.203	254.214	73	ns
254.214	262.446	73	ns
262.446	262.555	6	AH0
262.555	262.645	74	sp
262.645	262.695	46	B
262.695	262.815	28	IH1
262.815	262.885	51	G
262.885	262.964	74	sp
262.964	263.074	51	G
263.074	263.294	35	OW1
263.294	263.433	64	T
263.433	263.663	16	AY1
263.663	263.763	48	D
263.763	263.852	56	L
263.852	264.042	31	IY0
264.042	264.271	4	AE1
264.271	264.411	57	M
264.411	264.441	46	B
264.441	264.471	6	AH0
264.471	264.551	56	L
264.551	264.601	48	D
264.601	264.67	74	sp
264.67	264.85	65	TH
264.85	264.88	61	R
264.88	265.199	44	UW1
265.199	265.289	74	sp
265.289	265.319	49	DH
265.319	265.359	6	AH0
265.359	265.499	50	F
265.499	265.658	1	AA1
265.658	265.688	61	R
265.688	265.778	57	M
265.778	265.888	68	Y
265.888	266.097	2	AA2
266.097	266.167	61	R
266.167	266.227	48	D
266.227	269.46	73	ns
269.46	278.1	73	ns
278.1	278.27	63	SH
278.27	278.3	41	UH1
278.3	278.339	48	D
278.339	278.429	53	JH
278.429	278.649	21	ER0
278.649	278.778	4	AE1
278.778	278.828	50	F
278.828	278.988	62	S
278.988	279.018	74	sp
279.018	279.058	46	B
279.058	279.148	31	IY0
279.148	279.297	54	K
279.297	279.387	19	EH1
279.387	279.507	60	P
279.507	279.537	64	T
279.537	279.587	6	AH0
279.587	279.646	58	N
279.646	279.876	62	S
279.876	279.916	57	M
279.916	280.056	10	AO1
280.056	280.115	56	L
280.115	280.275	69	Z
280.275	280.485	44	UW1
280.485	280.754	69	Z
280.754	284.505	73	ns
284.505	291.4	73	ns
291.4	291.499	67	W
291.499	291.589	32	IY1
291.589	291.669	51	G
291.669	291.869	1	AA1
291.869	291.899	64	T
291.899	291.978	74	sp
291.978	292.138	48	D
292.138	292.268	61	R
292.268	292.378	19	EH1
292.378	292.457	58	N
292.457	292.647	47	CH
292.647	292.707	64	T
292.707	292.866	50	F
292.866	292.916	21	ER0
292.916	293.066	57	M
293.066	293.126	49	DH
293.126	293.265	7	AH1
293.265	293.305	8	AH2
293.305	293.615	58	N
293.615	293.675	29	IH2
293.675	293.814	58	N
293.814	293.994	64	T
293.994	294.074	21	ER0
294.074	294.143	7	AH1
294.143	294.233	60	P
294.233	294.283	64	T
294.283	294.333	6	AH0
294.333	294.393	48	D
294.393	294.622	61	R
294.622	294.862	25	EY1
294.862	294.952	58	N
