23.222131519274377	23.292131519274378	46	B
23.292131519274378	23.422131519274377	16	AY1
23.422131519274377	23.62113151927438	32	IY1
23.62113151927438	23.661131519274377	64	T
23.661131519274377	23.711131519274378	27	IH0
23.711131519274378	23.741131519274376	59	NG
23.741131519274376	23.931131519274377	68	Y
23.931131519274377	24.11013151927438	35	OW1
24.11013151927438	24.210131519274377	51	G
24.210131519274377	24.36013151927438	21	ER0
24.36013151927438	24.400131519274378	64	T
24.400131519274378	24.529131519274376	68	Y
24.529131519274376	24.559131519274377	44	UW1
24.559131519274377	24.699131519274378	57	M
24.699131519274378	24.879131519274377	25	EY1
24.879131519274377	24.998131519274377	56	L
24.998131519274377	25.048131519274378	28	IH1
25.048131519274378	25.198131519274376	66	V
25.198131519274376	25.238131519274376	56	L
25.238131519274376	25.37713151927438	10	AO1
25.37713151927438	25.477131519274376	59	NG
25.477131519274376	25.527131519274377	51	G
25.527131519274377	25.677131519274376	21	ER0
25.677131519274376	38.004716553287984	74	sp
38.004716553287984	38.05471655328799	49	DH
38.05471655328799	38.09471655328798	6	AH0
38.09471655328798	38.28371655328799	54	K
38.28371655328799	38.592716553287985	1	AA1
38.592716553287985	38.75271655328798	69	Z
38.75271655328798	38.89271655328798	67	W
38.89271655328798	39.26171655328798	26	EY2
39.26171655328798	39.33171655328798	74	sp
39.33171655328798	39.391716553287985	19	EH1
39.391716553287985	39.610716553287986	58	N
39.610716553287986	39.690716553287984	48	D
39.690716553287984	39.78071655328799	6	AH0
39.78071655328799	39.830716553287985	48	D
39.830716553287985	39.86971655328799	6	AH0
39.86971655328799	40.01971655328798	46	B
40.01971655328798	40.11971655328799	61	R
40.11971655328799	40.199716553287985	7	AH1
40.199716553287985	40.32871655328799	60	P
40.32871655328799	40.37871655328799	64	T
40.37871655328799	40.46871655328799	56	L
40.46871655328799	40.568716553287985	31	IY0
40.568716553287985	40.65871655328799	4	AE1
40.65871655328799	40.738716553287986	64	T
40.738716553287986	40.77771655328799	49	DH
40.77771655328799	40.80771655328799	6	AH0
40.80771655328799	41.05771655328799	63	SH
41.05771655328799	41.35671655328798	10	AO1
41.35671655328798	41.41671655328798	61	R
41.41671655328798	53.23165532879818	74	sp
53.23165532879818	53.32165532879819	67	W
53.32165532879819	53.361655328798186	19	EH1
53.361655328798186	53.46165532879819	49	DH
53.46165532879819	53.54065532879819	21	ER0
53.54065532879819	53.68065532879819	60	P
53.68065532879819	53.740655328798184	61	R
53.740655328798184	53.86065532879819	45	UW2
53.86065532879819	54.029655328798185	50	F
54.029655328798185	54.428655328798186	74	sp
54.428655328798186	54.498655328798186	51	G
54.498655328798186	54.52865532879819	6	AH0
54.52865532879819	54.648655328798185	56	L
54.648655328798185	54.85765532879819	1	AA1
54.85765532879819	55.06765532879819	63	SH
55.06765532879819	55.09765532879818	6	AH0
55.09765532879818	55.35665532879818	69	Z
55.35665532879818	55.43665532879819	1	AA1
55.43665532879819	55.47665532879819	61	R
55.47665532879819	55.596655328798185	66	V
55.596655328798185	55.626655328798186	19	EH1
55.626655328798186	55.77565532879819	61	R
55.77565532879819	55.865655328798184	31	IY0
55.865655328798184	56.005655328798184	68	Y
56.005655328798184	56.04565532879818	44	UW1
56.04565532879818	56.21465532879819	62	S
56.21465532879819	56.28465532879819	50	F
56.28465532879819	56.31465532879819	6	AH0
56.31465532879819	56.34465532879818	56	L
56.34465532879818	56.374655328798184	6	AH0
56.374655328798184	56.49465532879819	58	N
56.49465532879819	56.67365532879818	62	S
56.67365532879818	56.773655328798185	31	IY0
56.773655328798185	56.953655328798185	4	AE1
56.953655328798185	57.02265532879819	64	T
57.02265532879819	57.05265532879819	6	AH0
57.05265532879819	57.08265532879818	56	L
57.08265532879818	69.14031746031746	74	sp
69.14031746031746	69.22031746031746	49	DH
69.22031746031746	69.24931746031746	6	AH0
69.24931746031746	69.27931746031746	74	sp
69.27931746031746	69.51931746031747	62	S
69.51931746031747	69.59931746031747	60	P
69.59931746031747	69.88831746031747	32	IY1
69.88831746031747	70.21731746031746	47	CH
70.21731746031746	70.39731746031745	62	S
70.39731746031745	70.42731746031745	29	IH2
70.42731746031745	70.54631746031745	57	M
70.54631746031745	70.66631746031746	60	P
70.66631746031746	70.85631746031746	35	OW1
70.85631746031746	71.00531746031746	69	Z
71.00531746031746	71.15531746031746	31	IY0
71.15531746031746	71.18531746031746	6	AH0
71.18531746031746	71.31531746031746	57	M
71.31531746031746	71.46431746031746	74	sp
71.46431746031746	71.53431746031745	57	M
71.53431746031745	71.72431746031747	16	AY1
71.72431746031747	71.79431746031747	64	T
71.79431746031747	72.00331746031748	74	sp
72.00331746031748	72.03331746031748	46	B
72.03331746031748	72.10331746031747	27	IH0
72.10331746031747	72.28331746031748	51	G
72.28331746031748	72.45231746031746	28	IH1
72.45231746031746	72.62231746031748	58	N
72.62231746031748	72.75131746031747	1	AA1
72.75131746031747	72.87131746031747	58	N
72.87131746031747	72.94131746031746	57	M
72.94131746031746	73.03131746031747	7	AH1
73.03131746031747	73.17131746031745	58	N
73.17131746031745	73.36031746031748	48	D
73.36031746031748	73.44031746031746	31	IY0
73.44031746031746	84.57696145124717	74	sp
84.57696145124717	84.69696145124718	16	AY1
84.69696145124718	84.76696145124717	48	D
84.76696145124717	84.89696145124718	61	R
84.89696145124718	85.01596145124718	7	AH1
85.01596145124718	85.07596145124718	49	DH
85.07596145124718	85.10596145124717	21	ER0
85.10596145124717	85.25596145124717	58	N
85.25596145124717	85.48496145124717	1	AA1
85.48496145124717	85.56496145124717	64	T
85.56496145124717	85.63496145124718	74	sp
85.63496145124718	85.67496145124717	46	B
85.67496145124717	85.99396145124717	16	AY1
85.99396145124717	86.10396145124717	49	DH
86.10396145124717	86.19396145124718	32	IY1
86.19396145124718	86.29296145124718	69	Z
86.29296145124718	86.55296145124717	63	SH
86.55296145124717	86.90196145124717	44	UW1
86.90196145124717	87.09196145124717	69	Z
87.09196145124717	87.14096145124718	49	DH
87.14096145124718	87.17096145124718	6	AH0
87.17096145124718	87.27096145124717	58	N
87.27096145124717	87.35096145124717	46	B
87.35096145124717	87.51096145124717	31	IY0
87.51096145124717	87.61996145124718	35	OW1
87.61996145124718	87.71996145124717	66	V
87.71996145124717	87.78996145124718	21	ER0
87.78996145124718	87.95996145124717	47	CH
87.95996145124717	88.18896145124718	1	AA1
88.18896145124718	88.32896145124718	61	R
88.32896145124718	88.57796145124718	53	JH
88.57796145124718	88.63796145124718	48	D
88.63796145124718	99.38566893424036	74	sp
99.38566893424036	99.43566893424035	46	B
99.43566893424035	99.53566893424036	31	IY0
99.53566893424036	99.70566893424036	54	K
99.70566893424036	99.80466893424035	19	EH1
99.80466893424035	99.86466893424036	61	R
99.86466893424036	100.00466893424036	50	F
100.00466893424036	100.03466893424036	6	AH0
100.03466893424036	100.07466893424036	56	L
100.07466893424036	100.14466893424036	58	N
100.14466893424036	100.26366893424036	1	AA1
100.26366893424036	100.30366893424036	64	T
100.30366893424036	100.36366893424035	64	T
100.36366893424035	100.39366893424035	6	AH0
100.39366893424035	100.44366893424036	74	sp
100.44366893424036	100.56366893424035	60	P
100.56366893424035	100.62266893424035	56	L
100.62266893424035	100.83266893424036	13	AW1
100.83266893424036	101.01266893424035	35	OW1
101.01266893424035	101.10166893424037	66	V
101.10166893424037	101.22166893424036	21	ER0
101.22166893424036	101.25166893424036	49	DH
101.25166893424036	101.28166893424036	6	AH0
101.28166893424036	101.46166893424036	50	F
101.46166893424036	101.53066893424035	56	L
101.53066893424035	101.77066893424036	13	AW1
101.77066893424036	101.85066893424036	21	ER0
101.85066893424036	101.98966893424036	46	B
101.98966893424036	102.18966893424036	19	EH1
102.18966893424036	102.33966893424036	48	D
102.33966893424036	102.60866893424036	69	Z
102.60866893424036	115.26294784580499	74	sp
115.26294784580499	115.32194784580498	49	DH
115.32194784580498	115.57194784580498	7	AH1
115.57194784580498	115.66194784580499	36	OW2
115.66194784580499	115.77094784580498	66	V
115.77094784580498	115.820947845805	21	ER0
115.820947845805	116.00094784580499	67	W
116.00094784580499	116.159947845805	25	EY1
116.159947845805	116.189947845805	64	T
116.189947845805	116.22994784580499	74	sp
116.22994784580499	116.41994784580498	47	CH
116.41994784580498	116.64894784580498	1	AA1
116.64894784580498	116.698947845805	61	R
116.698947845805	116.838947845805	57	M
116.838947845805	117.037947845805	21	ER0
117.037947845805	117.097947845805	74	sp
117.097947845805	117.22794784580499	54	K
117.22794784580499	117.25794784580499	41	UH1
117.25794784580499	117.317947845805	48	D
117.317947845805	117.63694784580498	62	S
117.63694784580498	117.69694784580498	56	L
117.69694784580498	117.746947845805	28	IH1
117.746947845805	117.81694784580499	60	P
117.81694784580499	118.13594784580499	74	sp
118.13594784580499	118.24594784580499	60	P
118.24594784580499	118.43494784580498	38	OY1
118.43494784580498	118.57494784580499	69	Z
118.57494784580499	118.61494784580499	6	AH0
118.61494784580499	118.704947845805	58	N
118.704947845805	118.734947845805	29	IH2
118.734947845805	118.883947845805	58	N
118.883947845805	119.06394784580499	64	T
119.06394784580499	119.103947845805	6	AH0
119.103947845805	119.133947845805	19	EH1
119.133947845805	119.23294784580499	58	N
119.23294784580499	119.32294784580499	31	IY0
119.32294784580499	119.46294784580499	67	W
119.46294784580499	119.49294784580499	8	AH2
119.49294784580499	119.52294784580499	58	N
119.52294784580499	119.701947845805	69	Z
119.701947845805	119.841947845805	64	T
119.841947845805	120.05194784580499	32	IY1
120.05194784580499	131.16761904761904	74	sp
131.16761904761904	131.20761904761906	49	DH
131.20761904761906	131.28661904761904	7	AH1
131.28661904761904	131.32661904761903	74	sp
131.32661904761903	131.42661904761906	4	AE1
131.42661904761906	131.62661904761904	59	NG
131.62661904761904	131.65661904761905	51	G
131.65661904761905	131.74561904761904	61	R
131.74561904761904	131.83561904761905	31	IY0
131.83561904761905	131.94561904761906	46	B
131.94561904761906	132.32461904761905	38	OY1
132.32461904761905	132.56461904761903	4	AE1
132.56461904761903	132.67361904761904	58	N
132.67361904761904	132.82361904761905	62	S
132.82361904761905	132.97361904761905	21	ER0
132.97361904761905	133.13261904761904	48	D
133.13261904761904	133.18261904761903	46	B
133.18261904761903	133.25261904761905	7	AH1
133.25261904761905	133.31261904761905	64	T
133.31261904761905	133.38261904761904	74	sp
133.38261904761904	133.44261904761905	48	D
133.44261904761905	133.54161904761906	28	IH1
133.54161904761906	133.60161904761907	48	D
133.60161904761907	133.63161904761904	6	AH0
133.63161904761904	133.79161904761906	58	N
133.79161904761906	133.83161904761903	56	L
133.83161904761903	133.89161904761903	41	UH1
133.89161904761903	134.02061904761905	54	K
134.02061904761905	134.23061904761903	7	AH1
134.23061904761903	134.26061904761906	60	P
134.26061904761906	145.61179138321995	74	sp
145.61179138321995	145.70179138321996	67	W
145.70179138321996	145.73179138321996	28	IH1
145.73179138321996	145.90079138321997	47	CH
145.90079138321997	145.97079138321996	56	L
145.97079138321996	146.12079138321997	10	AO1
146.12079138321997	146.27079138321994	59	NG
146.27079138321994	146.29979138321997	74	sp
146.29979138321997	146.49979138321996	1	AA1
146.49979138321996	146.53979138321995	61	R
146.53979138321995	146.56979138321995	64	T
146.56979138321995	146.61979138321996	6	AH0
146.61979138321996	146.74879138321995	54	K
146.74879138321995	146.78879138321994	6	AH0
146.78879138321994	146.85879138321997	56	L
146.85879138321997	146.95879138321996	67	W
146.95879138321996	146.98879138321996	6	AH0
146.98879138321996	147.14879138321996	69	Z
147.14879138321996	147.30779138321995	34	OW0
147.30779138321995	147.52779138321995	60	P
147.52779138321995	147.73679138321995	25	EY1
147.73679138321995	147.88679138321996	54	K
147.88679138321996	147.91679138321996	6	AH0
147.91679138321996	148.01679138321995	58	N
148.01679138321995	148.04579138321995	48	D
148.04579138321995	148.12579138321996	58	N
148.12579138321996	148.30579138321997	32	IY1
148.30579138321997	148.38579138321995	48	D
148.38579138321995	148.41579138321995	6	AH0
148.41579138321995	148.48479138321994	48	D
148.48479138321994	148.64479138321997	54	K
148.64479138321997	148.68479138321996	56	L
148.68479138321996	148.77479138321996	20	EH2
148.77479138321996	148.81479138321995	61	R
148.81479138321995	148.86479138321997	6	AH0
148.86479138321997	149.01379138321997	50	F
149.01379138321997	149.04379138321997	27	IH0
149.04379138321997	149.18379138321995	54	K
149.18379138321995	149.33379138321996	25	EY1
149.33379138321996	149.56279138321995	63	SH
149.56279138321995	149.61279138321996	6	AH0
149.61279138321996	149.65279138321995	58	N
149.65279138321995	161.36408163265307	74	sp
161.36408163265307	161.42308163265307	52	HH
161.42308163265307	161.45308163265307	19	EH1
161.45308163265307	161.60308163265307	56	L
161.60308163265307	161.69308163265308	60	P
161.69308163265308	161.92208163265306	62	S
161.92208163265306	161.95208163265306	19	EH1
161.95208163265306	162.10208163265307	56	L
162.10208163265307	162.14208163265306	6	AH0
162.14208163265306	162.27208163265306	46	B
162.27208163265306	162.38108163265306	61	R
162.38108163265306	162.51108163265306	26	EY2
162.51108163265306	162.60108163265306	64	T
162.60108163265306	162.65108163265307	68	Y
162.65108163265307	162.69108163265307	41	UH1
162.69108163265307	162.73108163265306	61	R
162.73108163265306	162.85008163265306	46	B
162.85008163265306	162.92008163265305	61	R
162.92008163265305	163.00008163265306	7	AH1
163.00008163265306	163.05008163265308	49	DH
163.05008163265308	163.13008163265306	21	ER0
163.13008163265306	163.16008163265306	69	Z
163.16008163265306	163.33908163265306	62	S
163.33908163265306	163.36908163265306	6	AH0
163.36908163265306	163.43908163265306	54	K
163.43908163265306	163.61908163265306	62	S
163.61908163265306	163.82808163265307	19	EH1
163.82808163265307	164.25708163265307	62	S
164.25708163265307	177.32834467120182	74	sp
177.32834467120182	177.35834467120182	67	W
177.35834467120182	177.38834467120182	6	AH0
177.38834467120182	177.4283446712018	56	L
177.4283446712018	177.54834467120182	68	Y
177.54834467120182	177.5883446712018	44	UW1
177.5883446712018	177.78734467120182	60	P
177.78734467120182	177.83734467120183	56	L
177.83734467120183	178.02734467120183	32	IY1
178.02734467120183	178.1363446712018	69	Z
178.1363446712018	178.22634467120182	54	K
178.22634467120182	178.26634467120184	6	AH0
178.26634467120184	178.3263446712018	58	N
178.3263446712018	178.47634467120182	50	F
178.47634467120182	178.6953446712018	22	ER1
178.6953446712018	178.8153446712018	57	M
178.8153446712018	178.92534467120183	51	G
178.92534467120183	178.9753446712018	7	AH1
178.9753446712018	179.05434467120182	66	V
179.05434467120182	179.10434467120183	21	ER0
179.10434467120183	179.20434467120182	57	M
179.20434467120182	179.25434467120184	6	AH0
179.25434467120184	179.30434467120182	58	N
179.30434467120182	179.35434467120183	64	T
179.35434467120183	179.47334467120183	60	P
179.47334467120183	179.59334467120183	1	AA1
179.59334467120183	179.70334467120182	56	L
179.70334467120182	179.73334467120182	6	AH0
179.73334467120182	179.93234467120183	62	S
179.93234467120183	180.06234467120183	31	IY0
180.06234467120183	180.13234467120182	61	R
180.13234467120182	180.16234467120182	6	AH0
180.16234467120182	180.28234467120183	51	G
180.28234467120183	180.43134467120183	1	AA1
180.43134467120183	180.47134467120182	61	R
180.47134467120182	180.50134467120182	48	D
180.50134467120182	180.5713446712018	27	IH0
180.5713446712018	180.64134467120184	59	NG
180.64134467120184	180.78034467120182	67	W
180.78034467120182	180.87034467120182	25	EY1
180.87034467120182	181.02034467120183	62	S
181.02034467120183	181.1003446712018	64	T
181.1003446712018	181.1603446712018	61	R
181.1603446712018	181.1903446712018	6	AH0
181.1903446712018	181.2793446712018	57	M
181.2793446712018	181.47934467120183	44	UW1
181.47934467120183	181.50934467120183	66	V
181.50934467120183	181.53934467120183	6	AH0
181.53934467120183	181.58934467120181	56	L
181.58934467120181	194.95437641723356	74	sp
194.95437641723356	195.00437641723357	49	DH
195.00437641723357	195.17337641723356	25	EY1
195.17337641723356	195.20337641723356	6	AH0
195.20337641723356	195.46337641723358	62	S
195.46337641723358	195.66237641723356	44	UW1
195.66237641723356	195.69237641723356	57	M
195.69237641723356	195.90237641723357	58	N
195.90237641723357	196.10137641723355	35	OW1
196.10137641723355	196.25137641723356	46	B
196.25137641723356	196.48037641723357	22	ER1
196.48037641723357	196.54037641723357	51	G
196.54037641723357	196.67037641723357	56	L
196.67037641723357	196.80037641723357	21	ER0
196.80037641723357	197.10937641723356	67	W
197.10937641723356	197.13937641723356	6	AH0
197.13937641723356	197.16937641723356	56	L
197.16937641723356	197.36837641723358	74	sp
197.36837641723358	197.48837641723355	19	EH1
197.48837641723355	197.57837641723356	66	V
197.57837641723356	197.78737641723356	21	ER0
197.78737641723356	197.83737641723357	19	EH1
197.83737641723357	197.94737641723356	58	N
197.94737641723356	198.07737641723355	64	T
198.07737641723355	198.19637641723355	21	ER0
198.19637641723355	198.39637641723357	52	HH
198.39637641723357	198.49637641723356	28	IH1
198.49637641723356	198.55637641723357	61	R
198.55637641723357	211.165	74	sp
211.165	211.20499999999998	52	HH
211.20499999999998	211.29938603952866	32	IY1
211.29938603952866	211.32823405845213	67	W
211.32823405845213	211.405	28	IH1
211.405	211.435	56	L
211.435	211.565	6	AH0
211.565	211.964	56	L
211.964	212.423	13	AW1
212.423	212.572	6	AH0
212.572	212.84199999999998	61	R
212.84199999999998	212.87199999999999	19	EH1
212.87199999999999	213.061	61	R
213.061	213.191	56	L
213.191	213.60999999999999	16	AY1
213.60999999999999	225.67653083587078	74	sp
225.67653083587078	225.707641723356	54	K
225.707641723356	225.856641723356	68	Y
225.856641723356	225.896641723356	42	UH2
225.896641723356	225.966641723356	61	R
225.966641723356	226.06664172335599	31	IY0
226.06664172335599	226.305641723356	1	AA1
226.305641723356	226.475641723356	62	S
226.475641723356	226.525641723356	6	AH0
226.525641723356	226.585641723356	64	T
226.585641723356	226.77464172335598	31	IY0
226.77464172335598	226.80464172335599	6	AH0
226.80464172335599	226.894641723356	58	N
226.894641723356	226.924641723356	48	D
226.924641723356	226.964641723356	57	M
226.964641723356	227.063641723356	33	IY2
227.063641723356	227.163641723356	48	D
227.163641723356	227.263641723356	31	IY0
227.263641723356	227.473641723356	1	AA1
227.473641723356	227.622641723356	54	K
227.622641723356	227.692641723356	61	R
227.692641723356	227.722641723356	6	AH0
227.722641723356	227.752641723356	64	T
227.752641723356	227.842641723356	31	IY0
227.842641723356	228.091641723356	62	S
228.091641723356	228.141641723356	19	EH1
228.141641723356	228.331641723356	56	L
228.331641723356	228.361641723356	48	D
228.361641723356	228.390641723356	6	AH0
228.390641723356	228.500641723356	57	M
228.500641723356	228.640641723356	54	K
228.640641723356	228.78064172335598	35	OW1
228.78064172335598	228.829641723356	27	IH0
228.829641723356	228.919641723356	51	G
228.919641723356	229.029641723356	69	Z
229.029641723356	229.288641723356	28	IH1
229.288641723356	229.578641723356	62	S
229.578641723356	229.927641723356	64	T
229.927641723356	239.899	74	sp
239.899	239.94899999999998	52	HH
239.94899999999998	239.97899999999998	28	IH1
239.97899999999998	240.039	69	Z
240.039	240.249	62	S
240.249	240.298	7	AH1
240.298	240.328	48	D
240.328	240.358	6	AH0
240.358	240.518	58	N
240.518	240.608	48	D
240.608	240.658	6	AH0
240.658	240.857	60	P
240.857	240.987	1	AA1
240.987	241.097	61	R
241.097	241.206	47	CH
241.206	241.266	21	ER0
241.266	241.516	63	SH
241.516	241.725	1	AA1
241.725	241.755	54	K
241.755	241.785	64	T
241.785	241.935	74	sp
241.935	241.965	49	DH
241.965	241.995	6	AH0
241.995	242.164	54	K
242.164	242.463	4	AE1
242.463	242.773	62	S
242.773	242.85336116058008	64	T
242.85336116058008	254.20557848283605	74	sp
254.20557848283605	254.4104058956916	63	SH
254.4104058956916	254.4604058956916	32	IY1
254.4604058956916	254.76940589569162	62	S
254.76940589569162	254.8594058956916	56	L
254.8594058956916	254.9694058956916	28	IH1
254.9694058956916	255.1194058956916	60	P
255.1194058956916	255.14940589569161	64	T
255.14940589569161	255.1894058956916	6	AH0
255.1894058956916	255.2284058956916	58	N
255.2284058956916	255.26840589569161	48	D
255.26840589569161	255.4984058956916	62	S
255.4984058956916	255.60840589569162	60	P
255.60840589569162	255.7474058956916	61	R
255.7474058956916	255.8274058956916	25	EY1
255.8274058956916	255.88740589569161	58	N
255.88740589569161	255.91740589569162	48	D
255.91740589569162	255.94740589569162	52	HH
255.94740589569162	256.1464058956916	21	ER0
256.1464058956916	256.22640589569164	4	AE1
256.22640589569164	256.4464058956916	59	NG
256.4464058956916	256.51540589569163	54	K
256.51540589569163	256.5554058956916	6	AH0
256.5554058956916	256.6454058956916	56	L
256.6454058956916	256.6754058956916	1	AA1
256.6754058956916	256.8654058956916	58	N
256.8654058956916	256.8954058956916	49	DH
256.8954058956916	256.9254058956916	6	AH0
256.9254058956916	257.15440589569164	62	S
257.15440589569164	257.2044058956916	64	T
257.2044058956916	257.3644058956916	32	IY1
257.3644058956916	257.4634058956916	60	P
257.4634058956916	257.6234058956916	62	S
257.6234058956916	257.6634058956916	56	L
257.6634058956916	257.8624058956916	35	OW1
257.8624058956916	257.8924058956916	60	P
257.8924058956916	269.97170068027214	74	sp
269.97170068027214	270.0807006802721	6	AH0
270.0807006802721	270.1707006802721	74	sp
270.1707006802721	270.2207006802721	46	B
270.2207006802721	270.3407006802721	28	IH1
270.3407006802721	270.4107006802721	51	G
270.4107006802721	270.4897006802721	74	sp
270.4897006802721	270.5997006802721	51	G
270.5997006802721	270.8197006802721	35	OW1
270.8197006802721	270.9587006802721	64	T
270.9587006802721	271.1887006802721	16	AY1
271.1887006802721	271.2887006802721	48	D
271.2887006802721	271.3777006802721	56	L
271.3777006802721	271.5677006802721	31	IY0
271.5677006802721	271.7967006802721	4	AE1
271.7967006802721	271.9367006802721	57	M
271.9367006802721	271.9667006802721	46	B
271.9667006802721	271.9967006802721	6	AH0
271.9967006802721	272.0767006802721	56	L
272.0767006802721	272.1267006802721	48	D
272.1267006802721	272.1957006802721	74	sp
272.1957006802721	272.37570068027213	65	TH
272.37570068027213	272.4057006802721	61	R
272.4057006802721	272.7247006802721	44	UW1
272.7247006802721	272.8147006802721	74	sp
272.8147006802721	272.8447006802721	49	DH
272.8447006802721	272.8847006802721	6	AH0
272.8847006802721	273.02470068027213	50	F
273.02470068027213	273.1837006802721	1	AA1
273.1837006802721	273.2137006802721	61	R
273.2137006802721	273.30370068027213	57	M
273.30370068027213	273.4137006802721	68	Y
273.4137006802721	273.6227006802721	2	AA2
273.6227006802721	273.6927006802721	61	R
273.6927006802721	273.7527006802721	48	D
273.7527006802721	284.413514739229	74	sp
284.413514739229	284.583514739229	63	SH
284.583514739229	284.613514739229	41	UH1
284.613514739229	284.652514739229	48	D
284.652514739229	284.74251473922897	53	JH
284.74251473922897	284.962514739229	21	ER0
284.962514739229	285.091514739229	4	AE1
285.091514739229	285.14151473922897	50	F
285.14151473922897	285.301514739229	62	S
285.301514739229	285.33151473922896	74	sp
285.33151473922896	285.371514739229	46	B
285.371514739229	285.461514739229	31	IY0
285.461514739229	285.610514739229	54	K
285.610514739229	285.700514739229	19	EH1
285.700514739229	285.820514739229	60	P
285.820514739229	285.85051473922897	64	T
285.85051473922897	285.900514739229	6	AH0
285.900514739229	285.959514739229	58	N
285.959514739229	286.18951473922897	62	S
286.18951473922897	286.229514739229	57	M
286.229514739229	286.369514739229	10	AO1
286.369514739229	286.428514739229	56	L
286.428514739229	286.58851473922897	69	Z
286.58851473922897	286.798514739229	44	UW1
286.798514739229	287.067514739229	69	Z
287.067514739229	299.2421768707483	74	sp
299.2421768707483	299.34117687074837	67	W
299.34117687074837	299.43117687074835	32	IY1
299.43117687074835	299.51117687074833	51	G
299.51117687074833	299.7111768707484	1	AA1
299.7111768707484	299.74117687074835	64	T
299.74117687074835	299.82017687074836	74	sp
299.82017687074836	299.9801768707483	48	D
299.9801768707483	300.1101768707483	61	R
300.1101768707483	300.22017687074833	19	EH1
300.22017687074833	300.29917687074834	58	N
300.29917687074834	300.48917687074834	47	CH
300.48917687074834	300.54917687074834	64	T
300.54917687074834	300.70817687074833	50	F
300.70817687074833	300.75817687074834	21	ER0
300.75817687074834	300.9081768707483	57	M
300.9081768707483	300.9681768707483	49	DH
300.9681768707483	301.10717687074833	7	AH1
301.10717687074833	301.14717687074835	8	AH2
301.14717687074835	301.45717687074836	58	N
301.45717687074836	301.51717687074836	29	IH2
301.51717687074836	301.65617687074837	58	N
301.65617687074837	301.8361768707484	64	T
301.8361768707484	301.91617687074836	21	ER0
301.91617687074836	301.9851768707483	7	AH1
301.9851768707483	302.07517687074835	60	P
302.07517687074835	302.12517687074836	64	T
302.12517687074836	302.1751768707484	6	AH0
302.1751768707484	302.2351768707483	48	D
302.2351768707483	302.46417687074836	61	R
302.46417687074836	302.70417687074837	25	EY1
302.70417687074837	302.79417687074834	58	N
302.79417687074834	322.7063038548753	74	sp
322.7063038548753	322.81530385487525	6	AH0
322.81530385487525	322.9053038548752	74	sp
322.9053038548752	322.95530385487524	46	B
322.95530385487524	323.07530385487524	28	IH1
323.07530385487524	323.14530385487524	51	G
323.14530385487524	323.22430385487525	74	sp
323.22430385487525	323.33430385487526	51	G
323.33430385487526	323.55430385487523	35	OW1
323.55430385487523	323.69330385487524	64	T
323.69330385487524	323.92330385487526	16	AY1
323.92330385487526	324.0233038548752	48	D
324.0233038548752	324.1123038548752	56	L
324.1123038548752	324.3023038548752	31	IY0
324.3023038548752	324.53130385487526	4	AE1
324.53130385487526	324.67130385487525	57	M
324.67130385487525	324.7013038548752	46	B
324.7013038548752	324.73130385487525	6	AH0
324.73130385487525	324.81130385487523	56	L
324.81130385487523	324.86130385487525	48	D
324.86130385487525	324.93030385487526	74	sp
324.93030385487526	325.11030385487527	65	TH
325.11030385487527	325.14030385487524	61	R
325.14030385487524	325.45930385487526	44	UW1
325.45930385487526	325.54930385487523	74	sp
325.54930385487523	325.57930385487526	49	DH
325.57930385487526	325.6193038548752	6	AH0
325.6193038548752	325.75930385487527	50	F
325.75930385487527	325.91830385487526	1	AA1
325.91830385487526	325.94830385487523	61	R
325.94830385487523	326.03830385487527	57	M
326.03830385487527	326.1483038548752	68	Y
326.1483038548752	326.3573038548752	2	AA2
326.3573038548752	326.4273038548752	61	R
326.4273038548752	326.4873038548752	48	D
326.4873038548752	337.8148752834467	74	sp
337.8148752834467	337.93487528344673	16	AY1
337.93487528344673	338.0048752834467	48	D
338.0048752834467	338.1348752834467	61	R
338.1348752834467	338.25387528344675	7	AH1
338.25387528344675	338.31387528344675	49	DH
338.31387528344675	338.3438752834467	21	ER0
338.3438752834467	338.49387528344676	58	N
338.49387528344676	338.72287528344674	1	AA1
338.72287528344674	338.8028752834467	64	T
338.8028752834467	338.8728752834468	74	sp
338.8728752834468	338.91287528344674	46	B
338.91287528344674	339.23187528344675	16	AY1
339.23187528344675	339.3418752834467	49	DH
339.3418752834467	339.43187528344674	32	IY1
339.43187528344674	339.53087528344673	69	Z
339.53087528344673	339.7908752834467	63	SH
339.7908752834467	340.1398752834467	44	UW1
340.1398752834467	340.32987528344677	69	Z
340.32987528344677	340.37887528344675	49	DH
340.37887528344675	340.4088752834467	6	AH0
340.4088752834467	340.50887528344674	58	N
340.50887528344674	340.5888752834467	46	B
340.5888752834467	340.74887528344675	31	IY0
340.74887528344675	340.85787528344673	35	OW1
340.85787528344673	340.95787528344675	66	V
340.95787528344675	341.02787528344675	21	ER0
341.02787528344675	341.1978752834467	47	CH
341.1978752834467	341.42687528344675	1	AA1
341.42687528344675	341.56687528344673	61	R
341.56687528344673	341.81587528344676	53	JH
341.81587528344676	341.87587528344676	48	D
341.87587528344676	352.72662131519274	74	sp
352.72662131519274	352.80662131519273	49	DH
352.80662131519273	352.8356213151927	6	AH0
352.8356213151927	352.86562131519275	74	sp
352.86562131519275	353.1056213151927	62	S
353.1056213151927	353.18562131519275	60	P
353.18562131519275	353.47462131519273	32	IY1
353.47462131519273	353.80362131519274	47	CH
353.80362131519274	353.98362131519275	62	S
353.98362131519275	354.0136213151927	29	IH2
354.0136213151927	354.13262131519275	57	M
354.13262131519275	354.25262131519275	60	P
354.25262131519275	354.44262131519275	35	OW1
354.44262131519275	354.59162131519275	69	Z
354.59162131519275	354.74162131519273	31	IY0
354.74162131519273	354.77162131519276	6	AH0
354.77162131519276	354.90162131519276	57	M
354.90162131519276	355.05062131519276	74	sp
355.05062131519276	355.12062131519275	57	M
355.12062131519275	355.31062131519275	16	AY1
355.31062131519275	355.38062131519274	64	T
355.38062131519274	355.58962131519274	74	sp
355.58962131519274	355.6196213151927	46	B
355.6196213151927	355.68962131519277	27	IH0
355.68962131519277	355.8696213151927	51	G
355.8696213151927	356.03862131519276	28	IH1
356.03862131519276	356.2086213151928	58	N
356.2086213151928	356.33762131519273	1	AA1
356.33762131519273	356.45762131519274	58	N
356.45762131519274	356.52762131519273	57	M
356.52762131519273	356.61762131519276	7	AH1
356.61762131519276	356.75762131519275	58	N
356.75762131519275	356.9466213151927	48	D
356.9466213151927	357.02662131519276	31	IY0
357.02662131519276	367.86149659863946	74	sp
367.86149659863946	367.93149659863946	54	K
367.93149659863946	368.08049659863946	68	Y
368.08049659863946	368.1204965986394	42	UH2
368.1204965986394	368.19049659863947	61	R
368.19049659863947	368.29049659863944	31	IY0
368.29049659863944	368.5294965986394	1	AA1
368.5294965986394	368.6994965986395	62	S
368.6994965986395	368.74949659863944	6	AH0
368.74949659863944	368.80949659863944	64	T
368.80949659863944	368.99849659863946	31	IY0
368.99849659863946	369.02849659863944	6	AH0
369.02849659863944	369.11849659863947	58	N
369.11849659863947	369.14849659863944	48	D
369.14849659863944	369.18849659863946	57	M
369.18849659863946	369.28749659863945	33	IY2
369.28749659863945	369.3874965986395	48	D
369.3874965986395	369.48749659863944	31	IY0
369.48749659863944	369.6974965986394	1	AA1
369.6974965986394	369.8464965986394	54	K
369.8464965986394	369.91649659863947	61	R
369.91649659863947	369.94649659863944	6	AH0
369.94649659863944	369.9764965986394	64	T
369.9764965986394	370.06649659863945	31	IY0
370.06649659863945	370.31549659863947	62	S
370.31549659863947	370.3654965986394	19	EH1
370.3654965986394	370.5554965986395	56	L
370.5554965986395	370.58549659863945	48	D
370.58549659863945	370.61449659863945	6	AH0
370.61449659863945	370.72449659863946	57	M
370.72449659863946	370.86449659863945	54	K
370.86449659863945	371.00449659863943	35	OW1
371.00449659863943	371.0534965986394	27	IH0
371.0534965986394	371.14349659863944	51	G
371.14349659863944	371.25349659863946	69	Z
371.25349659863946	371.5124965986395	28	IH1
371.5124965986395	371.80249659863944	62	S
371.80249659863944	372.1514965986395	64	T
372.1514965986395	383.0073469387755	74	sp
383.0073469387755	383.1773469387755	63	SH
383.1773469387755	383.2073469387755	41	UH1
383.2073469387755	383.2463469387755	48	D
383.2463469387755	383.3363469387755	53	JH
383.3363469387755	383.5563469387755	21	ER0
383.5563469387755	383.6853469387755	4	AE1
383.6853469387755	383.7353469387755	50	F
383.7353469387755	383.8953469387755	62	S
383.8953469387755	383.9253469387755	74	sp
383.9253469387755	383.9653469387755	46	B
383.9653469387755	384.05534693877553	31	IY0
384.05534693877553	384.20434693877553	54	K
384.20434693877553	384.2943469387755	19	EH1
384.2943469387755	384.4143469387755	60	P
384.4143469387755	384.4443469387755	64	T
384.4443469387755	384.4943469387755	6	AH0
384.4943469387755	384.5533469387755	58	N
384.5533469387755	384.7833469387755	62	S
384.7833469387755	384.8233469387755	57	M
384.8233469387755	384.9633469387755	10	AO1
384.9633469387755	385.0223469387755	56	L
385.0223469387755	385.1823469387755	69	Z
385.1823469387755	385.3923469387755	44	UW1
385.3923469387755	385.6613469387755	69	Z
385.6613469387755	397.9678004535147	74	sp
397.9678004535147	398.0178004535147	49	DH
398.0178004535147	398.1868004535147	25	EY1
398.1868004535147	398.2168004535147	6	AH0
398.2168004535147	398.4768004535147	62	S
398.4768004535147	398.67580045351474	44	UW1
398.67580045351474	398.7058004535147	57	M
398.7058004535147	398.91580045351475	58	N
398.91580045351475	399.1148004535147	35	OW1
399.1148004535147	399.2648004535147	46	B
399.2648004535147	399.4938004535147	22	ER1
399.4938004535147	399.5538004535147	51	G
399.5538004535147	399.6838004535147	56	L
399.6838004535147	399.8138004535147	21	ER0
399.8138004535147	400.12280045351474	67	W
400.12280045351474	400.1528004535147	6	AH0
400.1528004535147	400.1828004535147	56	L
400.1828004535147	400.38180045351476	74	sp
400.38180045351476	400.5018004535147	19	EH1
400.5018004535147	400.5918004535147	66	V
400.5918004535147	400.80080045351474	21	ER0
400.80080045351474	400.8508004535147	19	EH1
400.8508004535147	400.9608004535147	58	N
400.9608004535147	401.0908004535147	64	T
401.0908004535147	401.20980045351473	21	ER0
401.20980045351473	401.4098004535147	52	HH
401.4098004535147	401.5098004535147	28	IH1
401.5098004535147	401.56980045351474	61	R
401.56980045351474	412.7570068027211	74	sp
412.7570068027211	412.7970068027211	49	DH
412.7970068027211	412.8760068027211	7	AH1
412.8760068027211	412.9160068027211	74	sp
412.9160068027211	413.0160068027211	4	AE1
413.0160068027211	413.2160068027211	59	NG
413.2160068027211	413.2460068027211	51	G
413.2460068027211	413.3350068027211	61	R
413.3350068027211	413.4250068027211	31	IY0
413.4250068027211	413.5350068027211	46	B
413.5350068027211	413.91400680272113	38	OY1
413.91400680272113	414.15400680272114	4	AE1
414.15400680272114	414.2630068027211	58	N
414.2630068027211	414.4130068027211	62	S
414.4130068027211	414.56300680272113	21	ER0
414.56300680272113	414.7220068027211	48	D
414.7220068027211	414.7720068027211	46	B
414.7720068027211	414.84200680272113	7	AH1
414.84200680272113	414.90200680272113	64	T
414.90200680272113	414.9720068027211	74	sp
414.9720068027211	415.0320068027211	48	D
415.0320068027211	415.1310068027211	28	IH1
415.1310068027211	415.1910068027211	48	D
415.1910068027211	415.22100680272115	6	AH0
415.22100680272115	415.3810068027211	58	N
415.3810068027211	415.4210068027211	56	L
415.4210068027211	415.48100680272114	41	UH1
415.48100680272114	415.6100068027211	54	K
415.6100068027211	415.8200068027211	7	AH1
415.8200068027211	415.8500068027211	60	P
415.8500068027211	427.2644897959184	74	sp
427.2644897959184	427.49348979591844	63	SH
427.49348979591844	427.5434897959184	32	IY1
427.5434897959184	427.8524897959184	62	S
427.8524897959184	427.9424897959184	56	L
427.9424897959184	428.0524897959184	28	IH1
428.0524897959184	428.2024897959184	60	P
428.2024897959184	428.2324897959184	64	T
428.2324897959184	428.27248979591843	6	AH0
428.27248979591843	428.3114897959184	58	N
428.3114897959184	428.3514897959184	48	D
428.3514897959184	428.5814897959184	62	S
428.5814897959184	428.6914897959184	60	P
428.6914897959184	428.8304897959184	61	R
428.8304897959184	428.9104897959184	25	EY1
428.9104897959184	428.9704897959184	58	N
428.9704897959184	429.0004897959184	48	D
429.0004897959184	429.0304897959184	52	HH
429.0304897959184	429.2294897959184	21	ER0
429.2294897959184	429.3094897959184	4	AE1
429.3094897959184	429.5294897959184	59	NG
429.5294897959184	429.5984897959184	54	K
429.5984897959184	429.6384897959184	6	AH0
429.6384897959184	429.7284897959184	56	L
429.7284897959184	429.7584897959184	1	AA1
429.7584897959184	429.94848979591836	58	N
429.94848979591836	429.9784897959184	49	DH
429.9784897959184	430.0084897959184	6	AH0
430.0084897959184	430.2374897959184	62	S
430.2374897959184	430.2874897959184	64	T
430.2874897959184	430.4474897959184	32	IY1
430.4474897959184	430.54648979591843	60	P
430.54648979591843	430.7064897959184	62	S
430.7064897959184	430.74648979591836	56	L
430.74648979591836	430.94548979591843	35	OW1
430.94548979591843	430.9754897959184	60	P
430.9754897959184	441.7769614512472	74	sp
441.7769614512472	441.8269614512472	49	DH
441.8269614512472	441.86696145124716	6	AH0
441.86696145124716	442.0559614512472	54	K
442.0559614512472	442.3649614512472	1	AA1
442.3649614512472	442.5249614512472	69	Z
442.5249614512472	442.66496145124717	67	W
442.66496145124717	443.0339614512472	26	EY2
443.0339614512472	443.1039614512472	74	sp
443.1039614512472	443.1639614512472	19	EH1
443.1639614512472	443.3829614512472	58	N
443.3829614512472	443.46296145124717	48	D
443.46296145124717	443.5529614512472	6	AH0
443.5529614512472	443.6029614512472	48	D
443.6029614512472	443.6419614512472	6	AH0
443.6419614512472	443.7919614512472	46	B
443.7919614512472	443.8919614512472	61	R
443.8919614512472	443.9719614512472	7	AH1
443.9719614512472	444.1009614512472	60	P
444.1009614512472	444.1509614512472	64	T
444.1509614512472	444.2409614512472	56	L
444.2409614512472	444.34096145124715	31	IY0
444.34096145124715	444.4309614512472	4	AE1
444.4309614512472	444.51096145124717	64	T
444.51096145124717	444.5499614512472	49	DH
444.5499614512472	444.5799614512472	6	AH0
444.5799614512472	444.8299614512472	63	SH
444.8299614512472	445.12896145124716	10	AO1
445.12896145124716	445.18896145124717	61	R
445.18896145124717	456.55319727891157	74	sp
456.55319727891157	456.62319727891156	46	B
456.62319727891156	456.75319727891156	16	AY1
456.75319727891156	456.95219727891157	32	IY1
456.95219727891157	456.99219727891153	64	T
456.99219727891153	457.04219727891154	27	IH0
457.04219727891154	457.0721972789115	59	NG
457.0721972789115	457.2621972789116	68	Y
457.2621972789116	457.44119727891155	35	OW1
457.44119727891155	457.54119727891157	51	G
457.54119727891157	457.69119727891155	21	ER0
457.69119727891155	457.73119727891157	64	T
457.73119727891157	457.8601972789115	68	Y
457.8601972789115	457.89019727891156	44	UW1
457.89019727891156	458.03019727891154	57	M
458.03019727891154	458.21019727891155	25	EY1
458.21019727891155	458.3291972789115	56	L
458.3291972789115	458.37919727891153	28	IH1
458.37919727891153	458.52919727891157	66	V
458.52919727891157	458.56919727891153	56	L
458.56919727891153	458.70819727891154	10	AO1
458.70819727891154	458.80819727891156	59	NG
458.80819727891156	458.8581972789116	51	G
458.8581972789116	459.00819727891155	21	ER0
459.00819727891155	469.8555102040816	74	sp
469.8555102040816	469.9145102040816	49	DH
469.9145102040816	470.1645102040816	7	AH1
470.1645102040816	470.2545102040816	36	OW2
470.2545102040816	470.3635102040816	66	V
470.3635102040816	470.4135102040816	21	ER0
470.4135102040816	470.5935102040816	67	W
470.5935102040816	470.7525102040816	25	EY1
470.7525102040816	470.78251020408163	64	T
470.78251020408163	470.8225102040816	74	sp
470.8225102040816	471.0125102040816	47	CH
471.0125102040816	471.2415102040816	1	AA1
471.2415102040816	471.29151020408165	61	R
471.29151020408165	471.43151020408163	57	M
471.43151020408163	471.6305102040816	21	ER0
471.6305102040816	471.69051020408165	74	sp
471.69051020408165	471.82051020408164	54	K
471.82051020408164	471.8505102040816	41	UH1
471.8505102040816	471.9105102040816	48	D
471.9105102040816	472.22951020408163	62	S
472.22951020408163	472.2895102040816	56	L
472.2895102040816	472.33951020408165	28	IH1
472.33951020408165	472.4095102040816	60	P
472.4095102040816	472.7285102040816	74	sp
472.7285102040816	472.8385102040816	60	P
472.8385102040816	473.02751020408164	38	OY1
473.02751020408164	473.1675102040816	69	Z
473.1675102040816	473.2075102040816	6	AH0
473.2075102040816	473.2975102040816	58	N
473.2975102040816	473.3275102040816	29	IH2
473.3275102040816	473.4765102040816	58	N
473.4765102040816	473.6565102040816	64	T
473.6565102040816	473.6965102040816	6	AH0
473.6965102040816	473.7265102040816	19	EH1
473.7265102040816	473.82551020408164	58	N
473.82551020408164	473.9155102040816	31	IY0
473.9155102040816	474.0555102040816	67	W
474.0555102040816	474.08551020408163	8	AH2
474.08551020408163	474.1155102040816	58	N
474.1155102040816	474.29451020408163	69	Z
474.29451020408163	474.4345102040816	64	T
474.4345102040816	474.6445102040816	32	IY1
474.6445102040816	487.12	74	sp
487.12	487.21000000000004	67	W
487.21000000000004	487.25	19	EH1
487.25	487.35	49	DH
487.35	487.42900000000003	21	ER0
487.42900000000003	487.569	60	P
487.569	487.629	61	R
487.629	487.749	45	UW2
487.749	487.918	50	F
487.918	488.317	74	sp
488.317	488.387	51	G
488.387	488.41700000000003	6	AH0
488.41700000000003	488.53700000000003	56	L
488.53700000000003	488.74600000000004	1	AA1
488.74600000000004	488.956	63	SH
488.956	488.986	6	AH0
488.986	489.245	69	Z
489.245	489.32500000000005	1	AA1
489.32500000000005	489.365	61	R
489.365	489.485	66	V
489.485	489.515	19	EH1
489.515	489.664	61	R
489.664	489.754	31	IY0
489.754	489.894	68	Y
489.894	489.934	44	UW1
489.934	490.103	62	S
490.103	490.173	50	F
490.173	490.20300000000003	6	AH0
490.20300000000003	490.233	56	L
490.233	490.26300000000003	6	AH0
490.26300000000003	490.38300000000004	58	N
490.38300000000004	490.562	62	S
490.562	490.66200000000003	31	IY0
490.66200000000003	490.842	4	AE1
490.842	490.911	64	T
490.911	490.94100000000003	6	AH0
490.94100000000003	490.971	56	L
490.971	502.706	74	sp
502.706	502.74600000000004	52	HH
502.74600000000004	502.8403860395287	32	IY1
502.8403860395287	502.8692340584522	67	W
502.8692340584522	502.946	28	IH1
502.946	502.97600000000006	56	L
502.97600000000006	503.10600000000005	6	AH0
503.10600000000005	503.50500000000005	56	L
503.50500000000005	503.96400000000006	13	AW1
503.96400000000006	504.11300000000006	6	AH0
504.11300000000006	504.38300000000004	61	R
504.38300000000004	504.413	19	EH1
504.413	504.6020000000001	61	R
504.6020000000001	504.7320000000001	56	L
504.7320000000001	505.15100000000007	16	AY1
505.15100000000007	515.2687533076103	74	sp
515.2687533076103	515.3982993197278	46	B
515.3982993197278	515.4982993197278	31	IY0
515.4982993197278	515.6682993197278	54	K
515.6682993197278	515.7672993197278	19	EH1
515.7672993197278	515.8272993197279	61	R
515.8272993197279	515.9672993197279	50	F
515.9672993197279	515.9972993197279	6	AH0
515.9972993197279	516.0372993197278	56	L
516.0372993197278	516.1072993197279	58	N
516.1072993197279	516.2262993197278	1	AA1
516.2262993197278	516.2662993197279	64	T
516.2662993197279	516.3262993197278	64	T
516.3262993197278	516.3562993197279	6	AH0
516.3562993197279	516.4062993197279	74	sp
516.4062993197279	516.5262993197279	60	P
516.5262993197279	516.5852993197278	56	L
516.5852993197278	516.7952993197279	13	AW1
516.7952993197279	516.9752993197278	35	OW1
516.9752993197278	517.0642993197279	66	V
517.0642993197279	517.1842993197279	21	ER0
517.1842993197279	517.2142993197278	49	DH
517.2142993197278	517.2442993197278	6	AH0
517.2442993197278	517.4242993197279	50	F
517.4242993197279	517.4932993197278	56	L
517.4932993197278	517.7332993197278	13	AW1
517.7332993197278	517.8132993197279	21	ER0
517.8132993197279	517.9522993197279	46	B
517.9522993197279	518.1522993197278	19	EH1
518.1522993197278	518.3022993197278	48	D
518.3022993197278	518.5712993197278	69	Z
518.5712993197278	529.0433560090703	74	sp
529.0433560090703	529.1333560090702	67	W
529.1333560090702	529.1633560090703	28	IH1
529.1633560090703	529.3323560090703	47	CH
529.3323560090703	529.4023560090702	56	L
529.4023560090702	529.5523560090703	10	AO1
529.5523560090703	529.7023560090703	59	NG
529.7023560090703	529.7313560090703	74	sp
529.7313560090703	529.9313560090702	1	AA1
529.9313560090702	529.9713560090703	61	R
529.9713560090703	530.0013560090703	64	T
530.0013560090703	530.0513560090703	6	AH0
530.0513560090703	530.1803560090702	54	K
530.1803560090702	530.2203560090702	6	AH0
530.2203560090702	530.2903560090703	56	L
530.2903560090703	530.3903560090703	67	W
530.3903560090703	530.4203560090702	6	AH0
530.4203560090702	530.5803560090703	69	Z
530.5803560090703	530.7393560090702	34	OW0
530.7393560090702	530.9593560090702	60	P
530.9593560090702	531.1683560090703	25	EY1
531.1683560090703	531.3183560090703	54	K
531.3183560090703	531.3483560090702	6	AH0
531.3483560090702	531.4483560090703	58	N
531.4483560090703	531.4773560090703	48	D
531.4773560090703	531.5573560090703	58	N
531.5573560090703	531.7373560090703	32	IY1
531.7373560090703	531.8173560090703	48	D
531.8173560090703	531.8473560090703	6	AH0
531.8473560090703	531.9163560090702	48	D
531.9163560090702	532.0763560090703	54	K
532.0763560090703	532.1163560090703	56	L
532.1163560090703	532.2063560090703	20	EH2
532.2063560090703	532.2463560090703	61	R
532.2463560090703	532.2963560090702	6	AH0
532.2963560090702	532.4453560090703	50	F
532.4453560090703	532.4753560090703	27	IH0
532.4753560090703	532.6153560090703	54	K
532.6153560090703	532.7653560090703	25	EY1
532.7653560090703	532.9943560090703	63	SH
532.9943560090703	533.0443560090703	6	AH0
533.0443560090703	533.0843560090702	58	N
533.0843560090702	543.2754648526077	74	sp
543.2754648526077	543.3054648526077	67	W
543.3054648526077	543.3354648526076	6	AH0
543.3354648526076	543.3754648526077	56	L
543.3754648526077	543.4954648526077	68	Y
543.4954648526077	543.5354648526077	44	UW1
543.5354648526077	543.7344648526077	60	P
543.7344648526077	543.7844648526077	56	L
543.7844648526077	543.9744648526078	32	IY1
543.9744648526078	544.0834648526077	69	Z
544.0834648526077	544.1734648526077	54	K
544.1734648526077	544.2134648526077	6	AH0
544.2134648526077	544.2734648526077	58	N
544.2734648526077	544.4234648526077	50	F
544.4234648526077	544.6424648526076	22	ER1
544.6424648526076	544.7624648526076	57	M
544.7624648526076	544.8724648526077	51	G
544.8724648526077	544.9224648526076	7	AH1
544.9224648526076	545.0014648526077	66	V
545.0014648526077	545.0514648526078	21	ER0
545.0514648526078	545.1514648526077	57	M
545.1514648526077	545.2014648526077	6	AH0
545.2014648526077	545.2514648526077	58	N
545.2514648526077	545.3014648526078	64	T
545.3014648526078	545.4204648526077	60	P
545.4204648526077	545.5404648526077	1	AA1
545.5404648526077	545.6504648526077	56	L
545.6504648526077	545.6804648526077	6	AH0
545.6804648526077	545.8794648526077	62	S
545.8794648526077	546.0094648526077	31	IY0
546.0094648526077	546.0794648526077	61	R
546.0794648526077	546.1094648526077	6	AH0
546.1094648526077	546.2294648526076	51	G
546.2294648526076	546.3784648526077	1	AA1
546.3784648526077	546.4184648526077	61	R
546.4184648526077	546.4484648526077	48	D
546.4484648526077	546.5184648526076	27	IH0
546.5184648526076	546.5884648526077	59	NG
546.5884648526077	546.7274648526077	67	W
546.7274648526077	546.8174648526077	25	EY1
546.8174648526077	546.9674648526077	62	S
546.9674648526077	547.0474648526076	64	T
547.0474648526076	547.1074648526077	61	R
547.1074648526077	547.1374648526076	6	AH0
547.1374648526076	547.2264648526077	57	M
547.2264648526077	547.4264648526078	44	UW1
547.4264648526078	547.4564648526077	66	V
547.4564648526077	547.4864648526077	6	AH0
547.4864648526077	547.5364648526077	56	L
547.5364648526077	558.694	74	sp
558.694	558.7439999999999	52	HH
558.7439999999999	558.774	28	IH1
558.774	558.834	69	Z
558.834	559.044	62	S
559.044	559.093	7	AH1
559.093	559.123	48	D
559.123	559.153	6	AH0
559.153	559.313	58	N
559.313	559.403	48	D
559.403	559.453	6	AH0
559.453	559.652	60	P
559.652	559.7819999999999	1	AA1
559.7819999999999	559.892	61	R
559.892	560.001	47	CH
560.001	560.0609999999999	21	ER0
560.0609999999999	560.3109999999999	63	SH
560.3109999999999	560.52	1	AA1
560.52	560.55	54	K
560.55	560.5799999999999	64	T
560.5799999999999	560.73	74	sp
560.73	560.76	49	DH
560.76	560.79	6	AH0
560.79	560.959	54	K
560.959	561.258	4	AE1
561.258	561.568	62	S
561.568	561.6483611605801	64	T
561.6483611605801	572.8197557638699	74	sp
572.8197557638699	572.9197709750567	67	W
572.9197709750567	573.0097709750567	32	IY1
573.0097709750567	573.0897709750567	51	G
573.0897709750567	573.2897709750567	1	AA1
573.2897709750567	573.3197709750567	64	T
573.3197709750567	573.3987709750568	74	sp
573.3987709750568	573.5587709750566	48	D
573.5587709750566	573.6887709750567	61	R
573.6887709750567	573.7987709750566	19	EH1
573.7987709750566	573.8777709750567	58	N
573.8777709750567	574.0677709750566	47	CH
574.0677709750566	574.1277709750567	64	T
574.1277709750567	574.2867709750567	50	F
574.2867709750567	574.3367709750567	21	ER0
574.3367709750567	574.4867709750567	57	M
574.4867709750567	574.5467709750567	49	DH
574.5467709750567	574.6857709750567	7	AH1
574.6857709750567	574.7257709750568	8	AH2
574.7257709750568	575.0357709750567	58	N
575.0357709750567	575.0957709750567	29	IH2
575.0957709750567	575.2347709750568	58	N
575.2347709750568	575.4147709750567	64	T
575.4147709750567	575.4947709750568	21	ER0
575.4947709750568	575.5637709750567	7	AH1
575.5637709750567	575.6537709750567	60	P
575.6537709750567	575.7037709750567	64	T
575.7037709750567	575.7537709750568	6	AH0
575.7537709750568	575.8137709750567	48	D
575.8137709750567	576.0427709750568	61	R
576.0427709750568	576.2827709750568	25	EY1
576.2827709750568	576.3727709750567	58	N
576.3727709750567	587.1503854875283	74	sp
587.1503854875283	587.2093854875283	52	HH
587.2093854875283	587.2393854875282	19	EH1
587.2393854875282	587.3893854875282	56	L
587.3893854875282	587.4793854875282	60	P
587.4793854875282	587.7083854875283	62	S
587.7083854875283	587.7383854875283	19	EH1
587.7383854875283	587.8883854875282	56	L
587.8883854875282	587.9283854875282	6	AH0
587.9283854875282	588.0583854875283	46	B
588.0583854875283	588.1673854875282	61	R
588.1673854875282	588.2973854875282	26	EY2
588.2973854875282	588.3873854875283	64	T
588.3873854875283	588.4373854875282	68	Y
588.4373854875282	588.4773854875283	41	UH1
588.4773854875283	588.5173854875283	61	R
588.5173854875283	588.6363854875283	46	B
588.6363854875283	588.7063854875282	61	R
588.7063854875282	588.7863854875283	7	AH1
588.7863854875283	588.8363854875283	49	DH
588.8363854875283	588.9163854875283	21	ER0
588.9163854875283	588.9463854875282	69	Z
588.9463854875282	589.1253854875283	62	S
589.1253854875283	589.1553854875283	6	AH0
589.1553854875283	589.2253854875282	54	K
589.2253854875282	589.4053854875283	62	S
589.4053854875283	589.6143854875282	19	EH1
589.6143854875282	590.0433854875282	62	S
590.0433854875282	604.9880272108843	74	sp
