315.425	315.585	5	AE2
315.585	315.645	51	G
315.645	315.675	61	R
315.675	315.714	6	AH0
315.714	315.874	54	K
315.874	315.904	7	AH1
315.904	316.074	56	L
316.074	316.173	47	CH
316.173	316.253	21	ER0
316.253	316.283	6	AH0
316.283	316.393	56	L
316.393	316.573	60	P
316.573	316.632	61	R
316.632	316.802	1	AA1
316.802	316.842	48	D
316.842	317.021	6	AH0
317.021	317.101	54	K
317.101	317.231	62	S
317.231	317.381	21	ER0
317.381	317.48	6	AH0
317.48	317.56	58	N
317.56	317.72	32	IY1
317.72	317.86	66	V
317.86	317.89	6	AH0
317.89	317.979	58	N
317.979	318.009	56	L
318.009	318.069	31	IY0
318.069	318.159	48	D
318.159	318.199	29	IH2
318.199	318.358	62	S
318.358	318.408	64	T
318.408	318.488	61	R
318.488	318.528	28	IH1
318.528	318.678	46	B
318.678	318.728	68	Y
318.728	318.758	6	AH0
318.758	318.867	64	T
318.867	318.927	6	AH0
318.927	319.047	48	D
319.047	322.768	73	ns
322.768	330.441	73	ns
330.441	330.471	46	B
330.471	330.621	16	AY1
330.621	330.85	32	IY1
330.85	330.9	64	T
330.9	330.93	27	IH0
330.93	331.08	59	NG
331.08	331.139	68	Y
331.139	331.359	35	OW1
331.359	331.429	51	G
331.429	331.568	21	ER0
331.568	331.598	64	T
331.598	331.748	68	Y
331.748	331.778	44	UW1
331.778	331.898	57	M
331.898	332.047	25	EY1
332.047	332.167	56	L
332.167	332.227	28	IH1
332.227	332.446	66	V
332.446	332.476	56	L
332.476	332.596	10	AO1
332.596	332.766	59	NG
332.766	332.836	51	G
332.836	332.885	21	ER0
332.885	337.814	73	ns
337.814	345.916	73	ns
345.916	345.946	49	DH
345.946	345.976	6	AH0
345.976	346.125	54	K
346.125	346.355	1	AA1
346.355	346.495	69	Z
346.495	346.594	67	W
346.594	346.884	26	EY2
346.884	346.973	74	sp
346.973	347.023	19	EH1
347.023	347.183	58	N
347.183	347.253	48	D
347.253	347.323	6	AH0
347.323	347.382	48	D
347.382	347.442	6	AH0
347.442	347.582	46	B
347.582	347.702	61	R
347.702	347.752	7	AH1
347.752	347.871	60	P
347.871	347.991	64	T
347.991	348.071	56	L
348.071	348.181	31	IY0
348.181	348.251	4	AE1
348.251	348.39	64	T
348.39	348.43	49	DH
348.43	348.46	6	AH0
348.46	348.68	63	SH
348.68	348.979	10	AO1
348.979	349.049	61	R
349.049	352.621	73	ns
352.621	361.071	73	ns
361.071	361.171	67	W
361.171	361.201	19	EH1
361.201	361.301	49	DH
361.301	361.361	21	ER0
361.361	361.53	60	P
361.53	361.57	61	R
361.57	361.67	45	UW2
361.67	361.82	50	F
361.82	361.89	51	G
361.89	361.919	6	AH0
361.919	362.039	56	L
362.039	362.239	1	AA1
362.239	362.438	63	SH
362.438	362.468	6	AH0
362.468	362.648	69	Z
362.648	362.708	21	ER0
362.708	362.847	66	V
362.847	362.897	19	EH1
362.897	362.997	61	R
362.997	363.137	31	IY0
363.137	363.217	74	sp
363.217	363.276	68	Y
363.276	363.326	44	UW1
363.326	363.506	62	S
363.506	363.586	50	F
363.586	363.626	6	AH0
363.626	363.656	56	L
363.656	363.685	6	AH0
363.685	363.785	58	N
363.785	363.995	62	S
363.995	364.065	31	IY0
364.065	364.254	4	AE1
364.254	364.324	64	T
364.324	364.354	6	AH0
364.354	364.394	56	L
364.394	367.197	73	ns
367.197	375.848	73	ns
375.848	375.878	49	DH
375.878	375.908	6	AH0
375.908	376.157	62	S
376.157	376.247	60	P
376.247	376.456	32	IY1
376.456	376.646	47	CH
376.646	376.796	62	S
376.796	376.826	29	IH2
376.826	376.915	57	M
376.915	377.045	60	P
377.045	377.235	35	OW1
377.235	377.384	69	Z
377.384	377.474	31	IY0
377.474	377.504	6	AH0
377.504	377.604	57	M
377.604	377.704	57	M
377.704	377.873	16	AY1
377.873	378.003	64	T
378.003	378.053	74	sp
378.053	378.083	46	B
378.083	378.163	27	IH0
378.163	378.282	51	G
378.282	378.472	28	IH1
378.472	378.572	58	N
378.572	378.661	1	AA1
378.661	378.701	58	N
378.701	378.851	57	M
378.851	378.931	7	AH1
378.931	379.08	58	N
379.08	379.13	48	D
379.13	379.24	26	EY2
379.24	383.73	73	ns
383.73	389.607	73	ns
389.607	389.676	16	AY1
389.676	389.746	48	D
389.746	389.856	61	R
389.856	389.966	7	AH1
389.966	390.016	49	DH
390.016	390.046	21	ER0
390.046	390.185	58	N
390.185	390.375	1	AA1
390.375	390.544	64	T
390.544	390.574	46	B
390.574	390.884	16	AY1
390.884	390.963	74	sp
390.963	391.003	49	DH
391.003	391.183	32	IY1
391.183	391.313	69	Z
391.313	391.562	63	SH
391.562	391.891	44	UW1
391.891	392.211	69	Z
392.211	392.32	74	sp
392.32	392.35	49	DH
392.35	392.38	6	AH0
392.38	392.47	58	N
392.47	392.52	46	B
392.52	392.66	31	IY0
392.66	392.749	35	OW1
392.749	392.829	66	V
392.829	392.919	21	ER0
392.919	393.069	47	CH
393.069	393.368	1	AA1
393.368	393.428	61	R
393.428	393.747	53	JH
393.747	393.787	48	D
393.787	397.908	73	ns
397.908	406.059	73	ns
406.059	406.099	46	B
406.099	406.169	32	IY1
406.169	406.339	54	K
406.339	406.458	19	EH1
406.458	406.508	61	R
406.508	406.628	50	F
406.628	406.658	6	AH0
406.658	406.688	56	L
406.688	406.738	58	N
406.738	406.847	1	AA1
406.847	406.877	64	T
406.877	406.947	64	T
406.947	406.977	6	AH0
406.977	407.137	60	P
407.137	407.167	56	L
407.167	407.386	13	AW1
407.386	407.546	35	OW1
407.546	407.616	66	V
407.616	407.685	21	ER0
407.685	407.755	49	DH
407.755	407.785	6	AH0
407.785	407.985	50	F
407.985	408.035	56	L
408.035	408.264	13	AW1
408.264	408.344	21	ER0
408.344	408.474	46	B
408.474	408.663	19	EH1
408.663	408.773	48	D
408.773	409.032	69	Z
409.032	410.03	74	sp
410.03	412.724	73	ns
412.724	416.855	73	ns
416.855	420.007	74	sp
420.007	420.067	49	DH
420.067	420.287	7	AH1
420.287	420.357	36	OW2
420.357	420.476	66	V
420.476	420.526	21	ER0
420.526	420.696	67	W
420.696	420.856	25	EY1
420.856	420.885	64	T
420.885	421.045	47	CH
421.045	421.245	1	AA1
421.245	421.295	61	R
421.295	421.384	57	M
421.384	421.544	21	ER0
421.544	421.624	54	K
421.624	421.664	41	UH1
421.664	421.714	48	D
421.714	421.903	62	S
421.903	421.993	56	L
421.993	422.023	28	IH1
422.023	422.063	60	P
422.063	422.212	74	sp
422.212	422.252	60	P
422.252	422.432	38	OY1
422.432	422.612	69	Z
422.612	422.641	6	AH0
422.641	422.671	58	N
422.671	422.751	29	IH2
422.751	422.821	58	N
422.821	422.881	64	T
422.881	422.951	44	UW1
422.951	422.981	19	EH1
422.981	423.041	58	N
423.041	423.19	31	IY0
423.19	423.25	67	W
423.25	423.28	8	AH2
423.28	423.32	58	N
423.32	423.509	69	Z
423.509	423.589	64	T
423.589	423.929	32	IY1
423.929	425.824	74	sp
425.824	427.351	73	ns
427.351	427.77	74	sp
427.77	432.359	73	ns
432.359	435.23006414421513	74	sp
435.23006414421513	435.2616101792969	49	DH
435.2616101792969	435.313	6	AH0
435.313	435.472	4	AE1
435.472	435.592	59	NG
435.592	435.642	51	G
435.642	435.702	61	R
435.702	435.732	31	IY0
435.732	435.841	46	B
435.841	436.151	38	OY1
436.151	436.251	4	AE1
436.251	436.46	58	N
436.46	436.63	62	S
436.63	436.749	21	ER0
436.749	436.809	48	D
436.809	436.939	74	sp
436.939	437.009	46	B
437.009	437.059	7	AH1
437.059	437.109	64	T
437.109	437.178	74	sp
437.178	437.228	48	D
437.228	437.318	28	IH1
437.318	437.388	48	D
437.388	437.438	6	AH0
437.438	437.568	58	N
437.568	437.607	56	L
437.607	437.667	41	UH1
437.667	437.797	54	K
437.797	437.977	7	AH1
437.977	438.126	60	P
438.126	440.341	74	sp
440.341	441.758	73	ns
441.758	446.477	73	ns
446.477	449.68	74	sp
449.68	449.72	52	HH
449.72	449.79	67	W
449.79	449.82	28	IH1
449.82	449.989	47	CH
449.989	450.039	56	L
450.039	450.129	10	AO1
450.129	450.219	59	NG
450.219	450.448	1	AA1
450.448	450.478	61	R
450.478	450.508	64	T
450.508	450.548	6	AH0
450.548	450.678	54	K
450.678	450.708	6	AH0
450.708	450.807	56	L
450.807	450.877	67	W
450.877	450.907	6	AH0
450.907	450.997	69	Z
450.997	451.137	34	OW0
451.137	451.366	60	P
451.366	451.526	25	EY1
451.526	451.665	54	K
451.665	451.705	6	AH0
451.705	451.755	58	N
451.755	451.815	48	D
451.815	451.845	58	N
451.845	451.985	32	IY1
451.985	452.075	48	D
452.075	452.104	6	AH0
452.104	452.164	48	D
452.164	452.184	74	sp
452.184	452.324	54	K
452.324	452.384	56	L
452.384	452.494	20	EH2
452.494	452.534	61	R
452.534	452.563	6	AH0
452.563	452.693	50	F
452.693	452.723	27	IH0
452.723	452.843	54	K
452.843	452.992	25	EY1
452.992	453.212	63	SH
453.212	453.242	6	AH0
453.242	453.392	58	N
453.392	455.327	74	sp
455.327	456.604	73	ns
456.604	460.675	73	ns
460.675	463.768	74	sp
463.768	463.798	52	HH
463.798	463.828	19	EH1
463.828	463.928	56	L
463.928	464.007	60	P
464.007	464.177	62	S
464.177	464.227	19	EH1
464.227	464.407	56	L
464.407	464.436	6	AH0
464.436	464.466	46	B
464.466	464.606	61	R
464.606	464.636	26	EY2
464.636	464.756	64	T
464.756	464.806	68	Y
464.806	464.836	41	UH1
464.836	464.865	61	R
464.865	464.905	74	sp
464.905	464.945	46	B
464.945	464.995	61	R
464.995	465.075	7	AH1
465.075	465.145	49	DH
465.145	465.195	21	ER0
465.195	465.225	69	Z
465.225	465.384	62	S
465.384	465.414	6	AH0
465.414	465.494	54	K
465.494	465.684	62	S
465.684	465.883	19	EH1
465.883	466.222	62	S
466.222	468.387	74	sp
468.387	469.874	73	ns
469.874	475.611	73	ns
475.611	478.764	74	sp
478.764	478.884	67	W
478.884	478.914	28	IH1
478.914	478.943	56	L
478.943	479.033	68	Y
479.033	479.083	44	UW1
479.083	479.253	60	P
479.253	479.293	56	L
479.293	479.462	32	IY1
479.462	479.592	69	Z
479.592	479.682	54	K
479.682	479.722	6	AH0
479.722	479.802	58	N
479.802	479.891	50	F
479.891	480.081	22	ER1
480.081	480.171	57	M
480.171	480.28	51	G
480.28	480.35	7	AH1
480.35	480.45	66	V
480.45	480.5	21	ER0
480.5	480.63	57	M
480.63	480.67	6	AH0
480.67	480.759	58	N
480.759	480.819	64	T
480.819	481.099	74	sp
481.099	481.218	60	P
481.218	481.348	1	AA1
481.348	481.478	56	L
481.478	481.508	6	AH0
481.508	481.717	62	S
481.717	482.007	31	IY0
482.007	482.056	74	sp
482.056	482.126	61	R
482.126	482.156	6	AH0
482.156	482.236	51	G
482.236	482.426	1	AA1
482.426	482.456	61	R
482.456	482.485	48	D
482.485	482.525	27	IH0
482.525	482.635	59	NG
482.635	482.795	67	W
482.795	482.885	25	EY1
482.885	483.034	62	S
483.034	483.064	64	T
483.064	483.104	74	sp
483.104	483.154	61	R
483.154	483.184	6	AH0
483.184	483.334	57	M
483.334	483.473	44	UW1
483.473	483.553	66	V
483.553	483.583	6	AH0
483.583	483.673	56	L
483.673	485.918	74	sp
485.918	487.105	73	ns
487.105	492.064	73	ns
492.064	495.077	74	sp
495.077	495.167	49	DH
495.167	495.296	25	EY1
495.296	495.326	6	AH0
495.326	495.536	62	S
495.536	495.665	44	UW1
495.665	495.725	57	M
495.725	495.815	58	N
495.815	495.975	35	OW1
495.975	496.085	46	B
496.085	496.294	22	ER1
496.294	496.384	51	G
496.384	496.494	56	L
496.494	496.603	21	ER0
496.603	496.793	67	W
496.793	496.823	6	AH0
496.823	496.973	56	L
496.973	497.042	19	EH1
497.042	497.142	66	V
497.142	497.312	21	ER0
497.312	497.372	19	EH1
497.372	497.461	58	N
497.461	497.561	64	T
497.561	497.661	21	ER0
497.661	497.741	52	HH
497.741	497.94	28	IH1
497.94	498.01	61	R
498.01	500.485	74	sp
500.485	502.62	73	ns
502.62	508.885	73	ns
508.885	510.033	74	sp
510.033	510.163	52	HH
510.163	510.262	32	IY1
510.262	510.382	67	W
510.382	510.412	6	AH0
510.412	510.442	56	L
510.442	510.472	6	AH0
510.472	510.751	56	L
510.751	511.07	13	AW1
511.07	511.1	6	AH0
511.1	511.31	61	R
511.31	511.34	19	EH1
511.34	511.47	61	R
511.47	511.599	56	L
511.599	511.909	16	AY1
511.909	514.014	74	sp
514.014	516.538	73	ns
516.538	519.431	73	ns
519.431	522.115	74	sp
522.115	522.175	54	K
522.175	522.345	68	Y
522.345	522.395	42	UH2
522.395	522.425	61	R
522.425	522.534	31	IY0
522.534	522.744	1	AA1
522.744	522.904	62	S
522.904	522.943	6	AH0
522.943	523.003	64	T
523.003	523.103	31	IY0
523.103	523.133	6	AH0
523.133	523.173	58	N
523.173	523.203	48	D
523.203	523.283	57	M
523.283	523.353	33	IY2
523.353	523.402	48	D
523.402	523.552	31	IY0
523.552	523.752	1	AA1
523.752	523.881	54	K
523.881	523.931	61	R
523.931	523.961	6	AH0
523.961	524.001	64	T
524.001	524.101	31	IY0
524.101	524.33	62	S
524.33	524.37	19	EH1
524.37	524.59	56	L
524.59	524.64	48	D
524.64	524.69	6	AH0
524.69	524.799	57	M
524.799	524.919	54	K
524.919	525.079	35	OW1
525.079	525.119	27	IH0
525.119	525.208	51	G
525.208	525.328	69	Z
525.328	525.558	28	IH1
525.558	525.897	62	S
525.897	525.937	64	T
525.937	527.892	74	sp
527.892	529.119	73	ns
529.119	536.054	73	ns
536.054	536.922	74	sp
536.922	536.962	52	HH
536.962	536.992	6	AH0
536.992	537.041	69	Z
537.041	537.251	62	S
537.251	537.291	7	AH1
537.291	537.321	48	D
537.321	537.351	6	AH0
537.351	537.5	58	N
537.5	537.63	48	D
537.63	537.71	6	AH0
537.71	537.87	60	P
537.87	537.989	1	AA1
537.989	538.069	61	R
538.069	538.229	47	CH
538.229	538.279	21	ER0
538.279	538.498	63	SH
538.498	538.668	1	AA1
538.668	538.698	54	K
538.698	538.728	64	T
538.728	538.807	74	sp
538.807	538.867	49	DH
538.867	538.897	6	AH0
538.897	539.067	54	K
539.067	539.346	4	AE1
539.346	539.616	62	S
539.616	539.656	64	T
539.656	543.337	73	ns
543.337	551.409	73	ns
551.409	551.598	63	SH
551.598	551.658	32	IY1
551.658	551.948	62	S
551.948	552.007	56	L
552.007	552.067	28	IH1
552.067	552.147	60	P
552.147	552.217	64	T
552.217	552.257	6	AH0
552.257	552.287	58	N
552.287	552.337	48	D
552.337	552.526	62	S
552.526	552.616	60	P
552.616	552.736	61	R
552.736	552.836	25	EY1
552.836	552.885	58	N
552.885	552.915	48	D
552.915	552.945	52	HH
552.945	553.125	21	ER0
553.125	553.195	4	AE1
553.195	553.444	59	NG
553.444	553.504	54	K
553.504	553.544	6	AH0
553.544	553.684	56	L
553.684	553.714	1	AA1
553.714	553.833	58	N
553.833	553.863	49	DH
553.863	553.893	6	AH0
553.893	554.103	62	S
554.103	554.153	64	T
554.153	554.282	32	IY1
554.282	554.382	60	P
554.382	554.552	62	S
554.552	554.661	56	L
554.661	554.831	35	OW1
554.831	554.861	60	P
554.861	558.862	73	ns
558.862	558.912	74	sp
558.912	565.487	73	ns
565.487	565.547	6	AH0
565.547	565.706	46	B
565.706	565.786	28	IH1
565.786	565.876	51	G
565.876	566.006	74	sp
566.006	566.056	51	G
566.056	566.225	35	OW1
566.225	566.335	64	T
566.335	566.574	16	AY1
566.574	566.674	48	D
566.674	566.774	56	L
566.774	566.864	31	IY0
566.864	567.113	4	AE1
567.113	567.263	57	M
567.263	567.293	46	B
567.293	567.333	6	AH0
567.333	567.382	56	L
567.382	567.452	48	D
567.452	567.552	74	sp
567.552	567.582	65	TH
567.582	567.622	61	R
567.622	567.782	44	UW1
567.782	567.891	49	DH
567.891	567.931	6	AH0
567.931	568.081	50	F
568.081	568.251	1	AA1
568.251	568.31	61	R
568.31	568.4	57	M
568.4	568.49	68	Y
568.49	568.729	2	AA2
568.729	568.799	61	R
568.799	568.879	48	D
568.879	572.81	73	ns
572.81	580.702	73	ns
580.702	580.892	63	SH
580.892	580.932	41	UH1
580.932	581.012	48	D
581.012	581.131	53	JH
581.131	581.261	21	ER0
581.261	581.421	4	AE1
581.421	581.5	50	F
581.5	581.65	62	S
581.65	581.7	46	B
581.7	581.78	32	IY1
581.78	581.89	54	K
581.89	581.999	19	EH1
581.999	582.099	60	P
582.099	582.139	64	T
582.139	582.169	6	AH0
582.169	582.249	58	N
582.249	582.428	62	S
582.428	582.488	57	M
582.488	582.628	10	AO1
582.628	582.688	56	L
582.688	582.837	69	Z
582.837	583.187	44	UW1
583.187	583.416	69	Z
583.416	587.187	73	ns
587.187	594.481	73	ns
594.481	594.581	67	W
594.581	594.631	32	IY1
594.631	594.75	51	G
594.75	594.87	1	AA1
594.87	594.96	64	T
594.96	595.05	48	D
595.05	595.179	61	R
595.179	595.309	19	EH1
595.309	595.339	58	N
595.339	595.509	47	CH
595.509	595.578	64	T
595.578	595.708	50	F
595.708	595.748	21	ER0
595.748	595.848	57	M
595.848	595.898	49	DH
595.898	596.097	7	AH1
596.097	596.127	8	AH2
596.127	596.217	58	N
596.217	596.287	29	IH2
596.287	596.357	58	N
596.357	596.506	64	T
596.506	596.606	21	ER0
596.606	596.666	7	AH1
596.666	596.726	60	P
596.726	596.796	64	T
596.796	596.846	6	AH0
596.846	596.905	48	D
596.905	597.145	61	R
597.145	597.404	25	EY1
597.404	597.484	58	N
