25.873875	25.923875000000002	49	DH	21
25.923875000000002	26.023875000000004	7	AH1	21
26.023875000000004	26.113875000000004	67	W	21
26.113875000000004	26.213875000000005	10	AO1	21
26.213875000000005	26.273875000000004	64	T	21
26.273875000000004	26.343875000000004	21	ER0	21
26.343875000000004	26.443875000000002	54	K	21
26.443875000000002	26.503875000000004	6	AH0	21
26.503875000000004	26.533875000000002	58	N	21
26.533875000000002	26.653875000000003	64	T	21
26.653875000000003	26.753875000000004	25	EY1	21
26.753875000000004	26.863875000000004	58	N	21
26.863875000000004	26.893875000000005	48	D	21
26.893875000000005	26.983875000000005	64	T	21
26.983875000000005	27.123875	44	UW1	21
27.123875	27.153875000000003	57	M	21
27.153875000000003	27.303875000000005	7	AH1	21
27.303875000000005	27.463875000000005	47	CH	21
27.463875000000005	27.533875000000002	54	K	21
27.533875000000002	27.563875000000003	56	L	21
27.563875000000003	27.593875000000004	10	AO1	21
27.593875000000004	27.773875000000004	61	R	21
27.773875000000004	27.913875000000004	31	IY0	21
27.913875000000004	27.943875000000002	58	N	21
27.943875000000002	28.033875000000002	4	AE1	21
28.033875000000002	28.113875000000004	58	N	21
28.113875000000004	28.143875000000005	48	D	21
28.143875000000005	28.223875000000003	62	S	21
28.223875000000003	28.253875000000004	64	T	21
28.253875000000004	28.323875000000005	7	AH1	21
28.323875000000005	28.423875000000002	59	NG	21
28.423875000000002	28.493875000000003	52	HH	21
28.493875000000003	28.543875000000003	6	AH0	21
28.543875000000003	28.633875000000003	69	Z	21
28.633875000000003	28.813875000000003	16	AY1	21
28.813875000000003	28.993875000000003	69	Z	21
38.2129375	38.35971557641253	53	JH	22
38.35971557641253	38.46971557641253	1	AA1	22
38.46971557641253	38.499715576412534	58	N	22
38.499715576412534	38.599715576412535	69	Z	22
38.599715576412535	38.65971557641253	46	B	22
38.65971557641253	38.75971557641253	61	R	22
38.75971557641253	38.79971557641253	7	AH1	22
38.79971557641253	38.83971557641253	49	DH	22
38.83971557641253	38.999715576412534	21	ER0	22
38.999715576412534	39.19971557641253	74	sp	22
39.19971557641253	39.22971557641253	61	R	22
39.22971557641253	39.319715576412534	31	IY0	22
39.319715576412534	39.39971557641253	60	P	22
39.39971557641253	39.499715576412534	25	EY1	22
39.499715576412534	39.57971557641253	58	N	22
39.57971557641253	39.669715576412536	64	T	22
39.669715576412536	39.72971557641253	6	AH0	22
39.72971557641253	39.79971557641253	48	D	22
39.79971557641253	39.83971557641253	49	DH	22
39.83971557641253	40.129715576412536	7	AH1	22
40.129715576412536	40.19971557641253	74	sp	22
40.19971557641253	40.249715576412534	51	G	22
40.249715576412534	40.35971557641253	1	AA1	22
40.35971557641253	40.39971557641253	61	R	22
40.39971557641253	40.46971557641253	46	B	22
40.46971557641253	40.599715576412535	27	IH0	22
40.599715576412535	40.64971557641253	53	JH	22
40.64971557641253	40.749715576412534	74	sp	22
40.749715576412534	40.809715576412536	48	D	22
40.809715576412536	40.849715576412535	10	AO1	22
40.849715576412535	40.94971557641253	61	R	22
48.7851875	48.8951875	47	CH	23
48.8951875	48.9751875	4	AE1	23
48.9751875	49.0351875	56	L	23
49.0351875	49.1051875	6	AH0	23
49.1051875	49.1651875	58	N	23
49.1651875	49.265187499999996	53	JH	23
49.265187499999996	49.4051875	32	IY1	23
49.4051875	49.4351875	47	CH	23
49.4351875	49.5751875	53	JH	23
49.5751875	49.6451875	19	EH1	23
49.6451875	49.6751875	58	N	23
49.6751875	49.7051875	21	ER0	23
49.7051875	49.7351875	6	AH0	23
49.7351875	49.8951875	56	L	23
49.8951875	50.015187499999996	69	Z	23
50.015187499999996	50.0551875	29	IH2	23
50.0551875	50.125187499999996	58	N	23
50.125187499999996	50.1751875	64	T	23
50.1751875	50.2251875	19	EH1	23
50.2251875	50.3251875	56	L	23
50.3251875	50.3851875	6	AH0	23
50.3851875	50.4951875	53	JH	23
50.4951875	50.5751875	6	AH0	23
50.5751875	50.6051875	58	N	23
50.6051875	50.6351875	62	S	23
71.0823125	71.1723125	5	AE2	24
71.1723125	71.29231250000001	57	M	24
71.29231250000001	71.32231250000001	46	B	24
71.32231250000001	71.3623125	6	AH0	24
71.3623125	71.4323125	48	D	24
71.4323125	71.5523125	19	EH1	24
71.5523125	71.6323125	54	K	24
71.6323125	71.6623125	62	S	24
71.6623125	71.6923125	64	T	24
71.6923125	71.7223125	61	R	24
71.7223125	71.8523125	6	AH0	24
71.8523125	72.2023125	62	S	24
72.2023125	72.9123125	74	sp	24
72.9123125	72.9823125	60	P	24
72.9823125	73.0823125	28	IH1	24
73.0823125	73.1423125	54	K	24
73.1423125	73.2323125	60	P	24
73.2323125	73.34231249999999	2	AA2	24
73.34231249999999	73.4523125	54	K	24
73.4523125	73.5523125	6	AH0	24
73.5523125	73.5823125	64	T	24
73.5823125	73.6523125	62	S	24
73.6523125	73.7123125	6	AH0	24
73.7123125	73.8023125	54	K	24
73.8023125	73.8823125	1	AA1	24
73.8823125	73.9523125	57	M	24
73.9523125	74.0023125	60	P	24
74.0023125	74.03231249999999	56	L	24
74.03231249999999	74.06231249999999	27	IH0	24
74.06231249999999	74.1523125	63	SH	24
74.1523125	74.2323125	57	M	24
74.2323125	74.26231250000001	10	AO1	24
74.26231250000001	74.34231249999999	61	R	24
85.6169375	85.7169375	25	EY1	25
85.7169375	85.8169375	57	M	25
85.8169375	85.8869375	7	AH1	25
85.8869375	85.9969375	62	S	25
85.9969375	86.0269375	54	K	25
86.0269375	86.0569375	68	Y	25
86.0569375	86.1169375	6	AH0	25
86.1169375	86.1969375	56	L	25
86.1969375	86.4669375	21	ER0	25
86.4669375	86.9969375	74	sp	25
86.9969375	87.1069375	3	AE0	25
87.1069375	87.2269375	46	B	25
87.2269375	87.2669375	48	D	25
87.2669375	87.4069375	35	OW1	25
87.4069375	87.4969375	57	M	25
87.4969375	87.5869375	6	AH0	25
87.5869375	87.7269375	58	N	25
87.7269375	87.8169375	28	IH1	25
87.8169375	87.9569375	69	Z	25
87.9569375	88.03693750000001	51	G	25
88.03693750000001	88.1169375	6	AH0	25
88.1169375	88.1469375	48	D	25
88.1469375	88.2269375	50	F	25
88.2269375	88.28693750000001	21	ER0	25
88.28693750000001	88.3769375	68	Y	25
88.3769375	88.4069375	41	UH1	25
88.4069375	88.4369375	61	R	25
88.4369375	88.5069375	46	B	25
88.5069375	88.6269375	4	AE1	25
88.6269375	88.6669375	54	K	25
99.5971875	99.6371875	49	DH	26
99.6371875	99.7771875	25	EY1	26
99.7771875	100.0971875	35	OW1	26
100.0971875	100.1671875	58	N	26
100.1671875	100.3371875	25	EY1	26
100.3371875	100.3671875	46	B	26
100.3671875	100.3971875	28	IH1	26
100.3971875	100.4271875	51	G	26
100.4271875	100.4571875	52	HH	26
100.4571875	100.6171875	13	AW1	26
100.6171875	100.7471875	62	S	26
100.7471875	100.7871875	6	AH0	26
100.7871875	100.8871875	58	N	26
100.8871875	100.9171875	49	DH	26
100.9171875	100.9571875	7	AH1	26
100.9571875	101.0671875	61	R	26
101.0671875	101.1471875	31	IY0	26
101.1471875	101.2771875	57	M	26
101.2771875	101.4271875	35	OW1	26
101.4271875	101.4571875	64	T	26
101.4571875	101.5671875	54	K	26
101.5671875	101.6471875	7	AH1	26
101.6471875	101.7171875	58	N	26
101.7171875	101.7771875	64	T	26
101.7771875	101.8271875	61	R	26
101.8271875	101.8771875	31	IY0	26
101.8771875	101.9771875	62	S	26
101.9771875	102.0971875	17	AY2	26
102.0971875	102.1771875	48	D	26
109.91075	110.01075	49	DH	27
110.01075	110.09075	7	AH1	27
110.09075	110.25075	61	R	27
110.25075	110.29075	35	OW1	27
110.29075	110.49074999999999	69	Z	27
110.49074999999999	110.59075	54	K	27
110.59075	110.62075	9	AO0	27
110.62075	110.72075	61	R	27
110.72075	110.87075	62	S	27
110.87075	110.92075	1	AA1	27
110.92075	111.00075	70	ZH	27
111.00075	111.12075	62	S	27
111.12075	111.15075	57	M	27
111.15075	111.22075	19	EH1	27
111.22075	111.28075	56	L	27
111.28075	111.31075	48	D	27
111.31075	111.43075	62	S	27
111.43075	111.46074999999999	67	W	27
111.46074999999999	111.60074999999999	32	IY1	27
111.60074999999999	111.63074999999999	64	T	27
120.3743125	120.4143125	49	DH	28
120.4143125	120.5643125	4	AE1	28
120.5643125	120.60431249999999	64	T	28
120.60431249999999	120.7043125	60	P	28
120.7043125	120.7743125	28	IH1	28
120.7743125	120.8043125	54	K	28
120.8043125	120.9543125	60	P	28
120.9543125	121.0643125	2	AA2	28
121.0643125	121.1743125	54	K	28
121.1743125	121.2243125	6	AH0	28
121.2243125	121.2543125	64	T	28
121.2543125	121.2843125	67	W	28
121.2843125	121.35431249999999	7	AH1	28
121.35431249999999	121.46431249999999	69	Z	28
121.46431249999999	121.5343125	54	K	28
121.5343125	121.68431249999999	1	AA1	28
121.68431249999999	121.71431249999999	64	T	28
121.71431249999999	121.7843125	61	R	28
121.7843125	121.85431249999999	19	EH1	28
121.85431249999999	121.8843125	48	D	28
121.8843125	121.9143125	52	HH	28
121.9143125	122.0343125	4	AE1	28
122.0343125	122.1143125	58	N	28
122.1143125	122.1543125	48	D	28
122.1543125	122.2543125	6	AH0	28
122.2543125	122.2843125	48	D	28
131.809875	131.879875	4	AE1	29
131.879875	131.94987500000002	58	N	29
131.94987500000002	132.06987500000002	4	AE1	29
132.06987500000002	132.159875	48	D	29
132.159875	132.19987500000002	6	AH0	29
132.19987500000002	132.279875	56	L	29
132.279875	132.31987500000002	64	T	29
132.31987500000002	132.38987500000002	57	M	29
132.38987500000002	132.439875	25	EY1	29
132.439875	132.709875	56	L	29
132.709875	132.809875	74	sp	29
132.809875	132.839875	46	B	29
132.839875	132.969875	3	AE0	29
132.969875	133.099875	46	B	29
133.099875	133.219875	44	UW1	29
133.219875	133.25987500000002	58	N	29
133.25987500000002	133.44987500000002	69	Z	29
133.44987500000002	133.479875	64	T	29
133.479875	133.629875	32	IY1	29
133.629875	133.73987499999998	65	TH	29
133.73987499999998	133.809875	21	ER0	29
133.809875	133.929875	58	N	29
133.929875	134.129875	1	AA1	29
134.129875	134.179875	64	T	29
134.179875	134.32987500000002	62	S	29
134.32987500000002	134.419875	44	UW1	29
134.419875	134.44987500000002	64	T	29
134.44987500000002	134.519875	6	AH0	29
134.519875	134.619875	46	B	29
134.619875	134.649875	6	AH0	29
134.649875	134.739875	56	L	29
134.739875	134.849875	50	F	29
134.849875	134.909875	21	ER0	29
134.909875	135.119875	32	IY1	29
135.119875	135.149875	64	T	29
135.149875	135.179875	27	IH0	29
135.179875	135.239875	59	NG	29
135.239875	135.349875	63	SH	29
135.349875	135.38987500000002	19	EH1	29
135.38987500000002	135.449875	56	L	29
135.449875	135.569875	50	F	29
135.569875	135.659875	29	IH2	29
135.659875	135.79987500000001	63	SH	29
144.8108125	144.8808125	52	HH	30
144.8808125	144.99081249999998	21	ER0	30
144.99081249999998	145.02081249999998	67	W	30
145.02081249999998	145.05081249999998	10	AO1	30
145.05081249999998	145.1808125	61	R	30
145.1808125	145.3108125	48	D	30
145.3108125	145.4008125	61	R	30
145.4008125	145.4308125	36	OW2	30
145.4308125	145.46081249999997	46	B	30
145.46081249999997	145.5308125	54	K	30
145.5308125	145.5708125	6	AH0	30
145.5708125	145.6008125	58	N	30
145.6008125	145.74081249999998	62	S	30
145.74081249999998	145.8208125	28	IH1	30
145.8208125	145.99081249999998	62	S	30
145.99081249999998	146.1808125	7	AH1	30
146.1808125	146.21081249999997	66	V	30
146.21081249999997	146.24081249999998	35	OW1	30
146.24081249999998	146.27081249999998	58	N	30
146.27081249999998	146.30081249999998	56	L	30
146.30081249999998	146.33081249999998	31	IY0	30
146.33081249999998	146.4308125	62	S	30
146.4308125	146.4708125	54	K	30
146.4708125	146.55081249999998	22	ER1	30
146.55081249999998	146.58081249999998	64	T	30
146.58081249999998	146.71081249999997	62	S	30
146.71081249999997	146.74081249999998	6	AH0	30
146.74081249999998	146.80081249999998	58	N	30
146.80081249999998	146.83081249999998	48	D	30
146.83081249999998	146.8708125	46	B	30
146.8708125	146.9008125	56	L	30
146.9008125	147.0108125	13	AW1	30
147.0108125	147.1008125	62	S	30
147.1008125	147.20081249999998	6	AH0	30
147.20081249999998	147.4008125	69	Z	30
155.7736875	155.8136875	49	DH	31
155.8136875	155.9036875	7	AH1	31
155.9036875	156.0636875	64	T	31
156.0636875	156.1236875	44	UW1	31
156.1236875	156.2436875	1	AA1	31
156.2436875	156.28368749999998	61	R	31
156.28368749999998	156.3436875	64	T	31
156.3436875	156.39368749999997	6	AH0	31
156.39368749999997	156.4936875	62	S	31
156.4936875	156.5236875	64	T	31
156.5236875	156.63368749999998	28	IH1	31
156.63368749999998	156.7436875	69	Z	31
156.7436875	156.83368749999997	27	IH0	31
156.83368749999997	156.89368749999997	54	K	31
156.89368749999997	156.9636875	62	S	31
156.9636875	157.01368749999997	47	CH	31
157.01368749999997	157.16368749999998	25	EY1	31
157.16368749999998	157.22368749999998	58	N	31
157.22368749999998	157.3436875	53	JH	31
157.3436875	157.3736875	48	D	31
157.3736875	157.5236875	10	AO1	31
157.5236875	157.55368749999997	64	T	31
157.55368749999997	157.6236875	6	AH0	31
157.6236875	157.67368749999997	51	G	31
157.67368749999997	157.7136875	61	R	31
157.7136875	157.85368749999998	5	AE2	31
157.85368749999998	157.91368749999998	50	F	31
157.91368749999998	158.07368749999998	62	S	31
167.986125	168.04612499999996	46	B	32
168.04612499999996	168.16612499999997	7	AH1	32
168.16612499999997	168.21612499999998	64	T	32
168.21612499999998	168.24612499999998	21	ER0	32
168.24612499999998	168.38612499999996	62	S	32
168.38612499999996	168.42612499999998	54	K	32
168.42612499999998	168.53612499999997	2	AA2	32
168.53612499999997	168.65612499999997	47	CH	32
168.65612499999997	168.72612499999997	50	F	32
168.72612499999997	168.88612499999996	7	AH1	32
168.88612499999996	169.03612499999997	53	JH	32
169.03612499999997	169.07612499999996	51	G	32
169.07612499999996	169.19612499999997	35	OW1	32
169.19612499999997	169.30612499999998	69	Z	32
169.30612499999998	169.33612499999998	67	W	32
169.33612499999998	169.41612499999997	19	EH1	32
169.41612499999997	169.52612499999998	56	L	32
169.52612499999998	169.57612499999996	67	W	32
169.57612499999996	169.67612499999998	28	IH1	32
169.67612499999998	169.71612499999998	49	DH	32
169.71612499999998	169.75612499999997	66	V	32
169.75612499999997	169.80612499999998	6	AH0	32
169.80612499999998	169.90612499999997	58	N	32
169.90612499999997	169.93612499999998	28	IH1	32
169.93612499999998	170.016125	56	L	32
170.016125	170.04612499999996	6	AH0	32
170.04612499999996	170.25612499999997	16	AY1	32
170.25612499999997	170.36612499999998	62	S	32
170.36612499999998	170.39612499999998	54	K	32
170.39612499999998	170.44612499999997	61	R	32
170.44612499999997	170.486125	32	IY1	32
170.486125	170.59612499999997	57	M	32
181.737375	181.767375	61	R	33
181.767375	181.877375	28	IH1	33
181.877375	181.987375	47	CH	33
181.987375	182.02737499999998	74	sp	33
182.02737499999998	182.077375	60	P	33
182.077375	182.17737499999998	22	ER1	33
182.17737499999998	182.33737499999998	47	CH	33
182.33737499999998	182.42737499999998	6	AH0	33
182.42737499999998	182.49737499999998	62	S	33
182.49737499999998	182.52737499999998	64	T	33
182.52737499999998	182.61737499999998	62	S	33
182.61737499999998	182.687375	19	EH1	33
182.687375	182.757375	66	V	33
182.757375	182.86737499999998	61	R	33
182.86737499999998	182.89737499999998	6	AH0	33
182.89737499999998	183.167375	56	L	33
183.167375	183.437375	74	sp	33
183.437375	183.577375	62	S	33
183.577375	183.847375	16	AY1	33
183.847375	183.95737499999998	58	N	33
183.95737499999998	183.99737499999998	48	D	33
183.99737499999998	184.49737499999998	74	sp	33
184.49737499999998	184.547375	56	L	33
184.547375	184.61737499999998	28	IH1	33
184.61737499999998	184.737375	65	TH	33
184.737375	184.817375	6	AH0	33
184.817375	184.877375	51	G	33
184.877375	184.907375	61	R	33
184.907375	185.037375	5	AE2	33
185.037375	185.067375	50	F	33
185.067375	185.187375	62	S	33
200.0813125	200.21131250000002	19	EH1	34
200.21131250000002	200.2813125	58	N	34
200.2813125	200.4513125	31	IY0	34
200.4513125	200.5313125	54	K	34
200.5313125	200.6413125	2	AA2	34
200.6413125	200.68131250000002	58	N	34
200.68131250000002	200.7713125	64	T	34
200.7713125	200.8013125	61	R	34
200.8013125	200.8513125	6	AH0	34
200.8513125	200.9213125	46	B	34
200.9213125	200.9513125	68	Y	34
200.9513125	201.0513125	44	UW1	34
201.0513125	201.18131250000002	63	SH	34
201.18131250000002	201.21131250000002	6	AH0	34
201.21131250000002	201.24131250000002	58	N	34
201.24131250000002	201.2713125	67	W	34
201.2713125	201.3013125	6	AH0	34
201.3013125	201.6613125	56	L	34
201.6613125	202.2513125	74	sp	34
202.2513125	202.3113125	51	G	34
202.3113125	202.46131250000002	28	IH1	34
202.46131250000002	202.5113125	64	T	34
202.5113125	202.71131250000002	74	sp	34
202.71131250000002	202.7613125	51	G	34
202.7613125	202.8013125	61	R	34
202.8013125	202.93131250000002	25	EY1	34
202.93131250000002	202.96131250000002	64	T	34
202.96131250000002	203.0013125	56	L	34
203.0013125	203.4513125	31	IY0	34
203.4513125	203.5513125	74	sp	34
203.5513125	203.6613125	6	AH0	34
203.6613125	203.7213125	60	P	34
203.7213125	203.7613125	61	R	34
203.7613125	203.8213125	32	IY1	34
203.8213125	203.9713125	63	SH	34
203.9713125	204.0113125	31	IY0	34
204.0113125	204.09131250000002	26	EY2	34
204.09131250000002	204.1313125	64	T	34
204.1313125	204.2313125	6	AH0	34
204.2313125	204.2813125	48	D	34
214.5768125	214.6368125	49	DH	35
214.6368125	214.6968125	6	AH0	35
214.6968125	214.7968125	54	K	35
214.7968125	214.8268125	61	R	35
214.8268125	214.90681249999997	4	AE1	35
214.90681249999997	214.96681249999997	58	N	35
214.96681249999997	215.0168125	46	B	35
215.0168125	215.05681249999998	20	EH2	35
215.05681249999998	215.14681249999998	61	R	35
215.14681249999998	215.27681249999998	31	IY0	35
215.27681249999998	215.39681249999998	46	B	35
215.39681249999998	215.6068125	1	AA1	35
215.6068125	215.6368125	51	G	35
215.6368125	216.4468125	74	sp	35
216.4468125	216.53681249999997	51	G	35
216.53681249999997	216.61681249999998	19	EH1	35
216.61681249999998	216.64681249999998	64	T	35
216.64681249999998	216.67681249999998	62	S	35
216.67681249999998	216.7668125	66	V	35
216.7668125	216.8568125	19	EH1	35
216.8568125	216.8868125	61	R	35
216.8868125	217.17681249999998	31	IY0	35
217.17681249999998	217.28681249999997	74	sp	35
217.28681249999997	217.3568125	60	P	35
217.3568125	217.4468125	61	R	35
217.4468125	217.4768125	28	IH1	35
217.4768125	217.5068125	64	T	35
217.5068125	217.58681249999998	31	IY0	35
217.58681249999998	217.70681249999998	6	AH0	35
217.70681249999998	217.73681249999998	58	N	35
217.73681249999998	217.8568125	10	AO1	35
217.8568125	217.89681249999998	64	T	35
217.89681249999998	217.92681249999998	6	AH0	35
217.92681249999998	218.06681249999997	57	M	35
226.03912506633475	226.08912506633476	52	HH	36
226.08912506633476	226.20912506633476	13	AW1	36
226.20912506633476	226.35912506633474	48	D	36
226.35912506633474	226.43912506633475	44	UW1	36
226.43912506633475	226.58912506633476	38	OY1	36
226.58912506633476	226.66912506633474	62	S	36
226.66912506633474	226.71912506633475	64	T	36
226.71912506633475	226.76912506633477	21	ER0	36
226.76912506633477	226.87912506633475	69	Z	36
226.87912506633475	226.90912506633475	57	M	36
226.90912506633475	227.05912506633476	25	EY1	36
227.05912506633476	227.09912506633475	54	K	36
227.09912506633475	227.16912506633474	60	P	36
227.16912506633474	227.35912506633474	22	ER1	36
227.35912506633474	227.42912506633476	56	L	36
227.42912506633476	227.59912506633475	69	Z	36
237.125	237.195	57	M	37
237.195	237.285	25	EY1	37
237.285	237.475	16	AY1	37
237.475	237.555	10	AO1	37
237.555	237.625	61	R	37
237.625	237.655	48	D	37
237.655	237.685	21	ER0	37
237.685	238.085	25	EY1	37
238.085	238.23499999999999	60	P	37
238.23499999999999	238.285	1	AA1	37
238.285	238.395	61	R	37
238.395	238.505	50	F	37
238.505	238.575	25	EY1	37
238.575	238.775	4	AE1	37
238.775	238.855	50	F	37
238.855	238.895	64	T	37
238.895	239.035	21	ER0	37
239.035	239.185	16	AY1	37
239.185	239.505	32	IY1	37
239.505	239.545	64	T	37
239.545	239.615	74	sp	37
239.615	239.655	48	D	37
239.655	239.795	28	IH1	37
239.795	239.915	58	N	37
239.915	239.945	21	ER0	37
246.6954375	246.76543750000002	6	AH0	38
246.76543750000002	246.82543750000002	69	Z	38
246.82543750000002	246.92543750000002	63	SH	38
246.92543750000002	247.01543750000002	32	IY1	38
247.01543750000002	247.0954375	51	G	38
247.0954375	247.1696733289372	35	OW1	38
247.1696733289372	247.2392794800886	6	AH0	38
247.2392794800886	247.31855315223325	58	N	38
247.31855315223325	247.3775250302921	67	W	38
247.3775250302921	247.46549947133067	28	IH1	38
247.46549947133067	247.58440997954767	49	DH	38
247.58440997954767	247.64463254425027	68	Y	38
247.64463254425027	247.80115704958072	44	UW1	38
257.018625	257.10862499999996	54	K	39
257.10862499999996	257.188625	4	AE1	39
257.188625	257.288625	58	N	39
257.288625	257.318625	49	DH	39
257.318625	257.34862499999997	7	AH1	39
257.34862499999997	257.558625	25	EY1	39
257.558625	257.60862499999996	53	JH	39
257.60862499999996	257.678625	6	AH0	39
257.678625	257.708625	58	N	39
257.708625	257.838625	62	S	39
257.838625	257.958625	31	IY0	39
257.958625	258.058625	35	OW1	39
258.058625	258.088625	66	V	39
258.088625	258.248625	21	ER0	39
258.248625	258.34862499999997	65	TH	39
258.34862499999997	258.438625	61	R	39
258.438625	258.548625	36	OW2	39
258.548625	258.748625	25	EY1	39
258.748625	258.808625	56	L	39
258.808625	258.86862499999995	31	IY0	39
258.86862499999995	258.948625	6	AH0	39
258.948625	258.998625	58	N	39
258.998625	259.038625	74	sp	39
259.038625	259.078625	50	F	39
259.078625	259.10862499999996	10	AO1	39
259.10862499999996	259.168625	61	R	39
259.168625	259.308625	62	S	39
259.308625	259.398625	6	AH0	39
259.398625	259.588625	69	Z	39
276.107875	276.147875	49	DH	28
276.147875	276.297875	4	AE1	28
276.297875	276.337875	64	T	28
276.337875	276.43787499999996	60	P	28
276.43787499999996	276.507875	28	IH1	28
276.507875	276.537875	54	K	28
276.537875	276.68787499999996	60	P	28
276.68787499999996	276.797875	2	AA2	28
276.797875	276.907875	54	K	28
276.907875	276.957875	6	AH0	28
276.957875	276.987875	64	T	28
276.987875	277.017875	67	W	28
277.017875	277.087875	7	AH1	28
277.087875	277.19787499999995	69	Z	28
277.19787499999995	277.267875	54	K	28
277.267875	277.417875	1	AA1	28
277.417875	277.44787499999995	64	T	28
277.44787499999995	277.517875	61	R	28
277.517875	277.587875	19	EH1	28
277.587875	277.61787499999997	48	D	28
277.61787499999997	277.647875	52	HH	28
277.647875	277.767875	4	AE1	28
277.767875	277.847875	58	N	28
277.847875	277.887875	48	D	28
277.887875	277.987875	6	AH0	28
277.987875	278.017875	48	D	28
286.5580625	286.6280625	57	M	37
286.6280625	286.7180625	25	EY1	37
286.7180625	286.9080625	16	AY1	37
286.9080625	286.9880625	10	AO1	37
286.9880625	287.0580625	61	R	37
287.0580625	287.0880625	48	D	37
287.0880625	287.1180625	21	ER0	37
287.1180625	287.51806250000004	25	EY1	37
287.51806250000004	287.6680625	60	P	37
287.6680625	287.7180625	1	AA1	37
287.7180625	287.8280625	61	R	37
287.8280625	287.9380625	50	F	37
287.9380625	288.0080625	25	EY1	37
288.0080625	288.2080625	4	AE1	37
288.2080625	288.2880625	50	F	37
288.2880625	288.3280625	64	T	37
288.3280625	288.4680625	21	ER0	37
288.4680625	288.6180625	16	AY1	37
288.6180625	288.9380625	32	IY1	37
288.9380625	288.97806249999996	64	T	37
288.97806249999996	289.0480625	74	sp	37
289.0480625	289.0880625	48	D	37
289.0880625	289.22806249999996	28	IH1	37
289.22806249999996	289.34806249999997	58	N	37
289.34806249999997	289.3780625	21	ER0	37
297.166125	297.31290307641257	53	JH	22
297.31290307641257	297.4229030764126	1	AA1	22
297.4229030764126	297.45290307641255	58	N	22
297.45290307641255	297.5529030764126	69	Z	22
297.5529030764126	297.6129030764126	46	B	22
297.6129030764126	297.71290307641254	61	R	22
297.71290307641254	297.75290307641257	7	AH1	22
297.75290307641257	297.7929030764126	49	DH	22
297.7929030764126	297.95290307641255	21	ER0	22
297.95290307641255	298.15290307641254	74	sp	22
298.15290307641254	298.1829030764126	61	R	22
298.1829030764126	298.27290307641255	31	IY0	22
298.27290307641255	298.35290307641253	60	P	22
298.35290307641253	298.45290307641255	25	EY1	22
298.45290307641255	298.53290307641254	58	N	22
298.53290307641254	298.62290307641257	64	T	22
298.62290307641257	298.6829030764126	6	AH0	22
298.6829030764126	298.75290307641257	48	D	22
298.75290307641257	298.7929030764126	49	DH	22
298.7929030764126	299.08290307641255	7	AH1	22
299.08290307641255	299.15290307641254	74	sp	22
299.15290307641254	299.20290307641255	51	G	22
299.20290307641255	299.31290307641257	1	AA1	22
299.31290307641257	299.35290307641253	61	R	22
299.35290307641253	299.4229030764126	46	B	22
299.4229030764126	299.5529030764126	27	IH0	22
299.5529030764126	299.60290307641253	53	JH	22
299.60290307641253	299.70290307641255	74	sp	22
299.70290307641255	299.76290307641256	48	D	22
299.76290307641256	299.8029030764126	10	AO1	22
299.8029030764126	299.90290307641254	61	R	22
308.1845625	308.2845625	25	EY1	25
308.2845625	308.3845625	57	M	25
308.3845625	308.4545625	7	AH1	25
308.4545625	308.5645625	62	S	25
308.5645625	308.59456250000005	54	K	25
308.59456250000005	308.6245625	68	Y	25
308.6245625	308.6845625	6	AH0	25
308.6845625	308.7645625	56	L	25
308.7645625	309.0345625	21	ER0	25
309.0345625	309.5645625	74	sp	25
309.5645625	309.67456250000004	3	AE0	25
309.67456250000004	309.79456250000004	46	B	25
309.79456250000004	309.8345625	48	D	25
309.8345625	309.97456250000005	35	OW1	25
309.97456250000005	310.0645625	57	M	25
310.0645625	310.1545625	6	AH0	25
310.1545625	310.29456250000004	58	N	25
310.29456250000004	310.3845625	28	IH1	25
310.3845625	310.5245625	69	Z	25
310.5245625	310.60456250000004	51	G	25
310.60456250000004	310.6845625	6	AH0	25
310.6845625	310.71456250000006	48	D	25
310.71456250000006	310.79456250000004	50	F	25
310.79456250000004	310.85456250000004	21	ER0	25
310.85456250000004	310.9445625	68	Y	25
310.9445625	310.97456250000005	41	UH1	25
310.97456250000005	311.0045625	61	R	25
311.0045625	311.0745625	46	B	25
311.0745625	311.1945625	4	AE1	25
311.1945625	311.23456250000004	54	K	25
325.9521875663347	326.0021875663348	52	HH	36
326.0021875663348	326.1221875663348	13	AW1	36
326.1221875663348	326.27218756633476	48	D	36
326.27218756633476	326.35218756633475	44	UW1	36
326.35218756633475	326.5021875663348	38	OY1	36
326.5021875663348	326.5821875663347	62	S	36
326.5821875663347	326.6321875663348	64	T	36
326.6321875663348	326.68218756633473	21	ER0	36
326.68218756633473	326.79218756633475	69	Z	36
326.79218756633475	326.8221875663347	57	M	36
326.8221875663347	326.97218756633475	25	EY1	36
326.97218756633475	327.0121875663348	54	K	36
327.0121875663348	327.0821875663347	60	P	36
327.0821875663347	327.27218756633476	22	ER1	36
327.27218756633476	327.34218756633476	56	L	36
327.34218756633476	327.5121875663348	69	Z	36
341.064875	341.15487499999995	5	AE2	24
341.15487499999995	341.27487499999995	57	M	24
341.27487499999995	341.304875	46	B	24
341.304875	341.344875	6	AH0	24
341.344875	341.414875	48	D	24
341.414875	341.534875	19	EH1	24
341.534875	341.614875	54	K	24
341.614875	341.64487499999996	62	S	24
341.64487499999996	341.674875	64	T	24
341.674875	341.70487499999996	61	R	24
341.70487499999996	341.83487499999995	6	AH0	24
341.83487499999995	342.184875	62	S	24
342.184875	342.89487499999996	74	sp	24
342.89487499999996	342.964875	60	P	24
342.964875	343.064875	28	IH1	24
343.064875	343.124875	54	K	24
343.124875	343.214875	60	P	24
343.214875	343.32487499999996	2	AA2	24
343.32487499999996	343.434875	54	K	24
343.434875	343.534875	6	AH0	24
343.534875	343.564875	64	T	24
343.564875	343.63487499999997	62	S	24
343.63487499999997	343.69487499999997	6	AH0	24
343.69487499999997	343.784875	54	K	24
343.784875	343.864875	1	AA1	24
343.864875	343.934875	57	M	24
343.934875	343.984875	60	P	24
343.984875	344.01487499999996	56	L	24
344.01487499999996	344.044875	27	IH0	24
344.044875	344.13487499999997	63	SH	24
344.13487499999997	344.214875	57	M	24
344.214875	344.244875	10	AO1	24
344.244875	344.32487499999996	61	R	24
352.907625	352.95762499999995	49	DH	21
352.95762499999995	353.057625	7	AH1	21
353.057625	353.14762499999995	67	W	21
353.14762499999995	353.24762499999997	10	AO1	21
353.24762499999997	353.307625	64	T	21
353.307625	353.37762499999997	21	ER0	21
353.37762499999997	353.477625	54	K	21
353.477625	353.537625	6	AH0	21
353.537625	353.56762499999996	58	N	21
353.56762499999996	353.68762499999997	64	T	21
353.68762499999997	353.787625	25	EY1	21
353.787625	353.89762499999995	58	N	21
353.89762499999995	353.927625	48	D	21
353.927625	354.01762499999995	64	T	21
354.01762499999995	354.157625	44	UW1	21
354.157625	354.18762499999997	57	M	21
354.18762499999997	354.337625	7	AH1	21
354.337625	354.49762499999997	47	CH	21
354.49762499999997	354.56762499999996	54	K	21
354.56762499999996	354.597625	56	L	21
354.597625	354.62762499999997	10	AO1	21
354.62762499999997	354.807625	61	R	21
354.807625	354.94762499999996	31	IY0	21
354.94762499999996	354.977625	58	N	21
354.977625	355.06762499999996	4	AE1	21
355.06762499999996	355.14762499999995	58	N	21
355.14762499999995	355.177625	48	D	21
355.177625	355.25762499999996	62	S	21
355.25762499999996	355.287625	64	T	21
355.287625	355.357625	7	AH1	21
355.357625	355.45762499999995	59	NG	21
355.45762499999995	355.52762499999994	52	HH	21
355.52762499999994	355.57762499999995	6	AH0	21
355.57762499999995	355.667625	69	Z	21
355.667625	355.847625	16	AY1	21
355.847625	356.02762499999994	69	Z	21
364.208625	364.248625	49	DH	26
364.248625	364.388625	25	EY1	26
364.388625	364.708625	35	OW1	26
364.708625	364.77862500000003	58	N	26
364.77862500000003	364.948625	25	EY1	26
364.948625	364.978625	46	B	26
364.978625	365.008625	28	IH1	26
365.008625	365.038625	51	G	26
365.038625	365.068625	52	HH	26
365.068625	365.228625	13	AW1	26
365.228625	365.358625	62	S	26
365.358625	365.39862500000004	6	AH0	26
365.39862500000004	365.498625	58	N	26
365.498625	365.52862500000003	49	DH	26
365.52862500000003	365.568625	7	AH1	26
365.568625	365.678625	61	R	26
365.678625	365.758625	31	IY0	26
365.758625	365.888625	57	M	26
365.888625	366.038625	35	OW1	26
366.038625	366.068625	64	T	26
366.068625	366.178625	54	K	26
366.178625	366.258625	7	AH1	26
366.258625	366.328625	58	N	26
366.328625	366.388625	64	T	26
366.388625	366.438625	61	R	26
366.438625	366.488625	31	IY0	26
366.488625	366.588625	62	S	26
366.588625	366.708625	17	AY2	26
366.708625	366.788625	48	D	26
374.5924375	374.6624375	52	HH	30
374.6624375	374.7724375	21	ER0	30
374.7724375	374.8024375	67	W	30
374.8024375	374.83243749999997	10	AO1	30
374.83243749999997	374.9624375	61	R	30
374.9624375	375.0924375	48	D	30
375.0924375	375.1824375	61	R	30
375.1824375	375.2124375	36	OW2	30
375.2124375	375.2424375	46	B	30
375.2424375	375.3124375	54	K	30
375.3124375	375.3524375	6	AH0	30
375.3524375	375.38243750000004	58	N	30
375.38243750000004	375.5224375	62	S	30
375.5224375	375.6024375	28	IH1	30
375.6024375	375.7724375	62	S	30
375.7724375	375.9624375	7	AH1	30
375.9624375	375.9924375	66	V	30
375.9924375	376.0224375	35	OW1	30
376.0224375	376.0524375	58	N	30
376.0524375	376.08243749999997	56	L	30
376.08243749999997	376.1124375	31	IY0	30
376.1124375	376.2124375	62	S	30
376.2124375	376.25243750000004	54	K	30
376.25243750000004	376.33243749999997	22	ER1	30
376.33243749999997	376.3624375	64	T	30
376.3624375	376.4924375	62	S	30
376.4924375	376.5224375	6	AH0	30
376.5224375	376.58243749999997	58	N	30
376.58243749999997	376.6124375	48	D	30
376.6124375	376.6524375	46	B	30
376.6524375	376.6824375	56	L	30
376.6824375	376.7924375	13	AW1	30
376.7924375	376.88243750000004	62	S	30
376.88243750000004	376.9824375	6	AH0	30
376.9824375	377.1824375	69	Z	30
386.112625	386.15262499999994	49	DH	31
386.15262499999994	386.242625	7	AH1	31
386.242625	386.40262499999994	64	T	31
386.40262499999994	386.462625	44	UW1	31
386.462625	386.582625	1	AA1	31
386.582625	386.62262499999997	61	R	31
386.62262499999997	386.682625	64	T	31
386.682625	386.732625	6	AH0	31
386.732625	386.832625	62	S	31
386.832625	386.862625	64	T	31
386.862625	386.972625	28	IH1	31
386.972625	387.082625	69	Z	31
387.082625	387.1726249999999	27	IH0	31
387.1726249999999	387.232625	54	K	31
387.232625	387.302625	62	S	31
387.302625	387.352625	47	CH	31
387.352625	387.50262499999997	25	EY1	31
387.50262499999997	387.56262499999997	58	N	31
387.56262499999997	387.682625	53	JH	31
387.682625	387.712625	48	D	31
387.712625	387.862625	10	AO1	31
387.862625	387.89262499999995	64	T	31
387.89262499999995	387.962625	6	AH0	31
387.962625	388.01262499999996	51	G	31
388.01262499999996	388.052625	61	R	31
388.052625	388.19262499999996	5	AE2	31
388.19262499999996	388.25262499999997	50	F	31
388.25262499999997	388.41262499999993	62	S	31
397.6128125	397.70281250000005	54	K	39
397.70281250000005	397.78281250000003	4	AE1	39
397.78281250000003	397.8828125	58	N	39
397.8828125	397.91281250000003	49	DH	39
397.91281250000003	397.94281250000006	7	AH1	39
397.94281250000006	398.15281250000004	25	EY1	39
398.15281250000004	398.20281250000005	53	JH	39
398.20281250000005	398.2728125	6	AH0	39
398.2728125	398.3028125	58	N	39
398.3028125	398.43281250000007	62	S	39
398.43281250000007	398.5528125	31	IY0	39
398.5528125	398.65281250000004	35	OW1	39
398.65281250000004	398.68281250000007	66	V	39
398.68281250000007	398.84281250000004	21	ER0	39
398.84281250000004	398.94281250000006	65	TH	39
398.94281250000006	399.03281250000003	61	R	39
399.03281250000003	399.1428125	36	OW2	39
399.1428125	399.34281250000004	25	EY1	39
399.34281250000004	399.40281250000004	56	L	39
399.40281250000004	399.46281250000004	31	IY0	39
399.46281250000004	399.5428125	6	AH0	39
399.5428125	399.59281250000004	58	N	39
399.59281250000004	399.6328125	74	sp	39
399.6328125	399.6728125	50	F	39
399.6728125	399.70281250000005	10	AO1	39
399.70281250000005	399.7628125	61	R	39
399.7628125	399.90281250000004	62	S	39
399.90281250000004	399.9928125	6	AH0	39
399.9928125	400.18281250000007	69	Z	39
408.094625	408.164625	6	AH0	38
408.164625	408.22462500000006	69	Z	38
408.22462500000006	408.324625	63	SH	38
408.324625	408.414625	32	IY1	38
408.414625	408.49462500000004	51	G	38
408.49462500000004	408.5688608289372	35	OW1	38
408.5688608289372	408.63846698008865	6	AH0	38
408.63846698008865	408.71774065223326	58	N	38
408.71774065223326	408.7767125302921	67	W	38
408.7767125302921	408.8646869713307	28	IH1	38
408.8646869713307	408.9835974795477	49	DH	38
408.9835974795477	409.0438200442503	68	Y	38
409.0438200442503	409.20034454958073	44	UW1	38
418.7171875	418.7471875	61	R	33
418.7471875	418.8571875	28	IH1	33
418.8571875	418.9671875	47	CH	33
418.9671875	419.0071875	74	sp	33
419.0071875	419.05718750000005	60	P	33
419.05718750000005	419.1571875	22	ER1	33
419.1571875	419.31718750000005	47	CH	33
419.31718750000005	419.4071875	6	AH0	33
419.4071875	419.4771875	62	S	33
419.4771875	419.5071875	64	T	33
419.5071875	419.5971875	62	S	33
419.5971875	419.66718750000007	19	EH1	33
419.66718750000007	419.7371875	66	V	33
419.7371875	419.8471875	61	R	33
419.8471875	419.8771875	6	AH0	33
419.8771875	420.14718750000003	56	L	33
420.14718750000003	420.41718750000007	74	sp	33
420.41718750000007	420.55718750000005	62	S	33
420.55718750000005	420.82718750000004	16	AY1	33
420.82718750000004	420.93718750000005	58	N	33
420.93718750000005	420.9771875	48	D	33
420.9771875	421.4771875	74	sp	33
421.4771875	421.5271875	56	L	33
421.5271875	421.5971875	28	IH1	33
421.5971875	421.7171875	65	TH	33
421.7171875	421.79718750000006	6	AH0	33
421.79718750000006	421.8571875	51	G	33
421.8571875	421.88718750000004	61	R	33
421.88718750000004	422.01718750000003	5	AE2	33
422.01718750000003	422.04718750000006	50	F	33
422.04718750000006	422.16718750000007	62	S	33
431.1581875	431.2281875	4	AE1	29
431.2281875	431.2981875	58	N	29
431.2981875	431.4181875	4	AE1	29
431.4181875	431.50818749999996	48	D	29
431.50818749999996	431.5481875	6	AH0	29
431.5481875	431.62818749999997	56	L	29
431.62818749999997	431.6681875	64	T	29
431.6681875	431.7381875	57	M	29
431.7381875	431.7881875	25	EY1	29
431.7881875	432.05818750000003	56	L	29
432.05818750000003	432.1581875	74	sp	29
432.1581875	432.1881875	46	B	29
432.1881875	432.3181875	3	AE0	29
432.3181875	432.4481875	46	B	29
432.4481875	432.5681875	44	UW1	29
432.5681875	432.6081875	58	N	29
432.6081875	432.7981875	69	Z	29
432.7981875	432.8281875	64	T	29
432.8281875	432.9781875	32	IY1	29
432.9781875	433.0881875	65	TH	29
433.0881875	433.1581875	21	ER0	29
433.1581875	433.2781875	58	N	29
433.2781875	433.4781875	1	AA1	29
433.4781875	433.5281875	64	T	29
433.5281875	433.6781875	62	S	29
433.6781875	433.7681875	44	UW1	29
433.7681875	433.7981875	64	T	29
433.7981875	433.8681875	6	AH0	29
433.8681875	433.9681875	46	B	29
433.9681875	433.9981875	6	AH0	29
433.9981875	434.0881875	56	L	29
434.0881875	434.1981875	50	F	29
434.1981875	434.25818749999996	21	ER0	29
434.25818749999996	434.4681875	32	IY1	29
434.4681875	434.4981875	64	T	29
434.4981875	434.5281875	27	IH0	29
434.5281875	434.5881875	59	NG	29
434.5881875	434.6981875	63	SH	29
434.6981875	434.7381875	19	EH1	29
434.7381875	434.7981875	56	L	29
434.7981875	434.9181875	50	F	29
434.9181875	435.00818749999996	29	IH2	29
435.00818749999996	435.1481875	63	SH	29
444.6925625	444.79256250000003	49	DH	27
444.79256250000003	444.8725625	7	AH1	27
444.8725625	445.03256250000004	61	R	27
445.03256250000004	445.0725625	35	OW1	27
445.0725625	445.2725625	69	Z	27
445.2725625	445.3725625	54	K	27
445.3725625	445.40256250000004	9	AO0	27
445.40256250000004	445.5025625	61	R	27
445.5025625	445.65256250000004	62	S	27
445.65256250000004	445.7025625	1	AA1	27
445.7025625	445.78256250000004	70	ZH	27
445.78256250000004	445.90256250000004	62	S	27
445.90256250000004	445.9325625	57	M	27
445.9325625	446.0025625	19	EH1	27
446.0025625	446.0625625	56	L	27
446.0625625	446.0925625	48	D	27
446.0925625	446.2125625	62	S	27
446.2125625	446.2425625	67	W	27
446.2425625	446.3825625	32	IY1	27
446.3825625	446.41256250000004	64	T	27
464.491	464.551	46	B	32
464.551	464.671	7	AH1	32
464.671	464.721	64	T	32
464.721	464.751	21	ER0	32
464.751	464.89099999999996	62	S	32
464.89099999999996	464.93100000000004	54	K	32
464.93100000000004	465.041	2	AA2	32
465.041	465.161	47	CH	32
465.161	465.231	50	F	32
465.231	465.39099999999996	7	AH1	32
465.39099999999996	465.541	53	JH	32
465.541	465.581	51	G	32
465.581	465.701	35	OW1	32
465.701	465.81100000000004	69	Z	32
465.81100000000004	465.841	67	W	32
465.841	465.921	19	EH1	32
465.921	466.031	56	L	32
466.031	466.081	67	W	32
466.081	466.18100000000004	28	IH1	32
466.18100000000004	466.221	49	DH	32
466.221	466.26099999999997	66	V	32
466.26099999999997	466.31100000000004	6	AH0	32
466.31100000000004	466.411	58	N	32
466.411	466.44100000000003	28	IH1	32
466.44100000000003	466.521	56	L	32
466.521	466.551	6	AH0	32
466.551	466.76099999999997	16	AY1	32
466.76099999999997	466.871	62	S	32
466.871	466.901	54	K	32
466.901	466.951	61	R	32
466.951	466.991	32	IY1	32
466.991	467.101	57	M	32
475.375	475.485	47	CH	23
475.485	475.565	4	AE1	23
475.565	475.625	56	L	23
475.625	475.695	6	AH0	23
475.695	475.755	58	N	23
475.755	475.855	53	JH	23
475.855	475.995	32	IY1	23
475.995	476.025	47	CH	23
476.025	476.16499999999996	53	JH	23
476.16499999999996	476.235	19	EH1	23
476.235	476.265	58	N	23
476.265	476.295	21	ER0	23
476.295	476.325	6	AH0	23
476.325	476.485	56	L	23
476.485	476.605	69	Z	23
476.605	476.645	29	IH2	23
476.645	476.715	58	N	23
476.715	476.765	64	T	23
476.765	476.815	19	EH1	23
476.815	476.91499999999996	56	L	23
476.91499999999996	476.975	6	AH0	23
476.975	477.085	53	JH	23
477.085	477.16499999999996	6	AH0	23
477.16499999999996	477.195	58	N	23
477.195	477.225	62	S	23
485.238	485.298	49	DH	35
485.298	485.358	6	AH0	35
485.358	485.45799999999997	54	K	35
485.45799999999997	485.488	61	R	35
485.488	485.568	4	AE1	35
485.568	485.628	58	N	35
485.628	485.678	46	B	35
485.678	485.71799999999996	20	EH2	35
485.71799999999996	485.808	61	R	35
485.808	485.938	31	IY0	35
485.938	486.058	46	B	35
486.058	486.26800000000003	1	AA1	35
486.26800000000003	486.298	51	G	35
486.298	487.108	74	sp	35
487.108	487.198	51	G	35
487.198	487.278	19	EH1	35
487.278	487.308	64	T	35
487.308	487.33799999999997	62	S	35
487.33799999999997	487.428	66	V	35
487.428	487.51800000000003	19	EH1	35
487.51800000000003	487.548	61	R	35
487.548	487.83799999999997	31	IY0	35
487.83799999999997	487.948	74	sp	35
487.948	488.01800000000003	60	P	35
488.01800000000003	488.108	61	R	35
488.108	488.13800000000003	28	IH1	35
488.13800000000003	488.168	64	T	35
488.168	488.248	31	IY0	35
488.248	488.368	6	AH0	35
488.368	488.398	58	N	35
488.398	488.51800000000003	10	AO1	35
488.51800000000003	488.558	64	T	35
488.558	488.58799999999997	6	AH0	35
488.58799999999997	488.72799999999995	57	M	35
500.1155625	500.2455625	19	EH1	34
500.2455625	500.31556250000006	58	N	34
500.31556250000006	500.4855625	31	IY0	34
500.4855625	500.56556250000006	54	K	34
500.56556250000006	500.6755625	2	AA2	34
500.6755625	500.71556250000003	58	N	34
500.71556250000003	500.8055625	64	T	34
500.8055625	500.83556250000004	61	R	34
500.83556250000004	500.8855625	6	AH0	34
500.8855625	500.95556250000004	46	B	34
500.95556250000004	500.9855625	68	Y	34
500.9855625	501.08556250000004	44	UW1	34
501.08556250000004	501.21556250000003	63	SH	34
501.21556250000003	501.2455625	6	AH0	34
501.2455625	501.27556250000004	58	N	34
501.27556250000004	501.3055625	67	W	34
501.3055625	501.33556250000004	6	AH0	34
501.33556250000004	501.69556250000005	56	L	34
501.69556250000005	502.2855625	74	sp	34
502.2855625	502.3455625	51	G	34
502.3455625	502.4955625	28	IH1	34
502.4955625	502.5455625	64	T	34
502.5455625	502.7455625	74	sp	34
502.7455625	502.7955625	51	G	34
502.7955625	502.83556250000004	61	R	34
502.83556250000004	502.96556250000003	25	EY1	34
502.96556250000003	502.9955625	64	T	34
502.9955625	503.0355625	56	L	34
503.0355625	503.4855625	31	IY0	34
503.4855625	503.58556250000004	74	sp	34
503.58556250000004	503.69556250000005	6	AH0	34
503.69556250000005	503.7555625	60	P	34
503.7555625	503.7955625	61	R	34
503.7955625	503.8555625	32	IY1	34
503.8555625	504.0055625	63	SH	34
504.0055625	504.0455625	31	IY0	34
504.0455625	504.1255625	26	EY2	34
504.1255625	504.1655625	64	T	34
504.1655625	504.2655625	6	AH0	34
504.2655625	504.31556250000006	48	D	34
