25.873875	25.923875000000002	49	DH	21
25.923875000000002	26.023875000000004	7	AH1	21
26.023875000000004	26.113875000000004	67	W	21
26.113875000000004	26.213875000000005	10	AO1	21
26.213875000000005	26.273875000000004	64	T	21
26.273875000000004	26.343875000000004	21	ER0	21
26.343875000000004	26.443875000000002	54	K	21
26.443875000000002	26.503875000000004	6	AH0	21
26.503875000000004	26.533875000000002	58	N	21
26.533875000000002	26.653875000000003	64	T	21
26.653875000000003	26.753875000000004	25	EY1	21
26.753875000000004	26.863875000000004	58	N	21
26.863875000000004	26.893875000000005	48	D	21
26.893875000000005	26.983875000000005	64	T	21
26.983875000000005	27.123875	44	UW1	21
27.123875	27.153875000000003	57	M	21
27.153875000000003	27.303875000000005	7	AH1	21
27.303875000000005	27.463875000000005	47	CH	21
27.463875000000005	27.533875000000002	54	K	21
27.533875000000002	27.563875000000003	56	L	21
27.563875000000003	27.593875000000004	10	AO1	21
27.593875000000004	27.773875000000004	61	R	21
27.773875000000004	27.913875000000004	31	IY0	21
27.913875000000004	27.943875000000002	58	N	21
27.943875000000002	28.033875000000002	4	AE1	21
28.033875000000002	28.113875000000004	58	N	21
28.113875000000004	28.143875000000005	48	D	21
28.143875000000005	28.223875000000003	62	S	21
28.223875000000003	28.253875000000004	64	T	21
28.253875000000004	28.323875000000005	7	AH1	21
28.323875000000005	28.423875000000002	59	NG	21
28.423875000000002	28.493875000000003	52	HH	21
28.493875000000003	28.543875000000003	6	AH0	21
28.543875000000003	28.633875000000003	69	Z	21
28.633875000000003	28.813875000000003	16	AY1	21
28.813875000000003	28.993875000000003	69	Z	21
38.2129375	38.35971557641253	53	JH	22
38.35971557641253	38.46971557641253	1	AA1	22
38.46971557641253	38.499715576412534	58	N	22
38.499715576412534	38.599715576412535	69	Z	22
38.599715576412535	38.65971557641253	46	B	22
38.65971557641253	38.75971557641253	61	R	22
38.75971557641253	38.79971557641253	7	AH1	22
38.79971557641253	38.83971557641253	49	DH	22
38.83971557641253	38.999715576412534	21	ER0	22
38.999715576412534	39.19971557641253	74	sp	22
39.19971557641253	39.22971557641253	61	R	22
39.22971557641253	39.319715576412534	31	IY0	22
39.319715576412534	39.39971557641253	60	P	22
39.39971557641253	39.499715576412534	25	EY1	22
39.499715576412534	39.57971557641253	58	N	22
39.57971557641253	39.669715576412536	64	T	22
39.669715576412536	39.72971557641253	6	AH0	22
39.72971557641253	39.79971557641253	48	D	22
39.79971557641253	39.83971557641253	49	DH	22
39.83971557641253	40.129715576412536	7	AH1	22
40.129715576412536	40.19971557641253	74	sp	22
40.19971557641253	40.249715576412534	51	G	22
40.249715576412534	40.35971557641253	1	AA1	22
40.35971557641253	40.39971557641253	61	R	22
40.39971557641253	40.46971557641253	46	B	22
40.46971557641253	40.599715576412535	27	IH0	22
40.599715576412535	40.64971557641253	53	JH	22
40.64971557641253	40.749715576412534	74	sp	22
40.749715576412534	40.809715576412536	48	D	22
40.809715576412536	40.849715576412535	10	AO1	22
40.849715576412535	40.94971557641253	61	R	22
48.7851875	48.8951875	47	CH	23
48.8951875	48.9751875	4	AE1	23
48.9751875	49.0351875	56	L	23
49.0351875	49.1051875	6	AH0	23
49.1051875	49.1651875	58	N	23
49.1651875	49.265187499999996	53	JH	23
49.265187499999996	49.4051875	32	IY1	23
49.4051875	49.4351875	47	CH	23
49.4351875	49.5751875	53	JH	23
49.5751875	49.6451875	19	EH1	23
49.6451875	49.6751875	58	N	23
49.6751875	49.7051875	21	ER0	23
49.7051875	49.7351875	6	AH0	23
49.7351875	49.8951875	56	L	23
49.8951875	50.015187499999996	69	Z	23
50.015187499999996	50.0551875	29	IH2	23
50.0551875	50.125187499999996	58	N	23
50.125187499999996	50.1751875	64	T	23
50.1751875	50.2251875	19	EH1	23
50.2251875	50.3251875	56	L	23
50.3251875	50.3851875	6	AH0	23
50.3851875	50.4951875	53	JH	23
50.4951875	50.5751875	6	AH0	23
50.5751875	50.6051875	58	N	23
50.6051875	50.6351875	62	S	23
71.0823125	71.1723125	5	AE2	24
71.1723125	71.29231250000001	57	M	24
71.29231250000001	71.32231250000001	46	B	24
71.32231250000001	71.3623125	6	AH0	24
71.3623125	71.4323125	48	D	24
71.4323125	71.5523125	19	EH1	24
71.5523125	71.6323125	54	K	24
71.6323125	71.6623125	62	S	24
71.6623125	71.6923125	64	T	24
71.6923125	71.7223125	61	R	24
71.7223125	71.8523125	6	AH0	24
71.8523125	72.2023125	62	S	24
72.2023125	72.9123125	74	sp	24
72.9123125	72.9823125	60	P	24
72.9823125	73.0823125	28	IH1	24
73.0823125	73.1423125	54	K	24
73.1423125	73.2323125	60	P	24
73.2323125	73.34231249999999	2	AA2	24
73.34231249999999	73.4523125	54	K	24
73.4523125	73.5523125	6	AH0	24
73.5523125	73.5823125	64	T	24
73.5823125	73.6523125	62	S	24
73.6523125	73.7123125	6	AH0	24
73.7123125	73.8023125	54	K	24
73.8023125	73.8823125	1	AA1	24
73.8823125	73.9523125	57	M	24
73.9523125	74.0023125	60	P	24
74.0023125	74.03231249999999	56	L	24
74.03231249999999	74.06231249999999	27	IH0	24
74.06231249999999	74.1523125	63	SH	24
74.1523125	74.2323125	57	M	24
74.2323125	74.26231250000001	10	AO1	24
74.26231250000001	74.34231249999999	61	R	24
85.6169375	85.7169375	25	EY1	25
85.7169375	85.8169375	57	M	25
85.8169375	85.8869375	7	AH1	25
85.8869375	85.9969375	62	S	25
85.9969375	86.0269375	54	K	25
86.0269375	86.0569375	68	Y	25
86.0569375	86.1169375	6	AH0	25
86.1169375	86.1969375	56	L	25
86.1969375	86.4669375	21	ER0	25
86.4669375	86.9969375	74	sp	25
86.9969375	87.1069375	3	AE0	25
87.1069375	87.2269375	46	B	25
87.2269375	87.2669375	48	D	25
87.2669375	87.4069375	35	OW1	25
87.4069375	87.4969375	57	M	25
87.4969375	87.5869375	6	AH0	25
87.5869375	87.7269375	58	N	25
87.7269375	87.8169375	28	IH1	25
87.8169375	87.9569375	69	Z	25
87.9569375	88.03693750000001	51	G	25
88.03693750000001	88.1169375	6	AH0	25
88.1169375	88.1469375	48	D	25
88.1469375	88.2269375	50	F	25
88.2269375	88.28693750000001	21	ER0	25
88.28693750000001	88.3769375	68	Y	25
88.3769375	88.4069375	41	UH1	25
88.4069375	88.4369375	61	R	25
88.4369375	88.5069375	46	B	25
88.5069375	88.6269375	4	AE1	25
88.6269375	88.6669375	54	K	25
99.5971875	99.6371875	49	DH	26
99.6371875	99.7771875	25	EY1	26
99.7771875	100.0971875	35	OW1	26
100.0971875	100.1671875	58	N	26
100.1671875	100.3371875	25	EY1	26
100.3371875	100.3671875	46	B	26
100.3671875	100.3971875	28	IH1	26
100.3971875	100.4271875	51	G	26
100.4271875	100.4571875	52	HH	26
100.4571875	100.6171875	13	AW1	26
100.6171875	100.7471875	62	S	26
100.7471875	100.7871875	6	AH0	26
100.7871875	100.8871875	58	N	26
100.8871875	100.9171875	49	DH	26
100.9171875	100.9571875	7	AH1	26
100.9571875	101.0671875	61	R	26
101.0671875	101.1471875	31	IY0	26
101.1471875	101.2771875	57	M	26
101.2771875	101.4271875	35	OW1	26
101.4271875	101.4571875	64	T	26
101.4571875	101.5671875	54	K	26
101.5671875	101.6471875	7	AH1	26
101.6471875	101.7171875	58	N	26
101.7171875	101.7771875	64	T	26
101.7771875	101.8271875	61	R	26
101.8271875	101.8771875	31	IY0	26
101.8771875	101.9771875	62	S	26
101.9771875	102.0971875	17	AY2	26
102.0971875	102.1771875	48	D	26
109.91075	110.01075	49	DH	27
110.01075	110.09075	7	AH1	27
110.09075	110.25075	61	R	27
110.25075	110.29075	35	OW1	27
110.29075	110.49074999999999	69	Z	27
110.49074999999999	110.59075	54	K	27
110.59075	110.62075	9	AO0	27
110.62075	110.72075	61	R	27
110.72075	110.87075	62	S	27
110.87075	110.92075	1	AA1	27
110.92075	111.00075	70	ZH	27
111.00075	111.12075	62	S	27
111.12075	111.15075	57	M	27
111.15075	111.22075	19	EH1	27
111.22075	111.28075	56	L	27
111.28075	111.31075	48	D	27
111.31075	111.43075	62	S	27
111.43075	111.46074999999999	67	W	27
111.46074999999999	111.60074999999999	32	IY1	27
111.60074999999999	111.63074999999999	64	T	27
120.3743125	120.4143125	49	DH	28
120.4143125	120.5643125	4	AE1	28
120.5643125	120.60431249999999	64	T	28
120.60431249999999	120.7043125	60	P	28
120.7043125	120.7743125	28	IH1	28
120.7743125	120.8043125	54	K	28
120.8043125	120.9543125	60	P	28
120.9543125	121.0643125	2	AA2	28
121.0643125	121.1743125	54	K	28
121.1743125	121.2243125	6	AH0	28
121.2243125	121.2543125	64	T	28
121.2543125	121.2843125	67	W	28
121.2843125	121.35431249999999	7	AH1	28
121.35431249999999	121.46431249999999	69	Z	28
121.46431249999999	121.5343125	54	K	28
121.5343125	121.68431249999999	1	AA1	28
121.68431249999999	121.71431249999999	64	T	28
121.71431249999999	121.7843125	61	R	28
121.7843125	121.85431249999999	19	EH1	28
121.85431249999999	121.8843125	48	D	28
121.8843125	121.9143125	52	HH	28
121.9143125	122.0343125	4	AE1	28
122.0343125	122.1143125	58	N	28
122.1143125	122.1543125	48	D	28
122.1543125	122.2543125	6	AH0	28
122.2543125	122.2843125	48	D	28
131.809875	131.879875	4	AE1	29
131.879875	131.94987500000002	58	N	29
131.94987500000002	132.06987500000002	4	AE1	29
132.06987500000002	132.159875	48	D	29
132.159875	132.19987500000002	6	AH0	29
132.19987500000002	132.279875	56	L	29
132.279875	132.31987500000002	64	T	29
132.31987500000002	132.38987500000002	57	M	29
132.38987500000002	132.439875	25	EY1	29
132.439875	132.709875	56	L	29
132.709875	132.809875	74	sp	29
132.809875	132.839875	46	B	29
132.839875	132.969875	3	AE0	29
132.969875	133.099875	46	B	29
133.099875	133.219875	44	UW1	29
133.219875	133.25987500000002	58	N	29
133.25987500000002	133.44987500000002	69	Z	29
133.44987500000002	133.479875	64	T	29
133.479875	133.629875	32	IY1	29
133.629875	133.73987499999998	65	TH	29
133.73987499999998	133.809875	21	ER0	29
133.809875	133.929875	58	N	29
133.929875	134.129875	1	AA1	29
134.129875	134.179875	64	T	29
134.179875	134.32987500000002	62	S	29
134.32987500000002	134.419875	44	UW1	29
134.419875	134.44987500000002	64	T	29
134.44987500000002	134.519875	6	AH0	29
134.519875	134.619875	46	B	29
134.619875	134.649875	6	AH0	29
134.649875	134.739875	56	L	29
134.739875	134.849875	50	F	29
134.849875	134.909875	21	ER0	29
134.909875	135.119875	32	IY1	29
135.119875	135.149875	64	T	29
135.149875	135.179875	27	IH0	29
135.179875	135.239875	59	NG	29
135.239875	135.349875	63	SH	29
135.349875	135.38987500000002	19	EH1	29
135.38987500000002	135.449875	56	L	29
135.449875	135.569875	50	F	29
135.569875	135.659875	29	IH2	29
135.659875	135.79987500000001	63	SH	29
144.8108125	144.8808125	52	HH	30
144.8808125	144.99081249999998	21	ER0	30
144.99081249999998	145.02081249999998	67	W	30
145.02081249999998	145.05081249999998	10	AO1	30
145.05081249999998	145.1808125	61	R	30
145.1808125	145.3108125	48	D	30
145.3108125	145.4008125	61	R	30
145.4008125	145.4308125	36	OW2	30
145.4308125	145.46081249999997	46	B	30
145.46081249999997	145.5308125	54	K	30
145.5308125	145.5708125	6	AH0	30
145.5708125	145.6008125	58	N	30
145.6008125	145.74081249999998	62	S	30
145.74081249999998	145.8208125	28	IH1	30
145.8208125	145.99081249999998	62	S	30
145.99081249999998	146.1808125	7	AH1	30
146.1808125	146.21081249999997	66	V	30
146.21081249999997	146.24081249999998	35	OW1	30
146.24081249999998	146.27081249999998	58	N	30
146.27081249999998	146.30081249999998	56	L	30
146.30081249999998	146.33081249999998	31	IY0	30
146.33081249999998	146.4308125	62	S	30
146.4308125	146.4708125	54	K	30
146.4708125	146.55081249999998	22	ER1	30
146.55081249999998	146.58081249999998	64	T	30
146.58081249999998	146.71081249999997	62	S	30
146.71081249999997	146.74081249999998	6	AH0	30
146.74081249999998	146.80081249999998	58	N	30
146.80081249999998	146.83081249999998	48	D	30
146.83081249999998	146.8708125	46	B	30
146.8708125	146.9008125	56	L	30
146.9008125	147.0108125	13	AW1	30
147.0108125	147.1008125	62	S	30
147.1008125	147.20081249999998	6	AH0	30
147.20081249999998	147.4008125	69	Z	30
155.7736875	155.8136875	49	DH	31
155.8136875	155.9036875	7	AH1	31
155.9036875	156.0636875	64	T	31
156.0636875	156.1236875	44	UW1	31
156.1236875	156.2436875	1	AA1	31
156.2436875	156.28368749999998	61	R	31
156.28368749999998	156.3436875	64	T	31
156.3436875	156.39368749999997	6	AH0	31
156.39368749999997	156.4936875	62	S	31
156.4936875	156.5236875	64	T	31
156.5236875	156.63368749999998	28	IH1	31
156.63368749999998	156.7436875	69	Z	31
156.7436875	156.83368749999997	27	IH0	31
156.83368749999997	156.89368749999997	54	K	31
156.89368749999997	156.9636875	62	S	31
156.9636875	157.01368749999997	47	CH	31
157.01368749999997	157.16368749999998	25	EY1	31
157.16368749999998	157.22368749999998	58	N	31
157.22368749999998	157.3436875	53	JH	31
157.3436875	157.3736875	48	D	31
157.3736875	157.5236875	10	AO1	31
157.5236875	157.55368749999997	64	T	31
157.55368749999997	157.6236875	6	AH0	31
157.6236875	157.67368749999997	51	G	31
157.67368749999997	157.7136875	61	R	31
157.7136875	157.85368749999998	5	AE2	31
157.85368749999998	157.91368749999998	50	F	31
157.91368749999998	158.07368749999998	62	S	31
167.986125	168.04612499999996	46	B	32
168.04612499999996	168.16612499999997	7	AH1	32
168.16612499999997	168.21612499999998	64	T	32
168.21612499999998	168.24612499999998	21	ER0	32
168.24612499999998	168.38612499999996	62	S	32
168.38612499999996	168.42612499999998	54	K	32
168.42612499999998	168.53612499999997	2	AA2	32
168.53612499999997	168.65612499999997	47	CH	32
168.65612499999997	168.72612499999997	50	F	32
168.72612499999997	168.88612499999996	7	AH1	32
168.88612499999996	169.03612499999997	53	JH	32
169.03612499999997	169.07612499999996	51	G	32
169.07612499999996	169.19612499999997	35	OW1	32
169.19612499999997	169.30612499999998	69	Z	32
169.30612499999998	169.33612499999998	67	W	32
169.33612499999998	169.41612499999997	19	EH1	32
169.41612499999997	169.52612499999998	56	L	32
169.52612499999998	169.57612499999996	67	W	32
169.57612499999996	169.67612499999998	28	IH1	32
169.67612499999998	169.71612499999998	49	DH	32
169.71612499999998	169.75612499999997	66	V	32
169.75612499999997	169.80612499999998	6	AH0	32
169.80612499999998	169.90612499999997	58	N	32
169.90612499999997	169.93612499999998	28	IH1	32
169.93612499999998	170.016125	56	L	32
170.016125	170.04612499999996	6	AH0	32
170.04612499999996	170.25612499999997	16	AY1	32
170.25612499999997	170.36612499999998	62	S	32
170.36612499999998	170.39612499999998	54	K	32
170.39612499999998	170.44612499999997	61	R	32
170.44612499999997	170.486125	32	IY1	32
170.486125	170.59612499999997	57	M	32
181.737375	181.767375	61	R	33
181.767375	181.877375	28	IH1	33
181.877375	181.987375	47	CH	33
181.987375	182.02737499999998	74	sp	33
182.02737499999998	182.077375	60	P	33
182.077375	182.17737499999998	22	ER1	33
182.17737499999998	182.33737499999998	47	CH	33
182.33737499999998	182.42737499999998	6	AH0	33
182.42737499999998	182.49737499999998	62	S	33
182.49737499999998	182.52737499999998	64	T	33
182.52737499999998	182.61737499999998	62	S	33
182.61737499999998	182.687375	19	EH1	33
182.687375	182.757375	66	V	33
182.757375	182.86737499999998	61	R	33
182.86737499999998	182.89737499999998	6	AH0	33
182.89737499999998	183.167375	56	L	33
183.167375	183.437375	74	sp	33
183.437375	183.577375	62	S	33
183.577375	183.847375	16	AY1	33
183.847375	183.95737499999998	58	N	33
183.95737499999998	183.99737499999998	48	D	33
183.99737499999998	184.49737499999998	74	sp	33
184.49737499999998	184.547375	56	L	33
184.547375	184.61737499999998	28	IH1	33
184.61737499999998	184.737375	65	TH	33
184.737375	184.817375	6	AH0	33
184.817375	184.877375	51	G	33
184.877375	184.907375	61	R	33
184.907375	185.037375	5	AE2	33
185.037375	185.067375	50	F	33
185.067375	185.187375	62	S	33
200.0813125	200.21131250000002	19	EH1	34
200.21131250000002	200.2813125	58	N	34
200.2813125	200.4513125	31	IY0	34
200.4513125	200.5313125	54	K	34
200.5313125	200.6413125	2	AA2	34
200.6413125	200.68131250000002	58	N	34
200.68131250000002	200.7713125	64	T	34
200.7713125	200.8013125	61	R	34
200.8013125	200.8513125	6	AH0	34
200.8513125	200.9213125	46	B	34
200.9213125	200.9513125	68	Y	34
200.9513125	201.0513125	44	UW1	34
201.0513125	201.18131250000002	63	SH	34
201.18131250000002	201.21131250000002	6	AH0	34
201.21131250000002	201.24131250000002	58	N	34
201.24131250000002	201.2713125	67	W	34
201.2713125	201.3013125	6	AH0	34
201.3013125	201.6613125	56	L	34
201.6613125	202.2513125	74	sp	34
202.2513125	202.3113125	51	G	34
202.3113125	202.46131250000002	28	IH1	34
202.46131250000002	202.5113125	64	T	34
202.5113125	202.71131250000002	74	sp	34
202.71131250000002	202.7613125	51	G	34
202.7613125	202.8013125	61	R	34
202.8013125	202.93131250000002	25	EY1	34
202.93131250000002	202.96131250000002	64	T	34
202.96131250000002	203.0013125	56	L	34
203.0013125	203.4513125	31	IY0	34
203.4513125	203.5513125	74	sp	34
203.5513125	203.6613125	6	AH0	34
203.6613125	203.7213125	60	P	34
203.7213125	203.7613125	61	R	34
203.7613125	203.8213125	32	IY1	34
203.8213125	203.9713125	63	SH	34
203.9713125	204.0113125	31	IY0	34
204.0113125	204.09131250000002	26	EY2	34
204.09131250000002	204.1313125	64	T	34
204.1313125	204.2313125	6	AH0	34
204.2313125	204.2813125	48	D	34
214.5768125	214.6368125	49	DH	35
214.6368125	214.6968125	6	AH0	35
214.6968125	214.7968125	54	K	35
214.7968125	214.8268125	61	R	35
214.8268125	214.90681249999997	4	AE1	35
214.90681249999997	214.96681249999997	58	N	35
214.96681249999997	215.0168125	46	B	35
215.0168125	215.05681249999998	20	EH2	35
215.05681249999998	215.14681249999998	61	R	35
215.14681249999998	215.27681249999998	31	IY0	35
215.27681249999998	215.39681249999998	46	B	35
215.39681249999998	215.6068125	1	AA1	35
215.6068125	215.6368125	51	G	35
215.6368125	216.4468125	74	sp	35
216.4468125	216.53681249999997	51	G	35
216.53681249999997	216.61681249999998	19	EH1	35
216.61681249999998	216.64681249999998	64	T	35
216.64681249999998	216.67681249999998	62	S	35
216.67681249999998	216.7668125	66	V	35
216.7668125	216.8568125	19	EH1	35
216.8568125	216.8868125	61	R	35
216.8868125	217.17681249999998	31	IY0	35
217.17681249999998	217.28681249999997	74	sp	35
217.28681249999997	217.3568125	60	P	35
217.3568125	217.4468125	61	R	35
217.4468125	217.4768125	28	IH1	35
217.4768125	217.5068125	64	T	35
217.5068125	217.58681249999998	31	IY0	35
217.58681249999998	217.70681249999998	6	AH0	35
217.70681249999998	217.73681249999998	58	N	35
217.73681249999998	217.8568125	10	AO1	35
217.8568125	217.89681249999998	64	T	35
217.89681249999998	217.92681249999998	6	AH0	35
217.92681249999998	218.06681249999997	57	M	35
226.03912506633475	226.08912506633476	52	HH	36
226.08912506633476	226.20912506633476	13	AW1	36
226.20912506633476	226.35912506633474	48	D	36
226.35912506633474	226.43912506633475	44	UW1	36
226.43912506633475	226.58912506633476	38	OY1	36
226.58912506633476	226.66912506633474	62	S	36
226.66912506633474	226.71912506633475	64	T	36
226.71912506633475	226.76912506633477	21	ER0	36
226.76912506633477	226.87912506633475	69	Z	36
226.87912506633475	226.90912506633475	57	M	36
226.90912506633475	227.05912506633476	25	EY1	36
227.05912506633476	227.09912506633475	54	K	36
227.09912506633475	227.16912506633474	60	P	36
227.16912506633474	227.35912506633474	22	ER1	36
227.35912506633474	227.42912506633476	56	L	36
227.42912506633476	227.59912506633475	69	Z	36
237.125	237.195	57	M	37
237.195	237.285	25	EY1	37
237.285	237.475	16	AY1	37
237.475	237.555	10	AO1	37
237.555	237.625	61	R	37
237.625	237.655	48	D	37
237.655	237.685	21	ER0	37
237.685	238.085	25	EY1	37
238.085	238.23499999999999	60	P	37
238.23499999999999	238.285	1	AA1	37
238.285	238.395	61	R	37
238.395	238.505	50	F	37
238.505	238.575	25	EY1	37
238.575	238.775	4	AE1	37
238.775	238.855	50	F	37
238.855	238.895	64	T	37
238.895	239.035	21	ER0	37
239.035	239.185	16	AY1	37
239.185	239.505	32	IY1	37
239.505	239.545	64	T	37
239.545	239.615	74	sp	37
239.615	239.655	48	D	37
239.655	239.795	28	IH1	37
239.795	239.915	58	N	37
239.915	239.945	21	ER0	37
246.6954375	246.76543750000002	6	AH0	38
246.76543750000002	246.82543750000002	69	Z	38
246.82543750000002	246.92543750000002	63	SH	38
246.92543750000002	247.01543750000002	32	IY1	38
247.01543750000002	247.0954375	51	G	38
247.0954375	247.1696733289372	35	OW1	38
247.1696733289372	247.2392794800886	6	AH0	38
247.2392794800886	247.31855315223325	58	N	38
247.31855315223325	247.3775250302921	67	W	38
247.3775250302921	247.46549947133067	28	IH1	38
247.46549947133067	247.58440997954767	49	DH	38
247.58440997954767	247.64463254425027	68	Y	38
247.64463254425027	247.80115704958072	44	UW1	38
257.018625	257.10862499999996	54	K	39
257.10862499999996	257.188625	4	AE1	39
257.188625	257.288625	58	N	39
257.288625	257.318625	49	DH	39
257.318625	257.34862499999997	7	AH1	39
257.34862499999997	257.558625	25	EY1	39
257.558625	257.60862499999996	53	JH	39
257.60862499999996	257.678625	6	AH0	39
257.678625	257.708625	58	N	39
257.708625	257.838625	62	S	39
257.838625	257.958625	31	IY0	39
257.958625	258.058625	35	OW1	39
258.058625	258.088625	66	V	39
258.088625	258.248625	21	ER0	39
258.248625	258.34862499999997	65	TH	39
258.34862499999997	258.438625	61	R	39
258.438625	258.548625	36	OW2	39
258.548625	258.748625	25	EY1	39
258.748625	258.808625	56	L	39
258.808625	258.86862499999995	31	IY0	39
258.86862499999995	258.948625	6	AH0	39
258.948625	258.998625	58	N	39
258.998625	259.038625	74	sp	39
259.038625	259.078625	50	F	39
259.078625	259.10862499999996	10	AO1	39
259.10862499999996	259.168625	61	R	39
259.168625	259.308625	62	S	39
259.308625	259.398625	6	AH0	39
259.398625	259.588625	69	Z	39
