276.107875	276.147875	49	DH	28
276.147875	276.297875	4	AE1	28
276.297875	276.337875	64	T	28
276.337875	276.43787499999996	60	P	28
276.43787499999996	276.507875	28	IH1	28
276.507875	276.537875	54	K	28
276.537875	276.68787499999996	60	P	28
276.68787499999996	276.797875	2	AA2	28
276.797875	276.907875	54	K	28
276.907875	276.957875	6	AH0	28
276.957875	276.987875	64	T	28
276.987875	277.017875	67	W	28
277.017875	277.087875	7	AH1	28
277.087875	277.19787499999995	69	Z	28
277.19787499999995	277.267875	54	K	28
277.267875	277.417875	1	AA1	28
277.417875	277.44787499999995	64	T	28
277.44787499999995	277.517875	61	R	28
277.517875	277.587875	19	EH1	28
277.587875	277.61787499999997	48	D	28
277.61787499999997	277.647875	52	HH	28
277.647875	277.767875	4	AE1	28
277.767875	277.847875	58	N	28
277.847875	277.887875	48	D	28
277.887875	277.987875	6	AH0	28
277.987875	278.017875	48	D	28
286.5580625	286.6280625	57	M	37
286.6280625	286.7180625	25	EY1	37
286.7180625	286.9080625	16	AY1	37
286.9080625	286.9880625	10	AO1	37
286.9880625	287.0580625	61	R	37
287.0580625	287.0880625	48	D	37
287.0880625	287.1180625	21	ER0	37
287.1180625	287.51806250000004	25	EY1	37
287.51806250000004	287.6680625	60	P	37
287.6680625	287.7180625	1	AA1	37
287.7180625	287.8280625	61	R	37
287.8280625	287.9380625	50	F	37
287.9380625	288.0080625	25	EY1	37
288.0080625	288.2080625	4	AE1	37
288.2080625	288.2880625	50	F	37
288.2880625	288.3280625	64	T	37
288.3280625	288.4680625	21	ER0	37
288.4680625	288.6180625	16	AY1	37
288.6180625	288.9380625	32	IY1	37
288.9380625	288.97806249999996	64	T	37
288.97806249999996	289.0480625	74	sp	37
289.0480625	289.0880625	48	D	37
289.0880625	289.22806249999996	28	IH1	37
289.22806249999996	289.34806249999997	58	N	37
289.34806249999997	289.3780625	21	ER0	37
297.166125	297.31290307641257	53	JH	22
297.31290307641257	297.4229030764126	1	AA1	22
297.4229030764126	297.45290307641255	58	N	22
297.45290307641255	297.5529030764126	69	Z	22
297.5529030764126	297.6129030764126	46	B	22
297.6129030764126	297.71290307641254	61	R	22
297.71290307641254	297.75290307641257	7	AH1	22
297.75290307641257	297.7929030764126	49	DH	22
297.7929030764126	297.95290307641255	21	ER0	22
297.95290307641255	298.15290307641254	74	sp	22
298.15290307641254	298.1829030764126	61	R	22
298.1829030764126	298.27290307641255	31	IY0	22
298.27290307641255	298.35290307641253	60	P	22
298.35290307641253	298.45290307641255	25	EY1	22
298.45290307641255	298.53290307641254	58	N	22
298.53290307641254	298.62290307641257	64	T	22
298.62290307641257	298.6829030764126	6	AH0	22
298.6829030764126	298.75290307641257	48	D	22
298.75290307641257	298.7929030764126	49	DH	22
298.7929030764126	299.08290307641255	7	AH1	22
299.08290307641255	299.15290307641254	74	sp	22
299.15290307641254	299.20290307641255	51	G	22
299.20290307641255	299.31290307641257	1	AA1	22
299.31290307641257	299.35290307641253	61	R	22
299.35290307641253	299.4229030764126	46	B	22
299.4229030764126	299.5529030764126	27	IH0	22
299.5529030764126	299.60290307641253	53	JH	22
299.60290307641253	299.70290307641255	74	sp	22
299.70290307641255	299.76290307641256	48	D	22
299.76290307641256	299.8029030764126	10	AO1	22
299.8029030764126	299.90290307641254	61	R	22
308.1845625	308.2845625	25	EY1	25
308.2845625	308.3845625	57	M	25
308.3845625	308.4545625	7	AH1	25
308.4545625	308.5645625	62	S	25
308.5645625	308.59456250000005	54	K	25
308.59456250000005	308.6245625	68	Y	25
308.6245625	308.6845625	6	AH0	25
308.6845625	308.7645625	56	L	25
308.7645625	309.0345625	21	ER0	25
309.0345625	309.5645625	74	sp	25
309.5645625	309.67456250000004	3	AE0	25
309.67456250000004	309.79456250000004	46	B	25
309.79456250000004	309.8345625	48	D	25
309.8345625	309.97456250000005	35	OW1	25
309.97456250000005	310.0645625	57	M	25
310.0645625	310.1545625	6	AH0	25
310.1545625	310.29456250000004	58	N	25
310.29456250000004	310.3845625	28	IH1	25
310.3845625	310.5245625	69	Z	25
310.5245625	310.60456250000004	51	G	25
310.60456250000004	310.6845625	6	AH0	25
310.6845625	310.71456250000006	48	D	25
310.71456250000006	310.79456250000004	50	F	25
310.79456250000004	310.85456250000004	21	ER0	25
310.85456250000004	310.9445625	68	Y	25
310.9445625	310.97456250000005	41	UH1	25
310.97456250000005	311.0045625	61	R	25
311.0045625	311.0745625	46	B	25
311.0745625	311.1945625	4	AE1	25
311.1945625	311.23456250000004	54	K	25
325.9521875663347	326.0021875663348	52	HH	36
326.0021875663348	326.1221875663348	13	AW1	36
326.1221875663348	326.27218756633476	48	D	36
326.27218756633476	326.35218756633475	44	UW1	36
326.35218756633475	326.5021875663348	38	OY1	36
326.5021875663348	326.5821875663347	62	S	36
326.5821875663347	326.6321875663348	64	T	36
326.6321875663348	326.68218756633473	21	ER0	36
326.68218756633473	326.79218756633475	69	Z	36
326.79218756633475	326.8221875663347	57	M	36
326.8221875663347	326.97218756633475	25	EY1	36
326.97218756633475	327.0121875663348	54	K	36
327.0121875663348	327.0821875663347	60	P	36
327.0821875663347	327.27218756633476	22	ER1	36
327.27218756633476	327.34218756633476	56	L	36
327.34218756633476	327.5121875663348	69	Z	36
341.064875	341.15487499999995	5	AE2	24
341.15487499999995	341.27487499999995	57	M	24
341.27487499999995	341.304875	46	B	24
341.304875	341.344875	6	AH0	24
341.344875	341.414875	48	D	24
341.414875	341.534875	19	EH1	24
341.534875	341.614875	54	K	24
341.614875	341.64487499999996	62	S	24
341.64487499999996	341.674875	64	T	24
341.674875	341.70487499999996	61	R	24
341.70487499999996	341.83487499999995	6	AH0	24
341.83487499999995	342.184875	62	S	24
342.184875	342.89487499999996	74	sp	24
342.89487499999996	342.964875	60	P	24
342.964875	343.064875	28	IH1	24
343.064875	343.124875	54	K	24
343.124875	343.214875	60	P	24
343.214875	343.32487499999996	2	AA2	24
343.32487499999996	343.434875	54	K	24
343.434875	343.534875	6	AH0	24
343.534875	343.564875	64	T	24
343.564875	343.63487499999997	62	S	24
343.63487499999997	343.69487499999997	6	AH0	24
343.69487499999997	343.784875	54	K	24
343.784875	343.864875	1	AA1	24
343.864875	343.934875	57	M	24
343.934875	343.984875	60	P	24
343.984875	344.01487499999996	56	L	24
344.01487499999996	344.044875	27	IH0	24
344.044875	344.13487499999997	63	SH	24
344.13487499999997	344.214875	57	M	24
344.214875	344.244875	10	AO1	24
344.244875	344.32487499999996	61	R	24
352.907625	352.95762499999995	49	DH	21
352.95762499999995	353.057625	7	AH1	21
353.057625	353.14762499999995	67	W	21
353.14762499999995	353.24762499999997	10	AO1	21
353.24762499999997	353.307625	64	T	21
353.307625	353.37762499999997	21	ER0	21
353.37762499999997	353.477625	54	K	21
353.477625	353.537625	6	AH0	21
353.537625	353.56762499999996	58	N	21
353.56762499999996	353.68762499999997	64	T	21
353.68762499999997	353.787625	25	EY1	21
353.787625	353.89762499999995	58	N	21
353.89762499999995	353.927625	48	D	21
353.927625	354.01762499999995	64	T	21
354.01762499999995	354.157625	44	UW1	21
354.157625	354.18762499999997	57	M	21
354.18762499999997	354.337625	7	AH1	21
354.337625	354.49762499999997	47	CH	21
354.49762499999997	354.56762499999996	54	K	21
354.56762499999996	354.597625	56	L	21
354.597625	354.62762499999997	10	AO1	21
354.62762499999997	354.807625	61	R	21
354.807625	354.94762499999996	31	IY0	21
354.94762499999996	354.977625	58	N	21
354.977625	355.06762499999996	4	AE1	21
355.06762499999996	355.14762499999995	58	N	21
355.14762499999995	355.177625	48	D	21
355.177625	355.25762499999996	62	S	21
355.25762499999996	355.287625	64	T	21
355.287625	355.357625	7	AH1	21
355.357625	355.45762499999995	59	NG	21
355.45762499999995	355.52762499999994	52	HH	21
355.52762499999994	355.57762499999995	6	AH0	21
355.57762499999995	355.667625	69	Z	21
355.667625	355.847625	16	AY1	21
355.847625	356.02762499999994	69	Z	21
364.208625	364.248625	49	DH	26
364.248625	364.388625	25	EY1	26
364.388625	364.708625	35	OW1	26
364.708625	364.77862500000003	58	N	26
364.77862500000003	364.948625	25	EY1	26
364.948625	364.978625	46	B	26
364.978625	365.008625	28	IH1	26
365.008625	365.038625	51	G	26
365.038625	365.068625	52	HH	26
365.068625	365.228625	13	AW1	26
365.228625	365.358625	62	S	26
365.358625	365.39862500000004	6	AH0	26
365.39862500000004	365.498625	58	N	26
365.498625	365.52862500000003	49	DH	26
365.52862500000003	365.568625	7	AH1	26
365.568625	365.678625	61	R	26
365.678625	365.758625	31	IY0	26
365.758625	365.888625	57	M	26
365.888625	366.038625	35	OW1	26
366.038625	366.068625	64	T	26
366.068625	366.178625	54	K	26
366.178625	366.258625	7	AH1	26
366.258625	366.328625	58	N	26
366.328625	366.388625	64	T	26
366.388625	366.438625	61	R	26
366.438625	366.488625	31	IY0	26
366.488625	366.588625	62	S	26
366.588625	366.708625	17	AY2	26
366.708625	366.788625	48	D	26
374.5924375	374.6624375	52	HH	30
374.6624375	374.7724375	21	ER0	30
374.7724375	374.8024375	67	W	30
374.8024375	374.83243749999997	10	AO1	30
374.83243749999997	374.9624375	61	R	30
374.9624375	375.0924375	48	D	30
375.0924375	375.1824375	61	R	30
375.1824375	375.2124375	36	OW2	30
375.2124375	375.2424375	46	B	30
375.2424375	375.3124375	54	K	30
375.3124375	375.3524375	6	AH0	30
375.3524375	375.38243750000004	58	N	30
375.38243750000004	375.5224375	62	S	30
375.5224375	375.6024375	28	IH1	30
375.6024375	375.7724375	62	S	30
375.7724375	375.9624375	7	AH1	30
375.9624375	375.9924375	66	V	30
375.9924375	376.0224375	35	OW1	30
376.0224375	376.0524375	58	N	30
376.0524375	376.08243749999997	56	L	30
376.08243749999997	376.1124375	31	IY0	30
376.1124375	376.2124375	62	S	30
376.2124375	376.25243750000004	54	K	30
376.25243750000004	376.33243749999997	22	ER1	30
376.33243749999997	376.3624375	64	T	30
376.3624375	376.4924375	62	S	30
376.4924375	376.5224375	6	AH0	30
376.5224375	376.58243749999997	58	N	30
376.58243749999997	376.6124375	48	D	30
376.6124375	376.6524375	46	B	30
376.6524375	376.6824375	56	L	30
376.6824375	376.7924375	13	AW1	30
376.7924375	376.88243750000004	62	S	30
376.88243750000004	376.9824375	6	AH0	30
376.9824375	377.1824375	69	Z	30
386.112625	386.15262499999994	49	DH	31
386.15262499999994	386.242625	7	AH1	31
386.242625	386.40262499999994	64	T	31
386.40262499999994	386.462625	44	UW1	31
386.462625	386.582625	1	AA1	31
386.582625	386.62262499999997	61	R	31
386.62262499999997	386.682625	64	T	31
386.682625	386.732625	6	AH0	31
386.732625	386.832625	62	S	31
386.832625	386.862625	64	T	31
386.862625	386.972625	28	IH1	31
386.972625	387.082625	69	Z	31
387.082625	387.1726249999999	27	IH0	31
387.1726249999999	387.232625	54	K	31
387.232625	387.302625	62	S	31
387.302625	387.352625	47	CH	31
387.352625	387.50262499999997	25	EY1	31
387.50262499999997	387.56262499999997	58	N	31
387.56262499999997	387.682625	53	JH	31
387.682625	387.712625	48	D	31
387.712625	387.862625	10	AO1	31
387.862625	387.89262499999995	64	T	31
387.89262499999995	387.962625	6	AH0	31
387.962625	388.01262499999996	51	G	31
388.01262499999996	388.052625	61	R	31
388.052625	388.19262499999996	5	AE2	31
388.19262499999996	388.25262499999997	50	F	31
388.25262499999997	388.41262499999993	62	S	31
397.6128125	397.70281250000005	54	K	39
397.70281250000005	397.78281250000003	4	AE1	39
397.78281250000003	397.8828125	58	N	39
397.8828125	397.91281250000003	49	DH	39
397.91281250000003	397.94281250000006	7	AH1	39
397.94281250000006	398.15281250000004	25	EY1	39
398.15281250000004	398.20281250000005	53	JH	39
398.20281250000005	398.2728125	6	AH0	39
398.2728125	398.3028125	58	N	39
398.3028125	398.43281250000007	62	S	39
398.43281250000007	398.5528125	31	IY0	39
398.5528125	398.65281250000004	35	OW1	39
398.65281250000004	398.68281250000007	66	V	39
398.68281250000007	398.84281250000004	21	ER0	39
398.84281250000004	398.94281250000006	65	TH	39
398.94281250000006	399.03281250000003	61	R	39
399.03281250000003	399.1428125	36	OW2	39
399.1428125	399.34281250000004	25	EY1	39
399.34281250000004	399.40281250000004	56	L	39
399.40281250000004	399.46281250000004	31	IY0	39
399.46281250000004	399.5428125	6	AH0	39
399.5428125	399.59281250000004	58	N	39
399.59281250000004	399.6328125	74	sp	39
399.6328125	399.6728125	50	F	39
399.6728125	399.70281250000005	10	AO1	39
399.70281250000005	399.7628125	61	R	39
399.7628125	399.90281250000004	62	S	39
399.90281250000004	399.9928125	6	AH0	39
399.9928125	400.18281250000007	69	Z	39
408.094625	408.164625	6	AH0	38
408.164625	408.22462500000006	69	Z	38
408.22462500000006	408.324625	63	SH	38
408.324625	408.414625	32	IY1	38
408.414625	408.49462500000004	51	G	38
408.49462500000004	408.5688608289372	35	OW1	38
408.5688608289372	408.63846698008865	6	AH0	38
408.63846698008865	408.71774065223326	58	N	38
408.71774065223326	408.7767125302921	67	W	38
408.7767125302921	408.8646869713307	28	IH1	38
408.8646869713307	408.9835974795477	49	DH	38
408.9835974795477	409.0438200442503	68	Y	38
409.0438200442503	409.20034454958073	44	UW1	38
418.7171875	418.7471875	61	R	33
418.7471875	418.8571875	28	IH1	33
418.8571875	418.9671875	47	CH	33
418.9671875	419.0071875	74	sp	33
419.0071875	419.05718750000005	60	P	33
419.05718750000005	419.1571875	22	ER1	33
419.1571875	419.31718750000005	47	CH	33
419.31718750000005	419.4071875	6	AH0	33
419.4071875	419.4771875	62	S	33
419.4771875	419.5071875	64	T	33
419.5071875	419.5971875	62	S	33
419.5971875	419.66718750000007	19	EH1	33
419.66718750000007	419.7371875	66	V	33
419.7371875	419.8471875	61	R	33
419.8471875	419.8771875	6	AH0	33
419.8771875	420.14718750000003	56	L	33
420.14718750000003	420.41718750000007	74	sp	33
420.41718750000007	420.55718750000005	62	S	33
420.55718750000005	420.82718750000004	16	AY1	33
420.82718750000004	420.93718750000005	58	N	33
420.93718750000005	420.9771875	48	D	33
420.9771875	421.4771875	74	sp	33
421.4771875	421.5271875	56	L	33
421.5271875	421.5971875	28	IH1	33
421.5971875	421.7171875	65	TH	33
421.7171875	421.79718750000006	6	AH0	33
421.79718750000006	421.8571875	51	G	33
421.8571875	421.88718750000004	61	R	33
421.88718750000004	422.01718750000003	5	AE2	33
422.01718750000003	422.04718750000006	50	F	33
422.04718750000006	422.16718750000007	62	S	33
431.1581875	431.2281875	4	AE1	29
431.2281875	431.2981875	58	N	29
431.2981875	431.4181875	4	AE1	29
431.4181875	431.50818749999996	48	D	29
431.50818749999996	431.5481875	6	AH0	29
431.5481875	431.62818749999997	56	L	29
431.62818749999997	431.6681875	64	T	29
431.6681875	431.7381875	57	M	29
431.7381875	431.7881875	25	EY1	29
431.7881875	432.05818750000003	56	L	29
432.05818750000003	432.1581875	74	sp	29
432.1581875	432.1881875	46	B	29
432.1881875	432.3181875	3	AE0	29
432.3181875	432.4481875	46	B	29
432.4481875	432.5681875	44	UW1	29
432.5681875	432.6081875	58	N	29
432.6081875	432.7981875	69	Z	29
432.7981875	432.8281875	64	T	29
432.8281875	432.9781875	32	IY1	29
432.9781875	433.0881875	65	TH	29
433.0881875	433.1581875	21	ER0	29
433.1581875	433.2781875	58	N	29
433.2781875	433.4781875	1	AA1	29
433.4781875	433.5281875	64	T	29
433.5281875	433.6781875	62	S	29
433.6781875	433.7681875	44	UW1	29
433.7681875	433.7981875	64	T	29
433.7981875	433.8681875	6	AH0	29
433.8681875	433.9681875	46	B	29
433.9681875	433.9981875	6	AH0	29
433.9981875	434.0881875	56	L	29
434.0881875	434.1981875	50	F	29
434.1981875	434.25818749999996	21	ER0	29
434.25818749999996	434.4681875	32	IY1	29
434.4681875	434.4981875	64	T	29
434.4981875	434.5281875	27	IH0	29
434.5281875	434.5881875	59	NG	29
434.5881875	434.6981875	63	SH	29
434.6981875	434.7381875	19	EH1	29
434.7381875	434.7981875	56	L	29
434.7981875	434.9181875	50	F	29
434.9181875	435.00818749999996	29	IH2	29
435.00818749999996	435.1481875	63	SH	29
444.6925625	444.79256250000003	49	DH	27
444.79256250000003	444.8725625	7	AH1	27
444.8725625	445.03256250000004	61	R	27
445.03256250000004	445.0725625	35	OW1	27
445.0725625	445.2725625	69	Z	27
445.2725625	445.3725625	54	K	27
445.3725625	445.40256250000004	9	AO0	27
445.40256250000004	445.5025625	61	R	27
445.5025625	445.65256250000004	62	S	27
445.65256250000004	445.7025625	1	AA1	27
445.7025625	445.78256250000004	70	ZH	27
445.78256250000004	445.90256250000004	62	S	27
445.90256250000004	445.9325625	57	M	27
445.9325625	446.0025625	19	EH1	27
446.0025625	446.0625625	56	L	27
446.0625625	446.0925625	48	D	27
446.0925625	446.2125625	62	S	27
446.2125625	446.2425625	67	W	27
446.2425625	446.3825625	32	IY1	27
446.3825625	446.41256250000004	64	T	27
464.491	464.551	46	B	32
464.551	464.671	7	AH1	32
464.671	464.721	64	T	32
464.721	464.751	21	ER0	32
464.751	464.89099999999996	62	S	32
464.89099999999996	464.93100000000004	54	K	32
464.93100000000004	465.041	2	AA2	32
465.041	465.161	47	CH	32
465.161	465.231	50	F	32
465.231	465.39099999999996	7	AH1	32
465.39099999999996	465.541	53	JH	32
465.541	465.581	51	G	32
465.581	465.701	35	OW1	32
465.701	465.81100000000004	69	Z	32
465.81100000000004	465.841	67	W	32
465.841	465.921	19	EH1	32
465.921	466.031	56	L	32
466.031	466.081	67	W	32
466.081	466.18100000000004	28	IH1	32
466.18100000000004	466.221	49	DH	32
466.221	466.26099999999997	66	V	32
466.26099999999997	466.31100000000004	6	AH0	32
466.31100000000004	466.411	58	N	32
466.411	466.44100000000003	28	IH1	32
466.44100000000003	466.521	56	L	32
466.521	466.551	6	AH0	32
466.551	466.76099999999997	16	AY1	32
466.76099999999997	466.871	62	S	32
466.871	466.901	54	K	32
466.901	466.951	61	R	32
466.951	466.991	32	IY1	32
466.991	467.101	57	M	32
475.375	475.485	47	CH	23
475.485	475.565	4	AE1	23
475.565	475.625	56	L	23
475.625	475.695	6	AH0	23
475.695	475.755	58	N	23
475.755	475.855	53	JH	23
475.855	475.995	32	IY1	23
475.995	476.025	47	CH	23
476.025	476.16499999999996	53	JH	23
476.16499999999996	476.235	19	EH1	23
476.235	476.265	58	N	23
476.265	476.295	21	ER0	23
476.295	476.325	6	AH0	23
476.325	476.485	56	L	23
476.485	476.605	69	Z	23
476.605	476.645	29	IH2	23
476.645	476.715	58	N	23
476.715	476.765	64	T	23
476.765	476.815	19	EH1	23
476.815	476.91499999999996	56	L	23
476.91499999999996	476.975	6	AH0	23
476.975	477.085	53	JH	23
477.085	477.16499999999996	6	AH0	23
477.16499999999996	477.195	58	N	23
477.195	477.225	62	S	23
485.238	485.298	49	DH	35
485.298	485.358	6	AH0	35
485.358	485.45799999999997	54	K	35
485.45799999999997	485.488	61	R	35
485.488	485.568	4	AE1	35
485.568	485.628	58	N	35
485.628	485.678	46	B	35
485.678	485.71799999999996	20	EH2	35
485.71799999999996	485.808	61	R	35
485.808	485.938	31	IY0	35
485.938	486.058	46	B	35
486.058	486.26800000000003	1	AA1	35
486.26800000000003	486.298	51	G	35
486.298	487.108	74	sp	35
487.108	487.198	51	G	35
487.198	487.278	19	EH1	35
487.278	487.308	64	T	35
487.308	487.33799999999997	62	S	35
487.33799999999997	487.428	66	V	35
487.428	487.51800000000003	19	EH1	35
487.51800000000003	487.548	61	R	35
487.548	487.83799999999997	31	IY0	35
487.83799999999997	487.948	74	sp	35
487.948	488.01800000000003	60	P	35
488.01800000000003	488.108	61	R	35
488.108	488.13800000000003	28	IH1	35
488.13800000000003	488.168	64	T	35
488.168	488.248	31	IY0	35
488.248	488.368	6	AH0	35
488.368	488.398	58	N	35
488.398	488.51800000000003	10	AO1	35
488.51800000000003	488.558	64	T	35
488.558	488.58799999999997	6	AH0	35
488.58799999999997	488.72799999999995	57	M	35
500.1155625	500.2455625	19	EH1	34
500.2455625	500.31556250000006	58	N	34
500.31556250000006	500.4855625	31	IY0	34
500.4855625	500.56556250000006	54	K	34
500.56556250000006	500.6755625	2	AA2	34
500.6755625	500.71556250000003	58	N	34
500.71556250000003	500.8055625	64	T	34
500.8055625	500.83556250000004	61	R	34
500.83556250000004	500.8855625	6	AH0	34
500.8855625	500.95556250000004	46	B	34
500.95556250000004	500.9855625	68	Y	34
500.9855625	501.08556250000004	44	UW1	34
501.08556250000004	501.21556250000003	63	SH	34
501.21556250000003	501.2455625	6	AH0	34
501.2455625	501.27556250000004	58	N	34
501.27556250000004	501.3055625	67	W	34
501.3055625	501.33556250000004	6	AH0	34
501.33556250000004	501.69556250000005	56	L	34
501.69556250000005	502.2855625	74	sp	34
502.2855625	502.3455625	51	G	34
502.3455625	502.4955625	28	IH1	34
502.4955625	502.5455625	64	T	34
502.5455625	502.7455625	74	sp	34
502.7455625	502.7955625	51	G	34
502.7955625	502.83556250000004	61	R	34
502.83556250000004	502.96556250000003	25	EY1	34
502.96556250000003	502.9955625	64	T	34
502.9955625	503.0355625	56	L	34
503.0355625	503.4855625	31	IY0	34
503.4855625	503.58556250000004	74	sp	34
503.58556250000004	503.69556250000005	6	AH0	34
503.69556250000005	503.7555625	60	P	34
503.7555625	503.7955625	61	R	34
503.7955625	503.8555625	32	IY1	34
503.8555625	504.0055625	63	SH	34
504.0055625	504.0455625	31	IY0	34
504.0455625	504.1255625	26	EY2	34
504.1255625	504.1655625	64	T	34
504.1655625	504.2655625	6	AH0	34
504.2655625	504.31556250000006	48	D	34
