18.0015	18.1205	5	AE2
18.1205	18.1705	51	G
18.1705	18.2905	61	R
18.2905	18.3205	6	AH0
18.3205	18.360500000000002	54	K
18.360500000000002	18.3905	7	AH1
18.3905	18.4705	56	L
18.4705	18.5895	47	CH
18.5895	18.679499999999997	21	ER0
18.679499999999997	18.7195	6	AH0
18.7195	18.799500000000002	56	L
18.799500000000002	18.889499999999998	60	P
18.889499999999998	18.9195	61	R
18.9195	19.0385	1	AA1
19.0385	19.0685	48	D
19.0685	19.1685	6	AH0
19.1685	19.2285	54	K
19.2285	19.4775	62	S
19.4775	19.5675	74	sp
19.5675	19.7875	21	ER0
19.7875	19.866500000000002	6	AH0
19.866500000000002	19.9565	58	N
19.9565	20.116500000000002	32	IY1
20.116500000000002	20.1665	66	V
20.1665	20.2265	6	AH0
20.2265	20.3355	58	N
20.3355	20.365499999999997	56	L
20.365499999999997	20.5855	31	IY0
20.5855	20.615499999999997	48	D
20.615499999999997	20.6655	29	IH2
20.6655	20.753663475825824	62	S
20.753663475825824	20.782719034453784	64	T
20.782719034453784	20.85494285161471	61	R
20.85494285161471	20.903922221873266	28	IH1
20.903922221873266	20.91388412768857	46	B
20.91388412768857	20.957052386221537	68	Y
20.957052386221537	21.03342699747217	6	AH0
21.03342699747217	21.087387320638378	64	T
21.087387320638378	21.160441296617247	6	AH0
21.160441296617247	21.18927470425964	48	D
21.18927470425964	29.1255	73	ns
29.1255	29.165499999999998	46	B
29.165499999999998	29.2555	16	AY1
29.2555	29.4455	32	IY1
29.4455	29.4755	64	T
29.4755	29.5245	27	IH0
29.5245	29.5845	59	NG
29.5845	29.764499999999998	68	Y
29.764499999999998	29.8145	35	OW1
29.8145	29.8945	51	G
29.8945	30.0635	21	ER0
30.0635	30.1535	64	T
30.1535	30.3135	74	sp
30.3135	30.3935	68	Y
30.3935	30.4225	44	UW1
30.4225	30.5225	57	M
30.5225	30.6225	25	EY1
30.6225	30.7225	52	HH
30.7225	30.8325	4	AE1
30.8325	30.8715	66	V
30.8715	30.9415	74	sp
30.9415	31.0415	68	Y
31.0415	31.0815	44	UW1
31.0815	31.1815	57	M
31.1815	31.4005	25	EY1
31.4005	31.4305	56	L
31.4305	31.5105	28	IH1
31.5105	31.6605	66	V
31.6605	31.6905	56	L
31.6905	31.7695	10	AO1
31.7695	31.889499999999998	59	NG
31.889499999999998	31.9195	51	G
31.9195	32.0895	21	ER0
32.0895	33.8955	74	sp
33.8955	44.2415	73	ns
44.2415	44.2815	49	DH
44.2815	44.3315	31	IY0
44.3315	44.4315	54	K
44.4315	44.5905	1	AA1
44.5905	44.7005	69	Z
44.7005	44.8005	67	W
44.8005	45.0395	26	EY2
45.0395	45.0695	19	EH1
45.0695	45.1795	58	N
45.1795	45.2295	48	D
45.2295	45.2995	6	AH0
45.2995	45.3595	48	D
45.3595	45.3985	6	AH0
45.3985	45.5185	46	B
45.5185	45.6085	61	R
45.6085	45.6685	7	AH1
45.6685	45.7185	60	P
45.7185	45.7685	64	T
45.7685	45.8175	56	L
45.8175	45.9775	31	IY0
45.9775	46.0775	4	AE1
46.0775	46.1775	64	T
46.1775	46.2075	49	DH
46.2075	46.2375	6	AH0
46.2375	46.5065	63	SH
46.5065	46.5965	10	AO1
46.5965	46.6365	61	R
46.6365	49.0105	74	sp
49.0105	58.2795	73	ns
58.2795	58.3695	67	W
58.3695	58.4295	19	EH1
58.4295	58.4895	49	DH
58.4895	58.6085	21	ER0
58.6085	58.7285	60	P
58.7285	58.8585	61	R
58.8585	58.8985	45	UW2
58.8985	59.1075	50	F
59.1075	59.1375	51	G
59.1375	59.1875	6	AH0
59.1875	59.277499999999996	56	L
59.277499999999996	59.4075	1	AA1
59.4075	59.5365	63	SH
59.5365	59.5765	6	AH0
59.5765	59.9355	69	Z
59.9355	60.1455	74	sp
60.1455	60.4245	21	ER0
60.4245	60.5145	74	sp
60.5145	60.5645	66	V
60.5645	60.6245	19	EH1
60.6245	60.6845	61	R
60.6845	60.7345	31	IY0
60.7345	60.8635	68	Y
60.8635	60.8935	44	UW1
60.8935	61.0035	62	S
61.0035	61.0935	50	F
61.0935	61.1235	6	AH0
61.1235	61.2125	56	L
61.2125	61.2425	6	AH0
61.2425	61.3825	58	N
61.3825	61.5625	62	S
61.5625	61.6715	31	IY0
61.6715	61.7715	4	AE1
61.7715	61.8315	64	T
61.8315	61.8615	6	AH0
61.8615	61.9115	56	L
61.9115	63.9965	74	sp
63.9965	75.3505	73	ns
75.3505	75.3805	49	DH
75.3805	75.4105	6	AH0
75.4105	75.6005	62	S
75.6005	75.6505	60	P
75.6505	75.7995	32	IY1
75.7995	75.8295	47	CH
75.8295	76.0795	62	S
76.0795	76.1195	29	IH2
76.1195	76.2085	57	M
76.2085	76.2685	60	P
76.2685	76.3885	35	OW1
76.3885	76.5185	69	Z
76.5185	76.6475	31	IY0
76.6475	76.6875	6	AH0
76.6875	76.8275	57	M
76.8275	76.8875	57	M
76.8875	77.0175	16	AY1
77.0175	77.1265	64	T
77.1265	77.1665	46	B
77.1665	77.2265	27	IH0
77.2265	77.2765	51	G
77.2765	77.4165	28	IH1
77.4165	77.49549999999999	58	N
77.49549999999999	77.5555	1	AA1
77.5555	77.6955	58	N
77.6955	77.7355	57	M
77.7355	77.8055	7	AH1
77.8055	77.9055	58	N
77.9055	77.9545	48	D
77.9545	78.1545	26	EY2
78.1545	80.2095	74	sp
80.2095	91.0455	73	ns
91.0455	91.0755	16	AY1
91.0755	91.1645	48	D
91.1645	91.2445	61	R
91.2445	91.3545	4	AE1
91.3545	91.3845	49	DH
91.3845	91.4645	21	ER0
91.4645	91.5245	58	N
91.5245	91.6535	1	AA1
91.6535	91.7435	64	T
91.7435	91.8035	46	B
91.8035	92.0425	16	AY1
92.0425	92.0825	49	DH
92.0825	92.2325	32	IY1
92.2325	92.2725	69	Z
92.2725	92.4815	63	SH
92.4815	92.8115	44	UW1
92.8115	92.9805	69	Z
92.9805	93.0205	49	DH
93.0205	93.0705	6	AH0
93.0705	93.1605	58	N
93.1605	93.2005	46	B
93.2005	93.3695	31	IY0
93.3695	93.3995	35	OW1
93.3995	93.5295	66	V
93.5295	93.6195	21	ER0
93.6195	93.7395	47	CH
93.7395	93.8485	1	AA1
93.8485	94.0185	61	R
94.0185	94.1585	53	JH
94.1585	94.1885	48	D
94.1885	95.8045	74	sp
95.8045	108.1465	73	ns
108.1465	108.1765	46	B
108.1765	108.2955	32	IY1
108.2955	108.4155	54	K
108.4155	108.5155	19	EH1
108.5155	108.5655	61	R
108.5655	108.7055	50	F
108.7055	108.7345	6	AH0
108.7345	108.8145	56	L
108.8145	108.8945	58	N
108.8945	109.0445	1	AA1
109.0445	109.0745	64	T
109.0745	109.1545	64	T
109.1545	109.1835	6	AH0
109.1835	109.2935	74	sp
109.2935	109.3335	60	P
109.3335	109.37349999999999	56	L
109.37349999999999	109.5335	13	AW1
109.5335	109.7225	35	OW1
109.7225	109.8225	66	V
109.8225	109.9025	21	ER0
109.9025	109.9525	49	DH
109.9525	109.9825	6	AH0
109.9825	110.1215	50	F
110.1215	110.1915	56	L
110.1915	110.3515	13	AW1
110.3515	110.3915	21	ER0
110.3915	110.4315	74	sp
110.4315	110.4715	46	B
110.4715	110.5005	19	EH1
110.5005	110.6905	48	D
110.6905	110.8905	69	Z
110.8905	112.6165	74	sp
112.6165	122.9425	73	ns
122.9425	122.9825	49	DH
122.9825	123.1025	7	AH1
123.1025	123.1525	36	OW2
123.1525	123.24249999999999	66	V
123.24249999999999	123.2715	21	ER0
123.2715	123.4215	67	W
123.4215	123.5515	25	EY1
123.5515	123.5915	64	T
123.5915	123.7305	47	CH
123.7305	123.8005	1	AA1
123.8005	123.8305	61	R
123.8305	123.9805	57	M
123.9805	124.1595	21	ER0
124.1595	124.2595	54	K
124.2595	124.3095	41	UH1
124.3095	124.3495	48	D
124.3495	124.5785	62	S
124.5785	124.6585	56	L
124.6585	124.7285	28	IH1
124.7285	124.7985	60	P
124.7985	124.9085	74	sp
124.9085	124.9485	60	P
124.9485	125.0475	38	OY1
125.0475	125.2375	69	Z
125.2375	125.2675	6	AH0
125.2675	125.3875	58	N
125.3875	125.4465	28	IH1
125.4465	125.5265	58	N
125.5265	125.6665	64	T
125.6665	125.8365	43	UW0
125.8365	125.8665	19	EH1
125.8665	125.9255	58	N
125.9255	126.0555	31	IY0
126.0555	126.1155	67	W
126.1155	126.1455	8	AH2
126.1455	126.2355	58	N
126.2355	126.4645	69	Z
126.4645	126.4945	64	T
126.4945	126.6045	32	IY1
126.6045	128.5695	74	sp
128.5695	140.01350000000002	73	ns
140.01350000000002	140.0435	49	DH
140.0435	140.07350000000002	6	AH0
140.07350000000002	140.13350000000003	4	AE1
140.13350000000003	140.26350000000002	59	NG
140.26350000000002	140.2935	51	G
140.2935	140.32350000000002	61	R
140.32350000000002	140.4325	31	IY0
140.4325	140.5025	46	B
140.5025	140.6925	38	OY1
140.6925	140.9115	4	AE1
140.9115	140.94150000000002	58	N
140.94150000000002	141.1015	62	S
141.1015	141.3005	21	ER0
141.3005	141.3605	48	D
141.3605	141.39049999999997	46	B
141.39049999999997	141.45049999999998	7	AH1
141.45049999999998	141.53050000000002	64	T
141.53050000000002	141.58049999999997	48	D
141.58049999999997	141.63049999999998	28	IH1
141.63049999999998	141.6605	48	D
141.6605	141.6905	6	AH0
141.6905	141.90949999999998	58	N
141.90949999999998	141.9395	56	L
141.9395	141.96949999999998	41	UH1
141.96949999999998	142.0795	54	K
142.0795	142.25850000000003	7	AH1
142.25850000000003	142.2985	60	P
142.2985	144.23450000000003	74	sp
144.23450000000003	154.2215	73	ns
154.2215	154.2715	67	W
154.2715	154.30149999999998	28	IH1
154.30149999999998	154.48149999999998	47	CH
154.48149999999998	154.51049999999998	56	L
154.51049999999998	154.71050000000002	10	AO1
154.71050000000002	154.7905	59	NG
154.7905	154.9205	1	AA1
154.9205	154.9495	61	R
154.9495	154.97949999999997	64	T
154.97949999999997	155.03949999999998	6	AH0
155.03949999999998	155.16950000000003	54	K
155.16950000000003	155.1995	6	AH0
155.1995	155.3985	56	L
155.3985	155.44850000000002	67	W
155.44850000000002	155.49849999999998	6	AH0
155.49849999999998	155.5985	69	Z
155.5985	155.6585	34	OW0
155.6585	155.8175	60	P
155.8175	156.0075	25	EY1
156.0075	156.0575	54	K
156.0575	156.29649999999998	74	sp
156.29649999999998	156.3265	6	AH0
156.3265	156.35649999999998	58	N
156.35649999999998	156.3865	48	D
156.3865	156.4565	58	N
156.4565	156.7455	32	IY1
156.7455	156.83550000000002	48	D
156.83550000000002	156.8655	6	AH0
156.8655	156.89550000000003	48	D
156.89550000000003	156.9255	54	K
156.9255	156.95549999999997	56	L
156.95549999999997	157.00549999999998	20	EH2
157.00549999999998	157.08550000000002	61	R
157.08550000000002	157.1155	6	AH0
157.1155	157.1945	50	F
157.1945	157.23450000000003	27	IH0
157.23450000000003	157.36450000000002	54	K
157.36450000000002	157.4345	25	EY1
157.4345	157.58350000000002	63	SH
157.58350000000002	157.6135	6	AH0
157.6135	157.6635	58	N
157.6635	159.47949999999997	74	sp
159.47949999999997	169.8465	73	ns
169.8465	169.88549999999998	52	HH
169.88549999999998	169.9355	19	EH1
169.9355	170.0555	56	L
170.0555	170.08550000000002	60	P
170.08550000000002	170.27550000000002	62	S
170.27550000000002	170.3055	19	EH1
170.3055	170.4345	56	L
170.4345	170.4645	6	AH0
170.4645	170.5045	46	B
170.5045	170.5845	61	R
170.5845	170.7045	26	EY2
170.7045	170.76350000000002	64	T
170.76350000000002	170.82350000000002	68	Y
170.82350000000002	170.8535	41	UH1
170.8535	170.88350000000003	61	R
170.88350000000003	170.95350000000002	46	B
170.95350000000002	171.0335	61	R
171.0335	171.12349999999998	7	AH1
171.12349999999998	171.1535	49	DH
171.1535	171.18349999999998	21	ER0
171.18349999999998	171.23250000000002	69	Z
171.23250000000002	171.3625	62	S
171.3625	171.40249999999997	6	AH0
171.40249999999997	171.4325	54	K
171.4325	171.5725	62	S
171.5725	171.69150000000002	19	EH1
171.69150000000002	171.94150000000002	62	S
171.94150000000002	173.5075	74	sp
173.5075	182.73649999999998	73	ns
182.73649999999998	182.7665	67	W
182.7665	182.79649999999998	6	AH0
182.79649999999998	182.8265	56	L
182.8265	182.9065	68	Y
182.9065	182.9765	44	UW1
182.9765	183.0765	60	P
183.0765	183.1055	56	L
183.1055	183.15550000000002	32	IY1
183.15550000000002	183.33550000000002	69	Z
183.33550000000002	183.3655	54	K
183.3655	183.39550000000003	6	AH0
183.39550000000003	183.4755	58	N
183.4755	183.5845	50	F
183.5845	183.6245	22	ER1
183.6245	183.84449999999998	57	M
183.84449999999998	183.90449999999998	51	G
183.90449999999998	183.9445	7	AH1
183.9445	184.0435	66	V
184.0435	184.07350000000002	21	ER0
184.07350000000002	184.18349999999998	57	M
184.18349999999998	184.2235	6	AH0
184.2235	184.25349999999997	58	N
184.25349999999997	184.2935	64	T
184.2935	184.38350000000003	74	sp
184.38350000000003	184.41250000000002	60	P
184.41250000000002	184.4525	1	AA1
184.4525	184.59249999999997	56	L
184.59249999999997	184.6225	6	AH0
184.6225	184.77249999999998	62	S
184.77249999999998	184.92149999999998	31	IY0
184.92149999999998	185.0115	61	R
185.0115	185.04149999999998	6	AH0
185.04149999999998	185.1015	51	G
185.1015	185.17149999999998	1	AA1
185.17149999999998	185.23149999999998	61	R
185.23149999999998	185.2615	48	D
185.2615	185.3005	27	IH0
185.3005	185.4305	59	NG
185.4305	185.5005	67	W
185.5005	185.5505	25	EY1
185.5505	185.70049999999998	62	S
185.70049999999998	185.72949999999997	64	T
185.72949999999997	185.77949999999998	74	sp
185.77949999999998	185.8095	61	R
185.8095	185.8395	6	AH0
185.8395	185.9395	57	M
185.9395	186.03949999999998	44	UW1
186.03949999999998	186.0695	66	V
186.0695	186.09949999999998	6	AH0
186.09949999999998	186.15949999999998	56	L
186.15949999999998	188.3345	74	sp
188.3345	198.98950000000002	73	ns
198.98950000000002	199.02949999999998	49	DH
199.02949999999998	199.09949999999998	25	EY1
199.09949999999998	199.1395	6	AH0
199.1395	199.3295	62	S
199.3295	199.4185	44	UW1
199.4185	199.45850000000002	57	M
199.45850000000002	199.57850000000002	58	N
199.57850000000002	199.68849999999998	35	OW1
199.68849999999998	199.7885	46	B
199.7885	199.91750000000002	22	ER1
199.91750000000002	199.9975	51	G
199.9975	200.08749999999998	56	L
200.08749999999998	200.42649999999998	21	ER0
200.42649999999998	200.6565	74	sp
200.6565	200.7855	67	W
200.7855	200.8555	6	AH0
200.8555	201.0555	56	L
201.0555	201.2145	74	sp
201.2145	201.29450000000003	19	EH1
201.29450000000003	201.3945	66	V
201.3945	201.63350000000003	21	ER0
201.63350000000003	201.6635	19	EH1
201.6635	201.7135	58	N
201.7135	201.9035	64	T
201.9035	201.93349999999998	21	ER0
201.93349999999998	202.00349999999997	52	HH
202.00349999999997	202.10250000000002	28	IH1
202.10250000000002	202.1325	61	R
202.1325	204.20749999999998	74	sp
204.20749999999998	215.1735	73	ns
215.1735	215.21249999999998	52	HH
215.21249999999998	215.29250000000002	32	IY1
215.29250000000002	215.35250000000002	67	W
215.35250000000002	215.3825	6	AH0
215.3825	215.46249999999998	56	L
215.46249999999998	215.4925	6	AH0
215.4925	215.6225	56	L
215.6225	215.9615	13	AW1
215.9615	216.05149999999998	25	EY1
216.05149999999998	216.1005	74	sp
216.1005	216.20049999999998	61	R
216.20049999999998	216.3005	19	EH1
216.3005	216.46050000000002	61	R
216.46050000000002	216.5695	56	L
216.5695	216.8195	16	AY1
216.8195	218.72449999999998	74	sp
218.72449999999998	227.9635	73	ns
227.9635	228.0235	74	sp
228.0235	228.05349999999999	54	K
228.05349999999999	228.0935	68	Y
228.0935	228.13350000000003	42	UH2
228.13350000000003	228.19349999999997	61	R
228.19349999999997	228.31349999999998	31	IY0
228.31349999999998	228.4225	1	AA1
228.4225	228.5725	62	S
228.5725	228.6125	6	AH0
228.6125	228.65249999999997	64	T
228.65249999999997	228.9715	31	IY0
228.9715	229.0315	6	AH0
229.0315	229.2215	58	N
229.2215	229.2715	48	D
229.2715	229.4905	74	sp
229.4905	229.6005	57	M
229.6005	229.63049999999998	33	IY2
229.63049999999998	229.71050000000002	48	D
229.71050000000002	229.8295	31	IY0
229.8295	229.96949999999998	1	AA1
229.96949999999998	230.10950000000003	54	K
230.10950000000003	230.1495	61	R
230.1495	230.17849999999999	6	AH0
230.17849999999999	230.2185	64	T
230.2185	230.42849999999999	31	IY0
230.42849999999999	230.60750000000002	62	S
230.60750000000002	230.64749999999998	19	EH1
230.64749999999998	230.72750000000002	56	L
230.72750000000002	230.78750000000002	48	D
230.78750000000002	230.8175	6	AH0
230.8175	230.9475	57	M
230.9475	231.04649999999998	54	K
231.04649999999998	231.18650000000002	35	OW1
231.18650000000002	231.2165	27	IH0
231.2165	231.24650000000003	51	G
231.24650000000003	231.35649999999998	69	Z
231.35649999999998	231.43650000000002	28	IH1
231.43650000000002	231.7255	62	S
231.7255	231.75549999999998	64	T
231.75549999999998	233.5315	74	sp
233.5315	243.95749999999998	73	ns
243.95749999999998	243.9875	52	HH
243.9875	244.01749999999998	6	AH0
244.01749999999998	244.0475	69	Z
244.0475	244.2375	62	S
244.2375	244.3365	7	AH1
244.3365	244.36649999999997	48	D
244.36649999999997	244.3965	6	AH0
244.3965	244.4565	58	N
244.4565	244.49650000000003	48	D
244.49650000000003	244.54649999999998	6	AH0
244.54649999999998	244.66649999999998	60	P
244.66649999999998	244.71550000000002	1	AA1
244.71550000000002	244.82549999999998	61	R
244.82549999999998	244.95549999999997	47	CH
244.95549999999997	245.0455	21	ER0
245.0455	245.22449999999998	63	SH
245.22449999999998	245.36450000000002	1	AA1
245.36450000000002	245.4545	54	K
245.4545	245.5145	64	T
245.5145	245.58350000000002	74	sp
245.58350000000002	245.6135	49	DH
245.6135	245.6635	31	IY0
245.6635	245.7935	54	K
245.7935	246.04250000000002	4	AE1
246.04250000000002	246.3025	62	S
246.3025	246.33249999999998	64	T
246.33249999999998	247.99849999999998	74	sp
247.99849999999998	257.3075	73	ns
257.3075	257.3375	52	HH
257.3375	257.3775	32	IY1
257.3775	257.5765	62	S
257.5765	257.6265	56	L
257.6265	257.6965	28	IH1
257.6965	257.7565	60	P
257.7565	257.8365	64	T
257.8365	257.8665	6	AH0
257.8665	257.9055	58	N
257.9055	257.9355	48	D
257.9355	258.0855	62	S
258.0855	258.1455	60	P
258.1455	258.2655	61	R
258.2655	258.3945	25	EY1
258.3945	258.5245	58	N
258.5245	258.5945	48	D
258.5945	258.9435	74	sp
258.9435	259.1035	63	SH
259.1035	259.1735	32	IY1
259.1735	259.3125	62	S
259.3125	259.3425	56	L
259.3425	259.3925	28	IH1
259.3925	259.4725	60	P
259.4725	259.5025	64	T
259.5025	259.5425	6	AH0
259.5425	259.5825	58	N
259.5825	259.6125	48	D
259.6125	259.7215	62	S
259.7215	259.7815	60	P
259.7815	259.8515	61	R
259.8515	259.9415	25	EY1
259.9415	259.9915	58	N
259.9915	260.0515	48	D
260.0515	260.0905	52	HH
260.0905	260.2305	21	ER0
260.2305	260.2705	4	AE1
260.2705	260.4305	59	NG
260.4305	260.4805	54	K
260.4805	260.5105	6	AH0
260.5105	260.8095	56	L
260.8095	260.8395	1	AA1
260.8395	260.9195	58	N
260.9195	260.9495	49	DH
260.9495	260.9785	6	AH0
260.9785	261.0985	62	S
261.0985	261.1585	64	T
261.1585	261.2685	32	IY1
261.2685	261.3185	60	P
261.3185	261.4975	62	S
261.4975	261.5575	56	L
261.5575	261.5975	35	OW1
261.5975	261.6675	60	P
261.6675	263.5235	74	sp
263.5235	274.8175	73	ns
274.8175	274.84749999999997	6	AH0
274.84749999999997	274.8975	46	B
274.8975	274.9675	28	IH1
274.9675	275.12649999999996	51	G
275.12649999999996	275.18649999999997	74	sp
275.18649999999997	275.2765	51	G
275.2765	275.31649999999996	35	OW1
275.31649999999996	275.5155	64	T
275.5155	275.6055	74	sp
275.6055	275.7955	16	AY1
275.7955	275.93449999999996	48	D
275.93449999999996	275.9645	56	L
275.9645	276.17449999999997	31	IY0
276.17449999999997	276.3445	4	AE1
276.3445	276.4235	57	M
276.4235	276.4635	46	B
276.4635	276.4935	6	AH0
276.4935	276.6535	56	L
276.6535	276.7235	48	D
276.7235	276.7935	74	sp
276.7935	276.9025	65	TH
276.9025	276.9325	61	R
276.9325	277.10249999999996	44	UW1
277.10249999999996	277.1325	49	DH
277.1325	277.16249999999997	6	AH0
277.16249999999997	277.3315	50	F
277.3315	277.4615	1	AA1
277.4615	277.4915	61	R
277.4915	277.57149999999996	57	M
277.57149999999996	277.63149999999996	68	Y
277.63149999999996	277.6615	2	AA2
277.6615	277.6905	61	R
277.6905	277.94773532781613	48	D
277.94773532781613	279.9155	74	sp
279.9155	290.7115	73	ns
290.7115	290.87149999999997	63	SH
290.87149999999997	290.90049999999997	41	UH1
290.90049999999997	290.97049999999996	48	D
290.97049999999996	291.0605	53	JH
291.0605	291.1405	21	ER0
291.1405	291.3495	4	AE1
291.3495	291.3795	50	F
291.3795	291.4795	62	S
291.4795	291.5195	74	sp
291.5195	291.54949999999997	46	B
291.54949999999997	291.66949999999997	31	IY0
291.66949999999997	291.82849999999996	54	K
291.82849999999996	291.9885	19	EH1
291.9885	292.01849999999996	60	P
292.01849999999996	292.19849999999997	64	T
292.19849999999997	292.22749999999996	28	IH1
292.22749999999996	292.3675	58	N
292.3675	292.5475	62	S
292.5475	292.5775	57	M
292.5775	292.7165	10	AO1
292.7165	292.8465	56	L
292.8465	293.0165	69	Z
293.0165	293.2055	44	UW1
293.2055	293.40549999999996	69	Z
293.40549999999996	295.47049999999996	74	sp
295.47049999999996	306.1165	73	ns
306.1165	306.1465	67	W
306.1465	306.18649999999997	32	IY1
306.18649999999997	306.25649999999996	51	G
306.25649999999996	306.34549999999996	1	AA1
306.34549999999996	306.5555	64	T
306.5555	306.58549999999997	48	D
306.58549999999997	306.6155	61	R
306.6155	306.6855	19	EH1
306.6855	306.71549999999996	58	N
306.71549999999996	306.9445	47	CH
306.9445	306.9745	64	T
306.9745	307.05449999999996	50	F
307.05449999999996	307.0945	21	ER0
307.0945	307.1735	57	M
307.1735	307.2235	49	DH
307.2235	307.4235	31	IY0
307.4235	307.5335	74	sp
307.5335	307.5635	8	AH2
307.5635	307.6225	58	N
307.6225	307.6525	29	IH2
307.6525	307.7425	58	N
307.7425	307.8425	64	T
307.8425	307.9425	21	ER0
307.9425	308.03249999999997	7	AH1
308.03249999999997	308.06149999999997	60	P
308.06149999999997	308.1415	64	T
308.1415	308.18149999999997	6	AH0
308.18149999999997	308.3315	48	D
308.3315	308.43149999999997	61	R
308.43149999999997	308.6705	25	EY1
308.6705	308.71049999999997	58	N
308.71049999999997	310.7555	74	sp
310.7555	328.3555	73	ns
