18.0015	18.1205	5	AE2
18.1205	18.1705	51	G
18.1705	18.2905	61	R
18.2905	18.3205	6	AH0
18.3205	18.360500000000002	54	K
18.360500000000002	18.3905	7	AH1
18.3905	18.4705	56	L
18.4705	18.5895	47	CH
18.5895	18.679499999999997	21	ER0
18.679499999999997	18.7195	6	AH0
18.7195	18.799500000000002	56	L
18.799500000000002	18.889499999999998	60	P
18.889499999999998	18.9195	61	R
18.9195	19.0385	1	AA1
19.0385	19.0685	48	D
19.0685	19.1685	6	AH0
19.1685	19.2285	54	K
19.2285	19.4775	62	S
19.4775	19.5675	74	sp
19.5675	19.7875	21	ER0
19.7875	19.866500000000002	6	AH0
19.866500000000002	19.9565	58	N
19.9565	20.116500000000002	32	IY1
20.116500000000002	20.1665	66	V
20.1665	20.2265	6	AH0
20.2265	20.3355	58	N
20.3355	20.365499999999997	56	L
20.365499999999997	20.5855	31	IY0
20.5855	20.615499999999997	48	D
20.615499999999997	20.6655	29	IH2
20.6655	20.753663475825824	62	S
20.753663475825824	20.782719034453784	64	T
20.782719034453784	20.85494285161471	61	R
20.85494285161471	20.903922221873266	28	IH1
20.903922221873266	20.91388412768857	46	B
20.91388412768857	20.957052386221537	68	Y
20.957052386221537	21.03342699747217	6	AH0
21.03342699747217	21.087387320638378	64	T
21.087387320638378	21.160441296617247	6	AH0
21.160441296617247	21.18927470425964	48	D
21.18927470425964	29.1255	73	ns
29.1255	29.165499999999998	46	B
29.165499999999998	29.2555	16	AY1
29.2555	29.4455	32	IY1
29.4455	29.4755	64	T
29.4755	29.5245	27	IH0
29.5245	29.5845	59	NG
29.5845	29.764499999999998	68	Y
29.764499999999998	29.8145	35	OW1
29.8145	29.8945	51	G
29.8945	30.0635	21	ER0
30.0635	30.1535	64	T
30.1535	30.3135	74	sp
30.3135	30.3935	68	Y
30.3935	30.4225	44	UW1
30.4225	30.5225	57	M
30.5225	30.6225	25	EY1
30.6225	30.7225	52	HH
30.7225	30.8325	4	AE1
30.8325	30.8715	66	V
30.8715	30.9415	74	sp
30.9415	31.0415	68	Y
31.0415	31.0815	44	UW1
31.0815	31.1815	57	M
31.1815	31.4005	25	EY1
31.4005	31.4305	56	L
31.4305	31.5105	28	IH1
31.5105	31.6605	66	V
31.6605	31.6905	56	L
31.6905	31.7695	10	AO1
31.7695	31.889499999999998	59	NG
31.889499999999998	31.9195	51	G
31.9195	32.0895	21	ER0
32.0895	33.8955	74	sp
33.8955	44.2415	73	ns
44.2415	44.2815	49	DH
44.2815	44.3315	31	IY0
44.3315	44.4315	54	K
44.4315	44.5905	1	AA1
44.5905	44.7005	69	Z
44.7005	44.8005	67	W
44.8005	45.0395	26	EY2
45.0395	45.0695	19	EH1
45.0695	45.1795	58	N
45.1795	45.2295	48	D
45.2295	45.2995	6	AH0
45.2995	45.3595	48	D
45.3595	45.3985	6	AH0
45.3985	45.5185	46	B
45.5185	45.6085	61	R
45.6085	45.6685	7	AH1
45.6685	45.7185	60	P
45.7185	45.7685	64	T
45.7685	45.8175	56	L
45.8175	45.9775	31	IY0
45.9775	46.0775	4	AE1
46.0775	46.1775	64	T
46.1775	46.2075	49	DH
46.2075	46.2375	6	AH0
46.2375	46.5065	63	SH
46.5065	46.5965	10	AO1
46.5965	46.6365	61	R
46.6365	49.0105	74	sp
49.0105	58.2795	73	ns
58.2795	58.3695	67	W
58.3695	58.4295	19	EH1
58.4295	58.4895	49	DH
58.4895	58.6085	21	ER0
58.6085	58.7285	60	P
58.7285	58.8585	61	R
58.8585	58.8985	45	UW2
58.8985	59.1075	50	F
59.1075	59.1375	51	G
59.1375	59.1875	6	AH0
59.1875	59.277499999999996	56	L
59.277499999999996	59.4075	1	AA1
59.4075	59.5365	63	SH
59.5365	59.5765	6	AH0
59.5765	59.9355	69	Z
59.9355	60.1455	74	sp
60.1455	60.4245	21	ER0
60.4245	60.5145	74	sp
60.5145	60.5645	66	V
60.5645	60.6245	19	EH1
60.6245	60.6845	61	R
60.6845	60.7345	31	IY0
60.7345	60.8635	68	Y
60.8635	60.8935	44	UW1
60.8935	61.0035	62	S
61.0035	61.0935	50	F
61.0935	61.1235	6	AH0
61.1235	61.2125	56	L
61.2125	61.2425	6	AH0
61.2425	61.3825	58	N
61.3825	61.5625	62	S
61.5625	61.6715	31	IY0
61.6715	61.7715	4	AE1
61.7715	61.8315	64	T
61.8315	61.8615	6	AH0
61.8615	61.9115	56	L
61.9115	63.9965	74	sp
63.9965	75.3505	73	ns
75.3505	75.3805	49	DH
75.3805	75.4105	6	AH0
75.4105	75.6005	62	S
75.6005	75.6505	60	P
75.6505	75.7995	32	IY1
75.7995	75.8295	47	CH
75.8295	76.0795	62	S
76.0795	76.1195	29	IH2
76.1195	76.2085	57	M
76.2085	76.2685	60	P
76.2685	76.3885	35	OW1
76.3885	76.5185	69	Z
76.5185	76.6475	31	IY0
76.6475	76.6875	6	AH0
76.6875	76.8275	57	M
76.8275	76.8875	57	M
76.8875	77.0175	16	AY1
77.0175	77.1265	64	T
77.1265	77.1665	46	B
77.1665	77.2265	27	IH0
77.2265	77.2765	51	G
77.2765	77.4165	28	IH1
77.4165	77.49549999999999	58	N
77.49549999999999	77.5555	1	AA1
77.5555	77.6955	58	N
77.6955	77.7355	57	M
77.7355	77.8055	7	AH1
77.8055	77.9055	58	N
77.9055	77.9545	48	D
77.9545	78.1545	26	EY2
78.1545	80.2095	74	sp
80.2095	91.0455	73	ns
91.0455	91.0755	16	AY1
91.0755	91.1645	48	D
91.1645	91.2445	61	R
91.2445	91.3545	4	AE1
91.3545	91.3845	49	DH
91.3845	91.4645	21	ER0
91.4645	91.5245	58	N
91.5245	91.6535	1	AA1
91.6535	91.7435	64	T
91.7435	91.8035	46	B
91.8035	92.0425	16	AY1
92.0425	92.0825	49	DH
92.0825	92.2325	32	IY1
92.2325	92.2725	69	Z
92.2725	92.4815	63	SH
92.4815	92.8115	44	UW1
92.8115	92.9805	69	Z
92.9805	93.0205	49	DH
93.0205	93.0705	6	AH0
93.0705	93.1605	58	N
93.1605	93.2005	46	B
93.2005	93.3695	31	IY0
93.3695	93.3995	35	OW1
93.3995	93.5295	66	V
93.5295	93.6195	21	ER0
93.6195	93.7395	47	CH
93.7395	93.8485	1	AA1
93.8485	94.0185	61	R
94.0185	94.1585	53	JH
94.1585	94.1885	48	D
94.1885	95.8045	74	sp
95.8045	108.1465	73	ns
108.1465	108.1765	46	B
108.1765	108.2955	32	IY1
108.2955	108.4155	54	K
108.4155	108.5155	19	EH1
108.5155	108.5655	61	R
108.5655	108.7055	50	F
108.7055	108.7345	6	AH0
108.7345	108.8145	56	L
108.8145	108.8945	58	N
108.8945	109.0445	1	AA1
109.0445	109.0745	64	T
109.0745	109.1545	64	T
109.1545	109.1835	6	AH0
109.1835	109.2935	74	sp
109.2935	109.3335	60	P
109.3335	109.37349999999999	56	L
109.37349999999999	109.5335	13	AW1
109.5335	109.7225	35	OW1
109.7225	109.8225	66	V
109.8225	109.9025	21	ER0
109.9025	109.9525	49	DH
109.9525	109.9825	6	AH0
109.9825	110.1215	50	F
110.1215	110.1915	56	L
110.1915	110.3515	13	AW1
110.3515	110.3915	21	ER0
110.3915	110.4315	74	sp
110.4315	110.4715	46	B
110.4715	110.5005	19	EH1
110.5005	110.6905	48	D
110.6905	110.8905	69	Z
110.8905	112.6165	74	sp
112.6165	122.9425	73	ns
122.9425	122.9825	49	DH
122.9825	123.1025	7	AH1
123.1025	123.1525	36	OW2
123.1525	123.24249999999999	66	V
123.24249999999999	123.2715	21	ER0
123.2715	123.4215	67	W
123.4215	123.5515	25	EY1
123.5515	123.5915	64	T
123.5915	123.7305	47	CH
123.7305	123.8005	1	AA1
123.8005	123.8305	61	R
123.8305	123.9805	57	M
123.9805	124.1595	21	ER0
124.1595	124.2595	54	K
124.2595	124.3095	41	UH1
124.3095	124.3495	48	D
124.3495	124.5785	62	S
124.5785	124.6585	56	L
124.6585	124.7285	28	IH1
124.7285	124.7985	60	P
124.7985	124.9085	74	sp
124.9085	124.9485	60	P
124.9485	125.0475	38	OY1
125.0475	125.2375	69	Z
125.2375	125.2675	6	AH0
125.2675	125.3875	58	N
125.3875	125.4465	28	IH1
125.4465	125.5265	58	N
125.5265	125.6665	64	T
125.6665	125.8365	43	UW0
125.8365	125.8665	19	EH1
125.8665	125.9255	58	N
125.9255	126.0555	31	IY0
126.0555	126.1155	67	W
126.1155	126.1455	8	AH2
126.1455	126.2355	58	N
126.2355	126.4645	69	Z
126.4645	126.4945	64	T
126.4945	126.6045	32	IY1
126.6045	128.5695	74	sp
128.5695	140.01350000000002	73	ns
140.01350000000002	140.0435	49	DH
140.0435	140.07350000000002	6	AH0
140.07350000000002	140.13350000000003	4	AE1
140.13350000000003	140.26350000000002	59	NG
140.26350000000002	140.2935	51	G
140.2935	140.32350000000002	61	R
140.32350000000002	140.4325	31	IY0
140.4325	140.5025	46	B
140.5025	140.6925	38	OY1
140.6925	140.9115	4	AE1
140.9115	140.94150000000002	58	N
140.94150000000002	141.1015	62	S
141.1015	141.3005	21	ER0
141.3005	141.3605	48	D
141.3605	141.39049999999997	46	B
141.39049999999997	141.45049999999998	7	AH1
141.45049999999998	141.53050000000002	64	T
141.53050000000002	141.58049999999997	48	D
141.58049999999997	141.63049999999998	28	IH1
141.63049999999998	141.6605	48	D
141.6605	141.6905	6	AH0
141.6905	141.90949999999998	58	N
141.90949999999998	141.9395	56	L
141.9395	141.96949999999998	41	UH1
141.96949999999998	142.0795	54	K
142.0795	142.25850000000003	7	AH1
142.25850000000003	142.2985	60	P
142.2985	144.23450000000003	74	sp
144.23450000000003	154.2215	73	ns
154.2215	154.2715	67	W
154.2715	154.30149999999998	28	IH1
154.30149999999998	154.48149999999998	47	CH
154.48149999999998	154.51049999999998	56	L
154.51049999999998	154.71050000000002	10	AO1
154.71050000000002	154.7905	59	NG
154.7905	154.9205	1	AA1
154.9205	154.9495	61	R
154.9495	154.97949999999997	64	T
154.97949999999997	155.03949999999998	6	AH0
155.03949999999998	155.16950000000003	54	K
155.16950000000003	155.1995	6	AH0
155.1995	155.3985	56	L
155.3985	155.44850000000002	67	W
155.44850000000002	155.49849999999998	6	AH0
155.49849999999998	155.5985	69	Z
155.5985	155.6585	34	OW0
155.6585	155.8175	60	P
155.8175	156.0075	25	EY1
156.0075	156.0575	54	K
156.0575	156.29649999999998	74	sp
156.29649999999998	156.3265	6	AH0
156.3265	156.35649999999998	58	N
156.35649999999998	156.3865	48	D
156.3865	156.4565	58	N
156.4565	156.7455	32	IY1
156.7455	156.83550000000002	48	D
156.83550000000002	156.8655	6	AH0
156.8655	156.89550000000003	48	D
156.89550000000003	156.9255	54	K
156.9255	156.95549999999997	56	L
156.95549999999997	157.00549999999998	20	EH2
157.00549999999998	157.08550000000002	61	R
157.08550000000002	157.1155	6	AH0
157.1155	157.1945	50	F
157.1945	157.23450000000003	27	IH0
157.23450000000003	157.36450000000002	54	K
157.36450000000002	157.4345	25	EY1
157.4345	157.58350000000002	63	SH
157.58350000000002	157.6135	6	AH0
157.6135	157.6635	58	N
157.6635	159.47949999999997	74	sp
159.47949999999997	169.8465	73	ns
169.8465	169.88549999999998	52	HH
169.88549999999998	169.9355	19	EH1
169.9355	170.0555	56	L
170.0555	170.08550000000002	60	P
170.08550000000002	170.27550000000002	62	S
170.27550000000002	170.3055	19	EH1
170.3055	170.4345	56	L
170.4345	170.4645	6	AH0
170.4645	170.5045	46	B
170.5045	170.5845	61	R
170.5845	170.7045	26	EY2
170.7045	170.76350000000002	64	T
170.76350000000002	170.82350000000002	68	Y
170.82350000000002	170.8535	41	UH1
170.8535	170.88350000000003	61	R
170.88350000000003	170.95350000000002	46	B
170.95350000000002	171.0335	61	R
171.0335	171.12349999999998	7	AH1
171.12349999999998	171.1535	49	DH
171.1535	171.18349999999998	21	ER0
171.18349999999998	171.23250000000002	69	Z
171.23250000000002	171.3625	62	S
171.3625	171.40249999999997	6	AH0
171.40249999999997	171.4325	54	K
171.4325	171.5725	62	S
171.5725	171.69150000000002	19	EH1
171.69150000000002	171.94150000000002	62	S
171.94150000000002	173.5075	74	sp
173.5075	182.73649999999998	73	ns
182.73649999999998	182.7665	67	W
182.7665	182.79649999999998	6	AH0
182.79649999999998	182.8265	56	L
182.8265	182.9065	68	Y
182.9065	182.9765	44	UW1
182.9765	183.0765	60	P
183.0765	183.1055	56	L
183.1055	183.15550000000002	32	IY1
183.15550000000002	183.33550000000002	69	Z
183.33550000000002	183.3655	54	K
183.3655	183.39550000000003	6	AH0
183.39550000000003	183.4755	58	N
183.4755	183.5845	50	F
183.5845	183.6245	22	ER1
183.6245	183.84449999999998	57	M
183.84449999999998	183.90449999999998	51	G
183.90449999999998	183.9445	7	AH1
183.9445	184.0435	66	V
184.0435	184.07350000000002	21	ER0
184.07350000000002	184.18349999999998	57	M
184.18349999999998	184.2235	6	AH0
184.2235	184.25349999999997	58	N
184.25349999999997	184.2935	64	T
184.2935	184.38350000000003	74	sp
184.38350000000003	184.41250000000002	60	P
184.41250000000002	184.4525	1	AA1
184.4525	184.59249999999997	56	L
184.59249999999997	184.6225	6	AH0
184.6225	184.77249999999998	62	S
184.77249999999998	184.92149999999998	31	IY0
184.92149999999998	185.0115	61	R
185.0115	185.04149999999998	6	AH0
185.04149999999998	185.1015	51	G
185.1015	185.17149999999998	1	AA1
185.17149999999998	185.23149999999998	61	R
185.23149999999998	185.2615	48	D
185.2615	185.3005	27	IH0
185.3005	185.4305	59	NG
185.4305	185.5005	67	W
185.5005	185.5505	25	EY1
185.5505	185.70049999999998	62	S
185.70049999999998	185.72949999999997	64	T
185.72949999999997	185.77949999999998	74	sp
185.77949999999998	185.8095	61	R
185.8095	185.8395	6	AH0
185.8395	185.9395	57	M
185.9395	186.03949999999998	44	UW1
186.03949999999998	186.0695	66	V
186.0695	186.09949999999998	6	AH0
186.09949999999998	186.15949999999998	56	L
186.15949999999998	188.3345	74	sp
188.3345	198.98950000000002	73	ns
198.98950000000002	199.02949999999998	49	DH
199.02949999999998	199.09949999999998	25	EY1
199.09949999999998	199.1395	6	AH0
199.1395	199.3295	62	S
199.3295	199.4185	44	UW1
199.4185	199.45850000000002	57	M
199.45850000000002	199.57850000000002	58	N
199.57850000000002	199.68849999999998	35	OW1
199.68849999999998	199.7885	46	B
199.7885	199.91750000000002	22	ER1
199.91750000000002	199.9975	51	G
199.9975	200.08749999999998	56	L
200.08749999999998	200.42649999999998	21	ER0
200.42649999999998	200.6565	74	sp
200.6565	200.7855	67	W
200.7855	200.8555	6	AH0
200.8555	201.0555	56	L
201.0555	201.2145	74	sp
201.2145	201.29450000000003	19	EH1
201.29450000000003	201.3945	66	V
201.3945	201.63350000000003	21	ER0
201.63350000000003	201.6635	19	EH1
201.6635	201.7135	58	N
201.7135	201.9035	64	T
201.9035	201.93349999999998	21	ER0
201.93349999999998	202.00349999999997	52	HH
202.00349999999997	202.10250000000002	28	IH1
202.10250000000002	202.1325	61	R
202.1325	204.20749999999998	74	sp
204.20749999999998	215.1735	73	ns
215.1735	215.21249999999998	52	HH
215.21249999999998	215.29250000000002	32	IY1
215.29250000000002	215.35250000000002	67	W
215.35250000000002	215.3825	6	AH0
215.3825	215.46249999999998	56	L
215.46249999999998	215.4925	6	AH0
215.4925	215.6225	56	L
215.6225	215.9615	13	AW1
215.9615	216.05149999999998	25	EY1
216.05149999999998	216.1005	74	sp
216.1005	216.20049999999998	61	R
216.20049999999998	216.3005	19	EH1
216.3005	216.46050000000002	61	R
216.46050000000002	216.5695	56	L
216.5695	216.8195	16	AY1
216.8195	218.72449999999998	74	sp
218.72449999999998	227.9635	73	ns
227.9635	228.0235	74	sp
228.0235	228.05349999999999	54	K
228.05349999999999	228.0935	68	Y
228.0935	228.13350000000003	42	UH2
228.13350000000003	228.19349999999997	61	R
228.19349999999997	228.31349999999998	31	IY0
228.31349999999998	228.4225	1	AA1
228.4225	228.5725	62	S
228.5725	228.6125	6	AH0
228.6125	228.65249999999997	64	T
228.65249999999997	228.9715	31	IY0
228.9715	229.0315	6	AH0
229.0315	229.2215	58	N
229.2215	229.2715	48	D
229.2715	229.4905	74	sp
229.4905	229.6005	57	M
229.6005	229.63049999999998	33	IY2
229.63049999999998	229.71050000000002	48	D
229.71050000000002	229.8295	31	IY0
229.8295	229.96949999999998	1	AA1
229.96949999999998	230.10950000000003	54	K
230.10950000000003	230.1495	61	R
230.1495	230.17849999999999	6	AH0
230.17849999999999	230.2185	64	T
230.2185	230.42849999999999	31	IY0
230.42849999999999	230.60750000000002	62	S
230.60750000000002	230.64749999999998	19	EH1
230.64749999999998	230.72750000000002	56	L
230.72750000000002	230.78750000000002	48	D
230.78750000000002	230.8175	6	AH0
230.8175	230.9475	57	M
230.9475	231.04649999999998	54	K
231.04649999999998	231.18650000000002	35	OW1
231.18650000000002	231.2165	27	IH0
231.2165	231.24650000000003	51	G
231.24650000000003	231.35649999999998	69	Z
231.35649999999998	231.43650000000002	28	IH1
231.43650000000002	231.7255	62	S
231.7255	231.75549999999998	64	T
231.75549999999998	233.5315	74	sp
233.5315	243.95749999999998	73	ns
243.95749999999998	243.9875	52	HH
243.9875	244.01749999999998	6	AH0
244.01749999999998	244.0475	69	Z
244.0475	244.2375	62	S
244.2375	244.3365	7	AH1
244.3365	244.36649999999997	48	D
244.36649999999997	244.3965	6	AH0
244.3965	244.4565	58	N
244.4565	244.49650000000003	48	D
244.49650000000003	244.54649999999998	6	AH0
244.54649999999998	244.66649999999998	60	P
244.66649999999998	244.71550000000002	1	AA1
244.71550000000002	244.82549999999998	61	R
244.82549999999998	244.95549999999997	47	CH
244.95549999999997	245.0455	21	ER0
245.0455	245.22449999999998	63	SH
245.22449999999998	245.36450000000002	1	AA1
245.36450000000002	245.4545	54	K
245.4545	245.5145	64	T
245.5145	245.58350000000002	74	sp
245.58350000000002	245.6135	49	DH
245.6135	245.6635	31	IY0
245.6635	245.7935	54	K
245.7935	246.04250000000002	4	AE1
246.04250000000002	246.3025	62	S
246.3025	246.33249999999998	64	T
246.33249999999998	247.99849999999998	74	sp
247.99849999999998	257.3075	73	ns
257.3075	257.3375	52	HH
257.3375	257.3775	32	IY1
257.3775	257.5765	62	S
257.5765	257.6265	56	L
257.6265	257.6965	28	IH1
257.6965	257.7565	60	P
257.7565	257.8365	64	T
257.8365	257.8665	6	AH0
257.8665	257.9055	58	N
257.9055	257.9355	48	D
257.9355	258.0855	62	S
258.0855	258.1455	60	P
258.1455	258.2655	61	R
258.2655	258.3945	25	EY1
258.3945	258.5245	58	N
258.5245	258.5945	48	D
258.5945	258.9435	74	sp
258.9435	259.1035	63	SH
259.1035	259.1735	32	IY1
259.1735	259.3125	62	S
259.3125	259.3425	56	L
259.3425	259.3925	28	IH1
259.3925	259.4725	60	P
259.4725	259.5025	64	T
259.5025	259.5425	6	AH0
259.5425	259.5825	58	N
259.5825	259.6125	48	D
259.6125	259.7215	62	S
259.7215	259.7815	60	P
259.7815	259.8515	61	R
259.8515	259.9415	25	EY1
259.9415	259.9915	58	N
259.9915	260.0515	48	D
260.0515	260.0905	52	HH
260.0905	260.2305	21	ER0
260.2305	260.2705	4	AE1
260.2705	260.4305	59	NG
260.4305	260.4805	54	K
260.4805	260.5105	6	AH0
260.5105	260.8095	56	L
260.8095	260.8395	1	AA1
260.8395	260.9195	58	N
260.9195	260.9495	49	DH
260.9495	260.9785	6	AH0
260.9785	261.0985	62	S
261.0985	261.1585	64	T
261.1585	261.2685	32	IY1
261.2685	261.3185	60	P
261.3185	261.4975	62	S
261.4975	261.5575	56	L
261.5575	261.5975	35	OW1
261.5975	261.6675	60	P
261.6675	263.5235	74	sp
263.5235	274.8175	73	ns
274.8175	274.84749999999997	6	AH0
274.84749999999997	274.8975	46	B
274.8975	274.9675	28	IH1
274.9675	275.12649999999996	51	G
275.12649999999996	275.18649999999997	74	sp
275.18649999999997	275.2765	51	G
275.2765	275.31649999999996	35	OW1
275.31649999999996	275.5155	64	T
275.5155	275.6055	74	sp
275.6055	275.7955	16	AY1
275.7955	275.93449999999996	48	D
275.93449999999996	275.9645	56	L
275.9645	276.17449999999997	31	IY0
276.17449999999997	276.3445	4	AE1
276.3445	276.4235	57	M
276.4235	276.4635	46	B
276.4635	276.4935	6	AH0
276.4935	276.6535	56	L
276.6535	276.7235	48	D
276.7235	276.7935	74	sp
276.7935	276.9025	65	TH
276.9025	276.9325	61	R
276.9325	277.10249999999996	44	UW1
277.10249999999996	277.1325	49	DH
277.1325	277.16249999999997	6	AH0
277.16249999999997	277.3315	50	F
277.3315	277.4615	1	AA1
277.4615	277.4915	61	R
277.4915	277.57149999999996	57	M
277.57149999999996	277.63149999999996	68	Y
277.63149999999996	277.6615	2	AA2
277.6615	277.6905	61	R
277.6905	277.94773532781613	48	D
277.94773532781613	279.9155	74	sp
279.9155	290.7115	73	ns
290.7115	290.87149999999997	63	SH
290.87149999999997	290.90049999999997	41	UH1
290.90049999999997	290.97049999999996	48	D
290.97049999999996	291.0605	53	JH
291.0605	291.1405	21	ER0
291.1405	291.3495	4	AE1
291.3495	291.3795	50	F
291.3795	291.4795	62	S
291.4795	291.5195	74	sp
291.5195	291.54949999999997	46	B
291.54949999999997	291.66949999999997	31	IY0
291.66949999999997	291.82849999999996	54	K
291.82849999999996	291.9885	19	EH1
291.9885	292.01849999999996	60	P
292.01849999999996	292.19849999999997	64	T
292.19849999999997	292.22749999999996	28	IH1
292.22749999999996	292.3675	58	N
292.3675	292.5475	62	S
292.5475	292.5775	57	M
292.5775	292.7165	10	AO1
292.7165	292.8465	56	L
292.8465	293.0165	69	Z
293.0165	293.2055	44	UW1
293.2055	293.40549999999996	69	Z
293.40549999999996	295.47049999999996	74	sp
295.47049999999996	306.1165	73	ns
306.1165	306.1465	67	W
306.1465	306.18649999999997	32	IY1
306.18649999999997	306.25649999999996	51	G
306.25649999999996	306.34549999999996	1	AA1
306.34549999999996	306.5555	64	T
306.5555	306.58549999999997	48	D
306.58549999999997	306.6155	61	R
306.6155	306.6855	19	EH1
306.6855	306.71549999999996	58	N
306.71549999999996	306.9445	47	CH
306.9445	306.9745	64	T
306.9745	307.05449999999996	50	F
307.05449999999996	307.0945	21	ER0
307.0945	307.1735	57	M
307.1735	307.2235	49	DH
307.2235	307.4235	31	IY0
307.4235	307.5335	74	sp
307.5335	307.5635	8	AH2
307.5635	307.6225	58	N
307.6225	307.6525	29	IH2
307.6525	307.7425	58	N
307.7425	307.8425	64	T
307.8425	307.9425	21	ER0
307.9425	308.03249999999997	7	AH1
308.03249999999997	308.06149999999997	60	P
308.06149999999997	308.1415	64	T
308.1415	308.18149999999997	6	AH0
308.18149999999997	308.3315	48	D
308.3315	308.43149999999997	61	R
308.43149999999997	308.6705	25	EY1
308.6705	308.71049999999997	58	N
308.71049999999997	310.7555	74	sp
310.7555	328.3555	73	ns
328.5455	328.5755	5	AE2
328.5755	328.6155	51	G
328.6155	328.7055	61	R
328.7055	328.73449999999997	6	AH0
328.73449999999997	328.7645	54	K
328.7645	328.79449999999997	7	AH1
328.79449999999997	328.93449999999996	56	L
328.93449999999996	329.04449999999997	47	CH
329.04449999999997	329.1245	21	ER0
329.1245	329.1545	6	AH0
329.1545	329.2735	56	L
329.2735	329.3735	60	P
329.3735	329.4135	61	R
329.4135	329.5235	1	AA1
329.5235	329.5535	48	D
329.5535	329.73249999999996	6	AH0
329.73249999999996	329.7625	54	K
329.7625	329.9525	62	S
329.9525	330.0225	74	sp
330.0225	330.2415	21	ER0
330.2415	330.3015	74	sp
330.3015	330.3515	6	AH0
330.3515	330.3915	58	N
330.3915	330.5805	32	IY1
330.5805	330.6105	66	V
330.6105	330.65049999999997	6	AH0
330.65049999999997	330.7605	58	N
330.7605	330.7905	56	L
330.7905	330.8905	31	IY0
330.8905	330.9695	48	D
330.9695	331.0095	29	IH2
331.0095	331.11949999999996	62	S
331.11949999999996	331.17949999999996	64	T
331.17949999999996	331.2095	61	R
331.2095	331.2595	28	IH1
331.2595	331.30949999999996	46	B
331.30949999999996	331.3985	68	Y
331.3985	331.4285	6	AH0
331.4285	331.4885	64	T
331.4885	331.51849999999996	6	AH0
331.51849999999996	331.5485	48	D
331.5485	333.7235	74	sp
333.7235	344.0705	73	ns
344.0705	344.1205	46	B
344.1205	344.17949999999996	16	AY1
344.17949999999996	344.3795	32	IY1
344.3795	344.4095	64	T
344.4095	344.4795	27	IH0
344.4795	344.5885	59	NG
344.5885	344.6185	68	Y
344.6185	344.7485	35	OW1
344.7485	344.8185	51	G
344.8185	345.0175	21	ER0
345.0175	345.1875	64	T
345.1875	345.50649999999996	74	sp
345.50649999999996	345.6165	68	Y
345.6165	345.89549999999997	44	UW1
345.89549999999997	346.0155	74	sp
346.0155	346.3055	57	M
346.3055	346.54449999999997	25	EY1
346.54449999999997	346.5945	56	L
346.5945	346.6645	28	IH1
346.6645	346.73449999999997	66	V
346.73449999999997	346.8135	74	sp
346.8135	346.8535	56	L
346.8535	346.95349999999996	10	AO1
346.95349999999996	347.0635	59	NG
347.0635	347.0935	51	G
347.0935	347.3025	21	ER0
347.3025	349.1185	74	sp
349.1185	359.9835	73	ns
359.9835	360.0235	49	DH
360.0235	360.0635	31	IY0
360.0635	360.20349999999996	54	K
360.20349999999996	360.3535	1	AA1
360.3535	360.4625	69	Z
360.4625	360.5825	67	W
360.5825	360.8325	26	EY2
360.8325	360.88149999999996	19	EH1
360.88149999999996	360.93149999999997	58	N
360.93149999999997	361.0215	48	D
361.0215	361.07149999999996	6	AH0
361.07149999999996	361.13149999999996	48	D
361.13149999999996	361.2115	6	AH0
361.2115	361.2615	46	B
361.2615	361.3105	61	R
361.3105	361.4405	7	AH1
361.4405	361.4805	60	P
361.4805	361.5405	64	T
361.5405	361.6105	56	L
361.6105	361.73949999999996	31	IY0
361.73949999999996	361.8295	4	AE1
361.8295	361.9695	64	T
361.9695	361.9995	49	DH
361.9995	362.0295	6	AH0
362.0295	362.20849999999996	63	SH
362.20849999999996	362.2985	10	AO1
362.2985	362.32849999999996	61	R
362.32849999999996	364.29449999999997	74	sp
364.29449999999997	374.1515	73	ns
374.1515	374.2415	67	W
374.2415	374.2715	19	EH1
374.2715	374.3415	49	DH
374.3415	374.4715	21	ER0
374.4715	374.5605	60	P
374.5605	374.6405	61	R
374.6405	374.7305	45	UW2
374.7305	374.84049999999996	50	F
374.84049999999996	374.8905	51	G
374.8905	374.92949999999996	6	AH0
374.92949999999996	374.98949999999996	56	L
374.98949999999996	375.1595	1	AA1
375.1595	375.29949999999997	63	SH
375.29949999999997	375.3985	6	AH0
375.3985	375.6485	69	Z
375.6485	375.7285	1	AA1
375.7285	375.76849999999996	61	R
375.76849999999996	375.8675	66	V
375.8675	375.8975	19	EH1
375.8975	376.0175	61	R
376.0175	376.1175	31	IY0
376.1175	376.24649999999997	68	Y
376.24649999999997	376.2765	44	UW1
376.2765	376.3565	62	S
376.3565	376.4565	50	F
376.4565	376.4865	6	AH0
376.4865	376.71549999999996	56	L
376.71549999999996	376.7855	74	sp
376.7855	376.8155	6	AH0
376.8155	376.8555	58	N
376.8555	377.0455	62	S
377.0455	377.1645	31	IY0
377.1645	377.29449999999997	4	AE1
377.29449999999997	377.3845	64	T
377.3845	377.4145	6	AH0
377.4145	377.4445	56	L
377.4445	378.96049999999997	74	sp
378.96049999999997	389.44649999999996	73	ns
389.44649999999996	389.4765	49	DH
389.4765	389.5165	6	AH0
389.5165	389.68649999999997	62	S
389.68649999999997	389.74649999999997	60	P
389.74649999999997	389.87649999999996	32	IY1
389.87649999999996	389.9455	47	CH
389.9455	390.0655	62	S
390.0655	390.1155	29	IH2
390.1155	390.1655	57	M
390.1655	390.2555	60	P
390.2555	390.3245	35	OW1
390.3245	390.48449999999997	69	Z
390.48449999999997	390.6545	31	IY0
390.6545	390.68449999999996	6	AH0
390.68449999999996	390.7245	57	M
390.7245	390.74449999999996	74	sp
390.74449999999996	390.7835	57	M
390.7835	390.89349999999996	16	AY1
390.89349999999996	390.9735	64	T
390.9735	391.0235	46	B
391.0235	391.08349999999996	27	IH0
391.08349999999996	391.1535	51	G
391.1535	391.3025	28	IH1
391.3025	391.3425	58	N
391.3425	391.5125	1	AA1
391.5125	391.5525	58	N
391.5525	391.6425	74	sp
391.6425	391.68149999999997	57	M
391.68149999999997	391.7215	7	AH1
391.7215	391.8315	58	N
391.8315	391.8915	48	D
391.8915	392.09049999999996	26	EY2
392.09049999999996	394.2955	74	sp
394.2955	405.7795	73	ns
405.7795	405.80949999999996	16	AY1
405.80949999999996	405.8495	48	D
405.8495	405.8895	61	R
405.8895	405.98949999999996	4	AE1
405.98949999999996	406.0195	49	DH
406.0195	406.10949999999997	21	ER0
406.10949999999997	406.1595	58	N
406.1595	406.3385	1	AA1
406.3385	406.3685	64	T
406.3685	406.3985	46	B
406.3985	406.66749999999996	16	AY1
406.66749999999996	406.6975	49	DH
406.6975	406.84749999999997	32	IY1
406.84749999999997	406.8775	69	Z
406.8775	407.06649999999996	63	SH
407.06649999999996	407.2865	44	UW1
407.2865	407.4565	69	Z
407.4565	407.52549999999997	49	DH
407.52549999999997	407.5655	6	AH0
407.5655	407.59549999999996	58	N
407.59549999999996	407.6255	74	sp
407.6255	407.6655	46	B
407.6655	407.8155	31	IY0
407.8155	407.84549999999996	35	OW1
407.84549999999996	407.8755	66	V
407.8755	408.0245	21	ER0
408.0245	408.1645	47	CH
408.1645	408.2845	1	AA1
408.2845	408.4235	61	R
408.4235	408.6235	53	JH
408.6235	408.6535	48	D
408.6535	410.82849999999996	74	sp
410.82849999999996	420.7255	73	ns
420.7255	420.7555	46	B
420.7555	420.8155	31	IY0
420.8155	420.9455	54	K
420.9455	420.9755	19	EH1
420.9755	421.0555	61	R
421.0555	421.1645	50	F
421.1645	421.1945	6	AH0
421.1945	421.23449999999997	56	L
421.23449999999997	421.29449999999997	58	N
421.29449999999997	421.4445	1	AA1
421.4445	421.49449999999996	64	T
421.49449999999996	421.5345	64	T
421.5345	421.58349999999996	6	AH0
421.58349999999996	421.7135	60	P
421.7135	421.7435	56	L
421.7435	421.9635	13	AW1
421.9635	422.0825	35	OW1
422.0825	422.1825	66	V
422.1825	422.28249999999997	21	ER0
422.28249999999997	422.3325	49	DH
422.3325	422.3725	6	AH0
422.3725	422.5115	50	F
422.5115	422.5415	56	L
422.5415	422.7315	13	AW1
422.7315	422.81149999999997	21	ER0
422.81149999999997	422.8415	74	sp
422.8415	422.87149999999997	46	B
422.87149999999997	422.9205	19	EH1
422.9205	423.1005	48	D
423.1005	423.28049999999996	69	Z
423.28049999999996	425.34549999999996	74	sp
425.34549999999996	435.7615	73	ns
435.7615	435.7915	49	DH
435.7915	435.9215	7	AH1
435.9215	435.9715	36	OW2
435.9715	436.06149999999997	66	V
436.06149999999997	436.09049999999996	21	ER0
436.09049999999996	436.2605	67	W
436.2605	436.4405	25	EY1
436.4405	436.4805	64	T
436.4805	436.61949999999996	47	CH
436.61949999999996	436.7295	1	AA1
436.7295	436.7595	61	R
436.7595	436.80949999999996	57	M
436.80949999999996	437.0385	21	ER0
437.0385	437.1585	54	K
437.1585	437.1885	41	UH1
437.1885	437.25849999999997	48	D
437.25849999999997	437.4875	62	S
437.4875	437.5575	56	L
437.5575	437.6275	28	IH1
437.6275	437.7075	60	P
437.7075	437.78749999999997	74	sp
437.78749999999997	437.8465	60	P
437.8465	437.93649999999997	38	OY1
437.93649999999997	438.1365	69	Z
438.1365	438.2065	6	AH0
438.2065	438.3055	58	N
438.3055	438.33549999999997	29	IH2
438.33549999999997	438.3655	58	N
438.3655	438.64549999999997	64	T
438.64549999999997	438.6755	6	AH0
438.6755	438.71549999999996	19	EH1
438.71549999999996	438.7545	58	N
438.7545	438.9145	31	IY0
438.9145	438.9645	67	W
438.9645	438.99449999999996	8	AH2
438.99449999999996	439.0745	58	N
439.0745	439.3535	69	Z
439.3535	439.38349999999997	64	T
439.38349999999997	439.4835	32	IY1
439.4835	441.63849999999996	74	sp
441.63849999999996	452.29449999999997	73	ns
452.29449999999997	452.3245	49	DH
452.3245	452.7135	31	IY0
452.7135	452.7435	4	AE1
452.7435	452.9225	59	NG
452.9225	452.9625	51	G
452.9625	453.0025	61	R
453.0025	453.1525	31	IY0
453.1525	453.1825	46	B
453.1825	453.2125	38	OY1
453.2125	453.32149999999996	4	AE1
453.32149999999996	453.3515	58	N
453.3515	453.4615	62	S
453.4615	453.62149999999997	21	ER0
453.62149999999997	453.7005	48	D
453.7005	453.7405	74	sp
453.7405	453.77049999999997	46	B
453.77049999999997	453.8305	7	AH1
453.8305	453.90049999999997	64	T
453.90049999999997	453.9505	48	D
453.9505	453.9905	28	IH1
453.9905	454.0405	48	D
454.0405	454.0705	6	AH0
454.0705	454.1895	58	N
454.1895	454.2595	74	sp
454.2595	454.30949999999996	56	L
454.30949999999996	454.3395	41	UH1
454.3395	454.4695	54	K
454.4695	454.6185	7	AH1
454.6185	454.6485	60	P
454.6485	457.0535	74	sp
457.0535	468.53749999999997	73	ns
468.53749999999997	468.5875	67	W
468.5875	468.6175	28	IH1
468.6175	468.87649999999996	47	CH
468.87649999999996	468.9065	56	L
468.9065	469.15549999999996	10	AO1
469.15549999999996	469.2455	59	NG
469.2455	469.4555	1	AA1
469.4555	469.5055	61	R
469.5055	469.5345	64	T
469.5345	469.5645	6	AH0
469.5645	469.7145	54	K
469.7145	469.74449999999996	6	AH0
469.74449999999996	469.9445	56	L
469.9445	470.0635	67	W
470.0635	470.1035	6	AH0
470.1035	470.2235	69	Z
470.2235	470.2735	34	OW0
470.2735	470.4325	60	P
470.4325	470.60249999999996	25	EY1
470.60249999999996	470.6425	54	K
470.6425	470.8125	74	sp
470.8125	470.8425	6	AH0
470.8425	470.88149999999996	58	N
470.88149999999996	470.9215	48	D
470.9215	470.9515	58	N
470.9515	471.2115	32	IY1
471.2115	471.2415	48	D
471.2415	471.2715	6	AH0
471.2715	471.3005	48	D
471.3005	471.3305	54	K
471.3305	471.3705	56	L
471.3705	471.4405	20	EH2
471.4405	471.4805	61	R
471.4805	471.52049999999997	6	AH0
471.52049999999997	471.6205	50	F
471.6205	471.6605	27	IH0
471.6605	471.7495	54	K
471.7495	471.8495	25	EY1
471.8495	471.9995	63	SH
471.9995	472.0295	6	AH0
472.0295	472.0995	58	N
472.0995	474.4435	74	sp
474.4435	485.51849999999996	73	ns
485.51849999999996	485.5485	52	HH
485.5485	485.57849999999996	19	EH1
485.57849999999996	485.70849999999996	56	L
485.70849999999996	485.76849999999996	60	P
485.76849999999996	485.9675	62	S
485.9675	486.0075	19	EH1
486.0075	486.0875	56	L
486.0875	486.1275	6	AH0
486.1275	486.15749999999997	46	B
486.15749999999997	486.3465	61	R
486.3465	486.3965	26	EY2
486.3965	486.44649999999996	64	T
486.44649999999996	486.5265	68	Y
486.5265	486.56649999999996	41	UH1
486.56649999999996	486.5965	61	R
486.5965	486.6665	46	B
486.6665	486.71549999999996	61	R
486.71549999999996	486.77549999999997	7	AH1
486.77549999999997	486.84549999999996	49	DH
486.84549999999996	486.8855	21	ER0
486.8855	486.96549999999996	69	Z
486.96549999999996	487.08549999999997	62	S
487.08549999999997	487.1345	6	AH0
487.1345	487.1645	54	K
487.1645	487.29449999999997	62	S
487.29449999999997	487.4545	19	EH1
487.4545	487.7435	62	S
487.7435	489.60949999999997	74	sp
489.60949999999997	500.6445	73	ns
500.6445	500.67449999999997	67	W
500.67449999999997	500.7045	6	AH0
500.7045	500.73449999999997	56	L
500.73449999999997	500.83349999999996	68	Y
500.83349999999996	500.8635	44	UW1
500.8635	500.89349999999996	74	sp
500.89349999999996	500.95349999999996	60	P
500.95349999999996	501.0035	56	L
501.0035	501.0935	32	IY1
501.0935	501.22249999999997	69	Z
501.22249999999997	501.2725	54	K
501.2725	501.3025	6	AH0
501.3025	501.3825	58	N
501.3825	501.48249999999996	50	F
501.48249999999996	501.5825	22	ER1
501.5825	501.7715	57	M
501.7715	501.8515	51	G
501.8515	501.8915	7	AH1
501.8915	501.9715	66	V
501.9715	502.0315	21	ER0
502.0315	502.15049999999997	57	M
502.15049999999997	502.2005	6	AH0
502.2005	502.2305	58	N
502.2305	502.3005	64	T
502.3005	502.3805	60	P
502.3805	502.4405	1	AA1
502.4405	502.5295	56	L
502.5295	502.55949999999996	6	AH0
502.55949999999996	502.7295	62	S
502.7295	502.9095	31	IY0
502.9095	502.9495	61	R
502.9495	502.9785	6	AH0
502.9785	503.0685	51	G
503.0685	503.1085	1	AA1
503.1085	503.20849999999996	61	R
503.20849999999996	503.2385	48	D
503.2385	503.26849999999996	27	IH0
503.26849999999996	503.40749999999997	59	NG
503.40749999999997	503.4675	67	W
503.4675	503.5275	25	EY1
503.5275	503.6775	62	S
503.6775	503.7375	64	T
503.7375	503.7675	61	R
503.7675	503.7975	6	AH0
503.7975	503.9065	57	M
503.9065	503.94649999999996	44	UW1
503.94649999999996	503.99649999999997	66	V
503.99649999999997	504.0265	6	AH0
504.0265	504.1665	56	L
504.1665	506.3915	74	sp
506.3915	517.3465	73	ns
517.3465	517.3765	49	DH
517.3765	517.4665	25	EY1
517.4665	517.4955	6	AH0
517.4955	517.6755	62	S
517.6755	517.8955	44	UW1
517.8955	517.9545	57	M
517.9545	518.0045	58	N
518.0045	518.1445	35	OW1
518.1445	518.2745	46	B
518.2745	518.3045	22	ER1
518.3045	518.3345	51	G
518.3345	518.3635	56	L
518.3635	518.8125	21	ER0
518.8125	518.8625000000001	67	W
518.8625000000001	518.9125	6	AH0
518.9125	519.0325	56	L
519.0325	519.1525	19	EH1
519.1525	519.2225	66	V
519.2225	519.3715	21	ER0
519.3715	519.4014999999999	19	EH1
519.4014999999999	519.4815	58	N
519.4815	519.6315	64	T
519.6315	519.6614999999999	21	ER0
519.6614999999999	519.7705	52	HH
519.7705	519.8905	28	IH1
519.8905	519.9205	61	R
519.9205	520.9185	74	sp
520.9185	532.2125	73	ns
532.2125	532.2425	52	HH
532.2425	532.2725	32	IY1
532.2725	532.4515	67	W
532.4515	532.4815	6	AH0
532.4815	532.5115	56	L
532.5115	532.5415	6	AH0
532.5415	532.6115	56	L
532.6115	532.9205	13	AW1
532.9205	532.9705	6	AH0
532.9705	533.0105	74	sp
533.0105	533.1105	61	R
533.1105	533.1705	19	EH1
533.1705	533.3205	61	R
533.3205	533.4895	56	L
533.4895	533.6795	16	AY1
533.6795	535.8445	74	sp
535.8445	546.8995	73	ns
546.8995	546.9495	54	K
546.9495	547.0185	68	Y
547.0185	547.0785	42	UH2
547.0785	547.1285	61	R
547.1285	547.2284999999999	31	IY0
547.2284999999999	547.3185	1	AA1
547.3185	547.4775	62	S
547.4775	547.5074999999999	6	AH0
547.5074999999999	547.5475	64	T
547.5475	547.8075	31	IY0
547.8075	547.8565	6	AH0
547.8565	547.9665	58	N
547.9665	547.9965	48	D
547.9965	548.0264999999999	57	M
548.0264999999999	548.0665	33	IY2
548.0665	548.0965	48	D
548.0965	548.2665	31	IY0
548.2665	548.3455	1	AA1
548.3455	548.4555	54	K
548.4555	548.4855	61	R
548.4855	548.5155	6	AH0
548.5155	548.5654999999999	64	T
548.5654999999999	548.6854999999999	31	IY0
548.6854999999999	548.8745	62	S
548.8745	548.9045	19	EH1
548.9045	548.9945	56	L
548.9945	549.0645	48	D
549.0645	549.0945	6	AH0
549.0945	549.2135	57	M
549.2135	549.3135	54	K
549.3135	549.4335	35	OW1
549.4335	549.4735	27	IH0
549.4735	549.5135	51	G
549.5135	549.7125	69	Z
549.7125	549.7425	28	IH1
549.7425	550.0124999999999	62	S
550.0124999999999	550.0425	64	T
550.0425	551.2495	74	sp
551.2495	562.7435	73	ns
562.7435	562.7735	52	HH
562.7735	562.8035	6	AH0
562.8035	562.8425	69	Z
562.8425	563.0225	62	S
563.0225	563.1425	7	AH1
563.1425	563.1725	48	D
563.1725	563.2025	6	AH0
563.2025	563.2325	58	N
563.2325	563.2615	48	D
563.2615	563.3115	6	AH0
563.3115	563.4315	60	P
563.4315	563.4915	1	AA1
563.4915	563.5615	61	R
563.5615	563.7105	47	CH
563.7105	563.7605	21	ER0
563.7605	563.9404999999999	63	SH
563.9404999999999	564.0705	1	AA1
564.0705	564.1005	54	K
564.1005	564.1995	64	T
564.1995	564.2295	49	DH
564.2295	564.2895	31	IY0
564.2895	564.3995	54	K
564.3995	564.6285	4	AE1
564.6285	564.8785	62	S
564.8785	564.9085	64	T
564.9085	567.0535	74	sp
567.0535	579.4455	73	ns
579.4455	579.4855	74	sp
579.4855	579.6245	63	SH
579.6245	579.6745	32	IY1
579.6745	579.8645	62	S
579.8645	579.8945	56	L
579.8945	579.9345	28	IH1
579.9345	580.0035	60	P
580.0035	580.0735	64	T
580.0735	580.1034999999999	6	AH0
580.1034999999999	580.1635	58	N
580.1635	580.1935	48	D
580.1935	580.2835	62	S
580.2835	580.3335	60	P
580.3335	580.4125	61	R
580.4125	580.4925	25	EY1
580.4925	580.5625	58	N
580.5625	580.5925	48	D
580.5925	580.6625	52	HH
580.6625	580.8025	21	ER0
580.8025	580.8325	4	AE1
580.8325	580.9815	59	NG
580.9815	581.0415	54	K
581.0415	581.0715	6	AH0
581.0715	581.1915	56	L
581.1915	581.2814999999999	74	sp
581.2814999999999	581.3104999999999	1	AA1
581.3104999999999	581.3905	58	N
581.3905	581.4205	49	DH
581.4205	581.4505	6	AH0
581.4505	581.6205	62	S
581.6205	581.6505	64	T
581.6505	581.7695	32	IY1
581.7695	581.8095	60	P
581.8095	581.9995	62	S
581.9995	582.0295	56	L
582.0295	582.0595	35	OW1
582.0595	582.1568970094123	60	P
582.1568970094123	583.7755	74	sp
583.7755	594.1715	73	ns
594.1715	594.2315	6	AH0
594.2315	594.3115	74	sp
594.3115	594.3815	46	B
594.3815	594.5105	28	IH1
594.5105	594.5405	51	G
594.5405	594.7205	51	G
594.7205	594.8104999999999	35	OW1
594.8104999999999	595.0495	64	T
595.0495	595.1995	16	AY1
595.1995	595.2795	48	D
595.2795	595.3095	56	L
595.3095	595.5285	31	IY0
595.5285	595.5985	4	AE1
595.5985	595.6685	57	M
595.6685	595.6985	46	B
595.6985	595.7284999999999	6	AH0
595.7284999999999	595.8275	56	L
595.8275	595.9075	48	D
595.9075	595.9675	65	TH
595.9675	595.9975	61	R
595.9975	596.0975	44	UW1
596.0975	596.1374999999999	49	DH
596.1374999999999	596.1675	6	AH0
596.1675	596.3365	50	F
596.3365	596.4064999999999	1	AA1
596.4064999999999	596.4365	61	R
596.4365	596.5264999999999	57	M
596.5264999999999	596.5565	68	Y
596.5565	596.5965	2	AA2
596.5965	596.6365	61	R
596.6365	596.7355	48	D
596.7355	605.6555	74	sp
605.6555	605.7855	63	SH
605.7855	605.8154999999999	41	UH1
605.8154999999999	605.8555	48	D
605.8555	605.9745	53	JH
605.9745	606.0345	21	ER0
606.0345	606.2144999999999	4	AE1
606.2144999999999	606.2445	50	F
606.2445	606.3735	62	S
606.3735	606.4035	46	B
606.4035	606.4735	31	IY0
606.4735	606.5935	54	K
606.5935	606.6535	19	EH1
606.6535	606.7334999999999	60	P
606.7334999999999	606.7935	64	T
606.7935	606.8325	6	AH0
606.8325	606.8725	58	N
606.8725	607.0124999999999	62	S
607.0124999999999	607.0725	57	M
607.0725	607.1825	10	AO1
607.1825	607.2515	56	L
607.2515	607.4114999999999	69	Z
607.4114999999999	607.5515	44	UW1
607.5515	607.7205	69	Z
607.7205	609.8665	74	sp
609.8665	621.5595	73	ns
621.5595	621.6395	74	sp
621.6395	621.6695	67	W
621.6695	621.6995	32	IY1
621.6995	621.7295	51	G
621.7295	621.7595	1	AA1
621.7595	622.3075	64	T
622.3075	622.7265	74	sp
622.7265	622.7965	48	D
622.7965	622.8865	61	R
622.8865	622.9265	19	EH1
622.9265	622.9565	58	N
622.9565	623.1754999999999	47	CH
623.1754999999999	623.2055	64	T
623.2055	623.2455	50	F
623.2455	623.2755	21	ER0
623.2755	623.3255	57	M
623.3255	623.3555	49	DH
623.3555	623.4955	31	IY0
623.4955	623.5345	8	AH2
623.5345	623.6245	58	N
623.6245	623.6845	29	IH2
623.6845	623.7144999999999	58	N
623.7144999999999	623.8344999999999	64	T
623.8344999999999	623.9145	21	ER0
623.9145	624.0035	7	AH1
624.0035	624.0335	60	P
624.0335	624.1034999999999	64	T
624.1034999999999	624.1335	6	AH0
624.1335	624.2735	48	D
624.2735	624.3235	61	R
624.3235	624.5024999999999	25	EY1
624.5024999999999	624.5525	58	N
