35.399010204081634	35.52901020408164	73	BY
35.52901020408164	35.85801020408164	135	EATING
35.85801020408164	36.42701020408164	494	YOGURT
36.42701020408164	36.587010204081636	99999	sp
36.587010204081636	36.69601020408163	495	YOU
36.69601020408163	36.896010204081634	257	MAY
36.896010204081634	37.145010204081636	88888	HAVE
37.145010204081636	37.215010204081636	99999	sp
37.215010204081636	37.35501020408164	495	YOU
37.35501020408164	37.67401020408164	257	MAY
37.67401020408164	37.93401020408163	246	LIVE
37.93401020408163	38.36301020408163	248	LONGER
38.36301020408163	50.427763038548754	99999	sp
50.427763038548754	50.51776303854875	434	THE
50.51776303854875	51.22576303854875	82	CAUSEWAY
51.22576303854875	51.54576303854875	137	ENDED
51.54576303854875	52.16376303854875	5	ABRUPTLY
52.16376303854875	52.363763038548754	37	AT
52.363763038548754	52.42376303854875	434	THE
52.42376303854875	52.82276303854875	379	SHORE
52.82276303854875	65.29569954648525	99999	sp
65.29569954648525	66.12369954648526	478	WEATHERPROOF
66.12369954648526	66.95169954648526	172	GALOSHES
66.95169954648526	67.16169954648527	99999	sp
67.16169954648527	67.44069954648526	30	ARE
67.44069954648526	67.53069954648527	99999	sp
67.53069954648527	67.75069954648527	465	VERY
67.75069954648527	68.22869954648526	461	USEFUL
68.22869954648526	68.39869954648526	217	IN
68.39869954648526	68.92769954648526	372	SEATTLE
68.92769954648526	81.54603968253969	99999	sp
81.54603968253969	81.60603968253969	434	THE
81.60603968253969	82.02503968253968	396	SPEECH
82.02503968253968	83.02303968253969	423	SYMPOSIUM
83.02303968253969	83.32203968253968	262	MIGHT
83.32203968253968	83.69103968253968	50	BEGIN
83.69103968253968	83.89103968253968	297	ON
83.89103968253968	84.35003968253969	265	MONDAY
84.35003968253969	98.51764965986395	99999	sp
98.51764965986395	98.63664965986395	213	I'D
98.63664965986395	98.93664965986395	353	RATHER
98.93664965986395	99.21564965986394	285	NOT
99.21564965986394	99.51464965986395	72	BUY
99.51464965986395	99.74464965986394	437	THESE
99.74464965986394	100.45264965986395	378	SHOES
100.45264965986395	100.63264965986394	432	THAN
100.63264965986394	100.84164965986395	47	BE
100.84164965986395	101.66064965986395	313	OVERCHARGED
101.66064965986395	114.45352267573696	99999	sp
114.45352267573696	114.60252267573696	47	BE
114.60252267573696	115.12152267573695	77	CAREFUL
115.12152267573695	115.38152267573696	285	NOT
115.38152267573696	115.49052267573695	446	TO
115.49052267573695	115.60052267573695	99999	sp
115.60052267573695	115.84052267573696	332	PLOW
115.84052267573696	116.20952267573696	310	OVER
116.20952267573696	116.28952267573696	434	THE
116.28952267573696	116.69852267573695	159	FLOWER
116.69852267573695	116.73852267573696	99999	sp
116.73852267573696	117.19752267573696	49	BEDS
117.19752267573696	130.08372675736962	99999	sp
130.08372675736962	130.24372675736964	434	THE
130.24372675736964	130.73272675736962	316	OVERWEIGHT
130.73272675736962	131.3007267573696	86	CHARMER
131.3007267573696	131.49072675736963	107	COULD
131.49072675736963	131.9397267573696	387	SLIP
131.9397267573696	132.04972675736963	99999	sp
132.04972675736963	132.5287267573696	333	POISON
132.5287267573696	132.97772675736962	223	INTO
132.97772675736962	133.6057267573696	25	ANYONE'S
133.6057267573696	133.74572675736962	426	TEA
133.74572675736962	145.40200340136056	99999	sp
145.40200340136056	145.46200340136056	434	THE
145.46200340136056	145.82100340136054	21	ANGRY
145.82100340136054	146.08100340136053	62	BOY
146.08100340136053	146.74900340136054	23	ANSWERED
146.74900340136054	146.91900340136056	70	BUT
146.91900340136056	147.29800340136052	122	DIDN'T
147.29800340136052	147.46800340136053	249	LOOK
147.46800340136053	147.68700340136053	458	UP
147.68700340136053	161.03792176870746	99999	sp
161.03792176870746	161.29792176870745	483	WHICH
161.29792176870745	161.60692176870748	247	LONG
161.60692176870748	162.21492176870748	31	ARTICLE
162.21492176870748	162.41492176870747	472	WAS
162.41492176870747	162.87392176870748	300	OPAQUE
162.87392176870748	163.11292176870745	99999	sp
163.11292176870745	163.20292176870748	20	AND
163.20292176870748	163.7119217687075	279	NEEDED
163.7119217687075	164.47992176870747	93	CLARIFICATION
164.47992176870747	174.78667460317462	99999	sp
174.78667460317462	175.0256746031746	203	HELP
175.0256746031746	175.7036746031746	83	CELEBRATE
175.7036746031746	175.8236746031746	496	YOUR
175.8236746031746	176.17267460317458	67	BROTHER'S
176.17267460317458	176.8816746031746	412	SUCCESS
176.8816746031746	189.94667460317459	99999	sp
189.94667460317459	190.03667460317462	485	WILL
190.03667460317462	190.1866746031746	495	YOU
190.1866746031746	190.54567460317463	331	PLEASE
190.54567460317463	191.0546746031746	101	CONFIRM
191.0546746031746	191.5036746031746	191	GOVERNMENT
191.5036746031746	191.59367460317463	99999	sp
191.59367460317463	192.1316746031746	334	POLICY
192.1316746031746	192.6406746031746	359	REGARDING
192.6406746031746	192.93967460317458	473	WASTE
192.93967460317458	192.9896746031746	99999	sp
192.9896746031746	193.3696746031746	362	REMOVAL
193.3696746031746	205.36145918367345	99999	sp
205.36145918367345	205.47145918367346	438	THEY
205.47145918367346	205.83045918367344	36	ASSUME
205.83045918367344	206.06045918367346	284	NO
206.06045918367346	206.79845918367346	68	BURGLAR
206.79845918367346	207.02845918367348	99999	sp
207.02845918367348	207.42745918367348	485	WILL
207.42745918367348	207.58645918367347	99999	sp
207.58645918367347	208.00545918367345	144	EVER
208.00545918367345	208.30545918367346	140	ENTER
208.30545918367346	208.50445918367348	205	HERE
208.50445918367348	220.53052947845805	99999	sp
220.53052947845805	220.64952947845802	202	HE
220.64952947845802	220.81952947845804	485	WILL
220.81952947845804	221.318529478458	15	ALLOW
221.318529478458	221.40852947845804	1	A
221.40852947845804	221.457529478458	99999	sp
221.457529478458	221.81752947845803	352	RARE
221.81752947845803	222.176529478458	238	LIE
222.176529478458	234.7750192743764	99999	sp
234.7750192743764	234.8350192743764	99999	sp
234.8350192743764	235.78301927437644	114	CURIOSITY
235.78301927437644	236.0830192743764	20	AND
236.0830192743764	236.30201927437645	99999	sp
236.30201927437645	237.24001927437644	259	MEDIOCRITY
237.24001927437644	237.75901927437644	373	SELDOM
237.75901927437644	237.99801927437642	88888	CO
237.99801927437642	238.56701927437643	88888	EXIST
238.56701927437643	249.4037267573696	99999	sp
249.4037267573696	249.49372675736964	208	HIS
249.49372675736964	249.90272675736963	413	SUDDEN
249.90272675736963	250.49172675736963	117	DEPARTURE
250.49172675736963	250.96072675736963	377	SHOCKED
250.96072675736963	251.02972675736964	99999	sp
251.02972675736964	251.10972675736963	434	THE
251.10972675736963	251.7787267573696	79	CAST
251.7787267573696	266.55701473922903	99999	sp
266.55701473922903	266.78701473922905	375	SHE
266.78701473922905	267.11601473922906	388	SLIPPED
267.11601473922906	267.2260147392291	20	AND
267.2260147392291	267.66501473922904	400	SPRAINED
267.66501473922904	267.844014739229	204	HER
267.844014739229	268.4230147392291	22	ANKLE
268.4230147392291	268.5330147392291	297	ON
268.5330147392291	268.59201473922906	434	THE
268.59201473922906	268.93201473922903	404	STEEP
268.93201473922903	269.281014739229	389	SLOPE
269.281014739229	281.30839795918365	99999	sp
281.30839795918365	281.3383979591836	1	A
281.3383979591836	281.6173979591836	52	BIG
281.6173979591836	281.6773979591836	99999	sp
281.6773979591836	282.00639795918363	185	GOAT
282.00639795918363	282.09639795918366	99999	sp
282.09639795918366	282.6653979591836	214	IDLY
282.6653979591836	283.21439795918366	18	AMBLED
283.21439795918366	283.28439795918365	99999	sp
283.28439795918365	283.5933979591836	444	THROUGH
283.5933979591836	283.6533979591836	434	THE
283.6533979591836	284.4386332869998	152	FARMYARD
284.4386332869998	296.88263832199544	99999	sp
296.88263832199544	297.1416383219954	381	SHOULD
297.1416383219954	297.6506383219954	180	GIRAFFES
297.6506383219954	297.69063832199544	99999	sp
297.69063832199544	297.8406383219954	47	BE
297.8406383219954	298.3696383219954	234	KEPT
298.3696383219954	298.53863832199545	217	IN
298.53863832199545	299.01763832199543	392	SMALL
299.01763832199543	299.5766383219954	498	ZOOS
299.5766383219954	312.4213231292517	99999	sp
312.4213231292517	312.49132312925167	476	WE
312.49132312925167	312.8603231292517	190	GOT
312.8603231292517	313.2793231292517	131	DRENCHED
313.2793231292517	313.4783231292517	166	FROM
313.4783231292517	313.7283231292517	434	THE
313.7283231292517	313.8383231292517	99999	sp
313.8383231292517	314.6363231292517	457	UNINTERRUPTED
314.6363231292517	315.01532312925167	351	RAIN
315.01532312925167	334.958193877551	99999	sp
