35.399010204081634	35.43901020408163	46	B
35.43901020408163	35.52901020408164	16	AY1
35.52901020408164	35.719010204081634	32	IY1
35.719010204081634	35.749010204081635	64	T
35.749010204081635	35.798010204081635	27	IH0
35.798010204081635	35.85801020408164	59	NG
35.85801020408164	36.03801020408163	68	Y
36.03801020408163	36.088010204081634	35	OW1
36.088010204081634	36.16801020408164	51	G
36.16801020408164	36.337010204081636	21	ER0
36.337010204081636	36.42701020408164	64	T
36.42701020408164	36.587010204081636	74	sp
36.587010204081636	36.667010204081635	68	Y
36.667010204081635	36.69601020408163	44	UW1
36.69601020408163	36.79601020408164	57	M
36.79601020408164	36.896010204081634	25	EY1
36.896010204081634	36.996010204081635	52	HH
36.996010204081635	37.106010204081635	4	AE1
37.106010204081635	37.145010204081636	66	V
37.145010204081636	37.215010204081636	74	sp
37.215010204081636	37.31501020408163	68	Y
37.31501020408163	37.35501020408164	44	UW1
37.35501020408164	37.45501020408163	57	M
37.45501020408163	37.67401020408164	25	EY1
37.67401020408164	37.704010204081634	56	L
37.704010204081634	37.78401020408164	28	IH1
37.78401020408164	37.93401020408163	66	V
37.93401020408163	37.96401020408163	56	L
37.96401020408163	38.04301020408164	10	AO1
38.04301020408164	38.16301020408163	59	NG
38.16301020408163	38.19301020408163	51	G
38.19301020408163	38.36301020408163	21	ER0
38.36301020408163	50.427763038548754	74	sp
50.427763038548754	50.46776303854875	49	DH
50.46776303854875	50.51776303854875	31	IY0
50.51776303854875	50.61776303854875	54	K
50.61776303854875	50.77676303854875	1	AA1
50.77676303854875	50.88676303854875	69	Z
50.88676303854875	50.98676303854875	67	W
50.98676303854875	51.22576303854875	26	EY2
51.22576303854875	51.25576303854875	19	EH1
51.25576303854875	51.36576303854875	58	N
51.36576303854875	51.415763038548754	48	D
51.415763038548754	51.485763038548754	6	AH0
51.485763038548754	51.54576303854875	48	D
51.54576303854875	51.58476303854875	6	AH0
51.58476303854875	51.704763038548755	46	B
51.704763038548755	51.79476303854875	61	R
51.79476303854875	51.854763038548754	7	AH1
51.854763038548754	51.90476303854875	60	P
51.90476303854875	51.954763038548755	64	T
51.954763038548755	52.003763038548755	56	L
52.003763038548755	52.16376303854875	31	IY0
52.16376303854875	52.26376303854875	4	AE1
52.26376303854875	52.363763038548754	64	T
52.363763038548754	52.393763038548755	49	DH
52.393763038548755	52.42376303854875	6	AH0
52.42376303854875	52.692763038548755	63	SH
52.692763038548755	52.78276303854875	10	AO1
52.78276303854875	52.82276303854875	61	R
52.82276303854875	65.29569954648525	74	sp
65.29569954648525	65.38569954648526	67	W
65.38569954648526	65.44569954648526	19	EH1
65.44569954648526	65.50569954648526	49	DH
65.50569954648526	65.62469954648526	21	ER0
65.62469954648526	65.74469954648526	60	P
65.74469954648526	65.87469954648526	61	R
65.87469954648526	65.91469954648525	45	UW2
65.91469954648525	66.12369954648526	50	F
66.12369954648526	66.15369954648526	51	G
66.15369954648526	66.20369954648527	6	AH0
66.20369954648527	66.29369954648526	56	L
66.29369954648526	66.42369954648527	1	AA1
66.42369954648527	66.55269954648526	63	SH
66.55269954648526	66.59269954648526	6	AH0
66.59269954648526	66.95169954648526	69	Z
66.95169954648526	67.16169954648527	74	sp
67.16169954648527	67.44069954648526	21	ER0
67.44069954648526	67.53069954648527	74	sp
67.53069954648527	67.58069954648526	66	V
67.58069954648526	67.64069954648525	19	EH1
67.64069954648525	67.70069954648525	61	R
67.70069954648525	67.75069954648527	31	IY0
67.75069954648527	67.87969954648526	68	Y
67.87969954648526	67.90969954648526	44	UW1
67.90969954648526	68.01969954648527	62	S
68.01969954648527	68.10969954648526	50	F
68.10969954648526	68.13969954648526	6	AH0
68.13969954648526	68.22869954648526	56	L
68.22869954648526	68.25869954648526	6	AH0
68.25869954648526	68.39869954648526	58	N
68.39869954648526	68.57869954648527	62	S
68.57869954648527	68.68769954648526	31	IY0
68.68769954648526	68.78769954648527	4	AE1
68.78769954648527	68.84769954648526	64	T
68.84769954648526	68.87769954648526	6	AH0
68.87769954648526	68.92769954648526	56	L
68.92769954648526	81.54603968253969	74	sp
81.54603968253969	81.57603968253969	49	DH
81.57603968253969	81.60603968253969	6	AH0
81.60603968253969	81.79603968253969	62	S
81.79603968253969	81.84603968253968	60	P
81.84603968253968	81.99503968253968	32	IY1
81.99503968253968	82.02503968253968	47	CH
82.02503968253968	82.27503968253968	62	S
82.27503968253968	82.31503968253969	29	IH2
82.31503968253969	82.40403968253969	57	M
82.40403968253969	82.46403968253969	60	P
82.46403968253969	82.58403968253968	35	OW1
82.58403968253968	82.71403968253969	69	Z
82.71403968253969	82.84303968253968	31	IY0
82.84303968253968	82.88303968253969	6	AH0
82.88303968253969	83.02303968253969	57	M
83.02303968253969	83.08303968253969	57	M
83.08303968253969	83.21303968253969	16	AY1
83.21303968253969	83.32203968253968	64	T
83.32203968253968	83.36203968253969	46	B
83.36203968253969	83.42203968253969	27	IH0
83.42203968253969	83.47203968253969	51	G
83.47203968253969	83.61203968253969	28	IH1
83.61203968253969	83.69103968253968	58	N
83.69103968253968	83.75103968253968	1	AA1
83.75103968253968	83.89103968253968	58	N
83.89103968253968	83.93103968253969	57	M
83.93103968253969	84.00103968253968	7	AH1
84.00103968253968	84.10103968253969	58	N
84.10103968253969	84.15003968253968	48	D
84.15003968253968	84.35003968253969	26	EY2
84.35003968253969	98.51764965986395	74	sp
98.51764965986395	98.54764965986395	16	AY1
98.54764965986395	98.63664965986395	48	D
98.63664965986395	98.71664965986395	61	R
98.71664965986395	98.82664965986395	4	AE1
98.82664965986395	98.85664965986395	49	DH
98.85664965986395	98.93664965986395	21	ER0
98.93664965986395	98.99664965986395	58	N
98.99664965986395	99.12564965986394	1	AA1
99.12564965986394	99.21564965986394	64	T
99.21564965986394	99.27564965986394	46	B
99.27564965986394	99.51464965986395	16	AY1
99.51464965986395	99.55464965986394	49	DH
99.55464965986394	99.70464965986395	32	IY1
99.70464965986395	99.74464965986394	69	Z
99.74464965986394	99.95364965986394	63	SH
99.95364965986394	100.28364965986394	44	UW1
100.28364965986394	100.45264965986395	69	Z
100.45264965986395	100.49264965986394	49	DH
100.49264965986394	100.54264965986394	6	AH0
100.54264965986394	100.63264965986394	58	N
100.63264965986394	100.67264965986395	46	B
100.67264965986395	100.84164965986395	31	IY0
100.84164965986395	100.87164965986395	35	OW1
100.87164965986395	101.00164965986394	66	V
101.00164965986394	101.09164965986395	21	ER0
101.09164965986395	101.21164965986395	47	CH
101.21164965986395	101.32064965986395	1	AA1
101.32064965986395	101.49064965986395	61	R
101.49064965986395	101.63064965986395	53	JH
101.63064965986395	101.66064965986395	48	D
101.66064965986395	114.45352267573696	74	sp
114.45352267573696	114.48352267573696	46	B
114.48352267573696	114.60252267573696	32	IY1
114.60252267573696	114.72252267573695	54	K
114.72252267573695	114.82252267573696	19	EH1
114.82252267573696	114.87252267573696	61	R
114.87252267573696	115.01252267573696	50	F
115.01252267573696	115.04152267573696	6	AH0
115.04152267573696	115.12152267573695	56	L
115.12152267573695	115.20152267573695	58	N
115.20152267573695	115.35152267573696	1	AA1
115.35152267573696	115.38152267573696	64	T
115.38152267573696	115.46152267573696	64	T
115.46152267573696	115.49052267573695	6	AH0
115.49052267573695	115.60052267573695	74	sp
115.60052267573695	115.64052267573696	60	P
115.64052267573696	115.68052267573695	56	L
115.68052267573695	115.84052267573696	13	AW1
115.84052267573696	116.02952267573696	35	OW1
116.02952267573696	116.12952267573696	66	V
116.12952267573696	116.20952267573696	21	ER0
116.20952267573696	116.25952267573696	49	DH
116.25952267573696	116.28952267573696	6	AH0
116.28952267573696	116.42852267573696	50	F
116.42852267573696	116.49852267573696	56	L
116.49852267573696	116.65852267573696	13	AW1
116.65852267573696	116.69852267573695	21	ER0
116.69852267573695	116.73852267573696	74	sp
116.73852267573696	116.77852267573697	46	B
116.77852267573697	116.80752267573696	19	EH1
116.80752267573696	116.99752267573696	48	D
116.99752267573696	117.19752267573696	69	Z
117.19752267573696	130.08372675736962	74	sp
130.08372675736962	130.12372675736964	49	DH
130.12372675736964	130.24372675736964	7	AH1
130.24372675736964	130.29372675736963	36	OW2
130.29372675736963	130.38372675736963	66	V
130.38372675736963	130.41272675736963	21	ER0
130.41272675736963	130.5627267573696	67	W
130.5627267573696	130.69272675736963	25	EY1
130.69272675736963	130.73272675736962	64	T
130.73272675736962	130.87172675736963	47	CH
130.87172675736963	130.94172675736962	1	AA1
130.94172675736962	130.97172675736962	61	R
130.97172675736962	131.12172675736963	57	M
131.12172675736963	131.3007267573696	21	ER0
131.3007267573696	131.40072675736963	54	K
131.40072675736963	131.45072675736964	41	UH1
131.45072675736964	131.49072675736963	48	D
131.49072675736963	131.71972675736964	62	S
131.71972675736964	131.79972675736963	56	L
131.79972675736963	131.86972675736962	28	IH1
131.86972675736962	131.9397267573696	60	P
131.9397267573696	132.04972675736963	74	sp
132.04972675736963	132.08972675736962	60	P
132.08972675736962	132.18872675736964	38	OY1
132.18872675736964	132.37872675736963	69	Z
132.37872675736963	132.4087267573696	6	AH0
132.4087267573696	132.5287267573696	58	N
132.5287267573696	132.58772675736964	28	IH1
132.58772675736964	132.66772675736962	58	N
132.66772675736962	132.8077267573696	64	T
132.8077267573696	132.97772675736962	43	UW0
132.97772675736962	133.00772675736962	19	EH1
133.00772675736962	133.06672675736962	58	N
133.06672675736962	133.19672675736962	31	IY0
133.19672675736962	133.25672675736962	67	W
133.25672675736962	133.28672675736962	8	AH2
133.28672675736962	133.37672675736962	58	N
133.37672675736962	133.6057267573696	69	Z
133.6057267573696	133.63572675736964	64	T
133.63572675736964	133.74572675736962	32	IY1
133.74572675736962	145.40200340136056	74	sp
145.40200340136056	145.43200340136053	49	DH
145.43200340136053	145.46200340136056	6	AH0
145.46200340136056	145.52200340136056	4	AE1
145.52200340136056	145.65200340136056	59	NG
145.65200340136056	145.68200340136053	51	G
145.68200340136053	145.71200340136056	61	R
145.71200340136056	145.82100340136054	31	IY0
145.82100340136054	145.89100340136054	46	B
145.89100340136054	146.08100340136053	38	OY1
146.08100340136053	146.30000340136053	4	AE1
146.30000340136053	146.33000340136056	58	N
146.33000340136056	146.49000340136053	62	S
146.49000340136053	146.68900340136054	21	ER0
146.68900340136054	146.74900340136054	48	D
146.74900340136054	146.7790034013605	46	B
146.7790034013605	146.83900340136051	7	AH1
146.83900340136051	146.91900340136056	64	T
146.91900340136056	146.9690034013605	48	D
146.9690034013605	147.01900340136052	28	IH1
147.01900340136052	147.04900340136055	48	D
147.04900340136055	147.07900340136052	6	AH0
147.07900340136052	147.29800340136052	58	N
147.29800340136052	147.32800340136055	56	L
147.32800340136055	147.35800340136052	41	UH1
147.35800340136052	147.46800340136053	54	K
147.46800340136053	147.64700340136056	7	AH1
147.64700340136056	147.68700340136053	60	P
147.68700340136053	161.03792176870746	74	sp
161.03792176870746	161.08792176870747	67	W
161.08792176870747	161.11792176870745	28	IH1
161.11792176870745	161.29792176870745	47	CH
161.29792176870745	161.32692176870745	56	L
161.32692176870745	161.5269217687075	10	AO1
161.5269217687075	161.60692176870748	59	NG
161.60692176870748	161.73692176870748	1	AA1
161.73692176870748	161.76592176870747	61	R
161.76592176870747	161.79592176870744	64	T
161.79592176870744	161.85592176870745	6	AH0
161.85592176870745	161.9859217687075	54	K
161.9859217687075	162.01592176870747	6	AH0
162.01592176870747	162.21492176870748	56	L
162.21492176870748	162.2649217687075	67	W
162.2649217687075	162.31492176870745	6	AH0
162.31492176870745	162.41492176870747	69	Z
162.41492176870747	162.47492176870747	34	OW0
162.47492176870747	162.63392176870747	60	P
162.63392176870747	162.82392176870746	25	EY1
162.82392176870746	162.87392176870748	54	K
162.87392176870748	163.11292176870745	74	sp
163.11292176870745	163.14292176870748	6	AH0
163.14292176870748	163.17292176870745	58	N
163.17292176870745	163.20292176870748	48	D
163.20292176870748	163.27292176870748	58	N
163.27292176870748	163.56192176870746	32	IY1
163.56192176870746	163.6519217687075	48	D
163.6519217687075	163.68192176870747	6	AH0
163.68192176870747	163.7119217687075	48	D
163.7119217687075	163.74192176870747	54	K
163.74192176870747	163.77192176870744	56	L
163.77192176870744	163.82192176870745	20	EH2
163.82192176870745	163.9019217687075	61	R
163.9019217687075	163.93192176870747	6	AH0
163.93192176870747	164.01092176870748	50	F
164.01092176870748	164.0509217687075	27	IH0
164.0509217687075	164.1809217687075	54	K
164.1809217687075	164.25092176870749	25	EY1
164.25092176870749	164.3999217687075	63	SH
164.3999217687075	164.42992176870746	6	AH0
164.42992176870746	164.47992176870747	58	N
164.47992176870747	174.78667460317462	74	sp
174.78667460317462	174.8256746031746	52	HH
174.8256746031746	174.87567460317462	19	EH1
174.87567460317462	174.99567460317462	56	L
174.99567460317462	175.0256746031746	60	P
175.0256746031746	175.2156746031746	62	S
175.2156746031746	175.24567460317462	19	EH1
175.24567460317462	175.37467460317458	56	L
175.37467460317458	175.4046746031746	6	AH0
175.4046746031746	175.44467460317458	46	B
175.44467460317458	175.52467460317462	61	R
175.52467460317462	175.64467460317462	26	EY2
175.64467460317462	175.7036746031746	64	T
175.7036746031746	175.7636746031746	68	Y
175.7636746031746	175.79367460317462	41	UH1
175.79367460317462	175.8236746031746	61	R
175.8236746031746	175.8936746031746	46	B
175.8936746031746	175.97367460317457	61	R
175.97367460317457	176.0636746031746	7	AH1
176.0636746031746	176.09367460317458	49	DH
176.09367460317458	176.1236746031746	21	ER0
176.1236746031746	176.17267460317458	69	Z
176.17267460317458	176.30267460317458	62	S
176.30267460317458	176.3426746031746	6	AH0
176.3426746031746	176.37267460317457	54	K
176.37267460317457	176.51267460317462	62	S
176.51267460317462	176.6316746031746	19	EH1
176.6316746031746	176.8816746031746	62	S
176.8816746031746	189.94667460317459	74	sp
189.94667460317459	189.97667460317462	67	W
189.97667460317462	190.0066746031746	6	AH0
190.0066746031746	190.03667460317462	56	L
190.03667460317462	190.1166746031746	68	Y
190.1166746031746	190.1866746031746	44	UW1
190.1866746031746	190.28667460317462	60	P
190.28667460317462	190.3156746031746	56	L
190.3156746031746	190.36567460317463	32	IY1
190.36567460317463	190.54567460317463	69	Z
190.54567460317463	190.5756746031746	54	K
190.5756746031746	190.60567460317463	6	AH0
190.60567460317463	190.68567460317462	58	N
190.68567460317462	190.7946746031746	50	F
190.7946746031746	190.83467460317462	22	ER1
190.83467460317462	191.0546746031746	57	M
191.0546746031746	191.1146746031746	51	G
191.1146746031746	191.1546746031746	7	AH1
191.1546746031746	191.2536746031746	66	V
191.2536746031746	191.28367460317463	21	ER0
191.28367460317463	191.3936746031746	57	M
191.3936746031746	191.4336746031746	6	AH0
191.4336746031746	191.46367460317458	58	N
191.46367460317458	191.5036746031746	64	T
191.5036746031746	191.59367460317463	74	sp
191.59367460317463	191.62267460317463	60	P
191.62267460317463	191.6626746031746	1	AA1
191.6626746031746	191.80267460317458	56	L
191.80267460317458	191.8326746031746	6	AH0
191.8326746031746	191.9826746031746	62	S
191.9826746031746	192.1316746031746	31	IY0
192.1316746031746	192.22167460317462	61	R
192.22167460317462	192.2516746031746	6	AH0
192.2516746031746	192.3116746031746	51	G
192.3116746031746	192.3816746031746	1	AA1
192.3816746031746	192.4416746031746	61	R
192.4416746031746	192.47167460317462	48	D
192.47167460317462	192.5106746031746	27	IH0
192.5106746031746	192.6406746031746	59	NG
192.6406746031746	192.7106746031746	67	W
192.7106746031746	192.7606746031746	25	EY1
192.7606746031746	192.91067460317458	62	S
192.91067460317458	192.93967460317458	64	T
192.93967460317458	192.9896746031746	74	sp
192.9896746031746	193.01967460317462	61	R
193.01967460317462	193.0496746031746	6	AH0
193.0496746031746	193.14967460317462	57	M
193.14967460317462	193.24967460317458	44	UW1
193.24967460317458	193.2796746031746	66	V
193.2796746031746	193.30967460317459	6	AH0
193.30967460317459	193.3696746031746	56	L
193.3696746031746	205.36145918367345	74	sp
205.36145918367345	205.40145918367347	49	DH
205.40145918367347	205.47145918367346	25	EY1
205.47145918367346	205.51145918367348	6	AH0
205.51145918367348	205.70145918367348	62	S
205.70145918367348	205.79045918367348	44	UW1
205.79045918367348	205.83045918367344	57	M
205.83045918367344	205.95045918367344	58	N
205.95045918367344	206.06045918367346	35	OW1
206.06045918367346	206.16045918367348	46	B
206.16045918367348	206.28945918367344	22	ER1
206.28945918367344	206.36945918367343	51	G
206.36945918367343	206.45945918367346	56	L
206.45945918367346	206.79845918367346	21	ER0
206.79845918367346	207.02845918367348	74	sp
207.02845918367348	207.15745918367344	67	W
207.15745918367344	207.22745918367343	6	AH0
207.22745918367343	207.42745918367348	56	L
207.42745918367348	207.58645918367347	74	sp
207.58645918367347	207.66645918367345	19	EH1
207.66645918367345	207.76645918367348	66	V
207.76645918367348	208.00545918367345	21	ER0
208.00545918367345	208.03545918367348	19	EH1
208.03545918367348	208.08545918367344	58	N
208.08545918367344	208.27545918367343	64	T
208.27545918367343	208.30545918367346	21	ER0
208.30545918367346	208.37545918367346	52	HH
208.37545918367346	208.47445918367345	28	IH1
208.47445918367345	208.50445918367348	61	R
208.50445918367348	220.53052947845805	74	sp
220.53052947845805	220.56952947845804	52	HH
220.56952947845804	220.64952947845802	32	IY1
220.64952947845802	220.70952947845802	67	W
220.70952947845802	220.73952947845805	6	AH0
220.73952947845805	220.81952947845804	56	L
220.81952947845804	220.849529478458	6	AH0
220.849529478458	220.979529478458	56	L
220.979529478458	221.318529478458	13	AW1
221.318529478458	221.40852947845804	25	EY1
221.40852947845804	221.457529478458	74	sp
221.457529478458	221.55752947845804	61	R
221.55752947845804	221.65752947845806	19	EH1
221.65752947845806	221.81752947845803	61	R
221.81752947845803	221.926529478458	56	L
221.926529478458	222.176529478458	16	AY1
222.176529478458	234.7750192743764	74	sp
234.7750192743764	234.8350192743764	74	sp
234.8350192743764	234.86501927437644	54	K
234.86501927437644	234.9050192743764	68	Y
234.9050192743764	234.94501927437642	42	UH2
234.94501927437642	235.00501927437642	61	R
235.00501927437642	235.12501927437643	31	IY0
235.12501927437643	235.2340192743764	1	AA1
235.2340192743764	235.38401927437644	62	S
235.38401927437644	235.4240192743764	6	AH0
235.4240192743764	235.46401927437643	64	T
235.46401927437643	235.78301927437644	31	IY0
235.78301927437644	235.84301927437645	6	AH0
235.84301927437645	236.03301927437644	58	N
236.03301927437644	236.0830192743764	48	D
236.0830192743764	236.30201927437645	74	sp
236.30201927437645	236.4120192743764	57	M
236.4120192743764	236.44201927437643	33	IY2
236.44201927437643	236.52201927437642	48	D
236.52201927437642	236.64101927437645	31	IY0
236.64101927437645	236.78101927437643	1	AA1
236.78101927437643	236.92101927437642	54	K
236.92101927437642	236.96101927437644	61	R
236.96101927437644	236.99001927437644	6	AH0
236.99001927437644	237.0300192743764	64	T
237.0300192743764	237.24001927437644	31	IY0
237.24001927437644	237.4190192743764	62	S
237.4190192743764	237.45901927437643	19	EH1
237.45901927437643	237.53901927437641	56	L
237.53901927437641	237.59901927437642	48	D
237.59901927437642	237.62901927437645	6	AH0
237.62901927437645	237.75901927437644	57	M
237.75901927437644	237.85801927437643	54	K
237.85801927437643	237.99801927437642	35	OW1
237.99801927437642	238.02801927437645	27	IH0
238.02801927437645	238.05801927437642	51	G
238.05801927437642	238.16801927437643	69	Z
238.16801927437643	238.24801927437642	28	IH1
238.24801927437642	238.5370192743764	62	S
238.5370192743764	238.56701927437643	64	T
238.56701927437643	249.4037267573696	74	sp
249.4037267573696	249.43372675736964	52	HH
249.43372675736964	249.4637267573696	6	AH0
249.4637267573696	249.49372675736964	69	Z
249.49372675736964	249.68372675736964	62	S
249.68372675736964	249.78272675736963	7	AH1
249.78272675736963	249.8127267573696	48	D
249.8127267573696	249.84272675736963	6	AH0
249.84272675736963	249.90272675736963	58	N
249.90272675736963	249.94272675736966	48	D
249.94272675736966	249.9927267573696	6	AH0
249.9927267573696	250.11272675736961	60	P
250.11272675736961	250.16172675736965	1	AA1
250.16172675736965	250.2717267573696	61	R
250.2717267573696	250.4017267573696	47	CH
250.4017267573696	250.49172675736963	21	ER0
250.49172675736963	250.6707267573696	63	SH
250.6707267573696	250.81072675736965	1	AA1
250.81072675736965	250.90072675736963	54	K
250.90072675736963	250.96072675736963	64	T
250.96072675736963	251.02972675736964	74	sp
251.02972675736964	251.05972675736962	49	DH
251.05972675736962	251.10972675736963	31	IY0
251.10972675736963	251.23972675736962	54	K
251.23972675736962	251.48872675736965	4	AE1
251.48872675736965	251.74872675736964	62	S
251.74872675736964	251.7787267573696	64	T
251.7787267573696	266.55701473922903	74	sp
266.55701473922903	266.71701473922906	63	SH
266.71701473922906	266.78701473922905	32	IY1
266.78701473922905	266.926014739229	62	S
266.926014739229	266.95601473922903	56	L
266.95601473922903	267.00601473922904	28	IH1
267.00601473922904	267.0860147392291	60	P
267.0860147392291	267.11601473922906	64	T
267.11601473922906	267.156014739229	6	AH0
267.156014739229	267.19601473922904	58	N
267.19601473922904	267.2260147392291	48	D
267.2260147392291	267.33501473922905	62	S
267.33501473922905	267.39501473922905	60	P
267.39501473922905	267.46501473922905	61	R
267.46501473922905	267.555014739229	25	EY1
267.555014739229	267.60501473922903	58	N
267.60501473922903	267.66501473922904	48	D
267.66501473922904	267.704014739229	52	HH
267.704014739229	267.844014739229	21	ER0
267.844014739229	267.8840147392291	4	AE1
267.8840147392291	268.04401473922906	59	NG
268.04401473922906	268.094014739229	54	K
268.094014739229	268.12401473922904	6	AH0
268.12401473922904	268.4230147392291	56	L
268.4230147392291	268.45301473922905	1	AA1
268.45301473922905	268.5330147392291	58	N
268.5330147392291	268.56301473922906	49	DH
268.56301473922906	268.59201473922906	6	AH0
268.59201473922906	268.71201473922906	62	S
268.71201473922906	268.772014739229	64	T
268.772014739229	268.882014739229	32	IY1
268.882014739229	268.93201473922903	60	P
268.93201473922903	269.11101473922906	62	S
269.11101473922906	269.171014739229	56	L
269.171014739229	269.2110147392291	35	OW1
269.2110147392291	269.281014739229	60	P
269.281014739229	281.30839795918365	74	sp
281.30839795918365	281.3383979591836	6	AH0
281.3383979591836	281.38839795918364	46	B
281.38839795918364	281.4583979591836	28	IH1
281.4583979591836	281.6173979591836	51	G
281.6173979591836	281.6773979591836	74	sp
281.6773979591836	281.76739795918365	51	G
281.76739795918365	281.8073979591836	35	OW1
281.8073979591836	282.00639795918363	64	T
282.00639795918363	282.09639795918366	74	sp
282.09639795918366	282.28639795918366	16	AY1
282.28639795918366	282.4253979591836	48	D
282.4253979591836	282.45539795918364	56	L
282.45539795918364	282.6653979591836	31	IY0
282.6653979591836	282.83539795918364	4	AE1
282.83539795918364	282.91439795918365	57	M
282.91439795918365	282.95439795918367	46	B
282.95439795918367	282.98439795918364	6	AH0
282.98439795918364	283.14439795918366	56	L
283.14439795918366	283.21439795918366	48	D
283.21439795918366	283.28439795918365	74	sp
283.28439795918365	283.39339795918363	65	TH
283.39339795918363	283.42339795918366	61	R
283.42339795918366	283.5933979591836	44	UW1
283.5933979591836	283.62339795918365	49	DH
283.62339795918365	283.6533979591836	6	AH0
283.6533979591836	283.82239795918366	50	F
283.82239795918366	283.95239795918366	1	AA1
283.95239795918366	283.98239795918363	61	R
283.98239795918363	284.0623979591836	57	M
284.0623979591836	284.1223979591836	68	Y
284.1223979591836	284.15239795918365	2	AA2
284.15239795918365	284.18139795918364	61	R
284.18139795918364	284.4386332869998	48	D
284.4386332869998	296.88263832199544	74	sp
296.88263832199544	297.0426383219954	63	SH
297.0426383219954	297.0716383219954	41	UH1
297.0716383219954	297.1416383219954	48	D
297.1416383219954	297.23163832199543	53	JH
297.23163832199543	297.3116383219954	21	ER0
297.3116383219954	297.5206383219954	4	AE1
297.5206383219954	297.55063832199545	50	F
297.55063832199545	297.6506383219954	62	S
297.6506383219954	297.69063832199544	74	sp
297.69063832199544	297.7206383219954	46	B
297.7206383219954	297.8406383219954	31	IY0
297.8406383219954	297.9996383219954	54	K
297.9996383219954	298.15963832199543	19	EH1
298.15963832199543	298.1896383219954	60	P
298.1896383219954	298.3696383219954	64	T
298.3696383219954	298.3986383219954	28	IH1
298.3986383219954	298.53863832199545	58	N
298.53863832199545	298.71863832199546	62	S
298.71863832199546	298.74863832199543	57	M
298.74863832199543	298.88763832199544	10	AO1
298.88763832199544	299.01763832199543	56	L
299.01763832199543	299.18763832199545	69	Z
299.18763832199545	299.3766383219954	44	UW1
299.3766383219954	299.5766383219954	69	Z
299.5766383219954	312.4213231292517	74	sp
312.4213231292517	312.4513231292517	67	W
312.4513231292517	312.49132312925167	32	IY1
312.49132312925167	312.56132312925166	51	G
312.56132312925166	312.65032312925166	1	AA1
312.65032312925166	312.8603231292517	64	T
312.8603231292517	312.89032312925167	48	D
312.89032312925167	312.9203231292517	61	R
312.9203231292517	312.9903231292517	19	EH1
312.9903231292517	313.02032312925166	58	N
313.02032312925166	313.2493231292517	47	CH
313.2493231292517	313.2793231292517	64	T
313.2793231292517	313.35932312925166	50	F
313.35932312925166	313.3993231292517	21	ER0
313.3993231292517	313.4783231292517	57	M
313.4783231292517	313.5283231292517	49	DH
313.5283231292517	313.7283231292517	31	IY0
313.7283231292517	313.8383231292517	74	sp
313.8383231292517	313.8683231292517	8	AH2
313.8683231292517	313.9273231292517	58	N
313.9273231292517	313.9573231292517	29	IH2
313.9573231292517	314.0473231292517	58	N
314.0473231292517	314.1473231292517	64	T
314.1473231292517	314.2473231292517	21	ER0
314.2473231292517	314.3373231292517	7	AH1
314.3373231292517	314.36632312925167	60	P
314.36632312925167	314.4463231292517	64	T
314.4463231292517	314.4863231292517	6	AH0
314.4863231292517	314.6363231292517	48	D
314.6363231292517	314.7363231292517	61	R
314.7363231292517	314.9753231292517	25	EY1
314.9753231292517	315.01532312925167	58	N
315.01532312925167	334.958193877551	74	sp
334.958193877551	334.99819387755105	46	B
334.99819387755105	335.088193877551	16	AY1
335.088193877551	335.278193877551	32	IY1
335.278193877551	335.30819387755105	64	T
335.30819387755105	335.357193877551	27	IH0
335.357193877551	335.41719387755103	59	NG
335.41719387755103	335.59719387755104	68	Y
335.59719387755104	335.64719387755105	35	OW1
335.64719387755105	335.72719387755103	51	G
335.72719387755103	335.896193877551	21	ER0
335.896193877551	335.98619387755105	64	T
335.98619387755105	336.146193877551	74	sp
336.146193877551	336.226193877551	68	Y
336.226193877551	336.25519387755105	44	UW1
336.25519387755105	336.355193877551	57	M
336.355193877551	336.45519387755104	25	EY1
336.45519387755104	336.555193877551	52	HH
336.555193877551	336.665193877551	4	AE1
336.665193877551	336.704193877551	66	V
336.704193877551	336.774193877551	74	sp
336.774193877551	336.874193877551	68	Y
336.874193877551	336.91419387755104	44	UW1
336.91419387755104	337.014193877551	57	M
337.014193877551	337.233193877551	25	EY1
337.233193877551	337.26319387755103	56	L
337.26319387755103	337.343193877551	28	IH1
337.343193877551	337.493193877551	66	V
337.493193877551	337.523193877551	56	L
337.523193877551	337.60219387755103	10	AO1
337.60219387755103	337.72219387755104	59	NG
337.72219387755104	337.752193877551	51	G
337.752193877551	337.922193877551	21	ER0
337.922193877551	350.53415759637187	74	sp
350.53415759637187	350.5741575963719	49	DH
350.5741575963719	350.6241575963719	31	IY0
350.6241575963719	350.72415759637187	54	K
350.72415759637187	350.88315759637186	1	AA1
350.88315759637186	350.9931575963719	69	Z
350.9931575963719	351.0931575963719	67	W
351.0931575963719	351.33215759637187	26	EY2
351.33215759637187	351.3621575963719	19	EH1
351.3621575963719	351.47215759637186	58	N
351.47215759637186	351.52215759637187	48	D
351.52215759637187	351.59215759637186	6	AH0
351.59215759637186	351.65215759637186	48	D
351.65215759637186	351.6911575963719	6	AH0
351.6911575963719	351.8111575963719	46	B
351.8111575963719	351.9011575963719	61	R
351.9011575963719	351.9611575963719	7	AH1
351.9611575963719	352.0111575963719	60	P
352.0111575963719	352.0611575963719	64	T
352.0611575963719	352.1101575963719	56	L
352.1101575963719	352.27015759637186	31	IY0
352.27015759637186	352.3701575963719	4	AE1
352.3701575963719	352.4701575963719	64	T
352.4701575963719	352.5001575963719	49	DH
352.5001575963719	352.53015759637185	6	AH0
352.53015759637185	352.79915759637186	63	SH
352.79915759637186	352.8891575963719	10	AO1
352.8891575963719	352.92915759637185	61	R
352.92915759637185	365.43910090702946	74	sp
365.43910090702946	365.46910090702943	49	DH
365.46910090702943	365.49910090702946	6	AH0
365.49910090702946	365.55910090702946	4	AE1
365.55910090702946	365.68910090702946	59	NG
365.68910090702946	365.71910090702943	51	G
365.71910090702943	365.74910090702946	61	R
365.74910090702946	365.85810090702944	31	IY0
365.85810090702944	365.9281009070295	46	B
365.9281009070295	366.11810090702943	38	OY1
366.11810090702943	366.3371009070295	4	AE1
366.3371009070295	366.36710090702945	58	N
366.36710090702945	366.5271009070294	62	S
366.5271009070294	366.7261009070295	21	ER0
366.7261009070295	366.78610090702944	48	D
366.78610090702944	366.8161009070294	46	B
366.8161009070294	366.87610090702947	7	AH1
366.87610090702947	366.95610090702945	64	T
366.95610090702945	367.00610090702946	48	D
367.00610090702946	367.0561009070294	28	IH1
367.0561009070294	367.08610090702945	48	D
367.08610090702945	367.1161009070295	6	AH0
367.1161009070295	367.3351009070294	58	N
367.3351009070294	367.36510090702944	56	L
367.36510090702944	367.3951009070295	41	UH1
367.3951009070295	367.5051009070295	54	K
367.5051009070295	367.68410090702946	7	AH1
367.68410090702946	367.7241009070294	60	P
367.7241009070294	381.0037267573696	74	sp
381.0037267573696	381.03372675736955	52	HH
381.03372675736955	381.0637267573696	6	AH0
381.0637267573696	381.0937267573696	69	Z
381.0937267573696	381.28372675736955	62	S
381.28372675736955	381.3827267573696	7	AH1
381.3827267573696	381.41272675736957	48	D
381.41272675736957	381.44272675736954	6	AH0
381.44272675736954	381.5027267573696	58	N
381.5027267573696	381.54272675736956	48	D
381.54272675736956	381.5927267573696	6	AH0
381.5927267573696	381.7127267573696	60	P
381.7127267573696	381.7617267573696	1	AA1
381.7617267573696	381.8717267573696	61	R
381.8717267573696	382.00172675736957	47	CH
382.00172675736957	382.09172675736954	21	ER0
382.09172675736954	382.2707267573696	63	SH
382.2707267573696	382.4107267573696	1	AA1
382.4107267573696	382.5007267573696	54	K
382.5007267573696	382.5607267573696	64	T
382.5607267573696	382.62972675736955	74	sp
382.62972675736955	382.6597267573696	49	DH
382.6597267573696	382.7097267573696	31	IY0
382.7097267573696	382.8397267573696	54	K
382.8397267573696	383.0887267573696	4	AE1
383.0887267573696	383.3487267573696	62	S
383.3487267573696	383.3787267573696	64	T
383.3787267573696	396.1142936507936	74	sp
396.1142936507936	396.14429365079366	67	W
396.14429365079366	396.17429365079363	6	AH0
396.17429365079363	396.2042936507936	56	L
396.2042936507936	396.28429365079364	68	Y
396.28429365079364	396.35429365079364	44	UW1
396.35429365079364	396.4542936507936	60	P
396.4542936507936	396.4832936507936	56	L
396.4832936507936	396.53329365079367	32	IY1
396.53329365079367	396.7132936507936	69	Z
396.7132936507936	396.74329365079365	54	K
396.74329365079365	396.7732936507937	6	AH0
396.7732936507937	396.8532936507936	58	N
396.8532936507936	396.96229365079364	50	F
396.96229365079364	397.0022936507936	22	ER1
397.0022936507936	397.22229365079363	57	M
397.22229365079363	397.28229365079363	51	G
397.28229365079363	397.32229365079365	7	AH1
397.32229365079365	397.42129365079364	66	V
397.42129365079364	397.4512936507937	21	ER0
397.4512936507937	397.56129365079363	57	M
397.56129365079363	397.60129365079365	6	AH0
397.60129365079365	397.6312936507936	58	N
397.6312936507936	397.67129365079364	64	T
397.67129365079364	397.7612936507936	74	sp
397.7612936507936	397.7902936507936	60	P
397.7902936507936	397.83029365079364	1	AA1
397.83029365079364	397.9702936507936	56	L
397.9702936507936	398.00029365079365	6	AH0
398.00029365079365	398.1502936507936	62	S
398.1502936507936	398.29929365079363	31	IY0
398.29929365079363	398.38929365079366	61	R
398.38929365079366	398.41929365079363	6	AH0
398.41929365079363	398.47929365079364	51	G
398.47929365079364	398.54929365079363	1	AA1
398.54929365079363	398.60929365079363	61	R
398.60929365079363	398.63929365079366	48	D
398.63929365079366	398.67829365079365	27	IH0
398.67829365079365	398.80829365079364	59	NG
398.80829365079364	398.87829365079364	67	W
398.87829365079364	398.92829365079365	25	EY1
398.92829365079365	399.0782936507936	62	S
399.0782936507936	399.1072936507936	64	T
399.1072936507936	399.15729365079363	74	sp
399.15729365079363	399.18729365079366	61	R
399.18729365079366	399.21729365079364	6	AH0
399.21729365079364	399.31729365079366	57	M
399.31729365079366	399.4172936507936	44	UW1
399.4172936507936	399.44729365079365	66	V
399.44729365079365	399.4772936507936	6	AH0
399.4772936507936	399.53729365079363	56	L
399.53729365079363	412.1675362811792	74	sp
412.1675362811792	412.19753628117917	49	DH
412.19753628117917	412.22753628117914	6	AH0
412.22753628117914	412.4175362811792	62	S
412.4175362811792	412.46753628117915	60	P
412.46753628117915	412.61653628117915	32	IY1
412.61653628117915	412.6465362811792	47	CH
412.6465362811792	412.8965362811792	62	S
412.8965362811792	412.9365362811792	29	IH2
412.9365362811792	413.02553628117914	57	M
413.02553628117914	413.0855362811792	60	P
413.0855362811792	413.20553628117915	35	OW1
413.20553628117915	413.3355362811792	69	Z
413.3355362811792	413.46453628117916	31	IY0
413.46453628117916	413.5045362811792	6	AH0
413.5045362811792	413.64453628117917	57	M
413.64453628117917	413.7045362811792	57	M
413.7045362811792	413.83453628117917	16	AY1
413.83453628117917	413.94353628117915	64	T
413.94353628117915	413.98353628117917	46	B
413.98353628117917	414.0435362811792	27	IH0
414.0435362811792	414.0935362811792	51	G
414.0935362811792	414.23353628117917	28	IH1
414.23353628117917	414.3125362811792	58	N
414.3125362811792	414.3725362811792	1	AA1
414.3725362811792	414.51253628117917	58	N
414.51253628117917	414.5525362811792	57	M
414.5525362811792	414.6225362811792	7	AH1
414.6225362811792	414.72253628117915	58	N
414.72253628117915	414.7715362811792	48	D
414.7715362811792	414.97153628117917	26	EY2
414.97153628117917	426.99746825396824	74	sp
426.99746825396824	427.02746825396827	67	W
427.02746825396827	427.06746825396823	32	IY1
427.06746825396823	427.1374682539682	51	G
427.1374682539682	427.2264682539682	1	AA1
427.2264682539682	427.43646825396826	64	T
427.43646825396826	427.46646825396823	48	D
427.46646825396823	427.49646825396826	61	R
427.49646825396826	427.56646825396825	19	EH1
427.56646825396825	427.5964682539682	58	N
427.5964682539682	427.82546825396827	47	CH
427.82546825396827	427.85546825396824	64	T
427.85546825396824	427.9354682539682	50	F
427.9354682539682	427.97546825396824	21	ER0
427.97546825396824	428.05446825396825	57	M
428.05446825396825	428.10446825396826	49	DH
428.10446825396826	428.30446825396825	31	IY0
428.30446825396825	428.41446825396827	74	sp
428.41446825396827	428.44446825396824	8	AH2
428.44446825396824	428.50346825396826	58	N
428.50346825396826	428.53346825396824	29	IH2
428.53346825396824	428.62346825396827	58	N
428.62346825396827	428.72346825396824	64	T
428.72346825396824	428.82346825396826	21	ER0
428.82346825396826	428.91346825396823	7	AH1
428.91346825396823	428.94246825396823	60	P
428.94246825396823	429.02246825396827	64	T
429.02246825396827	429.06246825396823	6	AH0
429.06246825396823	429.21246825396827	48	D
429.21246825396827	429.31246825396823	61	R
429.31246825396823	429.55146825396827	25	EY1
429.55146825396827	429.59146825396823	58	N
429.59146825396823	443.08241156462583	74	sp
443.08241156462583	443.14241156462583	74	sp
443.14241156462583	443.1724115646258	54	K
443.1724115646258	443.2124115646258	68	Y
443.2124115646258	443.25241156462585	42	UH2
443.25241156462585	443.3124115646258	61	R
443.3124115646258	443.4324115646258	31	IY0
443.4324115646258	443.54141156462583	1	AA1
443.54141156462583	443.6914115646258	62	S
443.6914115646258	443.73141156462583	6	AH0
443.73141156462583	443.77141156462585	64	T
443.77141156462585	444.0904115646258	31	IY0
444.0904115646258	444.15041156462587	6	AH0
444.15041156462587	444.3404115646258	58	N
444.3404115646258	444.3904115646258	48	D
444.3904115646258	444.6094115646258	74	sp
444.6094115646258	444.71941156462583	57	M
444.71941156462583	444.7494115646258	33	IY2
444.7494115646258	444.82941156462584	48	D
444.82941156462584	444.94841156462587	31	IY0
444.94841156462587	445.08841156462586	1	AA1
445.08841156462586	445.22841156462584	54	K
445.22841156462584	445.2684115646258	61	R
445.2684115646258	445.2974115646258	6	AH0
445.2974115646258	445.3374115646258	64	T
445.3374115646258	445.5474115646258	31	IY0
445.5474115646258	445.72641156462583	62	S
445.72641156462583	445.76641156462586	19	EH1
445.76641156462586	445.84641156462584	56	L
445.84641156462584	445.90641156462584	48	D
445.90641156462584	445.9364115646258	6	AH0
445.9364115646258	446.0664115646258	57	M
446.0664115646258	446.16541156462586	54	K
446.16541156462586	446.30541156462584	35	OW1
446.30541156462584	446.3354115646258	27	IH0
446.3354115646258	446.36541156462584	51	G
446.36541156462584	446.4754115646258	69	Z
446.4754115646258	446.55541156462584	28	IH1
446.55541156462584	446.84441156462583	62	S
446.84441156462583	446.8744115646258	64	T
446.8744115646258	459.39166326530614	74	sp
459.39166326530614	459.4216632653061	16	AY1
459.4216632653061	459.5106632653061	48	D
459.5106632653061	459.59066326530615	61	R
459.59066326530615	459.7006632653061	4	AE1
459.7006632653061	459.73066326530613	49	DH
459.73066326530613	459.8106632653061	21	ER0
459.8106632653061	459.8706632653061	58	N
459.8706632653061	459.99966326530614	1	AA1
459.99966326530614	460.0896632653061	64	T
460.0896632653061	460.1496632653061	46	B
460.1496632653061	460.38866326530615	16	AY1
460.38866326530615	460.4286632653061	49	DH
460.4286632653061	460.5786632653061	32	IY1
460.5786632653061	460.6186632653061	69	Z
460.6186632653061	460.8276632653061	63	SH
460.8276632653061	461.1576632653061	44	UW1
461.1576632653061	461.32666326530614	69	Z
461.32666326530614	461.3666632653061	49	DH
461.3666632653061	461.4166632653061	6	AH0
461.4166632653061	461.5066632653061	58	N
461.5066632653061	461.5466632653061	46	B
461.5466632653061	461.71566326530615	31	IY0
461.71566326530615	461.7456632653061	35	OW1
461.7456632653061	461.8756632653061	66	V
461.8756632653061	461.96566326530615	21	ER0
461.96566326530615	462.08566326530615	47	CH
462.08566326530615	462.19466326530613	1	AA1
462.19466326530613	462.36466326530615	61	R
462.36466326530615	462.50466326530614	53	JH
462.50466326530614	462.5346632653061	48	D
462.5346632653061	475.73769501133785	74	sp
475.73769501133785	475.8276950113378	67	W
475.8276950113378	475.8876950113378	19	EH1
475.8876950113378	475.9476950113378	49	DH
475.9476950113378	476.06669501133786	21	ER0
476.06669501133786	476.18669501133786	60	P
476.18669501133786	476.31669501133786	61	R
476.31669501133786	476.3566950113378	45	UW2
476.3566950113378	476.5656950113379	50	F
476.5656950113379	476.59569501133785	51	G
476.59569501133785	476.64569501133786	6	AH0
476.64569501133786	476.73569501133784	56	L
476.73569501133784	476.86569501133783	1	AA1
476.86569501133783	476.99469501133785	63	SH
476.99469501133785	477.0346950113379	6	AH0
477.0346950113379	477.39369501133785	69	Z
477.39369501133785	477.60369501133783	74	sp
477.60369501133783	477.88269501133783	21	ER0
477.88269501133783	477.97269501133786	74	sp
477.97269501133786	478.0226950113379	66	V
478.0226950113379	478.0826950113378	19	EH1
478.0826950113378	478.1426950113379	61	R
478.1426950113379	478.19269501133783	31	IY0
478.19269501133783	478.32169501133785	68	Y
478.32169501133785	478.3516950113378	44	UW1
478.3516950113378	478.46169501133784	62	S
478.46169501133784	478.55169501133787	50	F
478.55169501133787	478.58169501133784	6	AH0
478.58169501133784	478.67069501133784	56	L
478.67069501133784	478.70069501133787	6	AH0
478.70069501133787	478.84069501133786	58	N
478.84069501133786	479.02069501133786	62	S
479.02069501133786	479.12969501133784	31	IY0
479.12969501133784	479.22969501133787	4	AE1
479.22969501133787	479.28969501133787	64	T
479.28969501133787	479.31969501133784	6	AH0
479.31969501133784	479.36969501133785	56	L
479.36969501133785	491.18023469387754	74	sp
491.18023469387754	491.2202346938775	49	DH
491.2202346938775	491.3402346938775	7	AH1
491.3402346938775	491.3902346938775	36	OW2
491.3902346938775	491.4802346938775	66	V
491.4802346938775	491.50923469387754	21	ER0
491.50923469387754	491.6592346938775	67	W
491.6592346938775	491.7892346938775	25	EY1
491.7892346938775	491.82923469387754	64	T
491.82923469387754	491.96823469387755	47	CH
491.96823469387755	492.03823469387754	1	AA1
492.03823469387754	492.0682346938775	61	R
492.0682346938775	492.21823469387755	57	M
492.21823469387755	492.3972346938775	21	ER0
492.3972346938775	492.49723469387754	54	K
492.49723469387754	492.5472346938775	41	UH1
492.5472346938775	492.5872346938775	48	D
492.5872346938775	492.8162346938775	62	S
492.8162346938775	492.89623469387755	56	L
492.89623469387755	492.96623469387754	28	IH1
492.96623469387754	493.03623469387753	60	P
493.03623469387753	493.14623469387755	74	sp
493.14623469387755	493.1862346938775	60	P
493.1862346938775	493.28523469387756	38	OY1
493.28523469387756	493.4752346938775	69	Z
493.4752346938775	493.5052346938775	6	AH0
493.5052346938775	493.62523469387753	58	N
493.62523469387753	493.68423469387756	28	IH1
493.68423469387756	493.76423469387754	58	N
493.76423469387754	493.9042346938775	64	T
493.9042346938775	494.07423469387754	43	UW0
494.07423469387754	494.1042346938775	19	EH1
494.1042346938775	494.16323469387754	58	N
494.16323469387754	494.29323469387754	31	IY0
494.29323469387754	494.35323469387754	67	W
494.35323469387754	494.3832346938775	8	AH2
494.3832346938775	494.47323469387754	58	N
494.47323469387754	494.70223469387753	69	Z
494.70223469387753	494.73223469387756	64	T
494.73223469387756	494.8422346938775	32	IY1
494.8422346938775	507.728806122449	74	sp
507.728806122449	507.88880612244895	63	SH
507.88880612244895	507.91780612244895	41	UH1
507.91780612244895	507.98780612244894	48	D
507.98780612244894	508.077806122449	53	JH
508.077806122449	508.15780612244896	21	ER0
508.15780612244896	508.36680612244896	4	AE1
508.36680612244896	508.396806122449	50	F
508.396806122449	508.49680612244896	62	S
508.49680612244896	508.536806122449	74	sp
508.536806122449	508.56680612244895	46	B
508.56680612244895	508.68680612244896	31	IY0
508.68680612244896	508.84580612244895	54	K
508.84580612244895	509.005806122449	19	EH1
509.005806122449	509.03580612244895	60	P
509.03580612244895	509.21580612244895	64	T
509.21580612244895	509.24480612244895	28	IH1
509.24480612244895	509.384806122449	58	N
509.384806122449	509.564806122449	62	S
509.564806122449	509.594806122449	57	M
509.594806122449	509.733806122449	10	AO1
509.733806122449	509.863806122449	56	L
509.863806122449	510.033806122449	69	Z
510.033806122449	510.22280612244896	44	UW1
510.22280612244896	510.42280612244895	69	Z
510.42280612244895	523.1407789115647	74	sp
523.1407789115647	523.1797789115647	52	HH
523.1797789115647	523.2297789115646	19	EH1
523.2297789115646	523.3497789115647	56	L
523.3497789115647	523.3797789115647	60	P
523.3797789115647	523.5697789115646	62	S
523.5697789115646	523.5997789115647	19	EH1
523.5997789115647	523.7287789115646	56	L
523.7287789115646	523.7587789115646	6	AH0
523.7587789115646	523.7987789115647	46	B
523.7987789115647	523.8787789115647	61	R
523.8787789115647	523.9987789115646	26	EY2
523.9987789115646	524.0577789115647	64	T
524.0577789115647	524.1177789115646	68	Y
524.1177789115646	524.1477789115647	41	UH1
524.1477789115647	524.1777789115647	61	R
524.1777789115647	524.2477789115646	46	B
524.2477789115646	524.3277789115647	61	R
524.3277789115647	524.4177789115647	7	AH1
524.4177789115647	524.4477789115647	49	DH
524.4477789115647	524.4777789115647	21	ER0
524.4777789115647	524.5267789115646	69	Z
524.5267789115646	524.6567789115646	62	S
524.6567789115646	524.6967789115647	6	AH0
524.6967789115647	524.7267789115647	54	K
524.7267789115647	524.8667789115647	62	S
524.8667789115647	524.9857789115647	19	EH1
524.9857789115647	525.2357789115647	62	S
525.2357789115647	537.2936133786848	74	sp
537.2936133786848	537.3236133786847	6	AH0
537.3236133786847	537.3736133786847	46	B
537.3736133786847	537.4436133786847	28	IH1
537.4436133786847	537.6026133786847	51	G
537.6026133786847	537.6626133786847	74	sp
537.6626133786847	537.7526133786848	51	G
537.7526133786848	537.7926133786848	35	OW1
537.7926133786848	537.9916133786847	64	T
537.9916133786847	538.0816133786848	74	sp
538.0816133786848	538.2716133786848	16	AY1
538.2716133786848	538.4106133786847	48	D
538.4106133786847	538.4406133786847	56	L
538.4406133786847	538.6506133786847	31	IY0
538.6506133786847	538.8206133786848	4	AE1
538.8206133786848	538.8996133786848	57	M
538.8996133786848	538.9396133786847	46	B
538.9396133786847	538.9696133786847	6	AH0
538.9696133786847	539.1296133786848	56	L
539.1296133786848	539.1996133786847	48	D
539.1996133786847	539.2696133786848	74	sp
539.2696133786848	539.3786133786848	65	TH
539.3786133786848	539.4086133786848	61	R
539.4086133786848	539.5786133786847	44	UW1
539.5786133786847	539.6086133786848	49	DH
539.6086133786848	539.6386133786848	6	AH0
539.6386133786848	539.8076133786848	50	F
539.8076133786848	539.9376133786848	1	AA1
539.9376133786848	539.9676133786847	61	R
539.9676133786847	540.0476133786847	57	M
540.0476133786847	540.1076133786847	68	Y
540.1076133786847	540.1376133786848	2	AA2
540.1376133786848	540.1666133786848	61	R
540.1666133786848	540.4238487065008	48	D
540.4238487065008	553.3349739229025	74	sp
553.3349739229025	553.3749739229024	49	DH
553.3749739229024	553.4449739229024	25	EY1
553.4449739229024	553.4849739229024	6	AH0
553.4849739229024	553.6749739229024	62	S
553.6749739229024	553.7639739229024	44	UW1
553.7639739229024	553.8039739229024	57	M
553.8039739229024	553.9239739229024	58	N
553.9239739229024	554.0339739229024	35	OW1
554.0339739229024	554.1339739229024	46	B
554.1339739229024	554.2629739229025	22	ER1
554.2629739229025	554.3429739229024	51	G
554.3429739229024	554.4329739229024	56	L
554.4329739229024	554.7719739229024	21	ER0
554.7719739229024	555.0019739229024	74	sp
555.0019739229024	555.1309739229024	67	W
555.1309739229024	555.2009739229024	6	AH0
555.2009739229024	555.4009739229025	56	L
555.4009739229025	555.5599739229024	74	sp
555.5599739229024	555.6399739229024	19	EH1
555.6399739229024	555.7399739229024	66	V
555.7399739229024	555.9789739229025	21	ER0
555.9789739229025	556.0089739229024	19	EH1
556.0089739229024	556.0589739229024	58	N
556.0589739229024	556.2489739229025	64	T
556.2489739229025	556.2789739229024	21	ER0
556.2789739229024	556.3489739229024	52	HH
556.3489739229024	556.4479739229024	28	IH1
556.4479739229024	556.4779739229025	61	R
556.4779739229025	570.208806122449	74	sp
570.208806122449	570.3688061224491	63	SH
570.3688061224491	570.438806122449	32	IY1
570.438806122449	570.577806122449	62	S
570.577806122449	570.607806122449	56	L
570.607806122449	570.6578061224491	28	IH1
570.6578061224491	570.737806122449	60	P
570.737806122449	570.767806122449	64	T
570.767806122449	570.807806122449	6	AH0
570.807806122449	570.847806122449	58	N
570.847806122449	570.877806122449	48	D
570.877806122449	570.986806122449	62	S
570.986806122449	571.046806122449	60	P
571.046806122449	571.116806122449	61	R
571.116806122449	571.206806122449	25	EY1
571.206806122449	571.256806122449	58	N
571.256806122449	571.316806122449	48	D
571.316806122449	571.355806122449	52	HH
571.355806122449	571.495806122449	21	ER0
571.495806122449	571.535806122449	4	AE1
571.535806122449	571.6958061224491	59	NG
571.6958061224491	571.745806122449	54	K
571.745806122449	571.775806122449	6	AH0
571.775806122449	572.074806122449	56	L
572.074806122449	572.104806122449	1	AA1
572.104806122449	572.184806122449	58	N
572.184806122449	572.214806122449	49	DH
572.214806122449	572.2438061224491	6	AH0
572.2438061224491	572.363806122449	62	S
572.363806122449	572.423806122449	64	T
572.423806122449	572.533806122449	32	IY1
572.533806122449	572.583806122449	60	P
572.583806122449	572.762806122449	62	S
572.762806122449	572.822806122449	56	L
572.822806122449	572.862806122449	35	OW1
572.862806122449	572.932806122449	60	P
572.932806122449	585.9539308390023	74	sp
585.9539308390023	585.9839308390023	46	B
585.9839308390023	586.1029308390023	32	IY1
586.1029308390023	586.2229308390023	54	K
586.2229308390023	586.3229308390023	19	EH1
586.3229308390023	586.3729308390023	61	R
586.3729308390023	586.5129308390023	50	F
586.5129308390023	586.5419308390022	6	AH0
586.5419308390022	586.6219308390023	56	L
586.6219308390023	586.7019308390022	58	N
586.7019308390022	586.8519308390023	1	AA1
586.8519308390023	586.8819308390023	64	T
586.8819308390023	586.9619308390022	64	T
586.9619308390022	586.9909308390022	6	AH0
586.9909308390022	587.1009308390022	74	sp
587.1009308390022	587.1409308390023	60	P
587.1409308390023	587.1809308390023	56	L
587.1809308390023	587.3409308390022	13	AW1
587.3409308390022	587.5299308390023	35	OW1
587.5299308390023	587.6299308390023	66	V
587.6299308390023	587.7099308390023	21	ER0
587.7099308390023	587.7599308390022	49	DH
587.7599308390022	587.7899308390023	6	AH0
587.7899308390023	587.9289308390023	50	F
587.9289308390023	587.9989308390022	56	L
587.9989308390022	588.1589308390023	13	AW1
588.1589308390023	588.1989308390023	21	ER0
588.1989308390023	588.2389308390023	74	sp
588.2389308390023	588.2789308390022	46	B
588.2789308390022	588.3079308390022	19	EH1
588.3079308390022	588.4979308390023	48	D
588.4979308390023	588.6979308390023	69	Z
588.6979308390023	611.4546111111111	74	sp
611.4546111111111	611.5046111111111	67	W
611.5046111111111	611.5346111111112	28	IH1
611.5346111111112	611.7146111111111	47	CH
611.7146111111111	611.7436111111111	56	L
611.7436111111111	611.9436111111112	10	AO1
611.9436111111112	612.0236111111111	59	NG
612.0236111111111	612.1536111111111	1	AA1
612.1536111111111	612.1826111111111	61	R
612.1826111111111	612.2126111111111	64	T
612.2126111111111	612.2726111111111	6	AH0
612.2726111111111	612.4026111111111	54	K
612.4026111111111	612.4326111111111	6	AH0
612.4326111111111	612.6316111111112	56	L
612.6316111111112	612.6816111111111	67	W
612.6816111111111	612.7316111111111	6	AH0
612.7316111111111	612.8316111111111	69	Z
612.8316111111111	612.8916111111112	34	OW0
612.8916111111112	613.0506111111112	60	P
613.0506111111112	613.2406111111111	25	EY1
613.2406111111111	613.2906111111112	54	K
613.2906111111112	613.5296111111111	74	sp
613.5296111111111	613.5596111111112	6	AH0
613.5596111111112	613.5896111111111	58	N
613.5896111111111	613.6196111111111	48	D
613.6196111111111	613.6896111111112	58	N
613.6896111111112	613.9786111111111	32	IY1
613.9786111111111	614.0686111111112	48	D
614.0686111111112	614.0986111111112	6	AH0
614.0986111111112	614.1286111111111	48	D
614.1286111111111	614.1586111111112	54	K
614.1586111111112	614.1886111111112	56	L
614.1886111111112	614.2386111111111	20	EH2
614.2386111111111	614.3186111111112	61	R
614.3186111111112	614.3486111111112	6	AH0
614.3486111111112	614.4276111111111	50	F
614.4276111111111	614.4676111111112	27	IH0
614.4676111111112	614.5976111111112	54	K
614.5976111111112	614.6676111111111	25	EY1
614.6676111111111	614.8166111111111	63	SH
614.8166111111111	614.8466111111111	6	AH0
614.8466111111111	614.8966111111112	58	N
614.8966111111112	627.9319807256236	74	sp
627.9319807256236	627.9709807256236	52	HH
627.9709807256236	628.0509807256236	32	IY1
628.0509807256236	628.1109807256236	67	W
628.1109807256236	628.1409807256236	6	AH0
628.1409807256236	628.2209807256236	56	L
628.2209807256236	628.2509807256235	6	AH0
628.2509807256235	628.3809807256235	56	L
628.3809807256235	628.7199807256236	13	AW1
628.7199807256236	628.8099807256235	25	EY1
628.8099807256235	628.8589807256236	74	sp
628.8589807256236	628.9589807256236	61	R
628.9589807256236	629.0589807256235	19	EH1
629.0589807256235	629.2189807256236	61	R
629.2189807256236	629.3279807256235	56	L
629.3279807256235	629.5779807256235	16	AY1
629.5779807256235	638.2918900226757	74	sp
