334.958193877551	334.99819387755105	46	B
334.99819387755105	335.088193877551	16	AY1
335.088193877551	335.278193877551	32	IY1
335.278193877551	335.30819387755105	64	T
335.30819387755105	335.357193877551	27	IH0
335.357193877551	335.41719387755103	59	NG
335.41719387755103	335.59719387755104	68	Y
335.59719387755104	335.64719387755105	35	OW1
335.64719387755105	335.72719387755103	51	G
335.72719387755103	335.896193877551	21	ER0
335.896193877551	335.98619387755105	64	T
335.98619387755105	336.146193877551	74	sp
336.146193877551	336.226193877551	68	Y
336.226193877551	336.25519387755105	44	UW1
336.25519387755105	336.355193877551	57	M
336.355193877551	336.45519387755104	25	EY1
336.45519387755104	336.555193877551	52	HH
336.555193877551	336.665193877551	4	AE1
336.665193877551	336.704193877551	66	V
336.704193877551	336.774193877551	74	sp
336.774193877551	336.874193877551	68	Y
336.874193877551	336.91419387755104	44	UW1
336.91419387755104	337.014193877551	57	M
337.014193877551	337.233193877551	25	EY1
337.233193877551	337.26319387755103	56	L
337.26319387755103	337.343193877551	28	IH1
337.343193877551	337.493193877551	66	V
337.493193877551	337.523193877551	56	L
337.523193877551	337.60219387755103	10	AO1
337.60219387755103	337.72219387755104	59	NG
337.72219387755104	337.752193877551	51	G
337.752193877551	337.922193877551	21	ER0
337.922193877551	350.53415759637187	74	sp
350.53415759637187	350.5741575963719	49	DH
350.5741575963719	350.6241575963719	31	IY0
350.6241575963719	350.72415759637187	54	K
350.72415759637187	350.88315759637186	1	AA1
350.88315759637186	350.9931575963719	69	Z
350.9931575963719	351.0931575963719	67	W
351.0931575963719	351.33215759637187	26	EY2
351.33215759637187	351.3621575963719	19	EH1
351.3621575963719	351.47215759637186	58	N
351.47215759637186	351.52215759637187	48	D
351.52215759637187	351.59215759637186	6	AH0
351.59215759637186	351.65215759637186	48	D
351.65215759637186	351.6911575963719	6	AH0
351.6911575963719	351.8111575963719	46	B
351.8111575963719	351.9011575963719	61	R
351.9011575963719	351.9611575963719	7	AH1
351.9611575963719	352.0111575963719	60	P
352.0111575963719	352.0611575963719	64	T
352.0611575963719	352.1101575963719	56	L
352.1101575963719	352.27015759637186	31	IY0
352.27015759637186	352.3701575963719	4	AE1
352.3701575963719	352.4701575963719	64	T
352.4701575963719	352.5001575963719	49	DH
352.5001575963719	352.53015759637185	6	AH0
352.53015759637185	352.79915759637186	63	SH
352.79915759637186	352.8891575963719	10	AO1
352.8891575963719	352.92915759637185	61	R
352.92915759637185	365.43910090702946	74	sp
365.43910090702946	365.46910090702943	49	DH
365.46910090702943	365.49910090702946	6	AH0
365.49910090702946	365.55910090702946	4	AE1
365.55910090702946	365.68910090702946	59	NG
365.68910090702946	365.71910090702943	51	G
365.71910090702943	365.74910090702946	61	R
365.74910090702946	365.85810090702944	31	IY0
365.85810090702944	365.9281009070295	46	B
365.9281009070295	366.11810090702943	38	OY1
366.11810090702943	366.3371009070295	4	AE1
366.3371009070295	366.36710090702945	58	N
366.36710090702945	366.5271009070294	62	S
366.5271009070294	366.7261009070295	21	ER0
366.7261009070295	366.78610090702944	48	D
366.78610090702944	366.8161009070294	46	B
366.8161009070294	366.87610090702947	7	AH1
366.87610090702947	366.95610090702945	64	T
366.95610090702945	367.00610090702946	48	D
367.00610090702946	367.0561009070294	28	IH1
367.0561009070294	367.08610090702945	48	D
367.08610090702945	367.1161009070295	6	AH0
367.1161009070295	367.3351009070294	58	N
367.3351009070294	367.36510090702944	56	L
367.36510090702944	367.3951009070295	41	UH1
367.3951009070295	367.5051009070295	54	K
367.5051009070295	367.68410090702946	7	AH1
367.68410090702946	367.7241009070294	60	P
367.7241009070294	381.0037267573696	74	sp
381.0037267573696	381.03372675736955	52	HH
381.03372675736955	381.0637267573696	6	AH0
381.0637267573696	381.0937267573696	69	Z
381.0937267573696	381.28372675736955	62	S
381.28372675736955	381.3827267573696	7	AH1
381.3827267573696	381.41272675736957	48	D
381.41272675736957	381.44272675736954	6	AH0
381.44272675736954	381.5027267573696	58	N
381.5027267573696	381.54272675736956	48	D
381.54272675736956	381.5927267573696	6	AH0
381.5927267573696	381.7127267573696	60	P
381.7127267573696	381.7617267573696	1	AA1
381.7617267573696	381.8717267573696	61	R
381.8717267573696	382.00172675736957	47	CH
382.00172675736957	382.09172675736954	21	ER0
382.09172675736954	382.2707267573696	63	SH
382.2707267573696	382.4107267573696	1	AA1
382.4107267573696	382.5007267573696	54	K
382.5007267573696	382.5607267573696	64	T
382.5607267573696	382.62972675736955	74	sp
382.62972675736955	382.6597267573696	49	DH
382.6597267573696	382.7097267573696	31	IY0
382.7097267573696	382.8397267573696	54	K
382.8397267573696	383.0887267573696	4	AE1
383.0887267573696	383.3487267573696	62	S
383.3487267573696	383.3787267573696	64	T
383.3787267573696	396.1142936507936	74	sp
396.1142936507936	396.14429365079366	67	W
396.14429365079366	396.17429365079363	6	AH0
396.17429365079363	396.2042936507936	56	L
396.2042936507936	396.28429365079364	68	Y
396.28429365079364	396.35429365079364	44	UW1
396.35429365079364	396.4542936507936	60	P
396.4542936507936	396.4832936507936	56	L
396.4832936507936	396.53329365079367	32	IY1
396.53329365079367	396.7132936507936	69	Z
396.7132936507936	396.74329365079365	54	K
396.74329365079365	396.7732936507937	6	AH0
396.7732936507937	396.8532936507936	58	N
396.8532936507936	396.96229365079364	50	F
396.96229365079364	397.0022936507936	22	ER1
397.0022936507936	397.22229365079363	57	M
397.22229365079363	397.28229365079363	51	G
397.28229365079363	397.32229365079365	7	AH1
397.32229365079365	397.42129365079364	66	V
397.42129365079364	397.4512936507937	21	ER0
397.4512936507937	397.56129365079363	57	M
397.56129365079363	397.60129365079365	6	AH0
397.60129365079365	397.6312936507936	58	N
397.6312936507936	397.67129365079364	64	T
397.67129365079364	397.7612936507936	74	sp
397.7612936507936	397.7902936507936	60	P
397.7902936507936	397.83029365079364	1	AA1
397.83029365079364	397.9702936507936	56	L
397.9702936507936	398.00029365079365	6	AH0
398.00029365079365	398.1502936507936	62	S
398.1502936507936	398.29929365079363	31	IY0
398.29929365079363	398.38929365079366	61	R
398.38929365079366	398.41929365079363	6	AH0
398.41929365079363	398.47929365079364	51	G
398.47929365079364	398.54929365079363	1	AA1
398.54929365079363	398.60929365079363	61	R
398.60929365079363	398.63929365079366	48	D
398.63929365079366	398.67829365079365	27	IH0
398.67829365079365	398.80829365079364	59	NG
398.80829365079364	398.87829365079364	67	W
398.87829365079364	398.92829365079365	25	EY1
398.92829365079365	399.0782936507936	62	S
399.0782936507936	399.1072936507936	64	T
399.1072936507936	399.15729365079363	74	sp
399.15729365079363	399.18729365079366	61	R
399.18729365079366	399.21729365079364	6	AH0
399.21729365079364	399.31729365079366	57	M
399.31729365079366	399.4172936507936	44	UW1
399.4172936507936	399.44729365079365	66	V
399.44729365079365	399.4772936507936	6	AH0
399.4772936507936	399.53729365079363	56	L
399.53729365079363	412.1675362811792	74	sp
412.1675362811792	412.19753628117917	49	DH
412.19753628117917	412.22753628117914	6	AH0
412.22753628117914	412.4175362811792	62	S
412.4175362811792	412.46753628117915	60	P
412.46753628117915	412.61653628117915	32	IY1
412.61653628117915	412.6465362811792	47	CH
412.6465362811792	412.8965362811792	62	S
412.8965362811792	412.9365362811792	29	IH2
412.9365362811792	413.02553628117914	57	M
413.02553628117914	413.0855362811792	60	P
413.0855362811792	413.20553628117915	35	OW1
413.20553628117915	413.3355362811792	69	Z
413.3355362811792	413.46453628117916	31	IY0
413.46453628117916	413.5045362811792	6	AH0
413.5045362811792	413.64453628117917	57	M
413.64453628117917	413.7045362811792	57	M
413.7045362811792	413.83453628117917	16	AY1
413.83453628117917	413.94353628117915	64	T
413.94353628117915	413.98353628117917	46	B
413.98353628117917	414.0435362811792	27	IH0
414.0435362811792	414.0935362811792	51	G
414.0935362811792	414.23353628117917	28	IH1
414.23353628117917	414.3125362811792	58	N
414.3125362811792	414.3725362811792	1	AA1
414.3725362811792	414.51253628117917	58	N
414.51253628117917	414.5525362811792	57	M
414.5525362811792	414.6225362811792	7	AH1
414.6225362811792	414.72253628117915	58	N
414.72253628117915	414.7715362811792	48	D
414.7715362811792	414.97153628117917	26	EY2
414.97153628117917	426.99746825396824	74	sp
426.99746825396824	427.02746825396827	67	W
427.02746825396827	427.06746825396823	32	IY1
427.06746825396823	427.1374682539682	51	G
427.1374682539682	427.2264682539682	1	AA1
427.2264682539682	427.43646825396826	64	T
427.43646825396826	427.46646825396823	48	D
427.46646825396823	427.49646825396826	61	R
427.49646825396826	427.56646825396825	19	EH1
427.56646825396825	427.5964682539682	58	N
427.5964682539682	427.82546825396827	47	CH
427.82546825396827	427.85546825396824	64	T
427.85546825396824	427.9354682539682	50	F
427.9354682539682	427.97546825396824	21	ER0
427.97546825396824	428.05446825396825	57	M
428.05446825396825	428.10446825396826	49	DH
428.10446825396826	428.30446825396825	31	IY0
428.30446825396825	428.41446825396827	74	sp
428.41446825396827	428.44446825396824	8	AH2
428.44446825396824	428.50346825396826	58	N
428.50346825396826	428.53346825396824	29	IH2
428.53346825396824	428.62346825396827	58	N
428.62346825396827	428.72346825396824	64	T
428.72346825396824	428.82346825396826	21	ER0
428.82346825396826	428.91346825396823	7	AH1
428.91346825396823	428.94246825396823	60	P
428.94246825396823	429.02246825396827	64	T
429.02246825396827	429.06246825396823	6	AH0
429.06246825396823	429.21246825396827	48	D
429.21246825396827	429.31246825396823	61	R
429.31246825396823	429.55146825396827	25	EY1
429.55146825396827	429.59146825396823	58	N
429.59146825396823	443.08241156462583	74	sp
443.08241156462583	443.14241156462583	74	sp
443.14241156462583	443.1724115646258	54	K
443.1724115646258	443.2124115646258	68	Y
443.2124115646258	443.25241156462585	42	UH2
443.25241156462585	443.3124115646258	61	R
443.3124115646258	443.4324115646258	31	IY0
443.4324115646258	443.54141156462583	1	AA1
443.54141156462583	443.6914115646258	62	S
443.6914115646258	443.73141156462583	6	AH0
443.73141156462583	443.77141156462585	64	T
443.77141156462585	444.0904115646258	31	IY0
444.0904115646258	444.15041156462587	6	AH0
444.15041156462587	444.3404115646258	58	N
444.3404115646258	444.3904115646258	48	D
444.3904115646258	444.6094115646258	74	sp
444.6094115646258	444.71941156462583	57	M
444.71941156462583	444.7494115646258	33	IY2
444.7494115646258	444.82941156462584	48	D
444.82941156462584	444.94841156462587	31	IY0
444.94841156462587	445.08841156462586	1	AA1
445.08841156462586	445.22841156462584	54	K
445.22841156462584	445.2684115646258	61	R
445.2684115646258	445.2974115646258	6	AH0
445.2974115646258	445.3374115646258	64	T
445.3374115646258	445.5474115646258	31	IY0
445.5474115646258	445.72641156462583	62	S
445.72641156462583	445.76641156462586	19	EH1
445.76641156462586	445.84641156462584	56	L
445.84641156462584	445.90641156462584	48	D
445.90641156462584	445.9364115646258	6	AH0
445.9364115646258	446.0664115646258	57	M
446.0664115646258	446.16541156462586	54	K
446.16541156462586	446.30541156462584	35	OW1
446.30541156462584	446.3354115646258	27	IH0
446.3354115646258	446.36541156462584	51	G
446.36541156462584	446.4754115646258	69	Z
446.4754115646258	446.55541156462584	28	IH1
446.55541156462584	446.84441156462583	62	S
446.84441156462583	446.8744115646258	64	T
446.8744115646258	459.39166326530614	74	sp
459.39166326530614	459.4216632653061	16	AY1
459.4216632653061	459.5106632653061	48	D
459.5106632653061	459.59066326530615	61	R
459.59066326530615	459.7006632653061	4	AE1
459.7006632653061	459.73066326530613	49	DH
459.73066326530613	459.8106632653061	21	ER0
459.8106632653061	459.8706632653061	58	N
459.8706632653061	459.99966326530614	1	AA1
459.99966326530614	460.0896632653061	64	T
460.0896632653061	460.1496632653061	46	B
460.1496632653061	460.38866326530615	16	AY1
460.38866326530615	460.4286632653061	49	DH
460.4286632653061	460.5786632653061	32	IY1
460.5786632653061	460.6186632653061	69	Z
460.6186632653061	460.8276632653061	63	SH
460.8276632653061	461.1576632653061	44	UW1
461.1576632653061	461.32666326530614	69	Z
461.32666326530614	461.3666632653061	49	DH
461.3666632653061	461.4166632653061	6	AH0
461.4166632653061	461.5066632653061	58	N
461.5066632653061	461.5466632653061	46	B
461.5466632653061	461.71566326530615	31	IY0
461.71566326530615	461.7456632653061	35	OW1
461.7456632653061	461.8756632653061	66	V
461.8756632653061	461.96566326530615	21	ER0
461.96566326530615	462.08566326530615	47	CH
462.08566326530615	462.19466326530613	1	AA1
462.19466326530613	462.36466326530615	61	R
462.36466326530615	462.50466326530614	53	JH
462.50466326530614	462.5346632653061	48	D
462.5346632653061	475.73769501133785	74	sp
475.73769501133785	475.8276950113378	67	W
475.8276950113378	475.8876950113378	19	EH1
475.8876950113378	475.9476950113378	49	DH
475.9476950113378	476.06669501133786	21	ER0
476.06669501133786	476.18669501133786	60	P
476.18669501133786	476.31669501133786	61	R
476.31669501133786	476.3566950113378	45	UW2
476.3566950113378	476.5656950113379	50	F
476.5656950113379	476.59569501133785	51	G
476.59569501133785	476.64569501133786	6	AH0
476.64569501133786	476.73569501133784	56	L
476.73569501133784	476.86569501133783	1	AA1
476.86569501133783	476.99469501133785	63	SH
476.99469501133785	477.0346950113379	6	AH0
477.0346950113379	477.39369501133785	69	Z
477.39369501133785	477.60369501133783	74	sp
477.60369501133783	477.88269501133783	21	ER0
477.88269501133783	477.97269501133786	74	sp
477.97269501133786	478.0226950113379	66	V
478.0226950113379	478.0826950113378	19	EH1
478.0826950113378	478.1426950113379	61	R
478.1426950113379	478.19269501133783	31	IY0
478.19269501133783	478.32169501133785	68	Y
478.32169501133785	478.3516950113378	44	UW1
478.3516950113378	478.46169501133784	62	S
478.46169501133784	478.55169501133787	50	F
478.55169501133787	478.58169501133784	6	AH0
478.58169501133784	478.67069501133784	56	L
478.67069501133784	478.70069501133787	6	AH0
478.70069501133787	478.84069501133786	58	N
478.84069501133786	479.02069501133786	62	S
479.02069501133786	479.12969501133784	31	IY0
479.12969501133784	479.22969501133787	4	AE1
479.22969501133787	479.28969501133787	64	T
479.28969501133787	479.31969501133784	6	AH0
479.31969501133784	479.36969501133785	56	L
479.36969501133785	491.18023469387754	74	sp
491.18023469387754	491.2202346938775	49	DH
491.2202346938775	491.3402346938775	7	AH1
491.3402346938775	491.3902346938775	36	OW2
491.3902346938775	491.4802346938775	66	V
491.4802346938775	491.50923469387754	21	ER0
491.50923469387754	491.6592346938775	67	W
491.6592346938775	491.7892346938775	25	EY1
491.7892346938775	491.82923469387754	64	T
491.82923469387754	491.96823469387755	47	CH
491.96823469387755	492.03823469387754	1	AA1
492.03823469387754	492.0682346938775	61	R
492.0682346938775	492.21823469387755	57	M
492.21823469387755	492.3972346938775	21	ER0
492.3972346938775	492.49723469387754	54	K
492.49723469387754	492.5472346938775	41	UH1
492.5472346938775	492.5872346938775	48	D
492.5872346938775	492.8162346938775	62	S
492.8162346938775	492.89623469387755	56	L
492.89623469387755	492.96623469387754	28	IH1
492.96623469387754	493.03623469387753	60	P
493.03623469387753	493.14623469387755	74	sp
493.14623469387755	493.1862346938775	60	P
493.1862346938775	493.28523469387756	38	OY1
493.28523469387756	493.4752346938775	69	Z
493.4752346938775	493.5052346938775	6	AH0
493.5052346938775	493.62523469387753	58	N
493.62523469387753	493.68423469387756	28	IH1
493.68423469387756	493.76423469387754	58	N
493.76423469387754	493.9042346938775	64	T
493.9042346938775	494.07423469387754	43	UW0
494.07423469387754	494.1042346938775	19	EH1
494.1042346938775	494.16323469387754	58	N
494.16323469387754	494.29323469387754	31	IY0
494.29323469387754	494.35323469387754	67	W
494.35323469387754	494.3832346938775	8	AH2
494.3832346938775	494.47323469387754	58	N
494.47323469387754	494.70223469387753	69	Z
494.70223469387753	494.73223469387756	64	T
494.73223469387756	494.8422346938775	32	IY1
494.8422346938775	507.728806122449	74	sp
507.728806122449	507.88880612244895	63	SH
507.88880612244895	507.91780612244895	41	UH1
507.91780612244895	507.98780612244894	48	D
507.98780612244894	508.077806122449	53	JH
508.077806122449	508.15780612244896	21	ER0
508.15780612244896	508.36680612244896	4	AE1
508.36680612244896	508.396806122449	50	F
508.396806122449	508.49680612244896	62	S
508.49680612244896	508.536806122449	74	sp
508.536806122449	508.56680612244895	46	B
508.56680612244895	508.68680612244896	31	IY0
508.68680612244896	508.84580612244895	54	K
508.84580612244895	509.005806122449	19	EH1
509.005806122449	509.03580612244895	60	P
509.03580612244895	509.21580612244895	64	T
509.21580612244895	509.24480612244895	28	IH1
509.24480612244895	509.384806122449	58	N
509.384806122449	509.564806122449	62	S
509.564806122449	509.594806122449	57	M
509.594806122449	509.733806122449	10	AO1
509.733806122449	509.863806122449	56	L
509.863806122449	510.033806122449	69	Z
510.033806122449	510.22280612244896	44	UW1
510.22280612244896	510.42280612244895	69	Z
510.42280612244895	523.1407789115647	74	sp
523.1407789115647	523.1797789115647	52	HH
523.1797789115647	523.2297789115646	19	EH1
523.2297789115646	523.3497789115647	56	L
523.3497789115647	523.3797789115647	60	P
523.3797789115647	523.5697789115646	62	S
523.5697789115646	523.5997789115647	19	EH1
523.5997789115647	523.7287789115646	56	L
523.7287789115646	523.7587789115646	6	AH0
523.7587789115646	523.7987789115647	46	B
523.7987789115647	523.8787789115647	61	R
523.8787789115647	523.9987789115646	26	EY2
523.9987789115646	524.0577789115647	64	T
524.0577789115647	524.1177789115646	68	Y
524.1177789115646	524.1477789115647	41	UH1
524.1477789115647	524.1777789115647	61	R
524.1777789115647	524.2477789115646	46	B
524.2477789115646	524.3277789115647	61	R
524.3277789115647	524.4177789115647	7	AH1
524.4177789115647	524.4477789115647	49	DH
524.4477789115647	524.4777789115647	21	ER0
524.4777789115647	524.5267789115646	69	Z
524.5267789115646	524.6567789115646	62	S
524.6567789115646	524.6967789115647	6	AH0
524.6967789115647	524.7267789115647	54	K
524.7267789115647	524.8667789115647	62	S
524.8667789115647	524.9857789115647	19	EH1
524.9857789115647	525.2357789115647	62	S
525.2357789115647	537.2936133786848	74	sp
537.2936133786848	537.3236133786847	6	AH0
537.3236133786847	537.3736133786847	46	B
537.3736133786847	537.4436133786847	28	IH1
537.4436133786847	537.6026133786847	51	G
537.6026133786847	537.6626133786847	74	sp
537.6626133786847	537.7526133786848	51	G
537.7526133786848	537.7926133786848	35	OW1
537.7926133786848	537.9916133786847	64	T
537.9916133786847	538.0816133786848	74	sp
538.0816133786848	538.2716133786848	16	AY1
538.2716133786848	538.4106133786847	48	D
538.4106133786847	538.4406133786847	56	L
538.4406133786847	538.6506133786847	31	IY0
538.6506133786847	538.8206133786848	4	AE1
538.8206133786848	538.8996133786848	57	M
538.8996133786848	538.9396133786847	46	B
538.9396133786847	538.9696133786847	6	AH0
538.9696133786847	539.1296133786848	56	L
539.1296133786848	539.1996133786847	48	D
539.1996133786847	539.2696133786848	74	sp
539.2696133786848	539.3786133786848	65	TH
539.3786133786848	539.4086133786848	61	R
539.4086133786848	539.5786133786847	44	UW1
539.5786133786847	539.6086133786848	49	DH
539.6086133786848	539.6386133786848	6	AH0
539.6386133786848	539.8076133786848	50	F
539.8076133786848	539.9376133786848	1	AA1
539.9376133786848	539.9676133786847	61	R
539.9676133786847	540.0476133786847	57	M
540.0476133786847	540.1076133786847	68	Y
540.1076133786847	540.1376133786848	2	AA2
540.1376133786848	540.1666133786848	61	R
540.1666133786848	540.4238487065008	48	D
540.4238487065008	553.3349739229025	74	sp
553.3349739229025	553.3749739229024	49	DH
553.3749739229024	553.4449739229024	25	EY1
553.4449739229024	553.4849739229024	6	AH0
553.4849739229024	553.6749739229024	62	S
553.6749739229024	553.7639739229024	44	UW1
553.7639739229024	553.8039739229024	57	M
553.8039739229024	553.9239739229024	58	N
553.9239739229024	554.0339739229024	35	OW1
554.0339739229024	554.1339739229024	46	B
554.1339739229024	554.2629739229025	22	ER1
554.2629739229025	554.3429739229024	51	G
554.3429739229024	554.4329739229024	56	L
554.4329739229024	554.7719739229024	21	ER0
554.7719739229024	555.0019739229024	74	sp
555.0019739229024	555.1309739229024	67	W
555.1309739229024	555.2009739229024	6	AH0
555.2009739229024	555.4009739229025	56	L
555.4009739229025	555.5599739229024	74	sp
555.5599739229024	555.6399739229024	19	EH1
555.6399739229024	555.7399739229024	66	V
555.7399739229024	555.9789739229025	21	ER0
555.9789739229025	556.0089739229024	19	EH1
556.0089739229024	556.0589739229024	58	N
556.0589739229024	556.2489739229025	64	T
556.2489739229025	556.2789739229024	21	ER0
556.2789739229024	556.3489739229024	52	HH
556.3489739229024	556.4479739229024	28	IH1
556.4479739229024	556.4779739229025	61	R
556.4779739229025	570.208806122449	74	sp
570.208806122449	570.3688061224491	63	SH
570.3688061224491	570.438806122449	32	IY1
570.438806122449	570.577806122449	62	S
570.577806122449	570.607806122449	56	L
570.607806122449	570.6578061224491	28	IH1
570.6578061224491	570.737806122449	60	P
570.737806122449	570.767806122449	64	T
570.767806122449	570.807806122449	6	AH0
570.807806122449	570.847806122449	58	N
570.847806122449	570.877806122449	48	D
570.877806122449	570.986806122449	62	S
570.986806122449	571.046806122449	60	P
571.046806122449	571.116806122449	61	R
571.116806122449	571.206806122449	25	EY1
571.206806122449	571.256806122449	58	N
571.256806122449	571.316806122449	48	D
571.316806122449	571.355806122449	52	HH
571.355806122449	571.495806122449	21	ER0
571.495806122449	571.535806122449	4	AE1
571.535806122449	571.6958061224491	59	NG
571.6958061224491	571.745806122449	54	K
571.745806122449	571.775806122449	6	AH0
571.775806122449	572.074806122449	56	L
572.074806122449	572.104806122449	1	AA1
572.104806122449	572.184806122449	58	N
572.184806122449	572.214806122449	49	DH
572.214806122449	572.2438061224491	6	AH0
572.2438061224491	572.363806122449	62	S
572.363806122449	572.423806122449	64	T
572.423806122449	572.533806122449	32	IY1
572.533806122449	572.583806122449	60	P
572.583806122449	572.762806122449	62	S
572.762806122449	572.822806122449	56	L
572.822806122449	572.862806122449	35	OW1
572.862806122449	572.932806122449	60	P
572.932806122449	585.9539308390023	74	sp
585.9539308390023	585.9839308390023	46	B
585.9839308390023	586.1029308390023	32	IY1
586.1029308390023	586.2229308390023	54	K
586.2229308390023	586.3229308390023	19	EH1
586.3229308390023	586.3729308390023	61	R
586.3729308390023	586.5129308390023	50	F
586.5129308390023	586.5419308390022	6	AH0
586.5419308390022	586.6219308390023	56	L
586.6219308390023	586.7019308390022	58	N
586.7019308390022	586.8519308390023	1	AA1
586.8519308390023	586.8819308390023	64	T
586.8819308390023	586.9619308390022	64	T
586.9619308390022	586.9909308390022	6	AH0
586.9909308390022	587.1009308390022	74	sp
587.1009308390022	587.1409308390023	60	P
587.1409308390023	587.1809308390023	56	L
587.1809308390023	587.3409308390022	13	AW1
587.3409308390022	587.5299308390023	35	OW1
587.5299308390023	587.6299308390023	66	V
587.6299308390023	587.7099308390023	21	ER0
587.7099308390023	587.7599308390022	49	DH
587.7599308390022	587.7899308390023	6	AH0
587.7899308390023	587.9289308390023	50	F
587.9289308390023	587.9989308390022	56	L
587.9989308390022	588.1589308390023	13	AW1
588.1589308390023	588.1989308390023	21	ER0
588.1989308390023	588.2389308390023	74	sp
588.2389308390023	588.2789308390022	46	B
588.2789308390022	588.3079308390022	19	EH1
588.3079308390022	588.4979308390023	48	D
588.4979308390023	588.6979308390023	69	Z
588.6979308390023	611.4546111111111	74	sp
611.4546111111111	611.5046111111111	67	W
611.5046111111111	611.5346111111112	28	IH1
611.5346111111112	611.7146111111111	47	CH
611.7146111111111	611.7436111111111	56	L
611.7436111111111	611.9436111111112	10	AO1
611.9436111111112	612.0236111111111	59	NG
612.0236111111111	612.1536111111111	1	AA1
612.1536111111111	612.1826111111111	61	R
612.1826111111111	612.2126111111111	64	T
612.2126111111111	612.2726111111111	6	AH0
612.2726111111111	612.4026111111111	54	K
612.4026111111111	612.4326111111111	6	AH0
612.4326111111111	612.6316111111112	56	L
612.6316111111112	612.6816111111111	67	W
612.6816111111111	612.7316111111111	6	AH0
612.7316111111111	612.8316111111111	69	Z
612.8316111111111	612.8916111111112	34	OW0
612.8916111111112	613.0506111111112	60	P
613.0506111111112	613.2406111111111	25	EY1
613.2406111111111	613.2906111111112	54	K
613.2906111111112	613.5296111111111	74	sp
613.5296111111111	613.5596111111112	6	AH0
613.5596111111112	613.5896111111111	58	N
613.5896111111111	613.6196111111111	48	D
613.6196111111111	613.6896111111112	58	N
613.6896111111112	613.9786111111111	32	IY1
613.9786111111111	614.0686111111112	48	D
614.0686111111112	614.0986111111112	6	AH0
614.0986111111112	614.1286111111111	48	D
614.1286111111111	614.1586111111112	54	K
614.1586111111112	614.1886111111112	56	L
614.1886111111112	614.2386111111111	20	EH2
614.2386111111111	614.3186111111112	61	R
614.3186111111112	614.3486111111112	6	AH0
614.3486111111112	614.4276111111111	50	F
614.4276111111111	614.4676111111112	27	IH0
614.4676111111112	614.5976111111112	54	K
614.5976111111112	614.6676111111111	25	EY1
614.6676111111111	614.8166111111111	63	SH
614.8166111111111	614.8466111111111	6	AH0
614.8466111111111	614.8966111111112	58	N
614.8966111111112	627.9319807256236	74	sp
627.9319807256236	627.9709807256236	52	HH
627.9709807256236	628.0509807256236	32	IY1
628.0509807256236	628.1109807256236	67	W
628.1109807256236	628.1409807256236	6	AH0
628.1409807256236	628.2209807256236	56	L
628.2209807256236	628.2509807256235	6	AH0
628.2509807256235	628.3809807256235	56	L
628.3809807256235	628.7199807256236	13	AW1
628.7199807256236	628.8099807256235	25	EY1
628.8099807256235	628.8589807256236	74	sp
628.8589807256236	628.9589807256236	61	R
628.9589807256236	629.0589807256235	19	EH1
629.0589807256235	629.2189807256236	61	R
629.2189807256236	629.3279807256235	56	L
629.3279807256235	629.5779807256235	16	AY1
629.5779807256235	638.2918900226757	74	sp
