93.779	94.088	130	DRAW
94.088	94.497	145	EVERY
94.497	94.936	308	OUTER
94.936	95.505	244	LINE
95.505	96.183	156	FIRST
96.183	96.652	436	THEN
96.652	96.972	154	FILL
96.972	97.241	217	IN
97.241	97.451	434	THE
97.451	98.319	222	INTERIOR
109.643	109.743	434	THE
109.743	110.062	475	WATER
110.062	110.8	103	CONTAINED
110.8	111.05	448	TOO
111.05	111.349	269	MUCH
111.349	111.958	90	CHLORINE
111.958	112.107	20	AND
112.107	112.536	409	STUNG
112.536	112.686	208	HIS
112.686	113.40675143169743	149	EYES
150.041	151.079	88888	JOHN
151.079	151.448	229	JOHN'S
151.448	152.376	66	BROTHER
152.376	152.545	99999	sp
152.545	153.403	363	REPAINTED
153.403	153.563	434	THE
153.563	153.713	99999	sp
153.713	154.152	173	GARAGE
154.152	154.341	99999	sp
154.341	154.7248933283978	129	DOOR
169.826	170.385	84	CHALLENGE
170.385	170.844	132	EACH
170.844	171.462	88888	GENERAL
171.462	172.54	221	INTELLIGENCE
172.54	173.228	99999	sp
173.228	175.942	99999	{NS}
175.942	182.368	99999	{NS}
182.368	183.196	99999	sp
183.196	183.724	88888	AMBIDEC
183.724	184.044	99999	sp
184.044	185.211	17	AMBIDEXTROUS
185.211	185.71	99999	sp
185.71	186.738	17	AMBIDEXTROUS
186.738	186.897	99999	sp
186.897	188.015	327	PICKPOCKETS
188.015	188.294	99999	sp
188.294	188.963	6	ACCOMPLISH
188.963	189.272	267	MORE
189.272	189.601	99999	sp
189.601	193.243	99999	{NS}
193.243	204.048	99999	{NS}
204.048	204.687	271	MUSCULAR
204.687	205.206	88888	ABDO
205.206	205.385	99999	sp
205.385	205.455	1	A
205.455	206.114	271	MUSCULAR
206.114	206.792	2	ABDOMEN
206.792	207.051	224	IS
207.051	207.241	189	GOOD
207.241	207.301	161	FOR
207.301	207.49	496	YOUR
207.49	207.76	43	BACK
207.76	207.79	88888	OH
207.79	208.049	99999	sp
208.049	212.379	99999	{NS}
212.379	212.509	88888	YEAH
212.509	220.022	99999	{NS}
220.022	220.241	438	THEY
220.241	220.421	317	OWN
220.421	220.491	1	A
220.491	220.75	52	BIG
220.75	221.628	209	HOUSE
221.628	222.137	99999	sp
222.137	222.357	217	IN
222.357	222.446	434	THE
222.446	222.945	361	REMOTE
222.945	223.753	109	COUNTRYSIDE
223.753	224.173	99999	sp
224.173	226.986	99999	{NS}
226.986	234.429	99999	{NS}
234.429	234.529	434	THE
234.529	235.018	369	ROSE
235.018	235.836	106	CORSAGE
235.836	236.664	393	SMELLED
236.664	237.133	421	SWEET
237.133	244.836	99999	{NS}
244.836	247.29	99999	{NS}
247.29	247.569	433	THAT
247.569	248.328	326	PICKPOCKET
248.328	248.607	472	WAS
248.607	249.465	88888	CALL
249.465	249.665	472	WAS
249.665	250.074	80	CAUGHT
250.074	250.263	356	RED
250.263	250.892	199	HANDED
250.892	251.46	99999	sp
251.46	254.114	99999	{NS}
254.114	261.637	99999	{NS}
261.637	261.927	20	AND
261.927	262.256	88888	DON'T
262.256	262.725	99999	sp
262.725	263.134	19	AN
263.134	263.433	9	ADULT
263.433	264.062	255	MALE
264.062	265.04	42	BABOON'S
265.04	265.838	430	TEETH
265.838	266.007	30	ARE
266.007	266.327	285	NOT
266.327	266.786	415	SUITABLE
266.786	266.935	161	FOR
266.935	267.354	135	EATING
267.354	268.402	376	SHELLFISH
268.402	269.2	99999	sp
269.2	272.193	99999	{NS}
272.193	281.722	99999	{NS}
281.722	283.099	99999	sp
283.099	283.627	204	HER
283.627	284.396	470	WARDROBE
284.396	285.004	102	CONSISTS
285.004	285.284	294	OF
285.284	285.583	298	ONLY
285.583	286.002	385	SKIRTS
286.002	286.132	20	AND
286.132	286.9	54	BLOUSES
286.9	287.269	99999	sp
287.269	290.791	99999	{NS}
290.791	297.685	99999	{NS}
297.685	297.775	434	THE
297.775	298.005	453	TWO
298.005	298.504	33	ARTISTS
298.504	299.541	147	EXCHANGED
299.541	300.329	39	AUTOGRAPHS
300.329	302.495	99999	{NS}
302.495	309.818	99999	{NS}
309.818	310.466	71	BUTTERSCOTCH
310.466	310.895	169	FUDGE
310.895	311.304	186	GOES
311.304	311.344	99999	sp
311.344	311.594	481	WELL
311.594	311.724	487	WITH
311.724	311.783	99999	sp
311.783	312.322	463	VANILLA
312.322	312.572	99999	sp
312.572	312.811	212	ICE
312.811	313.24	112	CREAM
313.24	313.619	99999	sp
313.619	316.403	99999	{NS}
316.403	323.746	99999	{NS}
323.746	324.155	366	RICH
324.155	324.694	349	PURCHASED
324.694	325.472	374	SEVERAL
325.472	326.58	382	SIGNED
326.58	327.617	245	LITHOGRAPHS
327.617	327.967	99999	sp
327.967	331.329	99999	{NS}
331.329	338.493	99999	{NS}
338.493	338.642	99999	sp
338.642	339.061	24	ANY
339.061	339.401	99999	sp
339.401	339.7	24	ANY
339.7	341.236	105	CONTRIBUTIONS
341.236	341.406	485	WILL
341.406	341.685	47	BE
341.685	342.104	195	GREATLY
342.104	342.873	28	APPRECIATED
356.971	357.051	434	THE
357.051	357.879	111	CRANBERRY
357.879	358.288	57	BOG
358.288	358.717	178	GETS
358.717	358.976	465	VERY
358.976	359.325	340	PRETTY
359.325	359.764	217	IN
359.764	359.824	99999	sp
359.824	360.213	40	AUTUMN
360.213	360.283	99999	sp
360.283	364.663	99999	{NS}
364.663	371.787	99999	{NS}
371.787	371.827	99999	sp
371.827	371.947	210	HOW
371.947	372.196	128	DO
372.196	372.785	318	OYSTERS
372.785	373.064	253	MAKE
373.064	373.852	320	PEARLS
373.852	374.202	99999	sp
374.202	380.238	99999	{NS}
380.238	382.343	99999	{NS}
382.343	382.762	99999	sp
382.762	383.161	257	MAY
383.161	383.301	211	I
383.301	383.451	99999	sp
383.451	383.899	304	ORDER
383.899	384.378	1	A
384.378	385.526	99999	sp
385.526	386.114	319	PARFAIT
386.114	386.504	99999	sp
386.504	386.963	10	AFTER
386.963	387.162	211	I
387.162	387.451	134	EAT
387.451	387.831	124	DINNER
387.831	388.509	99999	sp
388.509	391.183	99999	{NS}
391.183	400.013	99999	{NS}
400.013	400.192	224	IS
400.192	400.442	375	SHE
400.442	400.771	187	GOING
400.771	400.941	487	WITH
400.941	401.14	495	YOU
401.14	401.809	99999	sp
401.809	406.827	99999	{NS}
406.827	407.217	99999	sp
407.217	409.332	99999	{NS}
409.332	409.591	76	CAN
409.591	409.821	434	THE
409.821	409.99	99999	sp
409.99	410.679	11	AGENCY
410.679	411.537	315	OVERTHROW
411.537	411.656	99999	sp
411.656	412.225	13	ALIEN
412.225	413.093	162	FORCES
440.74	441.119	130	DRAW
441.119	441.548	145	EVERY
441.548	441.858	308	OUTER
441.858	442.207	244	LINE
442.207	442.806	156	FIRST
442.806	443.045	436	THEN
443.045	443.314	154	FILL
443.314	443.454	217	IN
443.454	443.574	434	THE
443.574	444.242	222	INTERIOR
444.242	444.691	99999	sp
444.691	447.445	99999	{NS}
447.445	447.675	99999	sp
447.675	453.731	99999	{NS}
453.731	453.801	434	THE
453.801	454.07	475	WATER
454.07	454.739	103	CONTAINED
454.739	454.948	448	TOO
454.948	455.297	269	MUCH
455.297	455.337	99999	sp
455.337	456.016	90	CHLORINE
456.016	456.355	20	AND
456.355	456.824	409	STUNG
456.824	457.073	208	HIS
457.073	457.9315049573606	149	EYES
457.9315049573606	461.503	99999	{NS}
461.503	468.617	99999	{NS}
468.617	469.026	229	JOHN'S
469.026	469.206	99999	sp
469.206	469.774	66	BROTHER
469.774	470.483	99999	sp
470.483	471.381	363	REPAINTED
471.381	471.6	99999	sp
471.6	471.69	434	THE
471.69	472.309	173	GARAGE
472.309	472.678	129	DOOR
472.678	473.117	99999	sp
473.117	476.17	99999	{NS}
476.17	486.965	99999	{NS}
486.965	487.444	84	CHALLENGE
487.444	487.654	132	EACH
487.654	487.684	99999	sp
487.684	487.953	88888	GEN
487.953	488.552	99999	sp
488.552	489.001	84	CHALLENGE
489.001	489.34	132	EACH
489.34	490.128	175	GENERAL'S
490.128	491.086	221	INTELLIGENCE
491.086	491.156	99999	sp
491.156	494.129	99999	{NS}
494.129	503.178	99999	{NS}
503.178	504.156	17	AMBIDEXTROUS
504.156	504.266	99999	sp
504.266	505.403	327	PICKPOCKETS
505.403	506.132	6	ACCOMPLISH
506.132	506.411	267	MORE
506.411	506.71	99999	sp
506.71	509.793	99999	{NS}
509.793	516.967	99999	{NS}
516.967	517.027	1	A
517.027	517.526	271	MUSCULAR
517.526	518.314	2	ABDOMEN
518.314	518.733	224	IS
518.733	518.883	189	GOOD
518.883	519.092	161	FOR
519.092	519.192	496	YOUR
519.192	519.561	43	BACK
519.561	519.851	99999	sp
519.851	527.603	99999	{NS}
527.603	530.287	99999	{NS}
530.287	530.656	438	THEY
530.656	530.856	317	OWN
530.856	530.895	1	A
530.895	531.125	52	BIG
531.125	531.734	209	HOUSE
531.734	531.963	217	IN
531.963	532.103	434	THE
532.103	532.582	361	REMOTE
532.582	532.651	99999	sp
532.651	533.44	109	COUNTRYSIDE
533.44	533.879	99999	sp
533.879	537.9	99999	{NS}
537.9	545.851	99999	{NS}
545.851	545.951	434	THE
545.951	546.35	369	ROSE
546.35	547.158	106	CORSAGE
547.158	547.727	393	SMELLED
547.727	548.166	421	SWEET
548.166	551.908	99999	{NS}
551.908	559.909	99999	{NS}
559.909	560.159	433	THAT
560.159	560.857	326	PICKPOCKET
560.857	561.027	472	WAS
561.027	561.366	80	CAUGHT
561.366	561.566	99999	sp
561.566	561.835	356	RED
561.835	562.484	199	HANDED
562.484	566.594	99999	{NS}
566.594	574.686	99999	{NS}
574.686	574.836	19	AN
574.836	575.205	9	ADULT
575.205	575.684	255	MALE
575.684	576.492	42	BABOON'S
576.492	576.881	430	TEETH
576.881	576.951	30	ARE
576.951	577.26	285	NOT
577.26	577.958	415	SUITABLE
577.958	578.178	161	FOR
578.178	578.497	135	EATING
578.497	579.455	376	SHELLFISH
579.455	579.734	99999	sp
579.734	582.658	99999	{NS}
582.658	589.991	99999	{NS}
589.991	590.121	204	HER
590.121	590.7	470	WARDROBE
590.7	591.328	102	CONSISTS
591.328	591.418	294	OF
591.418	591.667	298	ONLY
591.667	592.196	385	SKIRTS
592.196	592.595	20	AND
592.595	593.343	54	BLOUSES
593.343	594.93	99999	sp
594.93	600.0	99999	{NS}
600.0	600.062	99999	sp
600.062	602.706	99999	{NS}
602.706	602.806	434	THE
602.806	603.045	453	TWO
603.045	603.474	33	ARTISTS
603.474	604.412	147	EXCHANGED
604.412	605.27	39	AUTOGRAPHS
605.27	608.323	99999	{NS}
608.323	616.504	99999	{NS}
616.504	617.173	71	BUTTERSCOTCH
617.173	617.871	169	FUDGE
617.871	617.951	99999	sp
617.951	618.51	186	GOES
618.51	618.869	481	WELL
618.869	619.148	487	WITH
619.148	619.578	463	VANILLA
619.578	619.927	212	ICE
619.927	620.116	112	CREAM
620.116	623.928	99999	{NS}
623.928	631.301	99999	{NS}
631.301	631.56	366	RICH
631.56	632.149	349	PURCHASED
632.149	632.658	374	SEVERAL
632.658	633.157	382	SIGNED
633.157	634.194	245	LITHOGRAPHS
634.194	638.455	99999	{NS}
638.455	641.328	99999	{NS}
641.328	641.637	24	ANY
641.637	642.565	105	CONTRIBUTIONS
642.565	642.725	485	WILL
642.725	642.904	47	BE
642.904	643.284	195	GREATLY
643.284	644.062	28	APPRECIATED
644.062	644.311	99999	sp
644.311	647.055	99999	{NS}
647.055	653.251	99999	{NS}
653.251	653.341	434	THE
653.341	653.999	111	CRANBERRY
653.999	654.458	57	BOG
654.458	654.877	178	GETS
654.877	655.167	465	VERY
655.167	655.496	340	PRETTY
655.496	655.705	217	IN
655.705	656.174	40	AUTUMN
656.174	659.247	99999	{NS}
659.247	666.142	99999	{NS}
666.142	666.251	210	HOW
666.251	666.461	128	DO
666.461	667.08	318	OYSTERS
667.08	667.319	253	MAKE
667.319	667.997	320	PEARLS
667.997	668.187	99999	sp
668.187	674.134	99999	{NS}
674.134	676.678	99999	{NS}
676.678	676.987	257	MAY
676.987	677.067	211	I
677.067	677.496	304	ORDER
677.496	677.526	1	A
677.526	678.194	319	PARFAIT
678.194	678.793	10	AFTER
678.793	678.943	211	I
678.943	679.202	134	EAT
679.202	679.431	99999	sp
679.431	679.771	124	DINNER
679.771	680.01	99999	sp
680.01	683.273	99999	{NS}
683.273	692.961	99999	{NS}
692.961	693.15	224	IS
693.15	693.45	375	SHE
693.45	693.809	187	GOING
693.809	694.028	487	WITH
694.028	694.358	495	YOU
694.358	694.667	99999	sp
694.667	699.915	99999	{NS}
699.915	702.13	99999	{NS}
702.13	702.319	76	CAN
702.319	702.389	434	THE
702.389	703.207	11	AGENCY
703.207	703.776	315	OVERTHROW
703.776	704.524	13	ALIEN
704.524	705.123	162	FORCES
