117.38593334973127	117.43593334973127	49	DH	21
117.43593334973127	117.48593334973127	6	AH0	21
117.48593334973127	117.56493334973128	67	W	21
117.56493334973128	117.65493334973128	10	AO1	21
117.65493334973128	117.74493334973127	64	T	21
117.74493334973127	117.80493334973127	21	ER0	21
117.80493334973127	117.94493334973127	54	K	21
117.94493334973127	117.97393334973127	6	AH0	21
117.97393334973127	118.07393334973128	58	N	21
118.07393334973128	118.18393334973128	64	T	21
118.18393334973128	118.38393334973128	25	EY1	21
118.38393334973128	118.51293334973127	58	N	21
118.51293334973127	118.54293334973127	48	D	21
118.54293334973127	118.68293334973127	64	T	21
118.68293334973127	118.79293334973127	44	UW1	21
118.79293334973127	118.86193334973127	57	M	21
118.86193334973127	118.93193334973127	7	AH1	21
118.93193334973127	119.09193334973128	47	CH	21
119.09193334973128	119.20193334973128	54	K	21
119.20193334973128	119.24193334973127	56	L	21
119.24193334973127	119.32093334973128	10	AO1	21
119.32093334973128	119.44093334973127	61	R	21
119.44093334973127	119.61093334973127	31	IY0	21
119.61093334973127	119.70093334973127	58	N	21
119.70093334973127	119.74993334973128	4	AE1	21
119.74993334973128	119.81993334973127	58	N	21
119.81993334973127	119.84993334973127	48	D	21
119.84993334973127	120.03993334973127	62	S	21
120.03993334973127	120.07993334973128	64	T	21
120.07993334973128	120.16893334973128	7	AH1	21
120.16893334973128	120.27893334973128	59	NG	21
120.27893334973128	120.30893334973128	52	HH	21
120.30893334973128	120.33893334973128	6	AH0	21
120.33893334973128	120.42893334973128	69	Z	21
120.42893334973128	120.82098906765816	16	AY1	21
120.82098906765816	121.1496847814287	69	Z	21
158.1849340345236	158.3749340345236	53	JH	22
158.3749340345236	158.7439340345236	1	AA1	22
158.7439340345236	159.2229340345236	58	N	22
159.2229340345236	159.33193403452358	53	JH	22
159.33193403452358	159.4619340345236	1	AA1	22
159.4619340345236	159.55193403452358	58	N	22
159.55193403452358	159.5919340345236	69	Z	22
159.5919340345236	159.6619340345236	46	B	22
159.6619340345236	159.7409340345236	61	R	22
159.7409340345236	159.8809340345236	7	AH1	22
159.8809340345236	159.9609340345236	49	DH	22
159.9609340345236	160.5199340345236	21	ER0	22
160.5199340345236	160.68893403452358	74	sp	22
160.68893403452358	160.8189340345236	61	R	22
160.8189340345236	161.0089340345236	31	IY0	22
161.0089340345236	161.0779340345236	60	P	22
161.0779340345236	161.2379340345236	25	EY1	22
161.2379340345236	161.27793403452358	58	N	22
161.27793403452358	161.30793403452358	64	T	22
161.30793403452358	161.4479340345236	6	AH0	22
161.4479340345236	161.5469340345236	48	D	22
161.5469340345236	161.6169340345236	49	DH	22
161.6169340345236	161.70693403452358	6	AH0	22
161.70693403452358	161.8569340345236	74	sp	22
161.8569340345236	161.9169340345236	51	G	22
161.9169340345236	162.0559340345236	21	ER0	22
162.0559340345236	162.2459340345236	1	AA1	22
162.2459340345236	162.29593403452358	70	ZH	22
162.29593403452358	162.4849340345236	74	sp	22
162.4849340345236	162.5549340345236	48	D	22
162.5549340345236	162.6549340345236	10	AO1	22
162.6549340345236	162.8688273629214	61	R	22
175.89787168347772	176.04787168347772	47	CH	23
176.04787168347772	176.28687168347773	4	AE1	23
176.28687168347773	176.31687168347773	56	L	23
176.31687168347773	176.34687168347773	6	AH0	23
176.34687168347773	176.38687168347772	58	N	23
176.38687168347772	176.45687168347771	53	JH	23
176.45687168347771	176.7058716834777	32	IY1	23
176.7058716834777	176.91587168347772	47	CH	23
176.91587168347772	177.03487168347772	53	JH	23
177.03487168347772	177.11487168347773	19	EH1	23
177.11487168347773	177.21487168347772	58	N	23
177.21487168347772	177.26487168347774	21	ER0	23
177.26487168347774	177.29487168347774	6	AH0	23
177.29487168347774	177.5338716834777	56	L	23
177.5338716834777	177.56387168347771	29	IH2	23
177.56387168347771	177.69387168347774	58	N	23
177.69387168347774	177.77387168347772	64	T	23
177.77387168347772	177.81387168347771	19	EH1	23
177.81387168347771	177.95287168347772	56	L	23
177.95287168347772	178.02287168347772	6	AH0	23
178.02287168347772	178.07287168347773	53	JH	23
178.07287168347773	178.1828716834777	6	AH0	23
178.1828716834777	178.37187168347774	58	N	23
178.37187168347774	178.61187168347772	62	S	23
193.17855556693831	193.35755556693832	5	AE2	24
193.35755556693832	193.3975555669383	57	M	24
193.3975555669383	193.4275555669383	46	B	24
193.4275555669383	193.4575555669383	6	AH0	24
193.4575555669383	193.5175555669383	48	D	24
193.5175555669383	193.59755556693833	19	EH1	24
193.59755556693833	193.7065555669383	54	K	24
193.7065555669383	194.02655556693833	74	sp	24
194.02655556693833	194.12555556693832	5	AE2	24
194.12555556693832	194.18555556693832	57	M	24
194.18555556693832	194.2355555669383	46	B	24
194.2355555669383	194.2655555669383	6	AH0	24
194.2655555669383	194.33555556693833	48	D	24
194.33555556693833	194.40555556693832	19	EH1	24
194.40555556693832	194.4855555669383	54	K	24
194.4855555669383	194.60455556693833	62	S	24
194.60455556693833	194.6645555669383	64	T	24
194.6645555669383	194.70455556693832	61	R	24
194.70455556693832	194.8145555669383	6	AH0	24
194.8145555669383	195.19355556693833	62	S	24
195.19355556693833	195.69255556693832	74	sp	24
195.69255556693832	195.8025555669383	5	AE2	24
195.8025555669383	195.8915555669383	57	M	24
195.8915555669383	195.94155556693832	46	B	24
195.94155556693832	195.9815555669383	6	AH0	24
195.9815555669383	196.1115555669383	48	D	24
196.1115555669383	196.21155556693833	19	EH1	24
196.21155556693833	196.2715555669383	54	K	24
196.2715555669383	196.3805555669383	62	S	24
196.3805555669383	196.44055556693831	64	T	24
196.44055556693831	196.47055556693832	61	R	24
196.47055556693832	196.55055556693833	6	AH0	24
196.55055556693833	196.72055556693832	62	S	24
196.72055556693832	196.8795555669383	74	sp	24
196.8795555669383	196.98955556693832	60	P	24
196.98955556693832	197.0395555669383	28	IH1	24
197.0395555669383	197.1295555669383	54	K	24
197.1295555669383	197.25855556693833	60	P	24
197.25855556693833	197.3985555669383	2	AA2	24
197.3985555669383	197.53855556693833	54	K	24
197.53855556693833	197.63855556693832	6	AH0	24
197.63855556693832	197.7075555669383	64	T	24
197.7075555669383	197.9975555669383	62	S	24
197.9975555669383	198.27655556693833	74	sp	24
198.27655556693833	198.34655556693832	6	AH0	24
198.34655556693832	198.4565555669383	54	K	24
198.4565555669383	198.56555556693831	1	AA1	24
198.56555556693831	198.62555556693832	57	M	24
198.62555556693832	198.6655555669383	60	P	24
198.6655555669383	198.71555556693832	56	L	24
198.71555556693832	198.74555556693832	27	IH0	24
198.74555556693832	198.9455555669383	63	SH	24
198.9455555669383	199.04455556693833	57	M	24
199.04455556693833	199.18455556693831	10	AO1	24
199.18455556693831	199.2545555669383	61	R	24
212.325	212.42499999999998	57	M	25
212.42499999999998	212.515	7	AH1	25
212.515	212.635	62	S	25
212.635	212.70399999999998	54	K	25
212.70399999999998	212.744	68	Y	25
212.744	212.774	6	AH0	25
212.774	212.80399999999997	56	L	25
212.80399999999997	212.964	21	ER0	25
212.964	213.20299999999997	4	AE1	25
213.20299999999997	213.313	46	B	25
213.313	213.44299999999998	48	D	25
213.44299999999998	213.48299999999998	34	OW0	25
213.48299999999998	213.66199999999998	74	sp	25
213.66199999999998	213.732	6	AH0	25
213.732	213.91199999999998	57	M	25
213.91199999999998	213.981	7	AH1	25
213.981	214.15099999999998	62	S	25
214.15099999999998	214.18099999999998	54	K	25
214.18099999999998	214.25099999999998	68	Y	25
214.25099999999998	214.28099999999998	6	AH0	25
214.28099999999998	214.34099999999998	56	L	25
214.34099999999998	214.391	21	ER0	25
214.391	214.58999999999997	4	AE1	25
214.58999999999997	214.61999999999998	46	B	25
214.61999999999998	214.69	48	D	25
214.69	214.73999999999998	6	AH0	25
214.73999999999998	214.79999999999998	57	M	25
214.79999999999998	214.95899999999997	6	AH0	25
214.95899999999997	215.069	58	N	25
215.069	215.20899999999997	28	IH1	25
215.20899999999997	215.32799999999997	69	Z	25
215.32799999999997	215.41799999999998	51	G	25
215.41799999999998	215.468	6	AH0	25
215.468	215.518	48	D	25
215.518	215.54799999999997	50	F	25
215.54799999999997	215.57799999999997	21	ER0	25
215.57799999999997	215.60799999999998	68	Y	25
215.60799999999998	215.63799999999998	41	UH1	25
215.63799999999998	215.767	61	R	25
215.767	215.84699999999998	46	B	25
215.84699999999998	216.00699999999998	4	AE1	25
216.00699999999998	216.03699999999998	54	K	25
216.03699999999998	216.06699999999998	35	OW1	25
227.11503664289492	227.19823630619032	49	DH	26
227.19823630619032	227.36723630619034	25	EY1	26
227.36723630619034	227.4872363061903	35	OW1	26
227.4872363061903	227.5472363061903	58	N	26
227.5472363061903	227.61723630619034	6	AH0	26
227.61723630619034	227.7072363061903	46	B	26
227.7072363061903	227.80623630619033	28	IH1	26
227.80623630619033	227.87623630619032	51	G	26
227.87623630619032	228.03623630619032	52	HH	26
228.03623630619032	228.39523630619033	13	AW1	26
228.39523630619033	228.7542363061903	62	S	26
228.7542363061903	229.26323630619032	74	sp	26
229.26323630619032	229.42323630619032	28	IH1	26
229.42323630619032	229.48323630619032	58	N	26
229.48323630619032	229.53323630619033	49	DH	26
229.53323630619033	229.57223630619032	6	AH0	26
229.57223630619032	229.69223630619032	61	R	26
229.69223630619032	229.72223630619033	6	AH0	26
229.72223630619033	229.81223630619033	57	M	26
229.81223630619033	230.0412363061903	35	OW1	26
230.0412363061903	230.07123630619031	64	T	26
230.07123630619031	230.18123630619033	54	K	26
230.18123630619033	230.22123630619032	7	AH1	26
230.22123630619032	230.2612363061903	58	N	26
230.2612363061903	230.35123630619032	64	T	26
230.35123630619032	230.38123630619032	61	R	26
230.38123630619032	230.44023630619031	31	IY0	26
230.44023630619031	230.58023630619033	62	S	26
230.58023630619033	230.7602363061903	17	AY2	26
230.7602363061903	230.8792363061903	48	D	26
240.33756087553442	240.39756087553442	49	DH	27
240.39756087553442	240.43756087553442	6	AH0	27
240.43756087553442	240.58756087553442	61	R	27
240.58756087553442	240.80656087553442	35	OW1	27
240.80656087553442	240.92656087553442	69	Z	27
240.92656087553442	241.08656087553442	54	K	27
241.08656087553442	241.1155608755344	9	AO0	27
241.1155608755344	241.1855608755344	61	R	27
241.1855608755344	241.35556087553442	62	S	27
241.35556087553442	241.7045608755344	1	AA1	27
241.7045608755344	241.74456087553443	70	ZH	27
241.74456087553443	242.08356087553443	62	S	27
242.08356087553443	242.16356087553442	57	M	27
242.16356087553442	242.37356087553442	19	EH1	27
242.37356087553442	242.4425608755344	56	L	27
242.4425608755344	242.5725608755344	48	D	27
242.5725608755344	242.76256087553443	62	S	27
242.76256087553443	242.8225608755344	67	W	27
242.8225608755344	243.01156087553443	32	IY1	27
243.01156087553443	243.04156087553443	64	T	27
253.99496958593434	254.08496958593435	49	DH	28
254.08496958593435	254.22396958593436	4	AE1	28
254.22396958593436	254.27396958593434	64	T	28
254.27396958593434	254.35396958593435	60	P	28
254.35396958593435	254.43396958593436	28	IH1	28
254.43396958593436	254.47396958593436	54	K	28
254.47396958593436	254.59396958593436	60	P	28
254.59396958593436	254.72296958593435	2	AA2	28
254.72296958593435	254.87296958593436	54	K	28
254.87296958593436	255.00296958593435	6	AH0	28
255.00296958593435	255.03296958593435	64	T	28
255.03296958593435	255.12196958593435	67	W	28
255.12196958593435	255.15196958593435	6	AH0	28
255.15196958593435	255.31196958593435	69	Z	28
255.31196958593435	255.48196958593434	54	K	28
255.48196958593434	256.0499695859344	10	AO1	28
256.0499695859344	256.1699695859344	56	L	28
256.1699695859344	256.21996958593434	67	W	28
256.21996958593434	256.25996958593436	6	AH0	28
256.25996958593436	256.3699695859343	69	Z	28
256.3699695859343	256.49896958593433	54	K	28
256.49896958593433	256.74896958593433	1	AA1	28
256.74896958593433	256.77896958593436	64	T	28
256.77896958593436	256.83896958593436	61	R	28
256.83896958593436	256.92796958593436	19	EH1	28
256.92796958593436	256.9679695859344	48	D	28
256.9679695859344	257.07796958593434	52	HH	28
257.07796958593434	257.19796958593435	4	AE1	28
257.19796958593435	257.28696958593434	58	N	28
257.28696958593434	257.34696958593435	48	D	28
257.34696958593435	257.4969695859344	6	AH0	28
257.4969695859344	257.59696958593435	48	D	28
272.19252212806254	272.41252212806256	4	AE1	29
272.41252212806256	272.4525221280625	58	N	29
272.4525221280625	272.48252212806256	48	D	29
272.48252212806256	272.5225221280625	48	D	29
272.5225221280625	272.78152212806253	35	OW1	29
272.78152212806253	272.8115221280625	58	N	29
272.8115221280625	273.28052212806256	74	sp	29
273.28052212806256	273.5895221280625	4	AE1	29
273.5895221280625	273.68952212806255	58	N	29
273.68952212806255	273.74952212806255	4	AE1	29
273.74952212806255	273.7795221280625	48	D	29
273.7795221280625	273.80952212806255	6	AH0	29
273.80952212806255	273.95852212806255	56	L	29
273.95852212806255	273.9885221280625	64	T	29
273.9885221280625	274.07852212806256	57	M	29
274.07852212806256	274.1785221280625	25	EY1	29
274.1785221280625	274.61752212806255	56	L	29
274.61752212806255	274.7075221280625	46	B	29
274.7075221280625	274.8065221280625	6	AH0	29
274.8065221280625	274.89652212806254	46	B	29
274.89652212806254	275.01652212806255	44	UW1	29
275.01652212806255	275.36552212806254	58	N	29
275.36552212806254	275.59552212806256	69	Z	29
275.59552212806256	275.7945221280625	64	T	29
275.7945221280625	276.1835221280625	32	IY1	29
276.1835221280625	276.39352212806256	65	TH	29
276.39352212806256	276.52352212806255	1	AA1	29
276.52352212806255	276.56252212806254	61	R	29
276.56252212806254	276.67252212806255	58	N	29
276.67252212806255	276.8325221280625	1	AA1	29
276.8325221280625	276.88252212806253	64	T	29
276.88252212806253	276.9815221280625	62	S	29
276.9815221280625	277.03152212806253	44	UW1	29
277.03152212806253	277.08152212806255	64	T	29
277.08152212806255	277.1115221280625	6	AH0	29
277.1115221280625	277.21152212806254	46	B	29
277.21152212806254	277.2415221280625	6	AH0	29
277.2415221280625	277.34152212806254	56	L	29
277.34152212806254	277.4605221280625	50	F	29
277.4605221280625	277.49052212806254	21	ER0	29
277.49052212806254	277.7105221280625	32	IY1	29
277.7105221280625	277.74052212806254	64	T	29
277.74052212806254	277.79052212806255	27	IH0	29
277.79052212806255	277.9095221280625	59	NG	29
277.9095221280625	278.12952212806255	63	SH	29
278.12952212806255	278.1595221280625	19	EH1	29
278.1595221280625	278.3785221280625	56	L	29
278.3785221280625	278.45852212806255	50	F	29
278.45852212806255	278.60852212806253	29	IH2	29
278.60852212806253	278.9575221280625	63	SH	29
290.4204361897206	290.8394361897206	52	HH	30
290.8394361897206	290.9484361897206	22	ER1	30
290.9484361897206	290.9784361897206	67	W	30
290.9784361897206	291.1784361897206	10	AO1	30
291.1784361897206	291.2384361897206	61	R	30
291.2384361897206	291.3284361897206	48	D	30
291.3284361897206	291.4874361897206	61	R	30
291.4874361897206	291.6074361897206	36	OW2	30
291.6074361897206	291.7174361897206	46	B	30
291.7174361897206	291.8064361897206	54	K	30
291.8064361897206	291.8364361897206	6	AH0	30
291.8364361897206	291.8964361897206	58	N	30
291.8964361897206	292.0464361897206	62	S	30
292.0464361897206	292.0864361897206	28	IH1	30
292.0864361897206	292.3254361897206	62	S	30
292.3254361897206	292.4754361897206	7	AH1	30
292.4754361897206	292.6054361897206	66	V	30
292.6054361897206	292.7544361897206	35	OW1	30
292.7544361897206	292.7844361897206	58	N	30
292.7844361897206	292.8444361897206	56	L	30
292.8444361897206	292.9044361897206	31	IY0	30
292.9044361897206	293.0144361897206	62	S	30
293.0144361897206	293.0744361897206	54	K	30
293.0744361897206	293.1634361897206	22	ER1	30
293.1634361897206	293.1934361897206	64	T	30
293.1934361897206	293.3234361897206	62	S	30
293.3234361897206	293.3534361897206	6	AH0	30
293.3534361897206	293.4234361897206	58	N	30
293.4234361897206	293.4534361897206	48	D	30
293.4534361897206	293.5134361897206	46	B	30
293.5134361897206	293.5424361897206	56	L	30
293.5424361897206	293.6724361897206	13	AW1	30
293.6724361897206	293.8624361897206	62	S	30
293.8624361897206	293.9524361897206	6	AH0	30
293.9524361897206	294.2214361897206	69	Z	30
303.477	303.527	49	DH	31
303.527	303.56699999999995	6	AH0	31
303.56699999999995	303.707	64	T	31
303.707	303.79699999999997	44	UW1	31
303.79699999999997	303.96599999999995	1	AA1	31
303.96599999999995	304.01599999999996	61	R	31
304.01599999999996	304.056	64	T	31
304.056	304.106	6	AH0	31
304.106	304.296	62	S	31
304.296	304.34499999999997	27	IH0	31
304.34499999999997	304.41499999999996	54	K	31
304.41499999999996	304.625	62	S	31
304.625	304.68499999999995	47	CH	31
304.68499999999995	304.864	25	EY1	31
304.864	304.99399999999997	58	N	31
304.99399999999997	305.253	53	JH	31
305.253	305.33299999999997	48	D	31
305.33299999999997	305.393	10	AO1	31
305.393	305.433	64	T	31
305.433	305.52299999999997	6	AH0	31
305.52299999999997	305.573	51	G	31
305.573	305.67199999999997	61	R	31
305.67199999999997	305.762	5	AE2	31
305.762	305.88199999999995	50	F	31
305.88199999999995	306.121	62	S	31
316.35794733775504	316.39913975643105	46	B	32
316.39913975643105	316.46913975643105	7	AH1	32
316.46913975643105	316.4991397564311	64	T	32
316.4991397564311	316.54813975643106	21	ER0	32
316.54813975643106	316.67813975643105	62	S	32
316.67813975643105	316.72813975643106	54	K	32
316.72813975643106	316.84813975643107	2	AA2	32
316.84813975643107	316.99713975643107	47	CH	32
316.99713975643107	317.1071397564311	50	F	32
317.1071397564311	317.20713975643105	7	AH1	32
317.20713975643105	317.42613975643104	53	JH	32
317.42613975643104	317.52613975643106	51	G	32
317.52613975643106	317.71613975643106	35	OW1	32
317.71613975643106	317.83513975643103	69	Z	32
317.83513975643103	317.87513975643105	74	sp	32
317.87513975643105	317.9751397564311	67	W	32
317.9751397564311	318.01513975643104	19	EH1	32
318.01513975643104	318.12513975643105	56	L	32
318.12513975643105	318.1551397564311	67	W	32
318.1551397564311	318.2151397564311	6	AH0	32
318.2151397564311	318.25513975643105	49	DH	32
318.25513975643105	318.3141397564311	74	sp	32
318.3141397564311	318.39413975643106	66	V	32
318.39413975643106	318.4341397564311	6	AH0	32
318.4341397564311	318.47413975643104	58	N	32
318.47413975643104	318.51413975643106	28	IH1	32
318.51413975643106	318.73313975643106	56	L	32
318.73313975643106	318.85313975643106	6	AH0	32
318.85313975643106	319.10313975643106	74	sp	32
319.10313975643106	319.16213975643103	16	AY1	32
319.16213975643103	319.34213975643104	62	S	32
319.34213975643104	319.46213975643104	54	K	32
319.46213975643104	319.51213975643105	61	R	32
319.51213975643105	319.66113975643106	32	IY1	32
319.66113975643106	319.77113975643107	57	M	32
331.23958466648156	331.3495846664816	61	R	33
331.3495846664816	331.4495846664816	28	IH1	33
331.4495846664816	331.64858466648155	47	CH	33
331.64858466648155	331.7185846664816	60	P	33
331.7185846664816	331.82858466648156	22	ER1	33
331.82858466648156	332.0075846664816	47	CH	33
332.0075846664816	332.10758466648156	6	AH0	33
332.10758466648156	332.15758466648157	62	S	33
332.15758466648157	332.1875846664816	64	T	33
332.1875846664816	332.4275846664816	62	S	33
332.4275846664816	332.5265846664816	19	EH1	33
332.5265846664816	332.6065846664816	66	V	33
332.6065846664816	332.74658466648157	61	R	33
332.74658466648157	332.7765846664816	6	AH0	33
332.7765846664816	332.96558466648156	56	L	33
332.96558466648156	333.1855846664816	62	S	33
333.1855846664816	333.4745846664816	16	AY1	33
333.4745846664816	333.7935846664816	58	N	33
333.7935846664816	334.07358466648157	48	D	33
334.07358466648157	334.1835846664816	56	L	33
334.1835846664816	334.2425846664816	28	IH1	33
334.2425846664816	334.34258466648157	65	TH	33
334.34258466648157	334.4025846664816	6	AH0	33
334.4025846664816	334.4525846664816	51	G	33
334.4525846664816	334.4925846664816	61	R	33
334.4925846664816	334.6715846664816	5	AE2	33
334.6715846664816	334.7915846664816	50	F	33
334.7915846664816	335.1105846664816	62	S	33
346.2632639769306	346.4032639769306	19	EH1	34
346.4032639769306	346.4332639769306	58	N	34
346.4332639769306	346.6822639769306	31	IY0	34
346.6822639769306	347.0222639769306	74	sp	34
347.0222639769306	347.1012639769306	19	EH1	34
347.1012639769306	347.1712639769306	58	N	34
347.1712639769306	347.3212639769306	31	IY0	34
347.3212639769306	347.4112639769306	54	K	34
347.4112639769306	347.4412639769306	2	AA2	34
347.4412639769306	347.7302639769306	58	N	34
347.7302639769306	348.0592639769306	64	T	34
348.0592639769306	348.0892639769306	61	R	34
348.0892639769306	348.1192639769306	6	AH0	34
348.1192639769306	348.2192639769306	46	B	34
348.2192639769306	348.3092639769306	68	Y	34
348.3092639769306	348.3392639769306	44	UW1	34
348.3392639769306	348.4982639769306	63	SH	34
348.4982639769306	348.5682639769306	6	AH0	34
348.5682639769306	348.7382639769306	58	N	34
348.7382639769306	348.8572639769306	69	Z	34
348.8572639769306	348.8872639769306	67	W	34
348.8872639769306	348.9172639769306	6	AH0	34
348.9172639769306	349.0272639769306	56	L	34
349.0272639769306	349.1272639769306	46	B	34
349.1272639769306	349.3062639769306	32	IY1	34
349.3062639769306	349.3862639769306	51	G	34
349.3862639769306	349.4862639769306	61	R	34
349.4862639769306	349.5662639769306	25	EY1	34
349.5662639769306	349.59626397693063	64	T	34
349.59626397693063	349.6262639769306	56	L	34
349.6262639769306	349.7252639769306	31	IY0	34
349.7252639769306	349.7652639769306	6	AH0	34
349.7652639769306	349.8852639769306	60	P	34
349.8852639769306	349.9152639769306	61	R	34
349.9152639769306	349.99526397693063	32	IY1	34
349.99526397693063	350.20426397693063	63	SH	34
350.20426397693063	350.2442639769306	31	IY0	34
350.2442639769306	350.3042639769306	26	EY2	34
350.3042639769306	350.39426397693063	64	T	34
350.39426397693063	350.45426397693063	6	AH0	34
350.45426397693063	350.4942639769306	48	D	34
364.57743592209977	364.6274359220998	49	DH	35
364.6274359220998	364.65743592209975	6	AH0	35
364.65743592209975	364.78643592209977	54	K	35
364.78643592209977	364.8464359220998	61	R	35
364.8464359220998	364.9064359220998	4	AE1	35
364.9064359220998	365.03643592209977	58	N	35
365.03643592209977	365.06643592209974	46	B	35
365.06643592209974	365.10643592209976	20	EH2	35
365.10643592209976	365.2254359220998	61	R	35
365.2254359220998	365.4854359220998	31	IY0	35
365.4854359220998	365.53543592209974	46	B	35
365.53543592209974	365.85443592209975	1	AA1	35
365.85443592209975	365.8944359220998	51	G	35
365.8944359220998	366.0434359220998	51	G	35
366.0434359220998	366.11343592209977	19	EH1	35
366.11343592209977	366.18343592209976	64	T	35
366.18343592209976	366.32343592209975	62	S	35
366.32343592209975	366.3534359220998	66	V	35
366.3534359220998	366.4134359220998	19	EH1	35
366.4134359220998	366.47243592209975	61	R	35
366.47243592209975	366.58243592209976	31	IY0	35
366.58243592209976	366.67243592209974	60	P	35
366.67243592209974	366.7524359220998	61	R	35
366.7524359220998	366.79243592209974	28	IH1	35
366.79243592209974	366.83243592209976	64	T	35
366.83243592209976	366.93143592209975	31	IY0	35
366.93143592209975	367.0314359220998	28	IH1	35
367.0314359220998	367.3704359220998	58	N	35
367.3704359220998	367.4304359220998	74	sp	35
367.4304359220998	367.6204359220998	10	AO1	35
367.6204359220998	367.66043592209974	64	T	35
367.66043592209974	367.71043592209975	6	AH0	35
367.71043592209975	367.8194359220998	57	M	35
367.8194359220998	367.8894359220998	74	sp	35
376.92138382844024	376.96138382844026	74	sp	36
376.96138382844026	377.0113838284403	52	HH	36
377.0113838284403	377.08138382844027	13	AW1	36
377.08138382844027	377.15138382844026	48	D	36
377.15138382844026	377.3303838284403	44	UW1	36
377.3303838284403	377.48038382844027	38	OY1	36
377.48038382844027	377.6093838284403	62	S	36
377.6093838284403	377.64938382844025	64	T	36
377.64938382844025	377.7993838284403	21	ER0	36
377.7993838284403	377.9193838284403	69	Z	36
377.9193838284403	378.00938382844026	57	M	36
378.00938382844026	378.16838382844026	25	EY1	36
378.16838382844026	378.1983838284403	54	K	36
378.1983838284403	378.3183838284403	60	P	36
378.3183838284403	378.49738382844026	22	ER1	36
378.49738382844026	378.7173838284403	56	L	36
378.7173838284403	378.98638382844024	69	Z	36
391.164	391.25399999999996	57	M	37
391.25399999999996	391.563	25	EY1	37
391.563	391.703	16	AY1	37
391.703	391.853	74	sp	37
391.853	391.99199999999996	10	AO1	37
391.99199999999996	392.062	61	R	37
392.062	392.092	48	D	37
392.092	392.301	21	ER0	37
392.301	392.78	25	EY1	37
392.78	393.928	74	sp	37
393.928	393.978	60	P	37
393.978	394.067	1	AA1	37
394.067	394.10699999999997	61	R	37
394.10699999999997	394.247	50	F	37
394.247	394.51599999999996	25	EY1	37
394.51599999999996	394.906	74	sp	37
394.906	395.10499999999996	4	AE1	37
395.10499999999996	395.16499999999996	50	F	37
395.16499999999996	395.215	64	T	37
395.215	395.365	21	ER0	37
395.365	395.56399999999996	16	AY1	37
395.56399999999996	395.804	32	IY1	37
395.804	395.853	64	T	37
395.853	395.893	48	D	37
395.893	395.983	28	IH1	37
395.983	396.053	58	N	37
396.053	396.233	21	ER0	37
404.5540280789805	404.64699486473717	28	IH1	38
404.64699486473717	404.68599486473715	69	Z	38
404.68599486473715	404.82599486473714	63	SH	38
404.82599486473714	404.93599486473715	32	IY1	38
404.93599486473715	405.0359948647371	51	G	38
405.0359948647371	405.13499486473717	35	OW1	38
405.13499486473717	405.16499486473714	6	AH0	38
405.16499486473714	405.26499486473716	58	N	38
405.26499486473716	405.3049948647371	67	W	38
405.3049948647371	405.34499486473715	28	IH1	38
405.34499486473715	405.4349948647371	65	TH	38
405.4349948647371	405.55399486473715	68	Y	38
405.55399486473715	405.63399486473713	44	UW1	38
416.33237358847464	416.48137358847464	54	K	39
416.48137358847464	416.52137358847466	6	AH0	39
416.52137358847466	416.59137358847465	58	N	39
416.59137358847465	416.6313735884746	49	DH	39
416.6313735884746	416.82137358847467	6	AH0	39
416.82137358847467	416.99037358847465	74	sp	39
416.99037358847465	417.12037358847465	25	EY1	39
417.12037358847465	417.20037358847463	53	JH	39
417.20037358847463	417.2703735884746	6	AH0	39
417.2703735884746	417.32937358847465	58	N	39
417.32937358847465	417.46937358847464	62	S	39
417.46937358847464	417.6793735884746	31	IY0	39
417.6793735884746	417.78837358847466	35	OW1	39
417.78837358847466	417.8183735884746	66	V	39
417.8183735884746	417.90837358847466	21	ER0	39
417.90837358847466	418.0683735884746	65	TH	39
418.0683735884746	418.15837358847466	61	R	39
418.15837358847466	418.5373735884746	36	OW2	39
418.5373735884746	418.65637358847465	74	sp	39
418.65637358847465	418.86637358847463	25	EY1	39
418.86637358847463	418.91637358847464	56	L	39
418.91637358847464	419.0563735884746	31	IY0	39
419.0563735884746	419.0853735884746	6	AH0	39
419.0853735884746	419.22537358847467	58	N	39
419.22537358847467	419.38537358847464	50	F	39
419.38537358847464	419.49537358847465	10	AO1	39
419.49537358847465	419.56437358847467	61	R	39
419.56437358847467	419.69437358847466	62	S	39
419.69437358847466	419.7343735884746	6	AH0	39
419.7343735884746	420.09337358847466	69	Z	39
